1.896469211503754027e+00 -1.394210359390091414e+00 0.000000000000000000e+00
-1.768381562973035948e-01 -3.474138543993341571e-02 0.000000000000000000e+00
2.156585845265240220e+00 1.652895105018622912e+00 0.000000000000000000e+00
2.053487797845378715e+00 8.541396493912039034e-01 0.000000000000000000e+00
-2.810757779428889602e-01 8.411149363285411185e-02 0.000000000000000000e+00
-1.568322394581321388e+00 2.131097025672310519e+00 0.000000000000000000e+00
1.185190839234324667e+00 -6.230848259268756406e-01 0.000000000000000000e+00
4.276356457034258957e-02 1.152213925164019326e+00 0.000000000000000000e+00
-5.429912053626537172e-02 1.755408194659150989e-01 0.000000000000000000e+00
-2.116114864533325424e+00 1.277048580075306417e+00 0.000000000000000000e+00
-6.598370933869315835e-02 -1.194310525671538926e-02 0.000000000000000000e+00
-2.941539288206891298e-02 3.555093217291390717e-01 0.000000000000000000e+00
-6.602516901832249097e-02 -1.835296138173169445e-01 0.000000000000000000e+00
-1.033450618841883939e+00 1.363809063294656454e+00 0.000000000000000000e+00
-2.420903221594765953e-01 -2.331947931651637829e-01 0.000000000000000000e+00
-8.601534007288778871e-02 6.746899235168178632e-02 0.000000000000000000e+00
1.589395822355838650e+00 -2.902880798945973062e+00 0.000000000000000000e+00
-1.510783329162093402e-01 -1.749822863540560602e+00 0.000000000000000000e+00
4.584927910877606427e-01 -3.496969270049279377e-01 0.000000000000000000e+00
2.114925822311015668e+00 -1.923931920278693086e-01 0.000000000000000000e+00
-3.273623648023023507e-03 5.026383384488399171e-03 0.000000000000000000e+00
1.888644603921023901e-01 -9.444173253127975676e-02 0.000000000000000000e+00
7.965058046655799570e-03 2.872850869208367838e-02 0.000000000000000000e+00
1.014101699856628375e-01 -1.736992729112758760e-01 0.000000000000000000e+00
4.024684978566880900e-02 -9.139841969085818474e-02 0.000000000000000000e+00
2.703456297211561110e-01 -5.309629857484137599e-02 0.000000000000000000e+00
6.308359509432326373e-01 -2.808773687419502174e+00 0.000000000000000000e+00
-5.719377643491934116e-01 1.674680377655821673e-01 0.000000000000000000e+00
-8.770393228104866878e-01 3.469245817549651001e-01 0.000000000000000000e+00
-1.044896398602828125e+00 -2.328468542962212617e-01 0.000000000000000000e+00
-5.592394533005010798e-02 -8.234015701381464103e-02 0.000000000000000000e+00
4.088075884833957882e-03 -4.439552864773570473e-01 0.000000000000000000e+00
-2.707948217975911565e+00 2.644397079904176717e+00 0.000000000000000000e+00
-2.018967163420918975e+00 -1.855045801806306238e-01 0.000000000000000000e+00
6.123256185120123929e-01 2.887686447963128122e-01 0.000000000000000000e+00
