-5.065017421279317311e+00 -2.310932780727723124e+00 0.000000000000000000e+00
-1.297310542361121977e+00 1.903896435305026391e-01 0.000000000000000000e+00
3.010360227154962764e+00 3.022142300249127889e+00 0.000000000000000000e+00
-4.756179877441871207e-02 8.235985106683292312e-01 0.000000000000000000e+00
4.459599772943451668e-01 1.763181973230753208e+00 0.000000000000000000e+00
3.599012670727023355e+00 -4.578773638340403629e+00 0.000000000000000000e+00
7.803490907410313149e-01 -3.036552117639495396e+00 0.000000000000000000e+00
2.308625933423524401e+00 1.662299726822909607e+00 0.000000000000000000e+00
-2.025317913844374984e-01 1.113581617233668553e+00 0.000000000000000000e+00
4.445655016748254695e+00 -3.184047399032423620e+00 0.000000000000000000e+00
4.175063521564437719e-01 1.437432362981090117e+00 0.000000000000000000e+00
7.914977968186228674e-01 1.114741767467743117e+00 0.000000000000000000e+00
1.369259664967651613e+00 -5.779332244845271083e-01 0.000000000000000000e+00
4.954420832686420084e+00 -4.622341169731662980e+00 0.000000000000000000e+00
-8.272835241274028029e-01 1.295116905958406228e+00 0.000000000000000000e+00
-1.820763851540373457e+00 8.012619772950085872e-01 0.000000000000000000e+00
-6.826280668922478867e+00 -1.926144953132967519e+00 0.000000000000000000e+00
-1.920204104833692194e+00 -1.669357286174433685e+00 0.000000000000000000e+00
1.424030037260054504e-01 -8.613018682147834948e-01 0.000000000000000000e+00
1.522323233861703873e+00 5.225375897133195391e-01 0.000000000000000000e+00
4.673601665085029555e-02 -4.571311680809051481e-01 0.000000000000000000e+00
-1.440163694488830748e+00 3.301790055254403278e-01 0.000000000000000000e+00
-2.312164508935758145e-01 2.048504696499026667e-01 0.000000000000000000e+00
1.888352105665236147e+00 -4.034994887473805747e+00 0.000000000000000000e+00
2.051990900185687583e-01 1.217079010032108971e-01 0.000000000000000000e+00
-5.954889535458861571e-01 -1.299915826283768672e+00 0.000000000000000000e+00
-6.556400684464835926e+00 -4.384281410560087799e+00 0.000000000000000000e+00
-3.709413891764927751e-01 2.017541508963839991e+00 0.000000000000000000e+00
-2.596622102220098038e-01 -1.135110251003593307e+00 0.000000000000000000e+00
-1.425453133691528151e+00 -1.214454562450803854e+00 0.000000000000000000e+00
-3.568037830552387213e+00 -2.934093387978837786e+00 0.000000000000000000e+00
-9.077711002262603968e-01 -3.732159428453036387e+00 0.000000000000000000e+00
2.945331934347522385e+00 -3.689195983684906643e+00 0.000000000000000000e+00
-8.548856276009028088e-01 4.057255441902892779e-01 0.000000000000000000e+00
1.626798991360086211e+00 9.417246324400167790e-02 0.000000000000000000e+00
