2.143945011217128993e+00 1.841081163241280183e-01 0.000000000000000000e+00
-3.609534235980390027e-01 -8.827826518738484118e-01 0.000000000000000000e+00
1.499564466987549416e+00 -1.538379814073789209e+00 0.000000000000000000e+00
1.623064138227470199e-01 1.104069600179027555e+00 0.000000000000000000e+00
-1.630913529796748085e+00 -7.793979751269067835e-01 0.000000000000000000e+00
-4.622315931108557652e-01 -1.796732353278759797e+00 0.000000000000000000e+00
3.480517859382067591e+00 -4.702092969547356227e-01 0.000000000000000000e+00
-1.080618284725615386e+00 -2.441594310109103938e-01 0.000000000000000000e+00
3.725774210584670842e-01 2.948828256191842745e-01 0.000000000000000000e+00
2.632599124607094776e+00 -1.286347375609266708e+00 0.000000000000000000e+00
-1.130163555483287174e+00 -2.681769062906670387e-01 0.000000000000000000e+00
-3.233136824168335588e-01 -1.894517253400459719e-02 0.000000000000000000e+00
1.063383962250323833e+00 1.453129111579897631e-02 0.000000000000000000e+00
1.284099849215222910e+00 -1.017183496640696294e+00 0.000000000000000000e+00
-3.031726417922860906e-01 1.543177541732699165e+00 0.000000000000000000e+00
-4.327337035414530186e-02 -1.869104919017890720e-01 0.000000000000000000e+00
6.024150200678670686e-01 -3.682362626312336573e-01 0.000000000000000000e+00
-3.463055049403316321e+00 -6.455857847186796672e-01 0.000000000000000000e+00
-2.055414060713801339e-01 7.514978980073883097e-01 0.000000000000000000e+00
1.567026188253885177e+00 -1.734804063786789419e+00 0.000000000000000000e+00
-1.085316916544889912e-03 3.200874738597635494e-01 0.000000000000000000e+00
1.379730323157969840e+00 -3.677561749391385360e-01 0.000000000000000000e+00
-3.596899141073502948e-01 2.659536364871993297e-01 0.000000000000000000e+00
2.851480089173865640e+00 6.276184039872939602e-01 0.000000000000000000e+00
-8.673239688368910016e-01 4.182160496803605798e-01 0.000000000000000000e+00
-5.621819815561934774e-01 7.434569098823595734e-01 0.000000000000000000e+00
2.289306563609428746e+00 -3.835115381822610803e-01 0.000000000000000000e+00
-1.544343126201308092e+00 -1.920078338150632558e+00 0.000000000000000000e+00
-6.630522212434138973e-01 -1.283191356334907052e-01 0.000000000000000000e+00
-1.267804693921976256e+00 -8.000018211849748706e-01 0.000000000000000000e+00
3.618071592680362158e+00 -1.499518000492749081e+00 0.000000000000000000e+00
2.041329082819296925e+00 -2.094531118774531020e+00 0.000000000000000000e+00
-4.319966219554903231e-01 -1.717444916635739727e+00 0.000000000000000000e+00
8.863875437375234867e-01 -3.528109106129512895e+00 0.000000000000000000e+00
-8.258920162433125434e-01 -1.497272700277934021e-01 0.000000000000000000e+00
