-1.013014149708088840e-01 -6.283687022718897897e-01 1.452671295776342575e+00
-3.672317621187603520e-01 -7.994005427477492987e-01 -1.854722947502698727e+00
-3.177900629055726567e-01 5.420696053411633297e-01 -3.234154420093297011e-01
1.919117660230646782e+00 3.551493584285533300e-01 -1.599889074848460435e+00
2.293705283505279358e+00 -1.872045975427774511e+00 -1.064478575009820238e+00
3.324214306156327847e-01 1.182670456139332527e-01 -1.863672600612065189e-01
-1.441311477437504873e+00 1.542070182350645524e+00 3.178137944192170217e+00
3.121110984500562680e+00 3.117794198190550481e-01 1.918109047229303643e+00
1.728704947647929480e+00 -6.930061085838767898e-02 -4.290424667856445606e-01
-1.823381352333901084e+00 -1.614075550331207642e-01 5.676273801013149711e-01
2.215985199584887599e+00 -8.710029774621966814e-01 -1.754380201985796806e+00
-2.691075689718343433e+00 -3.736198021752933363e-01 -1.331621461630118741e+00
-1.750339759799428796e+00 1.598437302575263397e+00 9.226948111547473852e-01
-1.693170285620120286e+00 2.671563083374408620e-01 8.852534648598220368e-01
-2.440539332415579132e-01 -1.947515905603977027e-01 2.071158606116195178e-01
-2.802833407228448870e-01 -7.622101076180172186e-01 2.792419926728604840e-01
-8.891534823320172976e-01 -1.809316010338362368e-01 2.481984021479171354e-01
-9.037727487474146448e-01 1.339211554175709640e-01 -1.329551422834768792e-01
-4.147594623328687002e-01 -1.424645204343131799e-01 -4.495103546437621833e-02
4.656445593383955472e-01 3.307409185078027947e-02 -6.134251920244489231e-02
-7.574603872846523700e-01 1.232733572358205715e-01 2.757632373006980164e-01
6.003350592475239500e-01 7.127604743815546540e-02 2.520561490776838665e-01
6.075556671412836174e-01 -2.914562187613686239e-01 -1.495346806125251726e-01
2.413606727008375807e-02 5.797486719627847201e-02 -5.330094995217001669e-02
6.745444241955858011e-01 -7.838818498004782032e-02 -2.761209242558699817e-01
6.200904712349322168e-01 6.437096422577572863e-01 3.468117913476164160e-01
4.816939969830448809e-01 5.929419689358966794e-02 -1.009248596505410711e-01
6.847078554638650338e-01 -5.782164591639991913e-02 5.401213957994046438e-02
3.878430521900911865e-01 5.971876049740760389e-02 1.925501806566411525e-02
-1.704958566166321132e+00 6.861200746950111284e-01 7.727209476298401158e-01
-9.414375039200990614e-01 -8.242054343753826839e-02 -1.465254803896682279e-01
-4.630693494082457340e-01 -5.935677842741793331e-03 -2.754231768848549797e-02
-2.598507469468063769e-01 -1.219543371819506450e-02 4.575464419357144763e-02
5.133739168795095620e-02 6.545345153450461695e-03 1.544906801099752564e-02
-4.435728540851487378e-01 4.757865179502178132e-01 -2.150660922385622675e-01
8.075789154441179174e-02 2.175836682860656998e-02 3.872429537164557428e-02
