3.102191583094482397e-02 -1.604938874384909120e-02 4.659556109250354017e-03 -1.020696451705105368e-04
-1.890356793837761340e-01 -2.085563143190975188e-01 -2.093912357321009998e-01 -2.169657275269948060e-01
-2.289204264466834782e-01 -1.993018829803794301e-01 -2.113819492222994700e-01 -2.160347449851566792e-01
3.969069097363497889e-02 8.258063188160980062e-02 3.685352873196479084e-02 5.212943997939034624e-02
-6.384759985832455520e-02 -3.620826964483969679e-02 -7.270346689242268567e-02 -3.430657522639724011e-02
3.328521631533853942e-03 7.067804374736433304e-03 -8.087830893713260361e-03 -2.853520492119022978e-02
-2.037029890026725298e-01 -1.440514467850653180e-01 -1.109010781688564429e-01 -1.319781731564008964e-01
1.742803374870695032e-01 1.078369480394711921e-01 1.342421042000874198e-01 1.576219869692990216e-01
-1.458077912007108012e-02 -1.963358332122844274e-02 -5.400332178568749419e-02 -5.472137710477768813e-02
-2.049742455266756469e-02 -2.791754301590931853e-02 1.040523335820607576e-02 -2.070898465573378644e-02
-4.452176852603173529e-02 -5.479335880623725785e-02 -1.279700190597212184e-01 -5.123593588143071642e-02
-7.279797357994455265e-02 -1.938990117564420856e-02 -4.280427239600459455e-02 -7.330544802946459271e-02
-3.712995220612402836e-02 1.795341558284752059e-02 1.823015179647144435e-02 -5.141135845191036058e-02
-9.928569563790734520e-03 -7.186450286440049240e-03 5.198937988467328131e-02 5.424306807344553283e-02
-1.002009736721776179e-02 -5.851413299457486339e-03 1.242072180403697157e-02 6.461350210766964031e-02
5.814935827086475939e-04 5.020149771918502868e-04 -4.552611478839374559e-02 1.953503242691756459e-02
9.515594054611220542e-03 -1.702401949002019244e-02 -2.749475027631176349e-03 1.772763068922009189e-02
-3.923087953089599011e-03 1.300463769996196284e-02 5.043480412403350543e-03 1.696650611606842496e-02
8.588994242192837802e-03 -3.575720815572558386e-03 7.760773827466538322e-04 2.655933869561810656e-03
1.382154740657601244e-02 1.133770885140195084e-02 -2.852826274523899419e-03 1.809468860790247602e-02
3.986431640326415504e-03 -6.755812671875416342e-03 3.869768634021159004e-02 -2.984243545149711796e-02
1.746924528305265900e-02 -5.894700747945957886e-04 9.332217488191296706e-03 2.229723846526543429e-02
3.931796136440257605e-02 -3.877569946804693135e-02 -3.700105704536743589e-02 5.890961821074702787e-02
5.205693578591852333e-03 1.232334468066059729e-03 -6.529421204160501535e-03 -3.949644668040952489e-02
4.680287871923205500e-03 4.394928450632828998e-03 -3.351679583430078324e-02 -2.147448290506548396e-02
9.861162666872225202e-02 -3.741022904725888054e-03 5.085011347996826192e-02 -8.728660800666476760e-03
-3.107868110172606890e-03 2.645490028851060771e-03 6.441061793949542924e-03 -2.130017857408161852e-02
7.501493196151343135e-03 -1.176865431345230917e-02 -2.525183805369340950e-03 -2.604974319766695245e-02
-6.424252040715838774e-03 3.860532640750591327e-03 -2.387890119770724739e-03 -1.098578253118259740e-02
7.340073549911974027e-02 1.374682838264940088e-02 1.100369476760387766e-01 1.493531706395412328e-02
1.325672939880018220e-02 -2.186357735224730980e-02 4.968674336398204439e-02 2.712329111619160571e-02
1.755058376479734505e-02 -6.451795331729903715e-03 7.299681055208617764e-03 3.860736476140075313e-02
-2.826132175312523476e-03 3.255692091604367455e-03 9.124652027878266125e-03 1.703527806628957197e-02
2.638159833267761378e-03 -2.003244757887934213e-03 1.699310970330006332e-03 -1.729671476364019744e-03
-1.357221365717073414e-03 -7.304374597516191669e-04 1.205306584242705169e-03 -3.136376579553165622e-03
-1.969593843318767634e-03 9.332502104602014015e-04 -7.529746848794198477e-03 9.785609875106279776e-03
-1.764575344297154152e-03 4.440096868944670705e-04 -1.213396809753741756e-03 -2.756944415050241459e-03
-2.157417183583149045e-02 -2.952907046695062154e-03 -1.875879830681242977e-03 -3.539704215555683486e-02
-5.566294145689099082e-04 -5.325101106103402593e-04 8.235932632148931787e-03 6.822909353335071536e-04
-6.957711027887336641e-04 -9.738874058563828928e-06 1.184640158851398006e-03 6.189301140812591973e-03
-4.427330780134952626e-02 -1.286358034796936112e-02 -3.344301399538901487e-02 -3.920354161526251602e-03
1.210492782111050047e-05 6.516865391333337421e-04 -6.791306227376281424e-03 9.069086688262784079e-03
-2.103623854050995501e-03 2.729640479426670430e-03 -1.126581177387266097e-04 1.827336295249648579e-02
1.185123517057962150e-03 -1.014546212331268737e-03 9.468048616790777916e-04 6.968980449884670803e-03
-5.876652138338289699e-02 -2.988208795552793617e-02 -4.063369479833028874e-02 -7.840300357727869596e-03
-4.027729988063888378e-03 6.679358006771218825e-03 -2.008361303669548015e-02 -4.832700348929241940e-03
-6.734813167046771465e-03 1.961315112693651219e-03 -2.586365716133187664e-03 -3.765832968774907030e-02
1.191728389488666551e-03 -1.022849733620712076e-03 -5.683679800570939911e-03 -1.992844364770979260e-02
-1.067142187188896418e-03 7.954142423814980489e-04 -8.117319410036738514e-04 1.774741254795486611e-03
-6.403930768549032093e-02 -1.752466297408572515e-02 5.794598307201792586e-02 -3.328686724086904469e-02
-2.930917406476218900e-03 -3.803600310632815340e-03 3.005340134828882181e-02 -1.066552004428666933e-02
-1.837210103203146261e-03 -3.268470823482250154e-03 8.038180347982315510e-03 3.227832372243444325e-05
-1.843202061357906985e-04 1.556144508884804711e-03 4.266451936452975158e-03 4.054695744225123022e-03
7.560646410853522070e-05 -6.536823367730981715e-04 -3.230166269358597519e-04 -4.459462977935702011e-03
3.179507538126902233e-04 4.304422423649784113e-04 6.708254741611893723e-04 2.240441075885390987e-03
-2.166024979163223008e-01 -2.080517570748844358e-01 -2.079535004666664966e-01 -2.069397117477572157e-01
1.824794406083073931e-04 9.632119017029230261e-05 1.397076800022422683e-04 3.178700243727917529e-04
