1.452099685056185141e-02 1.642439593424960265e-02 -2.264558034006006193e-03 7.958998268096417750e-02
4.399172635385326102e-01 4.865136974637147560e-01 4.706423975231818768e-01 6.028802487939679544e-01
4.578662871143626689e-01 4.732384881072777549e-01 4.736474815612659039e-01 4.715331390285926183e-01
3.046530107116278696e-01 2.077213935205826090e-01 3.221982634277629765e-01 4.895557234211243003e-01
2.432297409080853567e-01 3.015450286470553465e-01 2.337922417073453607e-01 1.217578748080827555e-02
2.531621430387066551e-01 2.163763630168385466e-01 2.262217385275851478e-01 1.970510249997169394e-01
1.309522950700617860e-01 1.445433726153400045e-02 9.648322742179554767e-03 -4.394468895790042406e-01
1.085484775475653585e-03 -1.043532610254640502e-01 -8.064893122441840756e-02 -1.626120703798150657e-01
5.097915724428199180e-01 4.967435296665153599e-01 4.597194934340024242e-01 2.706042333628699836e-01
-3.898459225169759179e-02 8.990342388000183149e-02 -4.119429990667122787e-02 -1.668878698887454881e-01
-2.497851836168138995e-01 -1.371851870691727093e-01 -7.210307282226369185e-02 -3.087467911515788810e-01
-1.869275621471573334e-01 2.802700119433954029e-03 -5.501039328964829611e-02 -5.278203647329400283e-01
-8.365776281957248983e-02 3.790926120117976694e-02 -5.017065996252545457e-02 2.137188265865734849e-01
-4.145077532703488332e-01 -2.778536374378703933e-01 -2.516221093369839235e-01 1.250831796195777557e+00
-2.801618742637060899e-01 -9.246727542087551655e-02 -1.853775223453639764e-01 -1.413110909128123538e-01
1.422851529779047830e-01 1.026420854459901832e-01 7.868947376644597202e-02 -1.241964032092052861e+00
2.456079356468031660e-01 2.265512738359438671e-01 2.012684239131695141e-01 6.822941631498555815e-01
1.839109019878202300e-01 1.069926329349049077e-01 1.765313868723866753e-01 2.415604575505594376e-01
4.362193473186101733e-02 6.620708725504753644e-02 5.105582752562570770e-02 1.083168230860693804e-01
-1.255310976770401821e-02 -7.185046042597020843e-02 -1.646424215655956091e-02 -4.022014559772046915e-02
1.474916883960495362e-01 9.093016493638783615e-02 4.529909889039106935e-02 7.655295887653787990e-01
8.948992756627155432e-02 -2.620657629008005252e-02 9.350485578452860658e-03 3.676389524773604478e-01
-1.545234961682484531e-02 -1.068930662007478993e-01 -3.836293513615246509e-02 -1.828097377797709200e+00
1.121564317295470348e-01 -3.891144618893016549e-02 3.586289913999868295e-02 1.246172301016805761e-01
1.440170078642989404e-01 4.129689805763891997e-02 1.620436207404951645e-02 -5.334441991188310084e-01
-1.094505046790592573e-01 3.277683419789934050e-02 -4.714530130196858959e-02 3.293919335741456678e+00
-2.189195190099804122e-01 -2.074828215325172920e-01 -1.367680397830244310e-01 -1.159082245842148140e+00
-1.786638777653182242e-01 -5.218344718136691540e-02 -1.445541953607678565e-01 -6.547849920073094410e-01
-4.716986181445104176e-02 -3.145903300169816674e-02 -4.707165460419282521e-02 -1.415147695754326307e-02
-2.103829968733084144e-02 -1.215319371080130217e-01 -2.447082708771475268e-03 2.636599968224777157e+00
-5.907972330025001995e-02 -1.081266398004323559e-01 1.205528159647029085e-02 -7.005719260049261266e-01
-8.532884579682153969e-03 -8.455356603561714479e-02 3.086755037779675970e-02 3.548015674817239784e-01
8.622914434060602318e-03 -3.075374385130769106e-02 1.938990022827136173e-02 -3.075066331272653386e-01
9.088210829812481961e-03 -2.260117407965389624e-03 4.740653002317948839e-03 -2.171893304305783090e-02
2.906607188178124412e-03 1.199581362023582898e-02 4.161985448124280729e-03 1.395675357281914164e-02
-2.283952237168729305e-02 -1.069023587847259260e-02 -2.875572794680646659e-03 -1.029629765334383329e-01
-1.407002879246643107e-02 8.674603392653773559e-03 2.130342561118270250e-03 -3.311482527654278918e-02
1.713431627228323428e-02 3.885828744992031458e-02 1.825697689032165782e-02 -1.212265402529362768e-01
-1.872952245961290174e-02 5.769750037454501879e-03 8.175824526502450951e-03 -3.199523789596460110e-01
-1.586896744040332263e-02 2.001565758953360863e-02 9.814915634144411039e-04 -4.929427634061400720e-02
2.482034666812815704e-02 -3.500938684955579028e-02 -7.079601653809330930e-03 1.304817969776837394e+00
5.552520336983735039e-02 5.810327317966934579e-02 5.303766874888538041e-03 1.724972810380887012e+00
4.539375951481239291e-02 8.334853098765693247e-03 1.802755915267223452e-02 2.806425053614010068e-01
1.277864893542364488e-02 5.758710138298095416e-03 8.564129611308729517e-03 -1.731988656447747132e-02
-1.433018785673989548e-02 -6.006296023399038120e-02 -3.287851599184810070e-02 -3.415233062171120437e+00
2.196568364168305365e-02 -1.939047569213925293e-02 -6.699130549660792244e-02 -2.157893983397119797e+00
4.837667730696271207e-03 -1.329390901966931438e-03 -6.127524527914154917e-02 -1.900910194032596756e-01
-4.739524133842820675e-03 5.769885906893201799e-03 -2.671899712928293980e-02 1.251242351024561827e-01
-4.917693405517731264e-03 7.634675955638381417e-04 -4.760632511990811611e-03 1.879379757744881196e-03
-5.361756953624180477e-02 -1.436514496521497097e-01 -2.268698966891063984e-02 -1.101145499667958383e+00
-1.997292257071214827e-02 -1.230767866764205243e-01 -5.862428466799185500e-02 1.298960468386820111e+00
1.257275678493208204e-03 -9.058318336512483082e-02 -5.630437900253693062e-02 -1.067596498252099124e-01
-1.868358492068455945e-03 -5.685730550792245097e-02 -2.720339705088969939e-02 4.252377108061466959e-02
-5.973549187589966003e-03 -1.562537341994441054e-02 -5.610827460171163850e-03 3.141806173358530074e-02
-1.159273223536982922e-03 -1.406245555367630073e-02 -1.470387901342767867e-03 1.103969080979172457e-02
-6.349853225926140876e-01 -6.371145272872935639e-01 -6.309493530302568987e-01 -6.428860887118610368e-01
7.007073834522946137e-04 7.232163715049758123e-04 4.787591568337820061e-04 1.859104845801170733e-03
