-1.362632598408625162e+00 1.156837626860096835e+00 2.961917527685852036e+00 0.000000000000000000e+00
1.267443586917374188e-01 4.207774401327150637e-01 9.870724324618977974e-01 0.000000000000000000e+00
5.955062101158716814e-01 -1.452375487020959755e+00 -8.002580629840770898e-01 0.000000000000000000e+00
3.183812202649366485e-01 7.438179624563665548e-01 -1.167921691069741641e+00 0.000000000000000000e+00
5.435780027558260175e-01 6.425912687982858473e-02 -4.157147809876553940e-02 0.000000000000000000e+00
-7.111287488250208622e-01 2.753816339215092168e-01 1.867743495583959801e+00 0.000000000000000000e+00
-8.048492452770923400e-01 1.577220693221802916e+00 1.902080385584097977e+00 0.000000000000000000e+00
5.391257624236246437e-01 -8.027581479027680045e-01 -1.086849638221629943e+00 0.000000000000000000e+00
-7.207128531428044771e-02 -2.263367791346887758e-01 -5.134919953870915876e-02 0.000000000000000000e+00
-1.703310627379947817e-01 1.294288003234418394e+00 -2.364673118392849105e+00 0.000000000000000000e+00
5.515231158727489369e-01 -3.430288067840443073e-02 -2.660531425687040485e-01 0.000000000000000000e+00
3.116576027324667320e-01 -4.629263235201107607e-01 -1.089995695219108551e+00 0.000000000000000000e+00
-9.081253238058514810e-02 -4.400307605887982532e-01 4.161263127656897320e-02 0.000000000000000000e+00
6.020035832669758114e-02 -4.427739355428123580e-01 -4.533221612142248613e-01 0.000000000000000000e+00
-1.566582598698980977e+00 -4.604603164948384286e-01 -1.183625162097779251e-02 0.000000000000000000e+00
2.813238250496663539e-01 1.430655732184424045e-01 1.564957726509150215e-01 0.000000000000000000e+00
-4.022860873662849612e-01 -3.927798184965295980e-01 -1.009044258131839150e-01 0.000000000000000000e+00
3.831600303270641522e-02 -9.447525236184649289e-02 -1.089961825384180738e+00 0.000000000000000000e+00
-1.510077092455029968e-01 -9.921086060301710363e-01 4.170503299171953171e-01 0.000000000000000000e+00
4.663158690430110331e-01 7.494343239439453519e-02 -4.516548998755059996e-01 0.000000000000000000e+00
3.195767258381376763e-01 -3.653332995732798405e-02 -1.634441036630464028e-01 0.000000000000000000e+00
1.344982769397223554e-01 -1.278735978582232202e-01 -4.893930628755536194e-01 0.000000000000000000e+00
-7.716845976604359836e-02 -2.087777488983497409e-01 5.426708337753859135e-02 0.000000000000000000e+00
-5.947015145550395288e-02 -3.999019801580347422e-01 -9.436309328397289864e-01 0.000000000000000000e+00
8.150359633108431034e-02 -1.621365121125714626e-01 -4.387753826022882109e-01 0.000000000000000000e+00
-8.283688321996811599e-01 -2.857261700094927970e-01 6.973149034984064965e-02 0.000000000000000000e+00
-1.225766293890087288e+00 1.251357812661058277e+00 1.364802941524301705e+00 0.000000000000000000e+00
-5.546111165214747674e-01 4.740694653148262022e-02 -3.266822382360870525e-01 0.000000000000000000e+00
-4.144987887594679399e-01 6.479712486559921492e-02 -2.590331288479086336e-01 0.000000000000000000e+00
4.099007132940792886e-01 -3.321106227878279915e-01 -3.699431192863570500e-02 0.000000000000000000e+00
2.094583621383371286e-01 -5.077224074876711679e-01 -3.422576804213203761e-01 0.000000000000000000e+00
1.627924163593907458e+00 1.021271750561152158e+00 -2.684445616077174357e+00 0.000000000000000000e+00
3.259646869819284865e-01 -7.259166793497587311e-02 -4.521429593539288971e-01 0.000000000000000000e+00
-3.263915256002154486e-01 4.889852202190203001e-01 -1.233056882543982047e+00 0.000000000000000000e+00
-2.116234151547366493e-01 1.622913705910120186e+00 7.475839263554774350e-01 0.000000000000000000e+00
-2.536486980620782927e-01 -1.334798810255415080e-02 8.113663262531002618e-02 0.000000000000000000e+00
3.632739533208844546e-02 1.244062605921952419e-01 4.233090705011309796e-01 0.000000000000000000e+00
-2.361265796659835214e-02 2.121298359039435755e-01 -5.108225506679023482e-03 0.000000000000000000e+00
-4.670901291254855869e-01 -8.836522307776532859e-02 -5.720524162914112365e-01 0.000000000000000000e+00
6.043572784417114985e-01 1.581599912706714295e-01 1.455598046200598794e-01 0.000000000000000000e+00
-3.399161750300059293e-01 -1.639022423235683423e-01 -3.513676719418586947e-01 0.000000000000000000e+00
-1.571280951438820184e+00 1.582229649375548108e+00 2.114715129947301264e+00 0.000000000000000000e+00
2.489109675848211189e-01 -7.040314141325847430e-01 6.371082089208865984e-01 0.000000000000000000e+00
5.947476386448129725e-03 1.562114238631022445e-01 -2.924401861031278860e-01 0.000000000000000000e+00
4.840143042733534573e-01 -5.171618561278717302e-02 -1.739972309721728450e-01 0.000000000000000000e+00
3.043525129311861477e-01 -7.602330717159985207e-01 -1.612074167334142993e+00 0.000000000000000000e+00
2.225022746213889124e-01 -9.968798390138990939e-01 1.238959204388748070e+00 0.000000000000000000e+00
5.680187416807468415e-01 -1.688357041029676431e+00 -1.129323937206996753e+00 0.000000000000000000e+00
-2.252528705824148880e-01 -9.945129641859398184e-01 9.552369647350664739e-01 0.000000000000000000e+00
6.920112481958277106e-01 2.070721522373358270e-01 -1.791365099941561248e-02 0.000000000000000000e+00
1.640204972246184667e+00 -1.302832103354660820e+00 -2.882015012271599286e+00 0.000000000000000000e+00
3.615203274065726946e-01 -7.881743003064097808e-01 -1.871236899303412526e+00 0.000000000000000000e+00
-7.251161674659215572e-01 4.450869492485242107e-01 1.071716314763033751e+00 0.000000000000000000e+00
-6.109023595341340762e-01 -3.038166396164372896e-01 9.199567374724034741e-01 0.000000000000000000e+00
-1.464334043743310332e+00 -4.808567064536122815e-01 2.133139305597831381e+00 0.000000000000000000e+00
6.110267723288759223e-01 1.443808953994163979e-01 -1.031916520816251293e+00 0.000000000000000000e+00
