1.382561110687612116e+00 -1.584835986343621883e+00 1.903515177740825237e+00 0.000000000000000000e+00
1.488652613202204433e+00 -1.076574802143956511e+00 1.096836549707800312e+00 0.000000000000000000e+00
1.022097294676688195e+00 -2.029322826623626064e+00 -2.565039872304756052e+00 0.000000000000000000e+00
5.860052617232334171e-01 -2.207199651363709769e+00 -2.645205502476721371e+00 0.000000000000000000e+00
8.597702017383684892e-01 2.667878838745390765e-02 4.820915549108395481e-01 0.000000000000000000e+00
-1.267099879299424359e+00 1.999652544231965923e+00 6.670948719190730181e-01 0.000000000000000000e+00
-2.197347587531797708e-01 1.357472019629001991e+00 7.226407168912011778e-03 0.000000000000000000e+00
-4.713069364200366679e-02 -1.030719513777832441e-01 -1.319574525393740316e+00 0.000000000000000000e+00
1.133040600981151946e-01 -5.422895472887074853e-01 -1.536099408316874415e+00 0.000000000000000000e+00
-2.009562512048984839e+00 2.732090923151660800e+00 -3.318132535693196328e+00 0.000000000000000000e+00
3.405570070983378606e-01 3.396359756053209944e-01 2.045767300982319903e-01 0.000000000000000000e+00
-4.959085415812797826e-01 2.079518083954078056e-01 -5.837137775954175378e-01 0.000000000000000000e+00
-4.817726923455335486e-01 -3.364955151561206947e-01 -4.477257980296648898e-01 0.000000000000000000e+00
-7.368171454818621680e-01 1.333771279374625474e+00 -7.108680289733847468e-01 0.000000000000000000e+00
-7.765279439466252764e-01 -2.008123557590117958e-01 -1.504214780589132605e+00 0.000000000000000000e+00
4.923648069806371153e-01 9.337530297784067679e-02 2.813680020894184786e-01 0.000000000000000000e+00
-1.593539950197646604e+00 -4.916583238854908000e-01 -2.453052985423662680e+00 0.000000000000000000e+00
1.543864735867817028e-01 -1.755927055977829943e+00 -1.446592686791806914e-01 0.000000000000000000e+00
-5.703184674861693226e-01 -2.811119427115615910e+00 -6.290084659824975999e-01 0.000000000000000000e+00
-3.727495597475638522e-01 -1.960893335664390280e+00 -1.543419091191091885e+00 0.000000000000000000e+00
5.361669572141065238e-02 2.384428126817474680e-01 5.819792823671276344e-02 0.000000000000000000e+00
-4.177578224922867678e-01 1.475986962124641207e-02 -3.404124640473985552e-01 0.000000000000000000e+00
-2.774094708005764853e-01 -1.045121353343790027e-01 5.923434285547856532e-02 0.000000000000000000e+00
-4.775931287053706842e-01 3.642353013176093390e-01 -8.989610494169003596e-01 0.000000000000000000e+00
-8.826015666147007943e-02 -1.532742175217058356e-01 -7.271416146552033000e-02 0.000000000000000000e+00
-4.509437427234365692e-01 -1.037405090854266687e+00 -7.170411538843464161e-01 0.000000000000000000e+00
-1.942272820600910777e+00 -2.954371365689116291e-01 -8.044309340073756420e-01 0.000000000000000000e+00
-8.035464980240061283e-01 -4.215170200260271449e-01 -1.252422796040957576e-01 0.000000000000000000e+00
-5.917145937552098500e-01 4.418609212177377898e-01 -3.894113100998076726e-01 0.000000000000000000e+00
6.812999016762345816e-02 7.573201343000295349e-01 -9.155289929755032752e-01 0.000000000000000000e+00
-2.455225278928916843e+00 3.004338339988787965e+00 -5.137868340456089866e-01 0.000000000000000000e+00
-2.864961503768257867e+00 3.961514449676534433e+00 6.552824057586925655e-01 0.000000000000000000e+00
-2.670911332399987792e+00 3.314285514015455458e+00 5.115926469732207105e-01 0.000000000000000000e+00
-2.346556391841316813e+00 2.957401042771515609e+00 -2.349934412105807446e+00 0.000000000000000000e+00
-1.022103624990354120e+00 1.968141486729837020e+00 -7.609090981836473810e-01 0.000000000000000000e+00
-4.152611006972196234e-02 -1.494221245188907983e-02 -3.766626573435992442e-02 0.000000000000000000e+00
-1.270567926784013646e-01 -4.166589386636180281e-01 -2.960652470593949648e-01 0.000000000000000000e+00
2.775231740506826084e-01 1.756519363902157016e-01 2.080799673694516405e-01 0.000000000000000000e+00
-2.547714835039910364e-01 -9.202674328233219070e-01 -8.434006046821508340e-01 0.000000000000000000e+00
1.318164263347848808e-01 -1.055503401155887699e+00 -2.329418670152013371e-01 0.000000000000000000e+00
-4.817080586912103612e-01 -6.617889157432064184e-01 -1.936512930455001613e-01 0.000000000000000000e+00
-1.761767077056124675e+00 -2.776110869888871457e-01 -6.146796218538212730e-02 0.000000000000000000e+00
-7.843722930924122982e-01 4.535571533106865227e-01 -1.038717791729115852e-01 0.000000000000000000e+00
-4.434185175911689036e-01 6.295668631208312105e-01 -4.549307464741828011e-01 0.000000000000000000e+00
-2.334039131754594709e-01 7.517200982518327246e-01 -7.402841409727635782e-03 0.000000000000000000e+00
-2.351065670188182910e+00 1.522924274910852249e+00 -9.020543906026888825e-01 0.000000000000000000e+00
-2.844914373583354195e+00 3.224163333580954749e+00 2.774356234337859384e+00 0.000000000000000000e+00
-2.050802330563748832e+00 2.125962408946006743e+00 4.861307223720860021e-02 0.000000000000000000e+00
-7.014060963820057948e-01 4.084324401175657981e-01 -7.295025257031788612e-01 0.000000000000000000e+00
7.898537427527808630e-01 1.137055096843988977e+00 -2.127411315246231088e-02 0.000000000000000000e+00
-1.822324625134918108e+00 -6.257305623024144170e-01 -2.598408857898384827e+00 0.000000000000000000e+00
7.789695435094912135e-01 -1.256643072249339577e+00 1.700278911927760372e+00 0.000000000000000000e+00
2.774512551203042188e-01 -2.567427255994865765e-01 -3.337740950363317083e-01 0.000000000000000000e+00
-1.703828619655624488e+00 -7.676437187355552583e-01 2.053167414207438757e+00 0.000000000000000000e+00
-8.793592202432798377e-01 -1.451751058250517090e+00 -5.646457444977056594e-01 0.000000000000000000e+00
-4.556395213764113383e-01 -1.835158488041712666e+00 -9.707928656115503152e-01 0.000000000000000000e+00
