-2.931721750356315770e+00 2.542282345165511881e+00 -1.403772519199114388e+00 0.000000000000000000e+00
-8.995009297931605419e-01 1.128219125581232385e+00 -2.842964208359184952e-01 0.000000000000000000e+00
-3.328378988981141040e-01 -9.681104359788214042e-01 1.328653619599481139e+00 0.000000000000000000e+00
-7.878854271815606547e-02 -1.921325212321129128e-01 -1.648867475666828536e-02 0.000000000000000000e+00
6.744022610477582239e-03 -5.336596165612673692e-01 2.699442331467889478e-01 0.000000000000000000e+00
-2.816437469759617285e-01 4.829776096658682794e-01 -4.617492162757566021e-01 0.000000000000000000e+00
-1.897383489611193186e+00 -2.394379340771428666e-01 -4.534544909563593684e-01 0.000000000000000000e+00
1.812807565802448950e-01 5.073245091256621819e-01 -5.789611671639457446e-01 0.000000000000000000e+00
3.240973153510961491e-01 -5.276417076714914334e-01 7.943859987999513095e-02 0.000000000000000000e+00
1.240312354762953678e-01 -1.572946845600405874e+00 -2.508820096948466194e+00 0.000000000000000000e+00
1.806475725361878226e-01 -7.366682129424826364e-01 2.876375204674267438e-01 0.000000000000000000e+00
2.272978252343400285e-01 8.008868602646850021e-02 -1.512780715871034631e-01 0.000000000000000000e+00
2.787769758371319573e-01 1.378520821160990062e-01 -1.790016814343109164e-01 0.000000000000000000e+00
1.166125246375528279e+00 -1.110156785249544642e+00 -1.252343279520291564e-01 0.000000000000000000e+00
1.718561890309450835e+00 1.367452156031351729e+00 -2.094859005835835175e-01 0.000000000000000000e+00
-1.455485115111529726e-01 9.693189327516644749e-01 -1.530982842147125822e-01 0.000000000000000000e+00
-3.279684079441620437e-01 -1.347851028609894586e+00 8.138527355016123011e-01 0.000000000000000000e+00
-4.187814914824166540e-02 -5.383072683753801213e-01 -8.253790769626569990e-01 0.000000000000000000e+00
7.477674918112672264e-01 -2.679626575244061781e-01 2.130340854319539012e+00 0.000000000000000000e+00
6.033497900557801552e-01 -1.367540843174698539e-01 5.166267453768903506e-01 0.000000000000000000e+00
9.933174116805848497e-02 -3.376056395247651887e-01 1.132236075923797325e-01 0.000000000000000000e+00
7.221809165817019704e-02 -6.039109925447624927e-02 3.319404855397947718e-02 0.000000000000000000e+00
7.768890410258698365e-02 1.391966472173083169e-01 -1.205641621293342819e-01 0.000000000000000000e+00
1.106494435265360954e+00 -1.076985256427549720e+00 3.794850170856712834e-01 0.000000000000000000e+00
2.583409705700709935e-01 -3.636878508071028637e-02 1.552156996404932543e-01 0.000000000000000000e+00
1.051278541438328995e+00 8.297660264247692652e-01 -1.180348910348701930e-01 0.000000000000000000e+00
1.830054781639553207e-01 8.661542555813511735e-01 -7.093823231363421966e-01 0.000000000000000000e+00
4.031631288952735037e-01 -9.967602983631504987e-01 4.721599310074555689e-01 0.000000000000000000e+00
5.768735867092243952e-01 1.071142002647931912e+00 -5.407425934162373160e-01 0.000000000000000000e+00
4.490845179298380563e-01 -9.996046234093076688e-01 2.793208387409704119e-01 0.000000000000000000e+00
3.784380626639693435e-01 -7.129099360431614962e-02 -1.840236697936084020e+00 0.000000000000000000e+00
-1.087586075005615216e+00 -3.586944815882719961e-01 -1.188180807851164866e+00 0.000000000000000000e+00
6.287785329785317012e-01 -7.697042662650821487e-01 1.227370999910358362e+00 0.000000000000000000e+00
1.260797596940261167e+00 -2.810229652639854248e+00 -1.583107682403047445e+00 0.000000000000000000e+00
-3.012108256518188365e-01 -1.529157743914778322e+00 4.484660294305352346e-02 0.000000000000000000e+00
-7.322848784736597783e-02 2.569844807926446872e-01 -1.023122197585970145e-01 0.000000000000000000e+00
-7.835544427170758330e-02 -1.149436213103561255e-01 6.614836230149509499e-02 0.000000000000000000e+00
-6.793731666715688289e-02 -1.424616068645201128e-01 5.573192958823409981e-02 0.000000000000000000e+00
5.881987304342869427e-01 -5.733354835878882311e-02 3.160083468234179960e-01 0.000000000000000000e+00
-9.465613168412944090e-01 -7.141236821306705673e-01 4.630667821711265675e-01 0.000000000000000000e+00
4.826059885285433060e-02 -3.514032137521515553e-01 1.393467748358746816e-01 0.000000000000000000e+00
2.390860258939964400e-01 9.194680083626063372e-01 -1.535905743503045429e-01 0.000000000000000000e+00
3.938590301552591932e-01 5.649178598743569424e-01 9.902793788628624916e-02 0.000000000000000000e+00
2.832385806064937617e-01 -1.951780633680067628e-02 7.227168037092218666e-02 0.000000000000000000e+00
-7.956660927270688133e-02 1.978612293489772911e-01 -3.280563070407991888e-01 0.000000000000000000e+00
8.375870132558078662e-01 4.325953361879472103e-01 -1.591780215598100900e+00 0.000000000000000000e+00
7.945706261574934093e-01 -1.628971735305320800e+00 1.809962714732910705e+00 0.000000000000000000e+00
1.168504628742881302e+00 1.260784258950635062e+00 5.512044096493265988e-01 0.000000000000000000e+00
2.117558992642991189e+00 -2.694406234809834655e-01 -4.129496321370292322e-01 0.000000000000000000e+00
1.149034140929753312e+00 8.168922880425345534e-01 -2.381274939051682416e-01 0.000000000000000000e+00
2.524621211216176331e+00 -3.176399130023128237e+00 1.611808833442123667e+00 0.000000000000000000e+00
-7.612311180424122248e-02 -2.886218084180561139e+00 6.176580226492431880e-01 0.000000000000000000e+00
-1.900139059068923109e+00 -1.431450151847388552e+00 3.309928811373028967e+00 0.000000000000000000e+00
5.555751499275458638e-01 2.125493046499808969e-01 9.096076932606788068e-01 0.000000000000000000e+00
-7.794587199131960409e-01 -2.580324296339471801e-01 2.551480411348355570e+00 0.000000000000000000e+00
-8.270856295884743137e-01 1.387576484480189665e-01 1.893895837790930514e+00 0.000000000000000000e+00
