-1.917419067097502650e+00 -1.995164783306557998e+00 3.230790173061693693e+00 0.000000000000000000e+00
-2.269405732830493405e-01 -1.962398687847107803e-01 5.629028435143549336e-01 0.000000000000000000e+00
1.342676278601768081e+00 1.075000857791643227e+00 -5.451052964651718069e-01 0.000000000000000000e+00
5.587384771415112583e-01 -4.559893400218252291e-01 -3.975619104639553369e-01 0.000000000000000000e+00
1.917936153015828149e-01 3.335059764108971869e-01 -4.823814212757190911e-01 0.000000000000000000e+00
9.815998005441487484e-01 -1.089470198744099116e-01 1.513588229647762295e+00 0.000000000000000000e+00
-6.179676291837128410e-01 -1.347365352551127105e+00 2.198703479163260699e+00 0.000000000000000000e+00
1.025255068768260891e+00 1.360129670618492659e+00 -6.604869609161182487e-01 0.000000000000000000e+00
-2.523448223633912094e-02 -3.273817978540386475e-01 -4.765885878154516031e-01 0.000000000000000000e+00
9.520966217872257609e-01 2.677969400215363116e-01 -1.343722960436088742e+00 0.000000000000000000e+00
1.974392598239210206e-01 3.390644594257999356e-01 -5.671138857738212691e-01 0.000000000000000000e+00
2.641192222601940198e-01 7.894944264711224458e-01 8.297884333428829848e-03 0.000000000000000000e+00
-3.416760279313366122e-01 -2.220853898818673233e-01 -7.895550693742660331e-02 0.000000000000000000e+00
1.189780294013049522e+00 9.841808852504883021e-01 -7.753061549912499961e-01 0.000000000000000000e+00
2.389491077831903676e-01 2.802074711103602622e-01 3.968444023327215575e-01 0.000000000000000000e+00
3.552402898433979495e-01 4.250379557560182708e-02 -2.060790006792043438e-01 0.000000000000000000e+00
1.448750846125002045e+00 -1.465754581177952098e-01 -9.806505259558542797e-02 0.000000000000000000e+00
6.818183052809861922e-01 1.143069264953265440e+00 2.693556051462511758e-01 0.000000000000000000e+00
-1.780118563546613519e-01 6.555555989468415667e-01 1.615310689328985083e-01 0.000000000000000000e+00
8.729598055267365209e-02 -4.779347902643311663e-01 -1.034971467639439618e-01 0.000000000000000000e+00
7.843406171644419500e-02 1.348265674799556391e-01 -2.605800651804289214e-01 0.000000000000000000e+00
-9.083439067839660375e-02 1.677935149974970064e-01 1.856199376655228717e-01 0.000000000000000000e+00
-2.033790037416785268e-01 -6.986890274937167244e-02 4.968660920090869210e-02 0.000000000000000000e+00
3.487992155741401756e-01 4.200254019933643002e-01 -7.805251131194335112e-01 0.000000000000000000e+00
1.798928229960285174e-01 1.154019373405983095e-01 -5.205661618271935076e-01 0.000000000000000000e+00
-3.128101134636290109e-02 1.158226305367092007e-01 -1.207740529476205998e-01 0.000000000000000000e+00
4.887139070502025118e-02 -9.205141335126580948e-01 9.849916161350006361e-01 0.000000000000000000e+00
1.239609349375322689e-01 7.455267387383974764e-01 2.240380892324460305e-02 0.000000000000000000e+00
-2.688526008361906139e-01 1.897186046370215595e-01 -5.828958729930323601e-01 0.000000000000000000e+00
1.276325292758264673e-01 -1.415791851812015986e-02 -6.421432720286281981e-01 0.000000000000000000e+00
1.792581067873662226e+00 6.038928331722552834e-01 8.095612810051784625e-02 0.000000000000000000e+00
1.808497726993879562e+00 -2.779152978769670532e-02 -2.725591752615966978e+00 0.000000000000000000e+00
7.339011797668540948e-01 1.598813542387337527e+00 -1.779000922174436949e+00 0.000000000000000000e+00
3.585644886667587738e-01 3.265308480429905957e-01 -4.833323728983125456e-01 0.000000000000000000e+00
1.348464226988640713e-01 -6.566609181758278346e-01 3.222275456203312349e-01 0.000000000000000000e+00
-6.801319392853906465e-02 -1.109189404960805314e-01 1.991390317086286499e-01 0.000000000000000000e+00
-8.073706182166381917e-02 -2.641410124861404696e-01 -5.174366313130858430e-02 0.000000000000000000e+00
1.392797083216853748e-01 8.712352886503446636e-02 4.182921105774322496e-02 0.000000000000000000e+00
-3.636974623369511606e-01 -3.810507271947505825e-01 5.535589753131874707e-02 0.000000000000000000e+00
-3.130454116251791263e-01 -1.756090769314310462e-01 1.363275891294950803e-01 0.000000000000000000e+00
-2.094138432105997483e-01 -2.229017309814348702e-01 -6.272900607339004786e-02 0.000000000000000000e+00
-1.494269498325304202e+00 -1.804468748904327846e+00 2.157972945553118471e+00 0.000000000000000000e+00
-2.641644251706327939e-03 -6.385822088177303679e-02 9.982019123083442080e-01 0.000000000000000000e+00
-4.425342570468964176e-01 -7.327178351200366313e-01 -5.228055317944367564e-02 0.000000000000000000e+00
-9.425996484625857874e-02 -6.526284563175072106e-02 -2.402665513552036669e-01 0.000000000000000000e+00
7.259934913579447757e-01 4.347920418393008135e-01 -9.602151099501103904e-01 0.000000000000000000e+00
1.239435537080603833e+00 2.914275174665043600e-01 -2.111377578914830799e+00 0.000000000000000000e+00
3.294344591504531211e-02 9.591708284172882903e-01 -9.254608449094066103e-01 0.000000000000000000e+00
-2.232036763873956053e-01 3.914915249211723958e-01 6.670779421719983393e-01 0.000000000000000000e+00
5.837512182876904987e-01 4.281557427641229929e-01 -1.062980662153771849e+00 0.000000000000000000e+00
2.503404993632068365e+00 2.050005878972687157e+00 -2.587994602014682233e+00 0.000000000000000000e+00
3.819661023738626232e-02 2.488052431048298097e+00 -1.421660992978475146e+00 0.000000000000000000e+00
1.177816304863165131e+00 8.066740220161905395e-01 3.739388783184488529e-01 0.000000000000000000e+00
-2.652410787997469543e-01 9.577656865973892542e-01 7.349746236447120273e-02 0.000000000000000000e+00
-1.262680385305416042e+00 -8.813274499501745352e-01 2.431191245908411513e+00 0.000000000000000000e+00
8.585639893993216587e-01 5.194903120551890296e-01 -1.133174474939261822e+00 0.000000000000000000e+00
