-2.184102503524813083e-02 -8.510594000056936892e-02 -3.263980782744457798e-02 4.493117067561891442e-03
1.480523949865079070e-01 3.545408938669275534e-02 6.984157194422607740e-02 1.419464452890370765e-01
1.619546075756475856e-01 1.560138814177730593e-01 1.345999955522668712e-01 1.488410519499002715e-01
2.975598915600397021e-03 5.493583109407262910e-02 -5.267916794282023751e-02 -3.839845692122706433e-02
8.179101378446276827e-02 2.250564447188573292e-01 -4.096254025627710238e-02 1.240060923034618512e-01
9.481975152540302043e-02 4.673103221612939784e-02 8.300210473034447256e-02 8.570433764967565204e-02
1.173163072497857007e-01 4.515962833890159178e-01 -1.409304782123288469e-02 1.997545023769752848e-01
-2.008672196578951130e-01 -1.483894621607331210e-01 -9.449242516759404076e-02 -1.294205617844276790e-01
1.812680837546910839e-01 1.838458569430291289e-01 2.134664696051373767e-01 1.887484610416371167e-01
-6.224929302444817680e-02 -6.305333935127510614e-02 -1.018656283781771421e-02 -3.818447364640559227e-02
7.978384427409024315e-02 -2.642108171330248556e-01 4.462928405510697694e-01 -7.947084615155980414e-02
1.023785493703620042e-01 1.696049538421628977e-02 -2.540163795277772252e-03 -1.134968098504016143e-02
2.232638798221291965e-01 2.069139831836752652e-01 5.731296184708809527e-01 1.122187192222908608e-01
1.833730026383037504e-02 8.362334797184839408e-02 -1.080299389653142095e-01 8.232563229952638562e-03
-1.204867119662218766e-01 -4.411265049686863282e-02 -1.731437315968891166e-01 -1.043314973923042954e-01
8.146521203485240781e-02 2.530691909172571585e-01 5.741485875757023072e-01 2.426923163382968540e-02
2.006872660432447442e-02 -2.185788735210433126e-02 2.513082481358965836e-01 3.338440189973743144e-03
-1.331843018796784184e-02 -5.357288475516747139e-02 9.488490100054947085e-02 -5.655045464557216517e-03
-1.889137186304212790e-02 -6.920150641144040549e-03 -7.501011206256014141e-02 -4.487851788940105252e-03
1.538433664401349377e-02 7.182830903411652201e-03 8.474331374828225627e-03 1.116340802191581605e-02
-8.783353500820109683e-02 7.831850647380481090e-02 -3.154101427954008052e-01 2.562901084411720043e-02
-5.094150130069818871e-02 3.234445533417562579e-03 -6.652424285298663698e-03 2.101750642474195518e-02
5.544842577515690651e-02 -3.325148933230176462e-02 -2.901743691805602765e-01 1.574817450897114390e-01
5.666668184948052411e-02 9.031160735085197455e-03 1.229359446073311490e-01 4.939044913890791588e-02
-1.844835564946964435e-02 -8.844125647310363547e-02 4.823504409105416890e-02 -9.965670491316400148e-03
-5.891377769711887008e-02 -3.778373551846996303e-01 -4.098359630058973635e-01 -3.303875954960222572e-02
4.383586323431878928e-02 3.589379693065636312e-02 -8.165675867288596512e-02 2.080686894222874561e-02
2.664730776688786773e-02 5.304321673932743675e-02 -1.072675549429673580e-01 2.857871704992853701e-03
3.086777566013032548e-02 -3.363848857311557694e-03 3.248862653496287223e-02 3.949962085120585498e-03
3.175389361864119908e-02 -2.282739579588984880e-01 5.350612372396135186e-02 -2.630384287873966526e-02
-1.819135471724908637e-03 -1.248691829582955215e-01 -9.898945089503247141e-02 -2.785563758890195057e-02
-5.397732817446487807e-02 -4.663167125635059307e-02 -1.425641803992525047e-01 -2.293820471343312184e-02
-1.196609883196284030e-02 5.804542756040698137e-03 7.982261280750280186e-02 -7.128253974088991085e-03
-8.503429914403920487e-03 3.650347082132432419e-02 6.602330673814238438e-02 -9.944061103979162652e-04
1.353755880734877712e-03 2.889247964746988195e-03 -7.152251978608803462e-04 1.205840623404886430e-03
-1.211573026107384821e-02 -4.366141481515210809e-02 2.894223624641634185e-02 -3.825618807934916266e-02
1.090867227496927425e-02 -5.783931672662528944e-04 3.791624242138511014e-03 -4.312588887233528845e-03
5.135135720545580540e-02 7.708029370819421966e-02 1.356535164690815254e-01 1.848494205247613181e-02
2.810928365862254419e-03 1.872271342520485937e-02 -1.111131558864889013e-02 -1.980303566678588700e-03
-1.002792736394724632e-02 7.890006017605075139e-04 -2.916416935720872461e-02 -8.424678535312472849e-03
9.597135423521661879e-02 2.092974817070169802e-01 2.208478624854988137e-01 8.168013318227221320e-02
-1.454790017902751927e-02 -6.598608929724442129e-03 1.375741116523382379e-02 -6.744599867600169218e-03
-7.932932732883722637e-03 -1.228266289251585264e-02 2.681057825558097463e-02 -4.659144099330991828e-04
-9.201631465303505841e-03 2.534345963950815350e-03 -3.267341668350132178e-03 -9.499604206163452663e-04
-3.392340431367574932e-02 1.272656463564715290e-01 5.050612948381019707e-02 1.983159146360867486e-02
-4.048161127543799254e-02 4.200245679107744712e-02 8.699697166950226546e-02 -4.636638531276340847e-03
1.684742006916006840e-02 2.052586599655503719e-02 1.103690739573791602e-01 2.372820370068640106e-03
2.175440746230300482e-03 -2.499133407171783006e-03 -1.142660595043587524e-02 2.626648265816489136e-03
8.898448149915513805e-03 -1.551948590864410393e-02 -2.165601061870564559e-02 -3.754483020849408437e-04
-9.729673212554185158e-02 -7.660710508944165720e-02 -5.173585362649926189e-01 -2.132128846399795885e-02
-9.466283699246978711e-02 -5.127841324158818881e-02 -3.341363401785243381e-01 -2.941298188643613754e-02
-3.768140040628548126e-02 -1.550623220807201275e-02 -8.898814336311000606e-02 -1.907066370046314741e-02
-6.616043113349345806e-03 1.693011372277730686e-03 -5.437730349036096200e-02 -1.851356697288614184e-03
6.806744838804557052e-04 -5.600903274546098487e-03 -2.967614623230313553e-02 -1.739274051063596782e-03
-1.737148641867664045e-03 2.692720258205549833e-03 8.357766205139727234e-03 1.067165782569143295e-04
-1.530932009934508030e-02 -4.790281075246927145e-03 4.529359561597633144e-03 -2.059421925043610976e-02
8.864769699906980887e-04 1.203514176578161961e-03 1.682489855215722795e-03 7.154437300813664162e-04
