2.776418866127597362e-02 1.564336581720244812e-01 1.814430464591877123e-01 1.332570460522006783e+00
-4.840408681698323834e-01 -3.447394082567143969e-01 -3.351236261390563853e-01 2.542411444606391124e-01
-4.853374147130511962e-01 -3.045422444554342079e-01 -4.293253679647218712e-01 2.541107419766768238e-01
-1.078379093860707960e-01 -3.774687137335366316e-01 -3.361216478892000703e-01 -2.486698123431997587e+00
-8.723345935705995036e-02 1.884455211243590556e-01 1.594196341924175586e-01 2.630031730718621397e+00
-1.175910556869343149e-02 -1.471162191566186550e-01 -6.294997232396787323e-02 -9.948030757869612550e-01
-3.144426515374832976e-01 -5.164138666271633760e-01 -8.599889325930549777e-01 -3.862111623961417273e+00
3.392721868812274000e-01 -4.317571223227933963e-02 3.035503686578835403e-01 -1.520807821164545270e+00
-2.723869675391671352e-02 -1.266319022006991979e-01 -1.654600900654517037e-01 1.146854358079816727e+00
2.753022200443969170e-01 5.885797191880939305e-01 4.466532317565166110e-01 1.621503773032990425e+00
-8.112782613022373468e-02 9.406327701562644528e-02 7.263152667846182187e-01 6.621032929520113797e+00
7.472886932079317313e-02 3.979178442815295424e-01 4.262250623256191862e-02 1.667051508749415101e+00
1.192104549060993279e-01 -4.244649918515614462e-01 1.096104011783992638e-01 -3.463813043278487491e+00
-2.593259061947804367e-02 2.990072536573951112e-02 -3.592782188698717682e-02 8.155099824563301070e-01
3.074640411705469034e-02 3.139864618980839905e-01 3.657193774371148010e-02 2.305422082581051413e+00
-5.670720309262908265e-02 -6.089383575724545139e-01 -7.829826581101622107e-01 -1.403512148931687742e+00
1.634367899507804117e-02 -5.907572534175242751e-01 -4.540969324204108815e-01 -6.992500121138489177e+00
3.590154005402153292e-02 4.091319092957301784e-02 2.490699912182465781e-01 -3.778663835132760163e+00
1.636928527321299121e-02 -2.807440335998262482e-02 9.191453568994667478e-02 -2.050161310624618594e-01
-1.521078228701402690e-01 -3.174658202440132637e-01 -2.149233075283884797e-01 -2.686929564389941572e-01
3.999587102899485602e-01 3.142106947233552772e-01 -6.150107969401952257e-02 -4.294300090182298746e+00
-1.074261298490744032e-01 -2.551249566385748180e-01 -7.450654662444994303e-02 -5.596174426362229282e-01
-4.429470951954754820e-01 -1.921516984485667212e-01 -6.268852836823831653e-01 2.964164700864894808e+00
-2.035826565834263080e-02 -2.175518020299120892e-01 1.758098945414604541e-02 -1.933683322195429710e+00
3.398014381058966915e-02 3.334124219060563554e-02 1.591102691253886148e-01 -2.546390778158102997e+00
2.148583146847637959e-02 2.103065507896171027e-01 2.261621838253494721e-01 -1.247355891373434833e+00
-9.412411778292094355e-02 6.538669161969121735e-01 2.191009489668334087e-01 9.537077537306114294e+00
-4.591242870779449481e-02 -7.074967812262911160e-02 -3.302213251946505279e-01 3.661243334064934185e+00
-6.722732939909603633e-03 5.539105053245690913e-02 -7.043615797150581948e-02 -1.059258246959204897e-01
9.134660305669395353e-02 -3.852150898664657985e-01 -4.097378412374237389e-01 -6.340694166384158947e+00
1.354559446209599449e-01 4.231929279851956438e-01 8.822670248506647717e-01 -3.633476049058943502e+00
1.044089540779376546e-01 3.038470666956274435e-01 2.777870464278931473e-01 2.634402190448253300e+00
3.355245104226076136e-02 -9.681663048172001185e-02 -7.930948548430927225e-02 1.353951203649681911e+00
2.632429384756690416e-04 -1.119715621325421684e-01 -7.245672739466479939e-02 9.357994071953961157e-01
1.887404628473720453e-02 5.027198374890479160e-02 2.793281331917354948e-02 -4.555182179099029338e-02
-9.600720184305391869e-02 -8.349129196095458894e-02 -5.760337244055863115e-03 1.045350644805017382e+00
2.177342753840144293e-02 4.978106481834762564e-02 1.484563592928204653e-02 -2.539172495019165199e-02
2.464356431018013549e-01 1.791068806163500504e-01 3.012129408940505404e-01 -8.130529886502538828e-01
1.442230869999235054e-03 -1.345223895282551818e-02 -3.916186562780542280e-02 1.440138882986552016e+00
4.342749083500766979e-03 4.252425769162229696e-02 -1.041041184256272234e-02 3.914499186185573798e-01
-8.702356725383555980e-02 -5.876292108119421376e-02 -1.504117717866685910e-01 -4.756962250448495411e-01
2.802892662427239334e-02 -2.023177744479577045e-01 -5.810669199268370111e-02 -3.864682001339281747e+00
1.167128214692855770e-02 1.274846636089804752e-02 9.060505865005250015e-02 -3.130743593481033482e-02
1.118770118872500219e-03 -2.053660341598038952e-02 9.681646067663113309e-03 1.337985382380656452e-01
4.930542025562395514e-02 6.916648420825836086e-01 3.779247346490113291e-01 3.473401055269127014e+00
1.768241835749687074e-02 2.779347377784918693e-02 -3.856320050894836982e-01 -7.943512398830681054e-01
-3.210434179988654047e-02 -1.076538353019526606e-01 -1.336683498951742877e-01 -3.546843122061549280e+00
-1.416168208840101750e-02 6.179858041677484953e-02 3.290493022426255187e-02 -6.455627938008774436e-01
-1.471468484713599201e-03 8.975429103278939613e-02 4.247587214559338242e-02 -2.217369200061319323e-01
1.311033547769806518e-01 7.307797074457446085e-01 1.320238471733092833e+00 5.653113060723853778e+00
1.451690653984368806e-01 4.369291305250764257e-01 6.470600406652754488e-01 7.072549356172681101e+00
7.900431643313197971e-02 6.256158671328648779e-02 9.502489489917897991e-02 2.441479674358726371e+00
2.787388695636552893e-02 2.562661766675136676e-02 3.548445349927387138e-02 -1.916094660840326203e-01
-8.136916560869678072e-04 6.063927628070242548e-02 6.315019905729571392e-02 -7.657301368791886720e-01
-1.245230084998622325e-02 2.501433525668611546e-02 1.603991647913319274e-02 -1.153708954416041155e-01
-8.236738156208073258e-02 -1.130934009966965414e-01 -1.267386656616394380e-01 -2.962173136067794976e-01
4.013627501056709658e-03 4.543465969272481725e-03 7.792820885816108614e-03 1.480708772573258863e-02
