1.487322195833348237e-01 3.481209422054148961e-02 -3.856859841559354685e-01 -1.326795685153479010e-01
-4.948593913749975703e-01 8.591574463707753184e-02 -3.317358964613429384e-01 8.261288724065204980e-02
1.016474263127610939e-01 1.288350523231155675e-01 -8.811964218161968954e-02 1.269453706739673282e-01
-1.165089692811938082e-02 -2.912005454950780670e-02 7.652945680466689549e-01 3.643289906963331770e-01
-9.057415372504253881e-01 -1.832773541972649300e-01 -3.725502312562656293e-01 -5.847984552130320868e-01
-2.906772126782716237e-01 -1.164235565173632747e-01 5.282688323989176427e-02 -1.137679866791613814e-01
2.261124221218583585e+00 4.625065042012666550e-01 2.257258168628273776e+00 4.428250850052222187e-01
-3.131652366859631886e-01 -1.008943772297270780e-01 1.051081062556791013e+00 -1.870234653940926473e-01
-4.661425227197360521e-02 -2.829092359449785210e-01 -8.588420494830795171e-02 -3.837946518299760190e-01
4.960343936336053527e-02 3.031733522419250981e-01 -3.555765689664055484e-01 -1.438441281797089855e-01
-2.858538909524841465e+00 -6.541363253335584771e-01 -3.255193997304200337e+00 -6.286706810362882036e-01
3.696870753840734714e-01 -1.217810098608663599e-01 -1.773632251898765055e+00 4.834835338532122995e-02
9.286266668300416915e-01 1.593042873693535366e-01 -4.470416806681669630e-01 8.552949040514548074e-01
-1.572354961840661258e-01 -3.951989360714355803e-02 -6.790547338432766367e-01 1.567734805167955159e-01
3.525799022473636857e-01 1.551404907195091665e-01 -9.287381685299783696e-02 5.755832461257931465e-02
1.036888722806569962e+00 1.187028942470073761e-01 8.270029124620938976e-01 1.038469181189977109e-01
-3.049984175540655373e-01 -2.211591269518733416e-01 9.032664414117622664e-01 -8.035444425566447280e-02
-1.059890353657432227e-01 -2.797564775840879481e-01 6.353200642938805487e-02 -1.718896174452794745e-01
1.847826624510651439e-01 -5.867379519043090103e-02 -3.921708289257595514e-01 -1.288717306080190694e-02
-3.547943247321477811e-02 -2.328301616000462149e-01 1.509248810790247974e-02 -3.544771703774034222e-03
1.594801552605831674e+00 4.503472115876842596e-01 1.841452086389369081e+00 4.436575094194157298e-01
-1.963831311975360872e-01 1.286692440868976162e-01 1.015983826416593683e+00 2.157477912435580569e-02
-1.007989554655499997e+00 -5.632390211640259103e-01 2.508783046861046140e-01 -9.787350303002334551e-01
-1.693973836342702599e-01 -8.098680648999928566e-02 9.912482102687092400e-02 5.495993696786272142e-02
1.385469680792481562e-01 2.173983362761557903e-01 6.962554128894369310e-01 2.943533385119674606e-02
-1.224443034151604826e+00 -3.706622882856174250e-01 1.633763514739366984e-02 -2.453391036341054654e-01
-2.518554656417463233e-01 -2.462140691132968517e-01 -1.300100341394486714e+00 -3.416636122165369049e-01
1.770536747461869398e-01 2.293749243847788555e-01 -4.551954040271610769e-02 1.009116600688838294e-01
-1.923361885969689933e-01 8.053503493949311365e-02 4.071104787917438905e-01 1.285919344964397970e-02
1.522321163234774399e+00 6.771593078034064683e-03 1.385195605933862151e+00 6.631702553537941469e-01
-5.730507846837513686e-01 -1.099382668859240630e-01 -6.133807014615956232e-01 5.512072638861106877e-02
1.342022625345283549e-02 -3.837908452062282344e-02 -5.948076675531460689e-02 6.818535042232447274e-03
-1.967960823800062597e-01 4.697443378559873484e-03 4.831970362304912614e-01 1.269383319290487422e-01
2.015507426747124575e-01 -1.638495227232336302e-02 -2.008396581879791087e-01 2.194882875070219841e-02
-2.581938637423675242e-03 4.137293056732592456e-02 6.307975752817579496e-03 -1.030060075894626698e-03
-2.995021342176084622e-01 -8.850327779536559802e-02 -3.383735218370671483e-01 -8.588050773682896766e-02
3.474339691974330513e-02 -3.113378771646643783e-02 -1.941394038761017071e-01 -9.537000594680752896e-03
4.859419920947389837e-01 3.380852362641981190e-01 1.730305495066665200e-01 4.436672257089443461e-01
-1.484856411784239716e-02 -4.353943398123052977e-02 -1.421909000182522975e-01 1.926324522838901779e-02
3.197533862565167528e-02 1.381958556595901458e-02 -3.139768948517085434e-02 -2.327667967127522788e-02
9.173702771509691101e-02 -1.764191624707854567e-01 -2.897538914122514964e-01 -2.726563145545259914e-01
1.311917348865334898e-01 9.679256157600241162e-02 4.197005259877072403e-01 1.119594311054746133e-01
-5.414099140421760326e-02 -6.041238727765801259e-02 2.975389433607200651e-03 -7.275283062622948937e-03
5.514499822136589152e-02 -3.349425864941506931e-02 -1.086622297495316580e-01 5.651919944711279731e-03
-1.429065085297444471e+00 -4.099561861178229738e-01 -1.621824660782908101e+00 -9.724962282074020026e-01
1.735821202453968204e-01 -1.259362086583359075e-01 7.884662853977414398e-02 -2.950769443162769567e-01
-3.415943130207758222e-02 7.438870179007770617e-03 1.068578175821063847e-02 -2.770768939923688029e-02
1.032991963545435710e-01 -3.712562708686703572e-02 -2.728364612587085292e-01 -7.035512543378955042e-02
-8.723740324153450576e-02 3.370026631247022286e-02 9.844630552905464516e-02 -2.374860249601644380e-02
-7.992111197371876141e-01 -3.163948079679148040e-01 -1.944856780624097059e+00 -2.895516887061611033e-01
-1.713152358681557796e-01 -1.559092213134066207e-01 -5.663403029453659698e-01 -3.104620210502058719e-01
-1.485834309608022319e-01 1.260794845475924145e-02 -4.741882621904175421e-02 -1.199162081725200779e-01
-2.569786324955941614e-02 -5.023670310135839451e-02 -2.779120181375324128e-01 -1.284664228613755996e-02
-1.338480139955013082e-02 2.379951538630917240e-02 -2.411368352918409619e-02 1.061030815506619485e-02
-1.680677457207870040e-02 8.754746862897703694e-03 1.320943587436100575e-01 -2.953506812892982281e-02
-3.929711670647752925e-02 -2.853521913219092890e-02 4.737405103221338509e-02 6.665717291666923075e-03
1.856286703404441685e-02 8.564398930343617225e-03 2.923976632252654057e-02 1.126228188327664352e-02
