1.648589750821161104e-04 4.153291600054453969e-04 6.384491357200872130e-04 -2.319074407788335179e-04
-4.817493031031622186e-02 -4.859713632259210492e-02 -5.118430989112265905e-02 -4.838633340814646466e-02
-4.816875801064997992e-02 -4.806018038227527489e-02 -4.754049198508880636e-02 -4.821345578271829524e-02
-3.210486567841979166e-01 -3.211107153026977468e-01 -3.201790839174725178e-01 -3.199148256060200257e-01
1.677835972112795559e-03 1.562317744417840437e-03 8.263269752379009958e-03 1.715114548604235178e-03
1.754621780970910816e-03 1.809814103820583941e-03 2.432511190256114730e-03 1.761078148802219800e-03
-3.037519676147470982e-02 -2.828967183519059958e-02 -1.985018311704322969e-02 -2.896316624784422977e-02
2.991777929185190921e-02 2.946411101656698506e-02 2.843569474692664301e-02 3.027838977120866915e-02
3.460910648253046062e-03 3.715098963604668292e-03 4.733964317289895973e-03 3.344572654657596011e-03
6.553962521369527394e-04 2.983568446390805207e-04 -5.757875494900588365e-04 -6.849365051302402918e-04
-1.259950876824911248e-02 -1.587520868939695795e-02 -2.496519045613432297e-02 -1.506265816709462246e-02
-1.169635277850999966e-02 -1.106828845436957920e-02 -1.041640393649112539e-02 -1.239973873403810156e-02
9.044343150517164531e-04 6.159358153081662124e-04 -1.270474351047568007e-02 1.156368717276867741e-03
8.109894639107828596e-05 -5.369896210986047080e-04 -2.140092138742666350e-03 5.728819697498610530e-04
-1.520494322232918138e-03 -1.674523425773344343e-03 -2.559427707542027974e-03 -1.539179796560929958e-03
4.092231346086716570e-05 7.256974873763866185e-04 -1.308425471416629904e-03 1.512525914679763162e-04
3.581506511056709030e-04 2.343432290663471917e-04 -5.594673663020799381e-04 5.756636392102443267e-04
4.117031301260620779e-04 4.955868469935786891e-04 3.508052631042701819e-04 5.629637447180368959e-04
1.004291528369505304e-04 9.907652690555046604e-05 4.736431921426031977e-05 1.788989498678894563e-04
-1.310831270288304040e-03 -1.005915840302407105e-03 -7.714459088683511823e-04 -6.161039615270036407e-04
-2.532265483002671402e-03 -5.460893236870489886e-04 3.520858991844733055e-03 -9.633420843883078177e-04
2.702381967828182407e-03 2.347494957962048545e-03 2.215151516113511576e-03 3.210603027544833843e-03
1.352440919132558150e-03 1.775349828629924076e-03 1.017983840886582669e-02 8.346679906163778639e-04
4.866982561484434200e-04 6.429534010488624496e-04 1.037797185419186974e-03 5.194571931814717658e-04
-3.917400767924350546e-04 6.186991620393822444e-05 9.232289043450414567e-04 -9.111119402852585480e-04
6.371414237510419909e-05 -8.533357952518194622e-04 1.182401813199618346e-03 -3.613640214650271076e-04
2.947914915378824219e-04 5.776560994004698024e-04 1.199079427038896029e-03 -3.992717586753791181e-04
-1.836618323759475757e-04 -2.463845423505972576e-04 -1.331626550173936607e-04 -5.172409367274477532e-04
-1.142159137318410345e-04 -1.486226991849193269e-04 -6.426296958572663698e-06 -2.130622865774700614e-04
-6.543643178424929374e-06 2.330501435929832610e-04 4.529952513738777498e-04 -5.312595317041868270e-05
2.142929619908251482e-05 2.381296915013320081e-04 3.010618603571657559e-05 1.946044842093819227e-04
7.013429668178972065e-05 1.179579801068308953e-04 2.662951904386368085e-04 3.109098759592754391e-04
6.286916525155561430e-07 9.828839707326508801e-05 5.120984484241475343e-05 1.443389237459902219e-05
1.460964859456570508e-05 -7.664176733035432676e-06 -1.462059718726482771e-04 -2.170219224861824614e-05
-1.192859114180211400e-04 -1.882748486728286208e-04 -1.998241008963064225e-04 -2.500505087457971509e-04
-1.127438903644917279e-03 -1.532436791101321472e-03 -2.185495643741319771e-03 -1.453182332193422854e-03
-2.751957955686584745e-04 -2.047568975828001347e-04 -2.056397877169269250e-04 -3.981596499243074405e-04
-5.097853313079936388e-04 -6.096985580587577225e-04 -2.318010002882342491e-03 -2.876207679385345273e-04
7.815550574100105230e-05 -2.588675540304841149e-05 -1.883390988982602821e-04 2.331108966645567548e-04
-5.619351176736064879e-05 -9.850959007259851852e-05 -1.548688814987375650e-04 -6.947895828668393392e-05
1.699017853687978530e-04 5.045503149521124442e-04 -2.861989084479432677e-05 3.598048952648258414e-04
-3.371359336146184660e-06 -1.153411273142612714e-04 -2.418272693510692406e-04 3.142769812789492079e-04
2.062052691081950329e-05 1.850964480332173423e-05 9.306298218270114830e-06 1.660537937398232078e-04
3.304198376846700924e-05 4.059970978023685895e-05 -6.174826320481940911e-06 7.134249242113366307e-05
-6.155974144439468887e-06 -2.024109600404777609e-04 -2.522737471564173717e-04 -5.388316422605399225e-06
7.351350216655561098e-05 -8.183292720087553818e-05 9.966331052632670939e-05 -4.160426771537828472e-06
4.053536352299769163e-06 -5.247773473482375550e-05 -1.123761172678872100e-04 -1.484846424848473845e-04
-3.774954508983796586e-06 -4.994838823291214425e-05 -1.993231486263624674e-05 8.751706146448157142e-07
-6.147867528963346651e-06 -1.867142396452803332e-05 6.610647529481372686e-05 1.662649808775729099e-05
5.265702770707036962e-06 -1.273340609391215850e-04 1.058238641526154655e-04 1.490286111393013257e-04
3.427014056045507573e-05 -2.905742194023175351e-05 1.671598426514764313e-04 1.907025628150593732e-04
4.929111481677406204e-05 8.965591057619182180e-06 1.872570299282783068e-05 3.518782469641434929e-05
-2.225096909524992839e-05 -4.133850993370824511e-05 -1.857038567282254249e-05 1.190068245315867301e-05
1.080791879037867886e-05 6.151649349228627273e-05 1.706109163279734275e-05 -7.442271152513502130e-06
5.184894158016817300e-06 4.755443151094329579e-05 1.369999419215117697e-05 -2.739061364614991945e-05
9.140762603983161316e-01 9.140093572459107030e-01 9.134419671097123716e-01 9.141145836911054312e-01
4.276829630816474100e-06 5.771086501578664696e-06 8.823727188562370430e-06 4.385352576234970643e-06
