2.986244972424376254e+00 -1.044488785491746174e-01 -7.838101790595060347e-02 0.000000000000000000e+00
1.298050957199381239e+00 1.102832053730249673e-01 6.193941826941573581e-01 0.000000000000000000e+00
-1.423147598093276400e+00 1.011795700368282702e+00 1.441398402497321873e+00 0.000000000000000000e+00
-3.515378011439068695e-01 5.735624586733695240e-01 6.394156342138029858e-01 0.000000000000000000e+00
2.824527914749135338e-01 1.730694192758850392e-01 5.913317414318438603e-01 0.000000000000000000e+00
4.969466718590940246e-01 1.572130466128334625e+00 -5.562846485785704065e-01 0.000000000000000000e+00
2.453180123824568071e+00 -9.254523508429006451e-02 6.646054872864343155e-02 0.000000000000000000e+00
-7.630170283907455886e-01 -1.097790971314984487e+00 4.254908683767973376e-01 0.000000000000000000e+00
-1.935295043585008312e-01 3.143041939900039633e-02 4.293544860476451036e-02 0.000000000000000000e+00
-5.192232332521085070e-01 6.680568702364009237e-01 -5.779422364063696582e-01 0.000000000000000000e+00
-3.849567091586339473e-02 1.230131760303833088e-01 3.951692016758452941e-01 0.000000000000000000e+00
-4.300392019453270209e-01 -9.194817934271430904e-01 6.056056028949034775e-02 0.000000000000000000e+00
9.828698131836036134e-02 -2.342998558431966249e-01 -1.079597794954511442e-01 0.000000000000000000e+00
-1.246307163831500642e+00 2.985144473082937955e-01 -5.723229287289930411e-01 0.000000000000000000e+00
-1.298343803824137943e+00 1.071660593301739572e+00 -4.815394899187022126e-01 0.000000000000000000e+00
4.335723872909760246e-01 2.815680627439914874e-01 3.560760976354928609e-01 0.000000000000000000e+00
-2.489426904248337458e+00 9.436232938134491155e-01 -4.782026769637367503e-01 0.000000000000000000e+00
1.677846544349306523e-01 -1.675237650039962389e+00 -1.276365261205868240e+00 0.000000000000000000e+00
-6.860151179394642362e-01 5.144088701560583371e-02 1.383292657534179515e+00 0.000000000000000000e+00
-6.584305586695815560e-01 1.072334502555331720e-01 8.758948459120866614e-01 0.000000000000000000e+00
-5.264751440670954047e-02 6.036240503391112483e-02 1.608071007595485991e-01 0.000000000000000000e+00
-1.980768593683286116e-01 -4.180069878248004467e-01 -8.973161175607843876e-02 0.000000000000000000e+00
1.790635198782593029e-01 -7.188691815336316349e-02 5.530848760260007393e-03 0.000000000000000000e+00
-1.073953500422488938e+00 -1.709720821071462615e-01 -5.501556697635003879e-01 0.000000000000000000e+00
-3.080610992861950725e-01 1.171626619782818735e-01 4.528215853434328086e-02 0.000000000000000000e+00
-5.537028084372435099e-01 -7.355069563528215948e-02 -3.202720636901949525e-01 0.000000000000000000e+00
-1.372071920476035656e+00 -1.117569600006678376e+00 -1.242438942360089449e+00 0.000000000000000000e+00
-7.813374073694837607e-01 -8.599453649924226895e-01 -9.242817415746860110e-01 0.000000000000000000e+00
-4.763277851782010686e-01 -4.947227323598079041e-01 -3.475313746166369677e-01 0.000000000000000000e+00
-6.678435733626646442e-01 -8.281127689424626348e-02 -1.812300936349558744e-01 0.000000000000000000e+00
-1.969851681958104006e+00 1.508784741340676749e+00 -2.384719417804183728e+00 0.000000000000000000e+00
4.599552704333954023e-01 -2.875630963902798820e-01 -1.596176828098326617e+00 0.000000000000000000e+00
-1.213987835642229340e+00 1.452561131630886404e+00 2.091701361744544019e-01 0.000000000000000000e+00
-5.167304829271707201e-01 -7.465827378861370489e-01 -4.366899094073125598e-01 0.000000000000000000e+00
2.060338820115322989e+00 9.756904296627734452e-02 6.759625375908701050e-01 0.000000000000000000e+00
5.813165436939517206e-02 3.457973719795340989e-03 -7.032234418295646439e-02 0.000000000000000000e+00
-3.468036135622717953e-02 9.598223400397223881e-02 -1.653796787208086649e-01 0.000000000000000000e+00
1.965900911213872004e-01 1.920279138977987188e-01 2.149680495762677501e-01 0.000000000000000000e+00
-6.717867598085247582e-01 -4.050535359709254157e-01 -5.410599944201053280e-01 0.000000000000000000e+00
2.813818990220192662e-01 -5.702162864721023183e-01 4.559335392272339908e-03 0.000000000000000000e+00
-3.255666987510299482e-01 -8.710252136325728756e-02 -2.773309280266760823e-01 0.000000000000000000e+00
-6.880396167967026688e-01 -5.262191024900101377e-01 -1.084211907713930056e+00 0.000000000000000000e+00
-1.309889833099864065e+00 -3.243414922923772842e-02 -5.557890469804271927e-01 0.000000000000000000e+00
-2.971412363678260782e-01 1.376565661319044120e-01 -1.243658070797355464e+00 0.000000000000000000e+00
-5.209213299111370432e-01 -5.709220575626904048e-02 -5.710537690825143731e-01 0.000000000000000000e+00
-1.323411779821497491e+00 -3.443030895583225059e-01 -2.256878106666857065e+00 0.000000000000000000e+00
-2.435562777095240210e-03 1.795784318664370993e-01 -1.483920672248402406e+00 0.000000000000000000e+00
-1.718352828198956406e+00 4.141773318882859267e-01 -4.102528087036516613e-01 0.000000000000000000e+00
-9.571238636206379491e-01 -7.891318152433123290e-01 -3.722261412656408530e-01 0.000000000000000000e+00
7.089059266387155722e-02 3.070304027497748889e-01 7.023752635793661936e-01 0.000000000000000000e+00
-2.922531684049068712e+00 -6.007619420409303357e-02 -1.872055543996224536e+00 0.000000000000000000e+00
1.611326529401839514e+00 -3.056334633568199344e+00 -1.646342853672555784e-01 0.000000000000000000e+00
-1.190648246915694264e+00 -5.984225133773178884e-01 -2.406250117677250777e-01 0.000000000000000000e+00
-2.604428661870805128e-01 -1.887564114637826806e+00 -1.037669303226675721e+00 0.000000000000000000e+00
-1.031688784135062903e-01 5.648291619525560581e-01 1.262386630597368553e+00 0.000000000000000000e+00
-4.972389140498880700e-01 -1.411021467096588711e-01 7.772482283892299115e-01 0.000000000000000000e+00
