6.036821992255974045e-01 -9.403389226680050061e-01 -2.775518712662693677e+00 0.000000000000000000e+00
8.140017099883120610e-02 -6.798365090122521215e-01 -8.267758195289219847e-01 0.000000000000000000e+00
-3.820064853257821191e+00 -9.038733174167100648e-01 -1.161053512727006964e+00 0.000000000000000000e+00
-8.273842824755951453e-01 3.961127363756794528e-01 -2.592542593768879522e-01 0.000000000000000000e+00
-3.932416170699670199e-01 -3.517850513940867230e-01 -3.176600118678763601e-02 0.000000000000000000e+00
-2.000545212782219376e-02 1.125301789952279696e+00 -1.776852567965113261e+00 0.000000000000000000e+00
5.402912030994279080e-01 -8.165096456584780560e-01 -1.537244971328532772e+00 0.000000000000000000e+00
-2.146891825021802980e+00 -6.503487595757230944e-04 -1.905589423596759091e-01 0.000000000000000000e+00
-1.096850661325591725e+00 -3.103373451942219030e-01 -4.919101861536521736e-01 0.000000000000000000e+00
-1.621883321817550128e+00 4.180048885693940619e+00 7.877588720157437940e-01 0.000000000000000000e+00
-3.136078578542796369e-01 -1.090920677258367250e-01 1.804056815938427372e-01 0.000000000000000000e+00
-6.705169988229299216e-01 -5.461395637637683764e-01 1.348540764290303284e-01 0.000000000000000000e+00
2.920086502826033659e-01 -2.639072808122606625e-02 -3.660819215862191056e-01 0.000000000000000000e+00
-2.208941607957892739e+00 4.460120726849825523e-01 3.383716386170422807e-01 0.000000000000000000e+00
7.234577268705767450e-01 -7.013302467335430501e-01 -1.679686831362720567e-01 0.000000000000000000e+00
1.303754280506777053e-04 -3.434535179818535289e-01 1.494261361503869956e-01 0.000000000000000000e+00
-3.900300686776409620e+00 2.799969974632902314e+00 3.185969688407409017e-01 0.000000000000000000e+00
-2.333442297404898724e+00 -2.647540442148389683e+00 -8.096727145021916927e-01 0.000000000000000000e+00
-3.115604942035368641e+00 -2.307221882963323090e+00 4.781973805162080815e-01 0.000000000000000000e+00
2.155948599304080004e-01 1.920983036027528179e-01 1.835634896822710971e-01 0.000000000000000000e+00
-6.288760615140825960e-02 4.488973007599493525e-02 1.610630576918550549e-01 0.000000000000000000e+00
4.642364214345102991e-02 -2.361374179478798463e-01 1.216267536424152362e-01 0.000000000000000000e+00
4.365123003553285641e-01 1.934676020723102019e-01 -3.949482793565096267e-02 0.000000000000000000e+00
-1.916461249935478950e+00 1.549631185985448356e-01 6.751031264300245693e-01 0.000000000000000000e+00
-2.745518074696490229e-01 -2.490920045576512296e-02 3.365012227482567786e-01 0.000000000000000000e+00
2.061200310894878707e-01 -4.258167019108791695e-01 -2.472628501953459124e-01 0.000000000000000000e+00
-2.397958216268841980e+00 -8.380255427811955649e-01 1.682394286354804480e+00 0.000000000000000000e+00
-1.414572394088996488e+00 -2.952435853449248082e+00 -1.565210671859976088e+00 0.000000000000000000e+00
-5.019841139096329341e-01 -3.596371740186387611e-01 -7.371973539429985123e-02 0.000000000000000000e+00
-2.522337167162070903e-01 -2.339048441318958560e-01 9.624827605742876380e-02 0.000000000000000000e+00
9.506929587279978611e-01 1.321041028617214286e+00 -3.905055453109635422e-01 0.000000000000000000e+00
1.996808055128307835e+00 -1.319661895846707234e+00 2.037343624813580778e+00 0.000000000000000000e+00
-1.008747259495242909e+00 3.570985748948040661e-01 8.734933324755375095e-01 0.000000000000000000e+00
-1.760471720370407223e+00 2.413070921847879191e+00 1.247273651459440025e+00 0.000000000000000000e+00
1.238148129142205622e+00 3.836695396270858871e-01 -1.440890802331687759e+00 0.000000000000000000e+00
1.978442540673975292e-01 1.086382954297569203e-01 7.140068559467599441e-02 0.000000000000000000e+00
1.836957571493631203e-01 4.352491898190811725e-01 -5.974311811227028118e-02 0.000000000000000000e+00
5.540791565362659932e-02 2.979059132051824488e-01 3.746682215491327073e-01 0.000000000000000000e+00
-1.394453178491322998e+00 3.840385885028040902e-01 3.834859408697552929e-01 0.000000000000000000e+00
-2.184287579651195688e-01 1.056729129234093567e-01 -3.040093663514434885e-01 0.000000000000000000e+00
-2.077231258391644755e-02 2.095973221300989897e-01 5.731626659822132430e-02 0.000000000000000000e+00
-1.660616611799198061e+00 -1.729706967035623100e+00 2.300506621420439046e+00 0.000000000000000000e+00
-4.927277988656844077e-01 -2.015873443849218738e+00 -1.371933512526512855e+00 0.000000000000000000e+00
1.005999659240343957e+00 8.260526301673952743e-01 -1.058101822182945906e+00 0.000000000000000000e+00
5.315577629845924523e-01 -1.824155283012890774e-02 1.155814870441514985e-01 0.000000000000000000e+00
-1.020052619163307694e+00 -5.370211862547530357e-01 1.743926393932293095e+00 0.000000000000000000e+00
1.111138723119751370e+00 -2.373722051296356383e+00 2.300450873264640261e+00 0.000000000000000000e+00
-1.845192962099529987e+00 1.206110735978220827e+00 1.329172857780034578e+00 0.000000000000000000e+00
6.046392947485207392e-01 -1.916692105759106202e+00 9.887599566926992267e-01 0.000000000000000000e+00
5.809081327702956266e-01 5.776485937873157006e-01 -3.963989053001077956e-01 0.000000000000000000e+00
-2.791190673576529502e+00 3.483718687448448481e+00 -1.544777697364964508e+00 0.000000000000000000e+00
-2.277314199195294986e-01 -2.374506914399960422e+00 -1.956931636765535831e+00 0.000000000000000000e+00
-2.179926623535535235e+00 -1.254559646483358604e+00 1.916224631989463578e+00 0.000000000000000000e+00
-7.921309251141176455e-01 -1.135702318786726783e+00 7.920513489311122868e-01 0.000000000000000000e+00
-2.427509142661842034e+00 -1.612087589758778305e+00 1.764164367288090507e-01 0.000000000000000000e+00
-1.147992630070140629e+00 2.658771891098929072e-02 1.675310737548284745e+00 0.000000000000000000e+00
