-3.850818335608341969e-01 2.476704083270567569e+00 3.155540509370615698e+00 0.000000000000000000e+00
-5.678750269333029399e-01 -3.407830407298068076e-02 2.848999554956778368e+00 0.000000000000000000e+00
-2.531268122685371935e+00 3.312514503741167182e+00 -1.378025172903915463e+00 0.000000000000000000e+00
-3.587457018422153254e-01 3.447150943116717436e-01 -2.770221697568647778e-01 0.000000000000000000e+00
-1.721990892041779520e-01 2.844840421902657956e-01 7.752511506913530859e-01 0.000000000000000000e+00
3.179143843644580691e+00 1.869125935713009390e-01 -2.896910864852830336e+00 0.000000000000000000e+00
5.430752570603051277e-01 1.041372599590594472e+00 9.485413780349548629e-01 0.000000000000000000e+00
1.691725674019951109e+00 1.700938644973094549e+00 -1.217970045367002818e+00 0.000000000000000000e+00
5.660032442206587300e-01 8.401843144165878075e-01 -1.199075335484605320e+00 0.000000000000000000e+00
3.038006037068810006e+00 1.415484802456946634e+00 -3.656617534439059014e+00 0.000000000000000000e+00
4.535662481160333825e-02 1.143921204538932840e-01 -6.743147444880014107e-02 0.000000000000000000e+00
1.636704314979216202e+00 8.529778946860453459e-01 -1.006505577205518254e+00 0.000000000000000000e+00
5.822461410371194690e-01 -9.008025825258182684e-02 -2.744920889946641518e-01 0.000000000000000000e+00
1.184082599458933238e+00 -1.128361615524524630e+00 -1.914508195957459691e+00 0.000000000000000000e+00
6.487411396944159359e-01 4.942417052883631423e-01 -2.283807825967382410e+00 0.000000000000000000e+00
3.527088790909864158e-01 -7.196894618111635555e-01 3.503207402034865803e-01 0.000000000000000000e+00
-3.315291069235069443e+00 2.510473840705804260e+00 4.554553417517257508e-01 0.000000000000000000e+00
-1.261089981099068336e+00 -1.515520372766631985e+00 1.203809645734331912e+00 0.000000000000000000e+00
1.075952647065554268e+00 1.272331836910518321e+00 -4.039771948940543145e-01 0.000000000000000000e+00
6.739288618217817994e-01 5.038795123648224239e-01 -1.816826447665517014e-02 0.000000000000000000e+00
4.388198110462876445e-02 -6.753612235692164900e-02 -2.422584883137504363e-01 0.000000000000000000e+00
6.602211631376198042e-01 2.278720865468254475e-01 -3.747888001509720457e-01 0.000000000000000000e+00
1.171337712756181509e-01 -3.151560174610810727e-01 2.390832805061219590e-01 0.000000000000000000e+00
3.945117577826414701e-01 -1.204460749169466993e+00 -1.519469873017881723e+00 0.000000000000000000e+00
2.254752139246165091e-02 6.224635701134888927e-03 -4.267220453263619873e-01 0.000000000000000000e+00
-7.409663406232558369e-01 -6.018426510340151546e-03 2.698825117806897406e-02 0.000000000000000000e+00
3.143427835478364574e-01 4.725605280712737166e-02 -9.270262822679509185e-02 0.000000000000000000e+00
-3.261775224161080899e-01 1.228631132106678070e+00 -1.604949915110479797e+00 0.000000000000000000e+00
1.561084439363302545e+00 -3.872181252404501839e-01 5.604022682448730475e-01 0.000000000000000000e+00
6.834184871960368168e-01 2.024460207355909258e-01 -2.855085279446352153e-01 0.000000000000000000e+00
2.513621428309125605e+00 -9.498732709907874439e-01 -3.886907324199428082e+00 0.000000000000000000e+00
-6.899981366266421112e-01 -3.982282305576608117e+00 -3.465826524462364278e-01 0.000000000000000000e+00
1.267149412399434016e+00 -2.619990760410126907e+00 -2.480957001588004474e+00 0.000000000000000000e+00
1.718172911576481887e+00 -1.211462179554087859e+00 -3.071011039136059662e+00 0.000000000000000000e+00
6.006620612909061713e-02 6.971648712618692123e-01 -2.465817725723383480e-01 0.000000000000000000e+00
-1.014408723639159543e-01 -9.419087356224797869e-02 -1.526134235672209349e-01 0.000000000000000000e+00
-7.060423450526865929e-01 -1.344961657552604661e-01 4.148719404406232547e-01 0.000000000000000000e+00
-2.012875906258057845e-01 -3.728764086040951570e-03 1.277564453851776083e-01 0.000000000000000000e+00
2.124400453428963720e-02 -1.150881886308250390e+00 -2.280417484812247431e-01 0.000000000000000000e+00
3.312925386487972634e-01 -4.630103999914298440e-01 1.100162716593785506e+00 0.000000000000000000e+00
-1.476590139831889525e-01 2.636632386412401940e-01 6.978299898905537813e-02 0.000000000000000000e+00
5.149274938433161530e-01 -9.853620688497226610e-01 1.796122357659346302e-01 0.000000000000000000e+00
-1.240425376699920840e-01 2.016503827321149078e+00 7.367804479981949761e-01 0.000000000000000000e+00
-5.121667668600673462e-01 -1.076859526233161501e-01 5.795139005203950866e-01 0.000000000000000000e+00
-5.998304729795387452e-02 2.536879145371608302e-01 4.834158051910824594e-01 0.000000000000000000e+00
-3.030837377724400761e-01 -2.118237275317730539e+00 -2.939820184199555264e+00 0.000000000000000000e+00
-3.505673134585338691e+00 -1.603354895330257046e-01 -1.060065891665729065e-01 0.000000000000000000e+00
-1.680775380781853956e+00 -1.594923731922150090e+00 -2.834708172509529250e-02 0.000000000000000000e+00
-2.008054896304455106e+00 -1.302712032608056347e+00 -8.674855990117008586e-02 0.000000000000000000e+00
-2.285480444373131914e-01 -4.522482872017880573e-01 1.696840196826531755e-01 0.000000000000000000e+00
-3.333948641365914956e+00 2.498148338367761623e-01 1.272261360568571975e+00 0.000000000000000000e+00
-6.265824859792471502e-01 -3.886291047784231178e+00 -2.394513258123442956e-02 0.000000000000000000e+00
-1.028212374412805108e+00 -8.636096144033409416e-01 2.126189049494199512e+00 0.000000000000000000e+00
-7.521346498238684619e-01 -2.090678168542228210e+00 1.599893086262168307e+00 0.000000000000000000e+00
1.176487734185408085e+00 1.576361760257029676e+00 1.227854466961639579e+00 0.000000000000000000e+00
4.764372042415671027e-01 8.503802113766996129e-01 -1.338289748587196126e-01 0.000000000000000000e+00
