-1.518662216225232120e+00 1.529694052240862190e+00 -1.862008097960933251e+00 0.000000000000000000e+00
-1.378698986033192186e-01 1.363834394682905682e-01 -6.527495046675445556e-01 0.000000000000000000e+00
2.209722612746689574e-01 -7.564581910082452954e-01 8.603049221415766112e-01 0.000000000000000000e+00
7.887936877071410890e-01 2.402583321303347064e-01 6.125183034517052427e-02 0.000000000000000000e+00
2.478505321108975812e-01 -1.332712578044520368e-01 2.108090145700096743e-02 0.000000000000000000e+00
-7.739904599410371011e-01 4.709771826412804119e-01 -8.940429594287542248e-01 0.000000000000000000e+00
-1.207422970131752038e+00 1.123145136235216279e+00 -9.520723910042995231e-01 0.000000000000000000e+00
3.455498974707791882e-01 -7.233057403224575355e-01 8.462842684346713051e-01 0.000000000000000000e+00
2.224204509049736433e-01 2.579409131965891833e-01 6.190909981746045565e-01 0.000000000000000000e+00
7.008852186103445847e-01 6.948433014010180209e-02 5.450714386157350100e-02 0.000000000000000000e+00
2.439841257517336437e-01 -1.157276321223773830e-01 1.225438000203146333e-01 0.000000000000000000e+00
2.329769386625561156e-01 -4.489946701195313694e-01 6.286376621403872988e-01 0.000000000000000000e+00
3.354087545989090785e-02 8.909135540918949880e-02 3.746437203282978468e-01 0.000000000000000000e+00
3.806787035421053123e-01 -7.408356010402307179e-01 4.539297381532297337e-01 0.000000000000000000e+00
-4.476678095157819448e-01 3.162152994153598629e-01 6.083830226090540805e-01 0.000000000000000000e+00
1.460531691054055975e-02 -2.040057966189212646e-01 1.747367357096186666e-02 0.000000000000000000e+00
-3.050196891155635415e-01 -1.056680637846901583e+00 -9.131167470340438574e-02 0.000000000000000000e+00
3.114622343048666364e-01 -4.422965333575116786e-01 2.797757761425672118e-01 0.000000000000000000e+00
-2.348532618769226532e-01 -9.651185979873311283e-02 3.114710161953398448e-01 0.000000000000000000e+00
6.235164796679840693e-01 3.990062060789246745e-01 3.369148551676895975e-01 0.000000000000000000e+00
1.040199361519289489e-01 -4.314162078917055387e-02 5.509053836497038864e-02 0.000000000000000000e+00
8.134536058770240607e-02 -8.623653367637797162e-02 2.342262475466671823e-01 0.000000000000000000e+00
-2.331493424707900552e-02 -7.185838246481796726e-03 9.086766239600350958e-02 0.000000000000000000e+00
2.611078840113965072e-01 -2.645423810368535134e-01 5.044261215938034004e-01 0.000000000000000000e+00
1.876637767551202485e-01 -2.515226236021693151e-01 2.805339668821390520e-01 0.000000000000000000e+00
-4.456036996817427931e-01 -8.007224688889508224e-02 9.105538978950870888e-02 0.000000000000000000e+00
-3.499550097063005571e-01 1.696446633649469626e-01 -2.165865436341387618e-01 0.000000000000000000e+00
-5.663670988109711368e-01 7.609107317977135965e-02 6.908367019299897771e-02 0.000000000000000000e+00
-9.986989883174533789e-02 1.993566077833870409e-01 -1.798686045849827164e-01 0.000000000000000000e+00
1.798230933130705311e-01 4.785322395947602669e-01 3.242179799333415047e-01 0.000000000000000000e+00
-2.628463091472372226e-01 -1.046401294175621555e+00 -7.416939148475236721e-01 0.000000000000000000e+00
1.339561302188142289e+00 2.449403120210369156e-01 9.106208079270883271e-01 0.000000000000000000e+00
4.848861980456242171e-01 -4.532649833789527682e-01 6.522213044551827821e-01 0.000000000000000000e+00
1.181052494382696771e+00 5.474861590014412638e-01 1.239311692856494673e+00 0.000000000000000000e+00
-7.055380081979900631e-01 6.616149031399282121e-01 -8.259425376228816118e-01 0.000000000000000000e+00
-7.403883993135174091e-02 2.269864768346517916e-02 -3.274877449505316646e-02 0.000000000000000000e+00
-6.456146256858062704e-02 1.784509088738186200e-01 -1.543741660836858154e-01 0.000000000000000000e+00
6.373169093826006569e-03 -2.772555950348932693e-02 -1.490193294616017350e-01 0.000000000000000000e+00
-1.416984538772775304e-01 3.362084517447339604e-01 1.766128005186037297e-01 0.000000000000000000e+00
-1.441479904574097248e-01 -3.369991612517947988e-01 -4.706588025546730170e-01 0.000000000000000000e+00
1.526425926381576835e-02 -4.073282987122770621e-02 2.293337389685560501e-01 0.000000000000000000e+00
-3.696353469304283212e-01 1.218557536011352083e+00 -5.519622954886992394e-01 0.000000000000000000e+00
-6.748568651760441517e-01 -4.232538295550936081e-01 -6.452953146916233784e-01 0.000000000000000000e+00
4.587139215413301579e-02 1.790334825726145607e-01 -5.718023240000237317e-01 0.000000000000000000e+00
-8.206954118109967278e-02 4.758620913592243595e-01 -1.151422339437386255e-01 0.000000000000000000e+00
3.977726845164162306e-01 -1.475843295690301371e+00 2.316913871356137966e-01 0.000000000000000000e+00
-2.910269713781302170e-01 1.115938423952631098e+00 3.610866540843679640e-01 0.000000000000000000e+00
9.884010715656883495e-01 -8.634862292091933789e-01 9.627655192214331636e-01 0.000000000000000000e+00
1.521139416147115897e+00 -2.040629918386448194e-01 1.258219892841004661e+00 0.000000000000000000e+00
5.347641483453037248e-01 -4.538425135529075005e-01 -3.867625789590082852e-01 0.000000000000000000e+00
2.169943220483990520e-01 -1.498920109566327818e+00 -4.000882963629238120e-01 0.000000000000000000e+00
1.074441989662490604e+00 -1.826368783744716673e+00 1.505811174888618709e+00 0.000000000000000000e+00
-6.291229354406421281e-01 8.223863001786392568e-02 2.165943479989121401e-01 0.000000000000000000e+00
5.736650468480112286e-01 -5.524412441979773547e-01 -5.294935155148857570e-02 0.000000000000000000e+00
2.079128540356924570e-01 -6.554070563568092922e-01 -6.424696587453179175e-01 0.000000000000000000e+00
5.756246083694447346e-01 4.605522747521840210e-01 5.747482984082159518e-01 0.000000000000000000e+00
