-2.000000000000000444e+00
-1.997991754042878876e+00
-1.995984516855241475e+00
-1.993978288437088020e+00
-1.991973068788418955e+00
-1.989968857909233613e+00
-1.987965655799531994e+00
-1.985963462459314544e+00
-1.983962277888581038e+00
-1.981962102087331479e+00
-1.979962935055565865e+00
-1.977964776793284196e+00
-1.975967627300487139e+00
-1.973971486577173584e+00
-1.971976354623343974e+00
-1.969982231438998310e+00
-1.967989117024136592e+00
-1.965997011378758819e+00
-1.964005914502865213e+00
-1.962015826396455997e+00
-1.960026747059530283e+00
-1.958038676492088515e+00
-1.956051614694130913e+00
-1.954065561665657036e+00
-1.952080517406667326e+00
-1.950096481917161340e+00
-1.948113455197139521e+00
-1.946131437246602314e+00
-1.944150428065548386e+00
-1.942170427653978626e+00
-1.940191436011892590e+00
-1.938213453139290721e+00
-1.936236479036172797e+00
-1.934260513702538820e+00
-1.932285557138389454e+00
-1.930311609343723589e+00
-1.928338670318541448e+00
-1.926366740062843474e+00
-1.924395818576629447e+00
-1.922425905859899364e+00
-1.920457001912653450e+00
-1.918489106734891259e+00
-1.916522220326613901e+00
-1.914556342687819823e+00
-1.912591473818509691e+00
-1.910627613718683504e+00
-1.908664762388341263e+00
-1.906702919827483189e+00
-1.904742086036109061e+00
-1.902782261014219323e+00
-1.900823444761813086e+00
-1.898865637278891016e+00
-1.896908838565452671e+00
-1.894953048621498493e+00
-1.892998267447028038e+00
-1.891044495042041751e+00
-1.889091731406539409e+00
-1.887139976540521902e+00
-1.885189230443987451e+00
-1.883239493116937169e+00
-1.881290764559370610e+00
-1.879343044771288218e+00
-1.877396333752689994e+00
-1.875450631503575494e+00
-1.873505938023945605e+00
-1.871562253313799218e+00
-1.869619577373136776e+00
-1.867677910201958280e+00
-1.865737251800263730e+00
-1.863797602168053125e+00
-1.861858961305326687e+00
-1.859921329212084640e+00
-1.857984705888326094e+00
-1.856049091334051493e+00
-1.854114485549260838e+00
-1.852180888533954350e+00
-1.850248300288131587e+00
-1.848316720811792990e+00
-1.846386150104938340e+00
-1.844456588167568301e+00
-1.842528034999681541e+00
-1.840600490601278949e+00
-1.838673954972360081e+00
-1.836748428112925380e+00
-1.834823910022974625e+00
-1.832900400702507815e+00
-1.830977900151525173e+00
-1.829056408370026920e+00
-1.827135925358011947e+00
-1.825216451115481142e+00
-1.823297985642434282e+00
-1.821380528938871590e+00
-1.819464081004792622e+00
-1.817548641840197599e+00
-1.815634211445087409e+00
-1.813720789819460499e+00
-1.811808376963317535e+00
-1.809896972876658516e+00
-1.807986577559483443e+00
-1.806077191011792538e+00
-1.804168813233585578e+00
-1.802261444224863007e+00
-1.800355083985623939e+00
-1.798449732515869037e+00
-1.796545389815597860e+00
-1.794642055884810850e+00
-1.792739730723507785e+00
-1.790838414331688666e+00
-1.788938106709353493e+00
-1.787038807856502931e+00
-1.785140517773135649e+00
-1.783243236459252534e+00
-1.781346963914853365e+00
-1.779451700139938142e+00
-1.777557445134506864e+00
-1.775664198898559532e+00
-1.773771961432096367e+00
-1.771880732735117592e+00
-1.769990512807622318e+00
-1.768101301649610990e+00
-1.766213099261083608e+00
-1.764325905642040393e+00
-1.762439720792480902e+00
-1.760554544712405578e+00
-1.758670377401814644e+00
-1.756787218860707211e+00
-1.754905069089083947e+00
-1.753023928086944405e+00
-1.751143795854289031e+00
-1.749264672391117603e+00
-1.747386557697429899e+00
-1.745509451773227028e+00
-1.743633354618507658e+00
-1.741758266233272012e+00
-1.739884186617520534e+00
-1.738011115771252779e+00
-1.736139053694469192e+00
-1.734268000387169772e+00
-1.732397955849354076e+00
-1.730528920081022992e+00
-1.728660893082175409e+00
-1.726793874852811772e+00
-1.724927865392932080e+00
-1.723062864702536334e+00
-1.721198872781624534e+00
-1.719335889630196901e+00
-1.717473915248253657e+00
-1.715612949635793916e+00
-1.713752992792818119e+00
-1.711894044719326269e+00
-1.710036105415318586e+00
-1.708179174880794626e+00
-1.706323253115754834e+00
-1.704468340120198988e+00
-1.702614435894127753e+00
-1.700761540437539798e+00
-1.698909653750436011e+00
-1.697058775832815947e+00
-1.695208906684680050e+00
-1.693360046306028099e+00
-1.691512194696860094e+00
-1.689665351857176701e+00
-1.687819517786976808e+00
-1.685974692486260640e+00
-1.684130875955028639e+00
-1.682288068193280584e+00
-1.680446269201016474e+00
-1.678605478978236532e+00
-1.676765697524940979e+00
-1.674926924841128706e+00
-1.673089160926800600e+00
-1.671252405781956440e+00
-1.669416659406596448e+00
-1.667581921800720179e+00
-1.665748192964328078e+00
-1.663915472897419701e+00
-1.662083761599996157e+00
-1.660253059072055892e+00
-1.658423365313599573e+00
-1.656594680324627422e+00
-1.654767004105138994e+00
-1.652940336655134734e+00
-1.651114677974614420e+00
-1.649290028063578051e+00
-1.647466386922026294e+00
-1.645643754549958038e+00
-1.643822130947373505e+00
-1.642001516114273141e+00
-1.640181910050656722e+00
-1.638363312756524248e+00
-1.636545724231875942e+00
-1.634729144476712026e+00
-1.632913573491031389e+00
-1.631099011274834920e+00
-1.629285457828122397e+00
-1.627472913150894041e+00
-1.625661377243149408e+00
-1.623850850104888943e+00
-1.622041331736112868e+00
-1.620232822136820294e+00
-1.618425321307011666e+00
-1.616618829246686984e+00
-1.614813345955846469e+00
-1.613008871434489677e+00
-1.611205405682617053e+00
-1.609402948700228375e+00
-1.607601500487323642e+00
-1.605801061043903522e+00
-1.604001630369966680e+00
-1.602203208465514006e+00
-1.600405795330545278e+00
-1.598609390965060495e+00
-1.596813995369059658e+00
-1.595019608542542766e+00
-1.593226230485510486e+00
-1.591433861197961708e+00
-1.589642500679896875e+00
-1.587852148931315988e+00
-1.586062805952219046e+00
-1.584274471742606050e+00
-1.582487146302477221e+00
-1.580700829631832782e+00
-1.578915521730671845e+00
-1.577131222598994853e+00
-1.575347932236802029e+00
-1.573565650644092928e+00
-1.571784377820867995e+00
-1.570004113767126785e+00
-1.568224858482870410e+00
-1.566446611968097313e+00
-1.564669374222808163e+00
-1.562893145247003179e+00
-1.561117925040681920e+00
-1.559343713603844828e+00
-1.557570510936491681e+00
-1.555798317038623146e+00
-1.554027131910237891e+00
-1.552256955551336803e+00
-1.550487787961919439e+00
-1.548719629141986243e+00
-1.546952479091536992e+00
-1.545186337810571686e+00
-1.543421205299090548e+00
-1.541657081557093134e+00
-1.539893966584580332e+00
-1.538131860381551030e+00
-1.536370762948005675e+00
-1.534610674283944487e+00
-1.532851594389367023e+00
-1.531093523264273726e+00
-1.529336460908664153e+00
-1.527580407322539413e+00
-1.525825362505897953e+00
-1.524071326458740439e+00
-1.522318299181067092e+00
-1.520566280672877468e+00
-1.518815270934172013e+00
-1.517065269964950502e+00
-1.515316277765213604e+00
-1.513568294334959985e+00
-1.511821319674190311e+00
-1.510075353782904806e+00
-1.508330396661103245e+00
-1.506586448308785631e+00
-1.504843508725951962e+00
-1.503101577912602904e+00
-1.501360655868737126e+00
-1.499620742594355516e+00
-1.497881838089457851e+00
-1.496143942354044132e+00
-1.494407055388114358e+00
-1.492671177191668752e+00
-1.490936307764706870e+00
-1.489202447107229155e+00
-1.487469595219235829e+00
-1.485737752100726006e+00
-1.484006917751700350e+00
-1.482277092172158417e+00
-1.480548275362100652e+00
-1.478820467321526833e+00
-1.477093668050436737e+00
-1.475367877548831474e+00
-1.473643095816709492e+00
-1.471919322854071677e+00
-1.470196558660917585e+00
-1.468474803237247661e+00
-1.466754056583061683e+00
-1.465034318698359650e+00
-1.463315589583142229e+00
-1.461597869237408309e+00
-1.459881157661158113e+00
-1.458165454854392085e+00
-1.456450760817110002e+00
-1.454737075549312086e+00
-1.453024399050997895e+00
-1.451312731322168315e+00
-1.449602072362822236e+00
-1.447892422172960103e+00
-1.446183780752581916e+00
-1.444476148101687674e+00
-1.442769524220277377e+00
-1.441063909108351249e+00
-1.439359302765909066e+00
-1.437655705192950828e+00
-1.435953116389476980e+00
-1.434251536355486634e+00
-1.432550965090980455e+00
-1.430851402595958222e+00
-1.429152848870419712e+00
-1.427455303914365370e+00
-1.425758767727795195e+00
-1.424063240310709189e+00
-1.422368721663106905e+00
-1.420675211784988345e+00
-1.418982710676353953e+00
-1.417291218337203507e+00
-1.415600734767537006e+00
-1.413911259967354672e+00
-1.412222793936656728e+00
-1.410535336675442286e+00
-1.408848888183711567e+00
-1.407163448461465016e+00
-1.405479017508702633e+00
-1.403795595325423973e+00
-1.402113181911629480e+00
-1.400431777267319378e+00
-1.398751381392492776e+00
-1.397071994287150121e+00
-1.395393615951291411e+00
-1.393716246384916868e+00
-1.392039885588026049e+00
-1.390364533560619398e+00
-1.388690190302696692e+00
-1.387016855814257932e+00
-1.385344530095303783e+00
-1.383673213145832914e+00
-1.382002904965846213e+00
-1.380333605555343457e+00
-1.378665314914324647e+00
-1.376998033042789782e+00
-1.375331759940738863e+00
-1.373666495608172555e+00
-1.372002240045089749e+00
-1.370338993251490889e+00
-1.368676755227375974e+00
-1.367015525972745005e+00
-1.365355305487598203e+00
-1.363696093771935125e+00
-1.362037890825756659e+00
-1.360380696649061694e+00
-1.358724511241850674e+00
-1.357069334604123823e+00
-1.355415166735880694e+00
-1.353762007637121734e+00
-1.352109857307846497e+00
-1.350458715748056093e+00
-1.348808582957748969e+00
-1.347159458936925791e+00
-1.345511343685586780e+00
-1.343864237203731493e+00
-1.342218139491360374e+00
-1.340573050548473200e+00
-1.338928970375070637e+00
-1.337285898971150910e+00
-1.335643836336716017e+00
-1.334002782471764847e+00
-1.332362737376297623e+00
-1.330723701050314345e+00
-1.329085673493815012e+00
-1.327448654706799847e+00
-1.325812644689268405e+00
-1.324177643441221575e+00
-1.322543650962658246e+00
-1.320910667253578863e+00
-1.319278692313983425e+00
-1.317647726143872156e+00
-1.316017768743244831e+00
-1.314388820112101230e+00
-1.312760880250442463e+00
-1.311133949158266976e+00
-1.309508026835575434e+00
-1.307883113282367837e+00
-1.306259208498644409e+00
-1.304636312484404925e+00
-1.303014425239649388e+00
-1.301393546764378240e+00
-1.299773677058590815e+00
-1.298154816122287114e+00
-1.296536963955467581e+00
-1.294920120558131993e+00
-1.293304285930280351e+00
-1.291689460071912654e+00
-1.290075642983029569e+00
-1.288462834663629319e+00
-1.286851035113714126e+00
-1.285240244333282433e+00
-1.283630462322334687e+00
-1.282021689080870885e+00
-1.280413924608891252e+00
-1.278807168906395786e+00
-1.277201421973383599e+00
-1.275596683809856247e+00
-1.273992954415812395e+00
-1.272390233791252490e+00
-1.270788521936176751e+00
-1.269187818850584959e+00
-1.267588124534476890e+00
-1.265989438987852989e+00
-1.264391762210713699e+00
-1.262795094203057689e+00
-1.261199434964885846e+00
-1.259604784496197727e+00
-1.258011142796993775e+00
-1.256418509867273769e+00
-1.254826885707037709e+00
-1.253236270316286260e+00
-1.251646663695018091e+00
-1.250058065843234090e+00
-1.248470476760934034e+00
-1.246883896448117923e+00
-1.245298324904785758e+00
-1.243713762130937761e+00
-1.242130208126574153e+00
-1.240547662891693381e+00
-1.238966126426297665e+00
-1.237385598730385450e+00
-1.235806079803957402e+00
-1.234227569647013079e+00
-1.232650068259552922e+00
-1.231073575641577156e+00
-1.229498091793084225e+00
-1.227923616714076571e+00
-1.226350150404552197e+00
-1.224777692864511991e+00
-1.223206244093955508e+00
-1.221635804092883193e+00
-1.220066372861294823e+00
-1.218497950399190399e+00
-1.216930536706570587e+00
-1.215364131783434054e+00
-1.213798735629781689e+00
-1.212234348245613269e+00
-1.210670969630928795e+00
-1.209108599785728266e+00
-1.207547238710011905e+00
-1.205986886403779712e+00
-1.204427542867031242e+00
-1.202869208099766718e+00
-1.201311882101986139e+00
-1.199755564873689506e+00
-1.198200256414877041e+00
-1.196645956725548299e+00
-1.195092665805704168e+00
-1.193540383655343096e+00
-1.191989110274466857e+00
-1.190438845663074341e+00
-1.188889589821165549e+00
-1.187341342748740924e+00
-1.185794104445800246e+00
-1.184247874912343956e+00
-1.182702654148370724e+00
-1.181158442153882326e+00
-1.179615238928877652e+00
-1.178073044473356923e+00
-1.176531858787319917e+00
-1.174991681870767080e+00
-1.173452513723698409e+00
-1.171914354346113463e+00
-1.170377203738013128e+00
-1.168841061899396072e+00
-1.167305928830263184e+00
-1.165771804530614242e+00
-1.164238689000449467e+00
-1.162706582239768416e+00
-1.161175484248571532e+00
-1.159645395026859038e+00
-1.158116314574630046e+00
-1.156588242891884999e+00
-1.155061179978623898e+00
-1.153535125834846742e+00
-1.152010080460553754e+00
-1.150486043855744711e+00
-1.148963016020420058e+00
-1.147440996954578463e+00
-1.145919986658221701e+00
-1.144399985131348663e+00
-1.142880992373959570e+00
-1.141363008386054423e+00
-1.139846033167633221e+00
-1.138330066718696409e+00
-1.136815109039242655e+00
-1.135301160129273956e+00
-1.133788219988788537e+00
-1.132276288617787285e+00
-1.130765366016269979e+00
-1.129255452184236841e+00
-1.127746547121687426e+00
-1.126238650828622179e+00
-1.124731763305041321e+00
-1.123225884550943743e+00
-1.121721014566330554e+00
-1.120217153351201089e+00
-1.118714300905555570e+00
-1.117212457229394218e+00
-1.115711622322716812e+00
-1.114211796185523795e+00
-1.112712978817814280e+00
-1.111215170219588710e+00
-1.109718370390847308e+00
-1.108222579331589630e+00
-1.106727797041816119e+00
-1.105234023521526554e+00
-1.103741258770721601e+00
-1.102249502789399926e+00
-1.100758755577562198e+00
-1.099269017135208637e+00
-1.097780287462339022e+00
-1.096292566558953352e+00
-1.094805854425051628e+00
-1.093320151060634515e+00
-1.091835456465700238e+00
-1.090351770640251017e+00
-1.088869093584285297e+00
-1.087387425297803523e+00
-1.085906765780805694e+00
-1.084427115033292033e+00
-1.082948473055262095e+00
-1.081470839846716325e+00
-1.079994215407654945e+00
-1.078518599738077066e+00
-1.077043992837983355e+00
-1.075570394707373367e+00
-1.074097805346247547e+00
-1.072626224754605673e+00
-1.071155652932447744e+00
-1.069686089879774205e+00
-1.068217535596584167e+00
-1.066749990082878297e+00
-1.065283453338656150e+00
-1.063817925363918171e+00
-1.062353406158664137e+00
-1.060889895722894272e+00
-1.059427394056608573e+00
-1.057965901159806599e+00
-1.056505417032488348e+00
-1.055045941674654264e+00
-1.053587475086304126e+00
-1.052130017267438156e+00
-1.050673568218055909e+00
-1.049218127938158274e+00
-1.047763696427743474e+00
-1.046310273686813730e+00
-1.044857859715367487e+00
-1.043406454513405412e+00
-1.041956058080927061e+00
-1.040506670417932877e+00
-1.039058291524423083e+00
-1.037610921400396347e+00
-1.036164560045854444e+00
-1.034719207460796042e+00
-1.033274863645221808e+00
-1.031831528599131298e+00
-1.030389202322524955e+00
-1.028947884815402558e+00
-1.027507576077764107e+00
-1.026068276109610267e+00
-1.024629984910939706e+00
-1.023192702481753313e+00
-1.021756428822050866e+00
-1.020321163931832364e+00
-1.018886907811097808e+00
-1.017453660459847420e+00
-1.016021421878081199e+00
-1.014590192065798702e+00
-1.013159971023000150e+00
-1.011730758749685544e+00
-1.010302555245854883e+00
-1.008875360511508390e+00
-1.007449174546645621e+00
-1.006023997351267463e+00
-1.004599828925372362e+00
-1.003176669268962096e+00
-1.001754518382035553e+00
-1.000333376264592733e+00
-9.989132429166340810e-01
-9.974941183381592635e-01
-9.960760025291687247e-01
-9.946588954896620205e-01
-9.932427972196394839e-01
-9.918277077191006708e-01
-9.904136269880458032e-01
-9.890005550264749923e-01
-9.875884918343881269e-01
-9.861774374117852071e-01
-9.847673917586665659e-01
-9.833583548750316483e-01
-9.819503267608810093e-01
-9.805433074162140938e-01
-9.791372968410311239e-01
-9.777322950353320996e-01
-9.763283019991171319e-01
-9.749253177323863317e-01
-9.735233422351393662e-01
-9.721223755073765682e-01
-9.707224175490974938e-01
-9.693234683603024759e-01
-9.679255279409914037e-01
-9.665285962911642770e-01
-9.651326734108212069e-01
-9.637377592999623044e-01
-9.623438539585871254e-01
-9.609509573866962251e-01
-9.595590695842890483e-01
-9.581681905513658171e-01
-9.567783202879266424e-01
-9.553894587939714134e-01
-9.540016060695003519e-01
-9.526147621145131250e-01
-9.512289269290100657e-01
-9.498441005129908410e-01
-9.484602828664555618e-01
-9.470774739894042282e-01
-9.456956738818368402e-01
-9.443148825437535088e-01
-9.429350999751543450e-01
-9.415563261760390157e-01
-9.401785611464078540e-01
-9.388018048862604159e-01
-9.374260573955969233e-01
-9.360513186744174874e-01
-9.346775887227221080e-01
-9.333048675405107852e-01
-9.319331551277832970e-01
-9.305624514845399764e-01
-9.291927566107804903e-01
-9.278240705065049498e-01
-9.264563931717134659e-01
-9.250897246064058166e-01
-9.237240648105822238e-01
-9.223594137842429097e-01
-9.209957715273872081e-01
-9.196331380400157851e-01
-9.182715133221281967e-01
-9.169108973737245538e-01
-9.155512901948048565e-01
-9.141926917853691048e-01
-9.128351021454176317e-01
-9.114785212749498822e-01
-9.101229491739664113e-01
-9.087683858424666639e-01
-9.074148312804508620e-01
-9.060622854879190058e-01
-9.047107484648712061e-01
-9.033602202113073520e-01
-9.020107007272277766e-01
-9.006621900126321467e-01
-8.993146880675202404e-01
-8.979681948918923906e-01
-8.966227104857484864e-01
-8.952782348490885278e-01
-8.939347679819126258e-01
-8.925923098842208914e-01
-8.912508605560128805e-01
-8.899104199972891482e-01
-8.885709882080491395e-01
-8.872325651882930764e-01
-8.858951509380210698e-01
-8.845587454572330088e-01
-8.832233487459290044e-01
-8.818889608041090566e-01
-8.805555816317731654e-01
-8.792232112289211088e-01
-8.778918495955529977e-01
-8.765614967316688322e-01
-8.752321526372686122e-01
-8.739038173123524489e-01
-8.725764907569204532e-01
-8.712501729709722920e-01
-8.699248639545082984e-01
-8.686005637075280283e-01
-8.672772722300318149e-01
-8.659549895220195470e-01
-8.646337155834912247e-01
-8.633134504144471810e-01
-8.619941940148868609e-01
-8.606759463848107083e-01
-8.593587075242182793e-01
-8.580424774331100179e-01
-8.567272561114855911e-01
-8.554130435593452209e-01
-8.540998397766887962e-01
-8.527876447635165391e-01
-8.514764585198281166e-01
-8.501662810456238617e-01
-8.488571123409033303e-01
-8.475489524056668555e-01
-8.462418012399143263e-01
-8.449356588436458537e-01
-8.436305252168615487e-01
-8.423264003595609672e-01
-8.410232842717445534e-01
-8.397211769534119741e-01
-8.384200784045633403e-01
-8.371199886251987632e-01
-8.358209076153181316e-01
-8.345228353749216677e-01
-8.332257719040090382e-01
-8.319297172025803544e-01
-8.306346712706356161e-01
-8.293406341081750455e-01
-8.280476057151983094e-01
-8.267555860917056298e-01
-8.254645752376970069e-01
-8.241745731531722186e-01
-8.228855798381314868e-01
-8.215975952925747006e-01
-8.203106195165020820e-01
-8.190246525099131869e-01
-8.177396942728083484e-01
-8.164557448051874555e-01
-8.151728041070507302e-01
-8.138908721783978395e-01
-8.126099490192288943e-01
-8.113300346295440058e-01
-8.100511290093431738e-01
-8.087732321586262874e-01
-8.074963440773932355e-01
-8.062204647656444623e-01
-8.049455942233794126e-01
-8.036717324505984195e-01
-8.023988794473013719e-01
-8.011270352134884920e-01
-7.998561997491594466e-01
-7.985863730543143468e-01
-7.973175551289531926e-01
-7.960497459730762060e-01
-7.947829455866830539e-01
-7.935171539697739584e-01
-7.922523711223488085e-01
-7.909885970444077152e-01
-7.897258317359505675e-01
-7.884640751969773653e-01
-7.872033274274883308e-01
-7.859435884274830197e-01
-7.846848581969617653e-01
-7.834271367359244564e-01
-7.821704240443713152e-01
-7.809147201223020085e-01
-7.796600249697166474e-01
-7.784063385866153428e-01
-7.771536609729982059e-01
-7.759019921288647925e-01
-7.746513320542153247e-01
-7.734016807490499135e-01
-7.721530382133686699e-01
-7.709054044471712608e-01
-7.696587794504577973e-01
-7.684131632232285014e-01
-7.671685557654830401e-01
-7.659249570772215243e-01
-7.646823671584439541e-01
-7.634407860091506626e-01
-7.622002136293410945e-01
-7.609606500190154721e-01
-7.597220951781739062e-01
-7.584845491068165080e-01
-7.572480118049428333e-01
-7.560124832725532151e-01
-7.547779635096477646e-01
-7.535444525162260376e-01
-7.523119502922883672e-01
-7.510804568378346424e-01
-7.498499721528651962e-01
-7.486204962373793625e-01
-7.473920290913776965e-01
-7.461645707148598650e-01
-7.449381211078263121e-01
-7.437126802702764827e-01
-7.424882482022107100e-01
-7.412648249036288828e-01
-7.400424103745312232e-01
-7.388210046149172872e-01
-7.376006076247874077e-01
-7.363812194041416959e-01
-7.351628399529798186e-01
-7.339454692713018868e-01
-7.327291073591080117e-01
-7.315137542163981932e-01
-7.302994098431722092e-01
-7.290860742394302818e-01
-7.278737474051721890e-01
-7.266624293403983748e-01
-7.254521200451083951e-01
-7.242428195193022500e-01
-7.230345277629802725e-01
-7.218272447761423516e-01
-7.206209705587882652e-01
-7.194157051109181245e-01
-7.182114484325321513e-01
-7.170082005236300127e-01
-7.158059613842118196e-01
-7.146047310142776832e-01
-7.134045094138276033e-01
-7.122052965828614690e-01
-7.110070925213791693e-01
-7.098098972293809261e-01
-7.086137107068668506e-01
-7.074185329538366096e-01
-7.062243639702903142e-01
-7.050312037562279643e-01
-7.038390523116498931e-01
-7.026479096365555455e-01
-7.014577757309451433e-01
-7.002686505948190199e-01
-6.990805342281766199e-01
-6.978934266310181656e-01
-6.967073278033437678e-01
-6.955222377451535376e-01
-6.943381564564470310e-01
-6.931550839372245809e-01
-6.919730201874860764e-01
-6.907919652072317396e-01
-6.896119189964612373e-01
-6.884328815551746805e-01
-6.872548528833721804e-01
-6.860778329810538478e-01
-6.849018218482192388e-01
-6.837268194848685754e-01
-6.825528258910021906e-01
-6.813798410666195293e-01
-6.802078650117209246e-01
-6.790368977263062655e-01
-6.778669392103757740e-01
-6.766979894639291171e-01
-6.755300484869664057e-01
-6.743631162794876399e-01
-6.731971928414930417e-01
-6.720322781729822781e-01
-6.708683722739555710e-01
-6.697054751444128096e-01
-6.685435867843541047e-01
-6.673827071937793454e-01
-6.662228363726885316e-01
-6.650639743210817745e-01
-6.639061210389589629e-01
-6.627492765263200969e-01
-6.615934407831651765e-01
-6.604386138094944236e-01
-6.592847956053075054e-01
-6.581319861706045327e-01
-6.569801855053856166e-01
-6.558293936096507570e-01
-6.546796104833998431e-01
-6.535308361266327637e-01
-6.523830705393499629e-01
-6.512363137215508857e-01
-6.500905656732358651e-01
-6.489458263944047900e-01
-6.478020958850578825e-01
-6.466593741451946986e-01
-6.455176611748155713e-01
-6.443769569739205005e-01
-6.432372615425094864e-01
-6.420985748805823068e-01
-6.409608969881391838e-01
-6.398242278651798953e-01
-6.386885675117048855e-01
-6.375539159277137102e-01
-6.364202731132063695e-01
-6.352876390681833074e-01
-6.341560137926440799e-01
-6.330253972865887979e-01
-6.318957895500174615e-01
-6.307671905829302927e-01
-6.296396003853269585e-01
-6.285130189572075698e-01
-6.273874462985722378e-01
-6.262628824094209623e-01
-6.251393272897535214e-01
-6.240167809395701370e-01
-6.228952433588706983e-01
-6.217747145476554271e-01
-6.206551945059239905e-01
-6.195366832336764995e-01
-6.184191807309131761e-01
-6.173026869976335762e-01
-6.161872020338380329e-01
-6.150727258395265462e-01
-6.139592584146991161e-01
-6.128467997593555205e-01
-6.117353498734959816e-01
-6.106249087571202772e-01
-6.095154764102288514e-01
-6.084070528328212601e-01
-6.072996380248975035e-01
-6.061932319864579144e-01
-6.050878347175023819e-01
-6.039834462180306840e-01
-6.028800664880429316e-01
-6.017776955275393469e-01
-6.006763333365195967e-01
-5.995759799149837921e-01
-5.984766352629320441e-01
-5.973782993803643526e-01
-5.962809722672806068e-01
-5.951846539236806954e-01
-5.940893443495648407e-01
-5.929950435449331536e-01
-5.919017515097853011e-01
-5.908094682441213941e-01
-5.897181937479414326e-01
-5.886279280212456388e-01
-5.875386710640337906e-01
-5.864504228763057769e-01
-5.853631834580619309e-01
-5.842769528093019193e-01
-5.831917309300259644e-01
-5.821075178202339551e-01
-5.810243134799260023e-01
-5.799421179091019951e-01
-5.788609311077619335e-01
-5.777807530759058174e-01
-5.767015838135338690e-01
-5.756234233206457551e-01
-5.745462715972415868e-01
-5.734701286433215861e-01
-5.723949944588854200e-01
-5.713208690439331994e-01
-5.702477523984650354e-01
-5.691756445224809280e-01
-5.681045454159807662e-01
-5.670344550789644389e-01
-5.659653735114321682e-01
-5.648973007133840651e-01
-5.638302366848197966e-01
-5.627641814257394737e-01
-5.616991349361430963e-01
-5.606350972160309976e-01
-5.595720682654026223e-01
-5.585100480842581927e-01
-5.574490366725980417e-01
-5.563890340304216142e-01
-5.553300401577291323e-01
-5.542720550545207070e-01
-5.532150787207964493e-01
-5.521591111565559151e-01
-5.511041523617994375e-01
-5.500502023365269055e-01
-5.489972610807385411e-01
-5.479453285944340113e-01
-5.468944048776134270e-01
-5.458444899302768993e-01
-5.447955837524244282e-01
-5.437476863440559027e-01
-5.427007977051712118e-01
-5.416549178357707994e-01
-5.406100467358541106e-01
-5.395661844054214784e-01
-5.385233308444727918e-01
-5.374814860530082727e-01
-5.364406500310274772e-01
-5.354008227785308494e-01
-5.343620042955180560e-01
-5.333241945819894303e-01
-5.322873936379446391e-01
-5.312516014633839045e-01
-5.302168180583071155e-01
-5.291830434227143831e-01
-5.281502775566055963e-01
-5.271185204599806440e-01
-5.260877721328399703e-01
-5.250580325751831312e-01
-5.240293017870102377e-01
-5.230015797683212897e-01
-5.219748665191165093e-01
-5.209491620393955635e-01
-5.199244663291585633e-01
-5.189007793884056197e-01
-5.178781012171367326e-01
-5.168564318153516801e-01
-5.158357711830506842e-01
-5.148161193202336339e-01
-5.137974762269007512e-01
-5.127798419030515920e-01
-5.117632163486864894e-01
-5.107475995638055544e-01
-5.097329915484084539e-01
-5.087193923024952991e-01
-5.077068018260662008e-01
-5.066952201191211591e-01
-5.056846471816599520e-01
-5.046750830136826904e-01
-5.036665276151894854e-01
-5.026589809861804481e-01
-5.016524431266551343e-01
-5.006469140366138770e-01
-4.996423937160567319e-01
-4.986388821649834768e-01
-4.976363793833941118e-01
-4.966348853712888034e-01
-4.956344001286676071e-01
-4.946349236555302453e-01
-4.936364559518768291e-01
-4.926389970177074695e-01
-4.916425468530221665e-01
-4.906471054578207536e-01
-4.896526728321032862e-01
-4.886592489758698199e-01
-4.876668338891205212e-01
-4.866754275718550016e-01
-4.856850300240734830e-01
-4.846956412457761321e-01
-4.837072612369626157e-01
-4.827198899976330448e-01
-4.817335275277874751e-01
-4.807481738274260175e-01
-4.797638288965483944e-01
-4.787804927351547724e-01
-4.777981653432451514e-01
-4.768168467208196426e-01
-4.758365368678779683e-01
-4.748572357844202951e-01
-4.738789434704465675e-01
-4.729016599259570075e-01
-4.719253851509512820e-01
-4.709501191454295577e-01
-4.699758619093919454e-01
-4.690026134428381122e-01
-4.680303737457683355e-01
-4.670591428181825044e-01
-4.660889206600808410e-01
-4.651197072714630121e-01
-4.641515026523291287e-01
-4.631843068026792465e-01
-4.622181197225135318e-01
-4.612529414118315962e-01
-4.602887718706336617e-01
-4.593256110989197283e-01
-4.583634590966899069e-01
-4.574023158639439757e-01
-4.564421814006819900e-01
-4.554830557069041164e-01
-4.545249387826100773e-01
-4.535678306278000393e-01
-4.526117312424740025e-01
-4.516566406266320777e-01
-4.507025587802739874e-01
-4.497494857033998983e-01
-4.487974213960097547e-01
-4.478463658581037787e-01
-4.468963190896816373e-01
-4.459472810907434970e-01
-4.449992518612893022e-01
-4.440522314013192196e-01
-4.431062197108330269e-01
-4.421612167898307799e-01
-4.412172226383127005e-01
-4.402742372562784556e-01
-4.393322606437281563e-01
-4.383912928006618581e-01
-4.374513337270797275e-01
-4.365123834229813760e-01
-4.355744418883670255e-01
-4.346375091232366761e-01
-4.337015851275904388e-01
-4.327666699014280915e-01
-4.318327634447496899e-01
-4.308998657575554003e-01
-4.299679768398449453e-01
-4.290370966916184914e-01
-4.281072253128760385e-01
-4.271783627036176978e-01
-4.262505088638431916e-01
-4.253236637935526865e-01
-4.243978274927461825e-01
-4.234729999614237350e-01
-4.225491811995851776e-01
-4.216263712072306213e-01
-4.207045699843600106e-01
-4.197837775309735675e-01
-4.188639938470709034e-01
-4.179452189326522960e-01
-4.170274527877177451e-01
-4.161106954122670842e-01
-4.151949468063004245e-01
-4.142802069698177103e-01
-4.133664759028191082e-01
-4.124537536053043962e-01
-4.115420400772736298e-01
-4.106313353187268644e-01
-4.097216393296642112e-01
-4.088129521100853925e-01
-4.079052736599905749e-01
-4.069986039793797583e-01
-4.060929430682530539e-01
-4.051882909266101840e-01
-4.042846475544513152e-01
-4.033820129517765585e-01
-4.024803871185856363e-01
-4.015797700548787152e-01
-4.006801617606557397e-01
-3.997815622359169319e-01
-3.988839714806619585e-01
-3.979873894948909308e-01
-3.970918162786039596e-01
-3.961972518318010450e-01
-3.953036961544820205e-01
-3.944111492466469415e-01
-3.935196111082958637e-01
-3.926290817394289534e-01
-3.917395611400458222e-01
-3.908510493101466921e-01
-3.899635462497317295e-01
-3.890770519588005460e-01
-3.881915664373534192e-01
-3.873070896853902378e-01
-3.864236217029111686e-01
-3.855411624899159340e-01
-3.846597120464047004e-01
-3.837792703723774679e-01
-3.828998374678343475e-01
-3.820214133327750616e-01
-3.811439979671997214e-01
-3.802675913711084377e-01
-3.793921935445012661e-01
-3.785178044873778735e-01
-3.776444241997385376e-01
-3.767720526815833137e-01
-3.759006899329119245e-01
-3.750303359537244807e-01
-3.741609907440210936e-01
-3.732926543038017630e-01
-3.724253266330663226e-01
-3.715590077318148277e-01
-3.706936976000473893e-01
-3.698293962377640076e-01
-3.689661036449644604e-01
-3.681038198216489143e-01
-3.672425447678175359e-01
-3.663822784834699364e-01
-3.655230209686063936e-01
-3.646647722232267963e-01
-3.638075322473313111e-01
-3.629513010409196605e-01
-3.620960786039920110e-01
-3.612418649365483625e-01
-3.603886600385888261e-01
-3.595364639101131243e-01
-3.586852765511214236e-01
-3.578350979616136684e-01
-3.569859281415900809e-01
-3.561377670910503279e-01
-3.552906148099945205e-01
-3.544444712984228807e-01
-3.535993365563350754e-01
-3.527552105837312713e-01
-3.519120933806114127e-01
-3.510699849469756662e-01
-3.502288852828238097e-01
-3.493887943881559544e-01
-3.485497122629720446e-01
-3.477116389072722469e-01
-3.468745743210563393e-01
-3.460385185043243772e-01
-3.452034714570764162e-01
-3.443694331793125674e-01
-3.435364036710325530e-01
-3.427043829322365398e-01
-3.418733709629246387e-01
-3.410433677630965721e-01
-3.402143733327525621e-01
-3.393863876718924422e-01
-3.385594107805164898e-01
-3.377334426586243721e-01
-3.369084833062162554e-01
-3.360845327232921398e-01
-3.352615909098520808e-01
-3.344396578658959118e-01
-3.336187335914237440e-01
-3.327988180864355217e-01
-3.319799113509314115e-01
-3.311620133849111913e-01
-3.303451241883749723e-01
-3.295292437613228098e-01
-3.287143721037545374e-01
-3.279005092156702106e-01
-3.270876550970698848e-01
-3.262758097479537267e-01
-3.254649731683213476e-01
-3.246551453581729696e-01
-3.238463263175085927e-01
-3.230385160463283278e-01
-3.222317145446319531e-01
-3.214259218124195239e-01
-3.206211378496910402e-01
-3.198173626564467242e-01
-3.190145962326862428e-01
-3.182128385784097624e-01
-3.174120896936173941e-01
-3.166123495783088604e-01
-3.158136182324843277e-01
-3.150158956561437962e-01
-3.142191818492873212e-01
-3.134234768119147363e-01
-3.126287805440261525e-01
-3.118350930456215142e-01
-3.110424143167009881e-01
-3.102507443572643520e-01
-3.094600831673117169e-01
-3.086704307468431385e-01
-3.078817870958584502e-01
-3.070941522143577074e-01
-3.063075261023409657e-01
-3.055219087598083916e-01
-3.047373001867595965e-01
-3.039537003831948025e-01
-3.031711093491140097e-01
-3.023895270845173289e-01
-3.016089535894045381e-01
-3.008293888637756930e-01
-3.000508329076308489e-01
-2.992732857209700614e-01
-2.984967473037931640e-01
-2.977212176561002677e-01
-2.969466967778914834e-01
-2.961731846691665337e-01
-2.954006813299255851e-01
-2.946291867601686376e-01
-2.938587009598957467e-01
-2.930892239291067458e-01
-2.923207556678017460e-01
-2.915532961759806918e-01
-2.907868454536438052e-01
-2.900214035007906976e-01
-2.892569703174216467e-01
-2.884935459035365413e-01
-2.877311302591355480e-01
-2.869697233842183892e-01
-2.862093252787852871e-01
-2.854499359428362415e-01
-2.846915553763710305e-01
-2.839341835793898761e-01
-2.831778205518926672e-01
-2.824224662938795705e-01
-2.816681208053503083e-01
-2.809147840863050472e-01
-2.801624561367437871e-01
-2.794111369566666392e-01
-2.786608265460733258e-01
-2.779115249049640135e-01
-2.771632320333386468e-01
-2.764159479311974477e-01
-2.756696725985400831e-01
-2.749244060353666641e-01
-2.741801482416774127e-01
-2.734368992174719959e-01
-2.726946589627505246e-01
-2.719534274775131100e-01
-2.712132047617597519e-01
-2.704739908154902839e-01
-2.697357856387047614e-01
-2.689985892314032401e-01
-2.682624015935858308e-01
-2.675272227252523116e-01
-2.667930526264027380e-01
-2.660598912970371654e-01
-2.653277387371557050e-01
-2.645965949467580791e-01
-2.638664599258444543e-01
-2.631373336744149416e-01
-2.624092161924693190e-01
-2.616821074800076419e-01
-2.609560075370299659e-01
-2.602309163635363465e-01
-2.595068339595266171e-01
-2.587837603250008889e-01
-2.580616954599591617e-01
-2.573406393644014911e-01
-2.566205920383277106e-01
-2.559015534817379312e-01
-2.551835236946320973e-01
-2.544665026770103755e-01
-2.537504904288725438e-01
-2.530354869502187132e-01
-2.523214922410489391e-01
-2.516085063013630552e-01
-2.508965291311611168e-01
-2.501855607304431794e-01
-2.494756010992093820e-01
-2.487666502374594191e-01
-2.480587081451934295e-01
-2.473517748224114410e-01
-2.466458502691135646e-01
-2.459409344852995505e-01
-2.452370274709695097e-01
-2.445341292261235533e-01
-2.438322397507614869e-01
-2.431313590448834216e-01
-2.424314871084893019e-01
-2.417326239415792943e-01
-2.410347695441531768e-01
-2.403379239162110326e-01
-2.396420870577528617e-01
-2.389472589687788029e-01
-2.382534396492886064e-01
-2.375606290992823832e-01
-2.368688273187601612e-01
-2.361780343077220234e-01
-2.354882500661677758e-01
-2.347994745940975014e-01
-2.341117078915113114e-01
-2.334249499584090115e-01
-2.327392007947906849e-01
-2.320544604006563316e-01
-2.313707287760060904e-01
-2.306880059208397116e-01
-2.300062918351573338e-01
-2.293255865189589293e-01
-2.286458899722446092e-01
-2.279672021950141791e-01
-2.272895231872677224e-01
-2.266128529490052668e-01
-2.259371914802268955e-01
-2.252625387809323865e-01
-2.245888948511218786e-01
-2.239162596907954550e-01
-2.232446332999529215e-01
-2.225740156785943336e-01
-2.219044068267197745e-01
-2.212358067443292720e-01
-2.205682154314226595e-01
-2.199016328880000481e-01
-2.192360591140614101e-01
-2.185714941096068564e-01
-2.179079378746361650e-01
-2.172453904091494747e-01
-2.165838517131467855e-01
-2.159233217866281529e-01
-2.152638006295934381e-01
-2.146052882420426688e-01
-2.139477846239760117e-01
-2.132912897753932169e-01
-2.126358036962944231e-01
-2.119813263866796027e-01
-2.113278578465488666e-01
-2.106753980759020206e-01
-2.100239470747391757e-01
-2.093735048430602763e-01
-2.087240713808654891e-01
-2.080756466881545641e-01
-2.074282307649276402e-01
-2.067818236111847174e-01
-2.061364252269258512e-01
-2.054920356121508751e-01
-2.048486547668598723e-01
-2.042062826910529816e-01
-2.035649193847299532e-01
-2.029245648478908981e-01
-2.022852190805358441e-01
-2.016468820826648745e-01
-2.010095538542777949e-01
-2.003732343953746886e-01
-1.997379237059555834e-01
-1.991036217860205348e-01
-1.984703286355693763e-01
-1.978380442546022189e-01
-1.972067686431191180e-01
-1.965765018011199350e-01
-1.959472437286047253e-01
-1.953189944255734889e-01
-1.946917538920263369e-01
-1.940655221279630749e-01
-1.934402991333837862e-01
-1.928160849082884987e-01
-1.921928794526772954e-01
-1.915706827665499545e-01
-1.909494948499066147e-01
-1.903293157027472760e-01
-1.897101453250719938e-01
-1.890919837168806017e-01
-1.884748308781731829e-01
-1.878586868089498763e-01
-1.872435515092104319e-01
-1.866294249789549609e-01
-1.860163072181834909e-01
-1.854041982268961053e-01
-1.847930980050926097e-01
-1.841830065527730875e-01
-1.835739238699375664e-01
-1.829658499565861018e-01
-1.823587848127185274e-01
-1.817527284383349540e-01
-1.811476808334353539e-01
-1.805436419980198381e-01
-1.799406119320882125e-01
-1.793385906356405601e-01
-1.787375781086769921e-01
-1.781375743511973142e-01
-1.775385793632016374e-01
-1.769405931446899338e-01
-1.763436156956622869e-01
-1.757476470161185578e-01
-1.751526871060588020e-01
-1.745587359654830195e-01
-1.739657935943913214e-01
-1.733738599927835133e-01
-1.727829351606597064e-01
-1.721930190980198727e-01
-1.716041118048640957e-01
-1.710162132811923197e-01
-1.704293235270044338e-01
-1.698434425423005489e-01
-1.692585703270806374e-01
-1.686747068813446992e-01
-1.680918522050927622e-01
-1.675100062983247984e-01
-1.669291691610408079e-01
-1.663493407932409851e-01
-1.657705211949249968e-01
-1.651927103660929541e-01
-1.646159083067449125e-01
-1.640401150168808442e-01
-1.634653304965007770e-01
-1.628915547456046831e-01
-1.623187877641927568e-01
-1.617470295522646373e-01
-1.611762801098204911e-01
-1.606065394368603461e-01
-1.600378075333841743e-01
-1.594700843993919759e-01
-1.589033700348837785e-01
-1.583376644398595545e-01
-1.577729676143194981e-01
-1.572092795582632485e-01
-1.566466002716910000e-01
-1.560849297546026970e-01
-1.555242680069984229e-01
-1.549646150288780944e-01
-1.544059708202417669e-01
-1.538483353810896070e-01
-1.532917087114212262e-01
-1.527360908112368465e-01
-1.521814816805364678e-01
-1.516278813193200625e-01
-1.510752897275876305e-01
-1.505237069053391996e-01
-1.499731328525747420e-01
-1.494235675692944243e-01
-1.488750110554979411e-01
-1.483274633111854313e-01
-1.477809243363569225e-01
-1.472353941310123870e-01
-1.466908726951518249e-01
-1.461473600287752639e-01
-1.456048561318828427e-01
-1.450633610044742283e-01
-1.445228746465496150e-01
-1.439833970581089750e-01
-1.434449282391523361e-01
-1.429074681896796706e-01
-1.423710169096910061e-01
-1.418355743991862872e-01
-1.413011406581657636e-01
-1.407677156866290191e-01
-1.402352994845762757e-01
-1.397038920520075334e-01
-1.391734933889227366e-01
-1.386441034953219409e-01
-1.381157223712051463e-01
-1.375883500165724915e-01
-1.370619864314236436e-01
-1.365366316157587967e-01
-1.360122855695779231e-01
-1.354889482928810229e-01
-1.349666197856681238e-01
-1.344453000479391980e-01
-1.339249890796942732e-01
-1.334056868809334884e-01
-1.328873934516565103e-01
-1.323701087918635333e-01
-1.318538329015545296e-01
-1.313385657807295270e-01
-1.308243074293884978e-01
-1.303110578475314418e-01
-1.297988170351585535e-01
-1.292875849922694720e-01
-1.287773617188643638e-01
-1.282681472149432567e-01
-1.277599414805061229e-01
-1.272527445155529902e-01
-1.267465563200838308e-01
-1.262413768940986447e-01
-1.257372062375976263e-01
-1.252340443505804146e-01
-1.247318912330471902e-01
-1.242307468849979529e-01
-1.237306113064327029e-01
-1.232314844973514401e-01
-1.227333664577541505e-01
-1.222362571876410009e-01
-1.217401566870116858e-01
-1.212450649558663440e-01
-1.207509819942050033e-01
-1.202579078020276360e-01
-1.197658423793342558e-01
-1.192747857261248629e-01
-1.187847378423994432e-01
-1.182956987281581634e-01
-1.178076683834007182e-01
-1.173206468081272602e-01
-1.168346340023377894e-01
-1.163496299660322919e-01
-1.158656346992107816e-01
-1.153826482018732585e-01
-1.149006704740198753e-01
-1.144197015156503128e-01
-1.139397413267647374e-01
-1.134607899073631493e-01
-1.129828472574455484e-01
-1.125059133770119207e-01
-1.120299882660622942e-01
-1.115550719245966410e-01
-1.110811643526151138e-01
-1.106082655501174350e-01
-1.101363755171037295e-01
-1.096654942535740251e-01
-1.091956217595282941e-01
-1.087267580349665363e-01
-1.082589030798887797e-01
-1.077920568942951490e-01
-1.073262194781853529e-01
-1.068613908315595301e-01
-1.063975709544177084e-01
-1.059347598467598600e-01
-1.054729575085859988e-01
-1.050121639398961249e-01
-1.045523791406903769e-01
-1.040936031109684773e-01
-1.036358358507305510e-01
-1.031790773599766120e-01
-1.027233276387066602e-01
-1.022685866869206955e-01
-1.018148545046187042e-01
-1.013621310918007001e-01
-1.009104164484668220e-01
-1.004597105746167923e-01
-1.000100134702507360e-01
-9.956132513536866679e-02
-9.911364556997058484e-02
-9.866697477405649008e-02
-9.822131274762638253e-02
-9.777665949068038709e-02
-9.733301500321824007e-02
-9.689037928524008025e-02
-9.644875233674589377e-02
-9.600813415773570836e-02
-9.556852474820949628e-02
-9.512992410816727140e-02
-9.469233223760903373e-02
-9.425574913653490816e-02
-9.382017480494463102e-02
-9.338560924283834108e-02
-9.295205245021603835e-02
-9.251950442707772282e-02
-9.208796517342338062e-02
-9.165743468925302562e-02
-9.122791297456679660e-02
-9.079940002936441601e-02
-9.037189585364600874e-02
-8.994540044741158868e-02
-8.951991381066115583e-02
-8.909543594339471018e-02
-8.867196684561225173e-02
-8.824950651731376661e-02
-8.782805495849940747e-02
-8.740761216916888288e-02
-8.698817814932235937e-02
-8.656975289895982306e-02
-8.615233641808126008e-02
-8.573592870668668431e-02
-8.532052976477608186e-02
-8.490613959234960539e-02
-8.449275818940699123e-02
-8.408038555594835040e-02
-8.366902169197369676e-02
-8.325866659748301646e-02
-8.284932027247633723e-02
-8.244098271695363134e-02
-8.203365393091491264e-02
-8.162733391436030606e-02
-8.122202266728954789e-02
-8.081772018970277693e-02
-8.041442648159999318e-02
-8.001214154298119663e-02
-7.961086537384638728e-02
-7.921059797419555126e-02
-7.881133934402882735e-02
-7.841308948334596574e-02
-7.801584839214709133e-02
-7.761961607043219025e-02
-7.722439251820129025e-02
-7.683017773545436357e-02
-7.643697172219141023e-02
-7.604477447841245796e-02
-7.565358600411760392e-02
-7.526340629930661219e-02
-7.487423536397960766e-02
-7.448607319813659033e-02
-7.409891980177754633e-02
-7.371277517490248954e-02
-7.332763931751141995e-02
-7.294351222960446246e-02
-7.256039391118135340e-02
-7.217828436224224542e-02
-7.179718358278711077e-02
-7.141709157281596332e-02
-7.103800833232878920e-02
-7.065993386132561616e-02
-7.028286815980641644e-02
-6.990681122777131495e-02
-6.953176306522008965e-02
-6.915772367215283767e-02
-6.878469304856958677e-02
-6.841267119447030920e-02
-6.804165810985501883e-02
-6.767165379472370179e-02
-6.730265824907649685e-02
-6.693467147291315422e-02
-6.656769346623379879e-02
-6.620172422903843057e-02
-6.583676376132703567e-02
-6.547281206309962798e-02
-6.510986913435620749e-02
-6.474793497509677420e-02
-6.438700958532143914e-02
-6.402709296502996639e-02
-6.366818511422248084e-02
-6.331028603289898249e-02
-6.295339572105947135e-02
-6.259751417870393353e-02
-6.224264140583238986e-02
-6.188877740244493747e-02
-6.153592216854135433e-02
-6.118407570412175839e-02
-6.083323800918614965e-02
-6.048340908373452118e-02
-6.013458892776687992e-02
-5.978677754128321892e-02
-5.943997492428354512e-02
-5.909418107676796261e-02
-5.874939599873625629e-02
-5.840561969018853022e-02
-5.806285215112479137e-02
-5.772109338154503971e-02
-5.738034338144926833e-02
-5.704060215083747720e-02
-5.670186968970978431e-02
-5.636414599806596065e-02
-5.602743107590613114e-02
-5.569172492323028190e-02
-5.535702754003841292e-02
-5.502333892633053114e-02
-5.469065908210662963e-02
-5.435898800736671532e-02
-5.402832570211089230e-02
-5.369867216633894547e-02
-5.337002740005098583e-02
-5.304239140324700647e-02
-5.271576417592701430e-02
-5.239014571809100240e-02
-5.206553602973897771e-02
-5.174193511087103736e-02
-5.141934296148698014e-02
-5.109775958158690318e-02
-5.077718497117081342e-02
-5.045761913023871087e-02
-5.013906205879058858e-02
-4.982151375682645350e-02
-4.950497422434629868e-02
-4.918944346135022821e-02
-4.887492146783804087e-02
-4.856140824380984072e-02
-4.824890378926562778e-02
-4.793740810420539511e-02
-4.762692118862914270e-02
-4.731744304253687750e-02
-4.700897366592869664e-02
-4.670151305880439890e-02
-4.639506122116408837e-02
-4.608961815300775811e-02
-4.578518385433541504e-02
-4.548175832514705225e-02
-4.517934156544267665e-02
-4.487793357522237847e-02
-4.457753435448597035e-02
-4.427814390323354943e-02
-4.397976222146510877e-02
-4.368238930918065532e-02
-4.338602516638018214e-02
-4.309066979306369616e-02
-4.279632318923119044e-02
-4.250298535488276214e-02
-4.221065629001822389e-02
-4.191933599463767285e-02
-4.162902446874110901e-02
-4.133972171232852544e-02
-4.105142772539992213e-02
-4.076414250795531297e-02
-4.047786605999476733e-02
-4.019259838151811870e-02
-3.990833947252545727e-02
-3.962508933301678304e-02
-3.934284796299208214e-02
-3.906161536245137539e-02
-3.878139153139464890e-02
-3.850217646982190267e-02
-3.822397017773323386e-02
-3.794677265512846204e-02
-3.767058390200767048e-02
-3.739540391837086614e-02
-3.712123270421804205e-02
-3.684807025954920517e-02
-3.657591658436434856e-02
-3.630477167866356242e-02
-3.603463554244668021e-02
-3.576550817571377827e-02
-3.549738957846485660e-02
-3.523027975069992213e-02
-3.496417869241897486e-02
-3.469908640362200786e-02
-3.443500288430902806e-02
-3.417192813448011179e-02
-3.390986215413509947e-02
-3.364880494327406740e-02
-3.338875650189702254e-02
-3.312971683000396489e-02
-3.287168592759488750e-02
-3.261466379466979731e-02
-3.235865043122876372e-02
-3.210364583727164101e-02
-3.184965001279849856e-02
-3.159666295780934331e-02
-3.134468467230416833e-02
-3.109371515628298055e-02
-3.084375440974577651e-02
-3.059480243269255620e-02
-3.034685922512339942e-02
-3.009992478703814658e-02
-2.985399911843687748e-02
-2.960908221931959211e-02
-2.936517408968629395e-02
-2.912227472953697605e-02
-2.888038413887164535e-02
-2.863950231769037125e-02
-2.839962926599300802e-02
-2.816076498377962853e-02
-2.792290947105023277e-02
-2.768606272780482075e-02
-2.745022475404339593e-02
-2.721539554976595138e-02
-2.698157511497249056e-02
-2.674876344966308980e-02
-2.651696055383759645e-02
-2.628616642749609031e-02
-2.605638107063856790e-02
-2.582760448326502922e-02
-2.559983666537547428e-02
-2.537307761696990308e-02
-2.514732733804838846e-02
-2.492258582861078473e-02
-2.469885308865716472e-02
-2.447612911818753192e-02
-2.425441391720187939e-02
-2.403370748570021406e-02
-2.381400982368253247e-02
-2.359532093114883461e-02
-2.337764080809918640e-02
-2.316096945453345601e-02
-2.294530687045170936e-02
-2.273065305585394991e-02
-2.251700801074017072e-02
-2.230437173511037874e-02
-2.209274422896456702e-02
-2.188212549230280843e-02
-2.167251552512496418e-02
-2.146391432743110714e-02
-2.125632189922123383e-02
-2.104973824049534425e-02
-2.084416335125343842e-02
-2.063959723149551978e-02
-2.043603988122158141e-02
-2.023349130043169269e-02
-2.003195148912572179e-02
-1.983142044730373810e-02
-1.963189817496573467e-02
-1.943338467211171844e-02
-1.923587993874168595e-02
-1.903938397485563719e-02
-1.884389678045363462e-02
-1.864941835553555333e-02
-1.845594870010145577e-02
-1.826348781415134542e-02
-1.807203569768521534e-02
-1.788159235070307246e-02
-1.769215777320491331e-02
-1.750373196519073443e-02
-1.731631492666060174e-02
-1.712990665761439379e-02
-1.694450715805216959e-02
-1.676011642797392912e-02
-1.657673446737967585e-02
-1.639436127626940284e-02
-1.621299685464311358e-02
-1.603264120250086702e-02
-1.585329431984254869e-02
-1.567495620666821063e-02
-1.549762686297786150e-02
-1.532130628877149438e-02
-1.514599448404911099e-02
-1.497169144881071133e-02
-1.479839718305629541e-02
-1.462611168678591873e-02
-1.445483495999947202e-02
-1.428456700269700903e-02
-1.411530781487852979e-02
-1.394705739654403601e-02
-1.377981574769352423e-02
-1.361358286832699792e-02
-1.344835875844450739e-02
-1.328414341804594855e-02
-1.312093684713137344e-02
-1.295873904570078380e-02
-1.279755001375417790e-02
-1.263736975129155574e-02
-1.247819825831291730e-02
-1.232003553481831291e-02
-1.216288158080764195e-02
-1.200673639628095646e-02
-1.185159998123825470e-02
-1.169747233567953668e-02
-1.154435345960480239e-02
-1.139224335301405357e-02
-1.124114201590728848e-02
-1.109104944828455223e-02
-1.094196565014575462e-02
-1.079389062149094247e-02
-1.064682436232011233e-02
-1.050076687263326765e-02
-1.035571815243040671e-02
-1.021167820171152950e-02
-1.006864702047668113e-02
-9.926624608725771390e-03
-9.785610966458847121e-03
-9.645606093675906587e-03
-9.506609990376949787e-03
-9.368622656561976722e-03
-9.231644092230987392e-03
-9.095674297383983531e-03
-8.960713272021005038e-03
-8.826761016141968647e-03
-8.693817529746915990e-03
-8.561882812835848802e-03
-8.430956865408763615e-03
-8.301039687465663897e-03
-8.172131279006547913e-03
-8.044231640031455563e-03
-7.917340770540307049e-03
-7.791458670533144004e-03
-7.666585340009963827e-03
-7.542720778970768251e-03
-7.419864987415556411e-03
-7.298017965344329172e-03
-7.177179712757085668e-03
-7.057350229653864063e-03
-6.938529516034588028e-03
-6.820717571899296595e-03
-6.703914397247989765e-03
-6.588119992080666669e-03
-6.473334356397327308e-03
-6.359557490197972549e-03
-6.246789393482637086e-03
-6.135030066251249796e-03
-6.024279508503847108e-03
-5.914537720240428155e-03
-5.805804701460993804e-03
-5.698080452165543187e-03
-5.591364972354076306e-03
-5.485658262026594026e-03
-5.380960321183128441e-03
-5.277271149823614498e-03
-5.174590747948084289e-03
-5.072919115556537815e-03
-4.972256252648975944e-03
-4.872602159225397807e-03
-4.773956835285804272e-03
-4.676320280830224829e-03
-4.579692495858598764e-03
-4.484073480370956433e-03
-4.389463234367298704e-03
-4.295861757847625577e-03
-4.203269050811936185e-03
-4.111685113260230527e-03
-4.021109945192509472e-03
-3.931543546608799906e-03
-3.842985917509046754e-03
-3.755437057893277336e-03
-3.668896967761492087e-03
-3.583365647113691439e-03
-3.498843095949874527e-03
-3.415329314270041782e-03
-3.332824302074218360e-03
-3.251328059362353518e-03
-3.170840586134472845e-03
-3.091361882390576341e-03
-3.012891948130663571e-03
-2.935430783354735403e-03
-2.858978388062790969e-03
-2.783534762254830704e-03
-2.709099905930877593e-03
-2.635673819090885231e-03
-2.563256501734877037e-03
-2.491847953862853012e-03
-2.421448175474813155e-03
-2.352057166570757467e-03
-2.283674927150685513e-03
-2.216301457214618978e-03
-2.149936756762514927e-03
-2.084580825794395045e-03
-2.020233664310259764e-03
-1.956895272310108218e-03
-1.894565649793940841e-03
-1.833244796761757415e-03
-1.772932713213558375e-03
-1.713629399149361717e-03
-1.655334854569130362e-03
-1.598049079472883176e-03
-1.541772073860620158e-03
-1.486503837732341309e-03
-1.432244371088046411e-03
-1.378993673927735898e-03
-1.326751746251425383e-03
-1.275518588059082557e-03
-1.225294199350723898e-03
-1.176078580126349409e-03
-1.127871730385958870e-03
-1.080673650129552717e-03
-1.034484339357130299e-03
-9.893037980686922653e-04
-9.451320262642519529e-04
-9.019690239437817142e-04
-8.598147911072956439e-04
-8.186693277547937419e-04
-7.785326338862757914e-04
-7.394047095017421177e-04
-7.012855546011925040e-04
-6.641751691846383343e-04
-6.280735532520566235e-04
-5.929807068034590812e-04
-5.588966298388454903e-04
-5.258213223582161762e-04
-4.937547843615708136e-04
-4.626970158489096736e-04
-4.326480168202326477e-04
-4.036077872755486264e-04
-3.755763272148395036e-04
-3.485536366381144406e-04
-3.225397155453735461e-04
-2.975345639366167114e-04
-2.735381818118440451e-04
-2.505505691710554388e-04
-2.285717260142576957e-04
-2.076016523414370195e-04
-1.876403481526004574e-04
-1.686878134477480095e-04
-1.507440482268796757e-04
-1.338090524899954289e-04
-1.178828262370953234e-04
-1.029653694681838315e-04
-8.905668218325162901e-05
-7.615676438230354066e-05
-6.426561606533956646e-05
-5.338323723235969962e-05
-4.350962788336394692e-05
-3.464478801835230160e-05
-2.678871763732477380e-05
-1.994141674028334220e-05
-1.410288532722372251e-05
-9.273123398148215262e-06
-5.452130953056820466e-06
-2.639907991949538119e-06
-8.364545148263680088e-07
0.000000000000000000e+00
2.558560125321398750e-07
1.478710987360991325e-06
3.710335446173955065e-06
6.950729388971030617e-06
1.119989281575221947e-05
1.645782572651751822e-05
2.272452812126693112e-05
3.000000000000000076e-05
