-1.603318820464770145e+00 -3.089453636124914304e+00 -3.543945014446185038e+00 0.000000000000000000e+00
1.085379547586063254e+00 -3.720715177297074239e-01 -2.686726109266988072e-01 0.000000000000000000e+00
-3.612570127665542419e+00 -3.576788735181476664e+00 -2.672548409090600874e+00 0.000000000000000000e+00
-2.195713445030715416e+00 -2.402570848048988239e+00 -1.211884392495694129e+00 0.000000000000000000e+00
9.809360679483052348e-01 -4.048906245198219955e-01 3.382182936578031485e-01 0.000000000000000000e+00
-3.246102314676431622e+00 1.051736868923323520e+00 -1.515751808771215181e+00 0.000000000000000000e+00
5.851489329444997667e-01 3.925695079287729317e-01 -2.303619969808115897e+00 0.000000000000000000e+00
1.572515574321688425e-01 -2.318639947371113674e+00 -3.884863659793100776e+00 0.000000000000000000e+00
-3.105446879392731452e-01 2.136155174176035398e+00 2.914736849992016765e-01 0.000000000000000000e+00
-1.327545144509199693e+00 4.286204691301469083e+00 1.905903804994502959e+00 0.000000000000000000e+00
6.252447053135588018e-01 -2.633022315475243569e-01 2.551380857387065548e-01 0.000000000000000000e+00
-5.993709441757673062e-01 -2.739246354992939669e-01 -3.112582761768541761e+00 0.000000000000000000e+00
9.698625297156665548e-01 9.060362739466645277e-01 5.601011042847604537e-01 0.000000000000000000e+00
-3.982889992889744768e+00 2.098205879588937339e+00 1.196476025725649261e+00 0.000000000000000000e+00
1.145196159603273811e+00 1.775504299397582031e+00 2.918483300811194336e-01 0.000000000000000000e+00
9.427241444339726772e-01 1.456762013363380071e+00 3.420559131983184065e-01 0.000000000000000000e+00
-5.296760602962560682e+00 -2.662748128173361706e-01 8.143470691669755235e-01 0.000000000000000000e+00
3.938807584822664243e+00 7.831380635865116124e-01 5.410188624499141508e-01 0.000000000000000000e+00
-4.314380972787987267e-02 3.523409373363052821e-01 2.161856909925328751e-01 0.000000000000000000e+00
-1.313094206218088145e+00 -7.444415523683771685e-01 -3.853878007261292149e-01 0.000000000000000000e+00
2.588445310631822260e-01 -5.477621543239954115e-03 1.216851678204888820e-01 0.000000000000000000e+00
-4.340998408666794650e-01 4.394083045202985538e-01 -9.730499146754344464e-01 0.000000000000000000e+00
5.171237025034273183e-01 -2.530112752957687228e-01 1.019714363842210703e-01 0.000000000000000000e+00
-2.036247115271584196e+00 5.792212982636245622e-01 4.951180765459913813e-01 0.000000000000000000e+00
5.916359188760617061e-01 8.349476681386805432e-02 5.519583231202259688e-01 0.000000000000000000e+00
-8.902438563391801285e-02 2.184088713883520216e-01 -1.845391124736880661e-01 0.000000000000000000e+00
7.896355807744310784e-01 -5.683096153824320762e-01 -1.233577821427028320e+00 0.000000000000000000e+00
2.043507156415791393e+00 8.191940610120622690e-01 8.844377323591118278e-01 0.000000000000000000e+00
-3.257809570062892290e-01 -1.632950658211948181e+00 -8.642350937780389764e-01 0.000000000000000000e+00
-4.158683738841522509e-02 7.627745208852891867e-01 8.638322981929746902e-01 0.000000000000000000e+00
-2.695276360769849777e+00 2.420440350857385070e+00 -3.901720733857458323e-01 0.000000000000000000e+00
4.343500683305911991e+00 -2.232230338730734509e+00 1.760811095202638177e-01 0.000000000000000000e+00
-2.557047990145578709e+00 6.996480062159048385e-01 6.083225288714568801e-01 0.000000000000000000e+00
-1.377963802568656249e+00 1.775078023174694097e+00 3.058338206778834056e+00 0.000000000000000000e+00
-8.314936941753947597e-01 1.164640740895310111e+00 2.276539784087460716e-01 0.000000000000000000e+00
-1.952215066526210574e-01 2.477275285804126925e-01 1.016878674121162868e-01 0.000000000000000000e+00
4.469115444499339174e-01 3.009558755013977405e-01 1.601463534084633267e+00 0.000000000000000000e+00
-1.026190943899203178e+00 -4.861997175954245187e-01 -6.416918876719028830e-01 0.000000000000000000e+00
1.058086066433623129e+00 -5.836690783754685530e-01 -1.249302061572063138e+00 0.000000000000000000e+00
-3.727551325426450846e-01 2.109383755515733400e-02 -2.853320341426522910e-01 0.000000000000000000e+00
-3.196647724987680683e-01 -2.187293791367435625e-01 2.160759581880742630e-01 0.000000000000000000e+00
-3.810888878921775413e-01 8.830868876629180964e-01 2.850707171745643920e-01 0.000000000000000000e+00
1.699985627604605476e+00 -1.771729768430454044e+00 -7.840445510593648804e-01 0.000000000000000000e+00
-2.245279045162452913e+00 -1.745507373054577593e+00 -3.487950626511792662e-01 0.000000000000000000e+00
1.173760502726804766e+00 -6.780217685938018102e-01 3.488566528778402898e-01 0.000000000000000000e+00
-5.479747344877217152e+00 3.847346218872481849e+00 4.062434163054593483e+00 0.000000000000000000e+00
4.796973430482586842e+00 -4.400663862998043463e+00 4.194504965781536976e-01 0.000000000000000000e+00
-4.181657289221392126e+00 -4.202107545765458307e-01 1.649621652154362961e+00 0.000000000000000000e+00
-8.368695688056227988e-01 5.847324739900688906e-01 2.679649122123156868e+00 0.000000000000000000e+00
-1.614907329172958483e-01 9.908941305156783175e-01 1.628397287909538083e+00 0.000000000000000000e+00
-5.539338979238653593e+00 2.593316227210249014e+00 2.418980019496253853e+00 0.000000000000000000e+00
-2.571238872974570100e+00 1.519086222108654738e+00 3.950753148665612891e+00 0.000000000000000000e+00
-4.330063229330587404e+00 2.740042856668542193e+00 -1.035324112942030750e+00 0.000000000000000000e+00
2.546208832704148772e+00 2.813842208014981416e+00 -1.843393547542688582e+00 0.000000000000000000e+00
2.438739463103996918e+00 2.136677784924581491e+00 -2.031302113227004824e+00 0.000000000000000000e+00
-2.703370538345301277e+00 1.104531547839491035e+00 -6.900343854639741092e-01 0.000000000000000000e+00
