-8.835361810877060407e-01 -1.137809306843910795e+00 -1.042616669045330458e+00 0.000000000000000000e+00
-5.308024431704685409e-01 -8.094403142352376568e-01 -7.043172020679409062e-01 0.000000000000000000e+00
1.145779135463161243e-02 -2.144153004042477495e-01 2.146489818138222136e-02 0.000000000000000000e+00
-7.789194300106574986e-02 -1.532694811131172508e-01 -1.506103443073060211e-01 0.000000000000000000e+00
-2.869466276994506182e-01 -4.512841741197159418e-01 -3.979519960731641715e-01 0.000000000000000000e+00
-5.503954651308906598e-01 -9.543557527907209348e-01 -6.454794181818941379e-01 0.000000000000000000e+00
-6.065493292174251039e-01 -9.043025864788538648e-01 -7.137277058357262005e-01 0.000000000000000000e+00
-5.446108501533184626e-02 -2.367381688280733587e-01 -1.432421285114117981e-01 0.000000000000000000e+00
1.026988593285404344e-02 1.875314985779314575e-02 -1.192510268928985429e-02 0.000000000000000000e+00
-2.069358971566039734e-02 -3.184758765269951608e-02 9.207798054648191899e-02 0.000000000000000000e+00
-1.121301810130368032e-01 -6.048630582960332763e-02 -1.464374925217950818e-01 0.000000000000000000e+00
1.773993544264051703e-01 -1.099068088965910323e-01 3.642662037785688450e-02 0.000000000000000000e+00
1.983292316015549950e-01 2.772111541964980205e-02 1.984801502863030656e-02 0.000000000000000000e+00
3.527445731199627676e-01 -3.796072031513554323e-01 5.899535555478113702e-01 0.000000000000000000e+00
-2.928325431447649785e-01 -2.719934436271380096e-01 -1.250564960221767496e-01 0.000000000000000000e+00
2.971583129029536363e-01 8.133182556042235500e-01 5.445412224381629418e-01 0.000000000000000000e+00
-1.979688025051291045e-01 -2.669781912970315418e-01 -6.419503061125070298e-02 0.000000000000000000e+00
-3.634637382101234548e-01 -9.040698578338776659e-02 3.385012126259537985e-02 0.000000000000000000e+00
-3.189758953380726347e-01 2.044003091019218621e-01 -1.077289492737242005e-01 0.000000000000000000e+00
-7.574599861932458655e-02 5.829860341970497656e-02 2.005314535225982964e-01 0.000000000000000000e+00
-8.250372375380340267e-03 2.103621288959908464e-01 1.848709288262238154e-02 0.000000000000000000e+00
1.591313136135991402e-01 -1.286218426584588397e-02 5.884449151480432988e-02 0.000000000000000000e+00
1.876834915314598839e-01 1.155347507493197090e-02 -9.738345917648481159e-05 0.000000000000000000e+00
3.082090041888710941e-01 4.928567573785083700e-01 4.190491095282469214e-01 0.000000000000000000e+00
3.052494378099562811e-01 3.665069515070220052e-01 4.019999054017195927e-01 0.000000000000000000e+00
-9.655061861113939381e-02 -6.519796804691500858e-02 1.407848526567028608e-02 0.000000000000000000e+00
-1.493402181908029813e-01 -1.145794878499482167e-01 -1.396352620780708653e-01 0.000000000000000000e+00
1.660833542924061712e-02 -6.916052745768706822e-02 2.193719634941499463e-01 0.000000000000000000e+00
-2.220934616895666458e-01 9.210569861921183432e-02 -8.507724276463159152e-02 0.000000000000000000e+00
-2.451093959482435747e-01 -8.802576707006529166e-02 -1.392937788356213846e-01 0.000000000000000000e+00
2.650731959832208773e-01 -3.931943402724604186e-01 1.963626585754072451e-01 0.000000000000000000e+00
2.380285244549520673e-01 2.037498208267561617e-01 1.835845964713173628e-01 0.000000000000000000e+00
6.436043904209893807e-01 1.547674294755957192e+00 5.788059467027757421e-01 0.000000000000000000e+00
2.763366244304284458e-01 2.128987473772642192e-01 2.598472021496625595e-02 0.000000000000000000e+00
5.766986933577412655e-01 3.634469638003543501e-01 5.078173849183534871e-01 0.000000000000000000e+00
2.058828558399855221e-02 -2.144500892983268112e-02 3.790778323524065380e-02 0.000000000000000000e+00
-5.479745692282916164e-02 3.348750291488945124e-02 -2.393828704665281262e-02 0.000000000000000000e+00
-7.125256728205225931e-02 -6.173028136399806055e-03 -4.875395203323219621e-03 0.000000000000000000e+00
2.019785610577050639e-01 1.451130279222974905e-02 1.623338979533723025e-01 0.000000000000000000e+00
1.082176072322519056e-01 8.457525329953710647e-02 4.690859899120203291e-02 0.000000000000000000e+00
2.381104462460180426e-01 -7.093920787547192131e-02 2.005780765430761892e-01 0.000000000000000000e+00
-3.357520437868414809e-01 8.369104155460596606e-02 -1.241403674286033730e-02 0.000000000000000000e+00
-5.686276029746941685e-01 -3.477271843055549927e-01 -4.151818923662001781e-01 0.000000000000000000e+00
-5.210740069723427403e-01 -3.853650569685929117e-01 -3.646646113609441908e-01 0.000000000000000000e+00
-4.644508293849656799e-01 -1.788115422999981274e-01 -1.403232301774851865e-01 0.000000000000000000e+00
4.453450376995455318e-01 1.321352605554658055e+00 6.014052704164466467e-01 0.000000000000000000e+00
5.157788209387194067e-01 4.689077822943433782e-01 3.700339489689548067e-01 0.000000000000000000e+00
1.086962732450477004e-01 1.138490349161361603e+00 4.981856036224474593e-03 0.000000000000000000e+00
9.386515796340814122e-01 9.186669621445257006e-01 8.441756070351664754e-01 0.000000000000000000e+00
5.535853573429221353e-01 9.999449474718913322e-01 6.974048397315250059e-01 0.000000000000000000e+00
3.288904352697492595e-01 -3.140812381131442149e-02 2.265311623754006076e-01 0.000000000000000000e+00
5.465612819786587195e-01 3.830605443266118515e-01 4.181857311484774020e-01 0.000000000000000000e+00
5.052891687470348892e-01 -7.833718082024164475e-02 -6.579147759957887365e-01 0.000000000000000000e+00
5.007892562250165075e-02 -7.169927223959747797e-01 -1.262319786176455017e+00 0.000000000000000000e+00
-1.184400192554833364e-01 3.157533150894131519e-03 -6.249419009884367437e-02 0.000000000000000000e+00
1.213154069944596125e-01 -2.312169246871859374e-01 -2.707453122026816650e-01 0.000000000000000000e+00
