-9.700359645059000169e-01 -1.091672721988807826e-01 -1.511972290563369237e-01 -5.548365148405188380e-02
-1.879470175983527502e-01 -3.245175056627121468e-01 1.080863266944212808e-01 8.075766215321464325e-02
1.087937098997314722e-01 -2.121314698262817822e-01 1.389006246743612338e-01 9.640822014816163854e-02
2.104494360626223859e+00 7.751910214841610802e-01 5.729908650728461339e-01 4.144170735510872006e-01
1.415086260919307670e-01 9.451261560278182428e-01 3.065093127479349977e-02 1.817838284624118117e-01
-2.527523768474071453e-02 -2.503474298528765574e-01 6.363004247278103431e-02 5.113787183602912234e-02
1.156204141367643601e+00 1.671471818896949735e+00 1.916517597528892281e-01 3.977625148684618694e-01
-9.446571782800905481e-02 8.108382026347112914e-01 -1.066618760869588317e-01 3.907705318836424135e-02
-2.168403076928662188e-01 4.108019106582561086e-02 1.451785432385709340e-01 1.765982078874380468e-01
-1.924132432808890236e+00 -9.293872502178839312e-01 -6.317895105357285157e-01 -5.187422880986638507e-01
-1.356367021696258890e+00 -2.186607242052855060e+00 -3.531774360387770484e-01 -7.939564326549397588e-01
2.284966762733906531e-01 -7.391085200653089160e-01 2.231368680904055046e-01 1.865069437745781045e-02
5.742886406240587105e-01 -1.143322589785603194e+00 5.596140941014712267e-01 1.060326766695430245e-01
6.329331002778021409e-01 5.893451053784215521e-02 -4.695279632541443648e-02 -1.700350928120755722e-01
5.224933944888071613e-02 5.022557942380972973e-01 -9.278812206832140475e-02 -5.378742076730283483e-02
4.433253100101819388e-01 5.315813939086448947e-01 1.587117543355981986e-01 2.005138748312776664e-01
2.744932525378538934e-01 5.629945766115278527e-01 -3.009058112609824809e-02 1.822002139079256788e-01
-1.802208041156725116e-01 1.363358262004626398e-01 4.286718095817199092e-02 1.549126795588810779e-02
4.212604497236027701e-02 7.470730819527354738e-02 2.584060472759485555e-02 2.216617116027397999e-02
7.610176734592885017e-01 3.931575460236045316e-01 2.466908788258302399e-01 2.076393107526632309e-01
7.026357329152546072e-01 1.220682046453220648e+00 2.413082421059739580e-01 5.605821782967050915e-01
-1.826002875952950633e-01 2.852812298291992343e-01 -1.675045788297685190e-01 -5.134022299412370482e-02
-8.186389657279591336e-01 4.404517511194897539e-01 -6.386843712040930487e-01 -1.775651089230310120e-01
-5.911299120693006004e-02 -3.637239102039349636e-01 3.685764720916672593e-02 1.642628920336958176e-02
-4.903008381716140174e-01 -7.637904431601638677e-02 -5.067227583021575998e-02 5.575057692210338978e-02
-8.225202261950184113e-01 -7.007807076523702161e-01 -9.853135339832522210e-02 7.977572893378029328e-02
-2.528847053721132720e-01 -5.022651004116434059e-01 1.822944871920330057e-01 -1.031386160096500748e-01
2.641617156534883937e-01 -1.107531629203809542e-01 -3.238851084057298158e-02 7.501654238670246722e-03
7.231124719504122833e-02 -9.130703130107520327e-02 -5.933738565999815973e-02 -1.614796867540679859e-03
-4.602840086471882142e-01 -9.127152594828231713e-01 -4.553606951082114773e-02 -1.845879751446045658e-01
1.753769035048826641e-01 1.334222074707919203e-01 -1.927070919858230730e-02 -7.623431119204662765e-02
1.624920425769600107e-01 1.773660135387350456e-02 -1.329079087594093322e-01 -1.162891401892828247e-01
1.032052097462710094e-04 -1.950070347866583731e-02 -9.384555244195903756e-02 -2.863675308574326756e-02
-4.080355721427203486e-02 1.366357277940903892e-01 -4.061719325849144635e-03 1.327725852785849661e-02
-1.134573828587001343e-01 -5.922186452715996752e-02 -3.516180056747356120e-02 -2.951041015202314141e-02
-1.113388985456816582e-01 -2.198198997292747925e-01 -3.275054308709258316e-02 -9.963070008496024976e-02
4.173560368073435389e-02 -4.078659845730638056e-02 3.764410917675199697e-02 1.478124460417787681e-02
2.694036436966059656e-01 -3.509535984585857027e-02 2.236098254535468233e-01 8.715115868794912068e-02
1.172064878548874367e-01 2.079259414970749398e-02 1.977015672752713976e-02 -3.587532177783424314e-03
1.935455818362784297e-02 8.500941815955469216e-02 -6.505983260793452710e-03 2.711271190294515729e-04
3.841121540554849334e-01 3.461419139515000132e-01 1.386917436797987790e-01 7.557203179946944682e-04
4.658065109661940761e-02 9.883915675893098496e-02 -1.161719326435853433e-01 -2.138166193598733250e-02
-9.799526219279508510e-02 2.655147115206110686e-02 1.862591604282576307e-02 -2.830700755515197509e-04
-1.855002218777465628e-02 1.805042027601985732e-02 1.617037759969930377e-02 2.961062645085027478e-04
4.251763857839029326e-01 7.053807996661531909e-01 4.247939362100625060e-02 9.672147656446215824e-02
-1.803088136829487376e-01 -1.498286808343166632e-01 -6.101093346983790106e-02 -1.458601697218288307e-02
-8.311491195547493493e-02 -2.090099890236674085e-03 9.616346977561876508e-02 7.551505323589113861e-02
9.757660172549975641e-03 1.641616578248539238e-02 6.065775943682934213e-02 1.888603828710214150e-03
2.058299305121297218e-02 -6.441352483988360689e-02 1.645547166773081438e-02 -2.297878699564747176e-02
5.573951377621333414e-02 -1.546182076033552066e-01 -1.428033846407550100e-01 -2.759156472909453095e-01
-2.133948526536227908e-02 -1.417469124634081479e-01 -8.213949777240653338e-02 -8.157094030182834854e-02
1.309381691255198654e-02 -7.626136779885289707e-02 -1.236590801065806655e-03 -1.663209255753408944e-02
-1.445518405026597342e-01 -7.235749198835372820e-02 7.225321032593853832e-02 -5.305924824197369438e-02
2.840763344290353487e-02 2.387302974393157307e-04 -2.394221053709609526e-02 -4.784442518622233909e-02
-7.985242608046108637e-02 5.842070858500078567e-02 3.622775182629114910e-03 -2.538698536592393085e-02
2.299324019953279397e-01 1.857361355931480551e-02 8.139967202892875453e-02 6.314791643950001809e-02
9.606482147598011459e-03 1.323786612122279313e-02 6.313101473313304998e-03 7.703834187760790105e-03
