2.558820694696998466e+00 1.109585247422591125e+00 1.298033074423661448e+00 9.370191888818882320e-02
7.582515708182169245e-02 -1.563093545406729623e-01 -7.066130047019678062e-02 -2.147050421096196593e-01
-1.395077864249949229e-01 -1.751078820606813968e-01 -4.126517211009037012e-02 -2.804463976838243444e-01
-6.578447338401726796e+00 -4.234481196954018145e+00 -4.409687547453846612e+00 -1.630799065702476014e+00
5.867356647185189011e-01 4.321301122221509194e-01 8.199877392038934509e-02 1.429321367142613319e-01
-5.105340123894143434e-02 -9.865807153087768899e-03 -1.892430468983510305e-01 1.309846729616829381e-02
-9.481142281166138330e-01 -6.446057851383165671e-01 -1.366938254581257173e+00 -4.948618252565164521e-01
-8.956532916655810528e-01 -9.104775669451316000e-01 -1.776992962194303471e+00 -2.591663282610160435e-01
1.795771626514443275e-02 3.871588808951643979e-02 -2.054733850557861063e-01 4.676374826045168187e-02
6.452122057197937188e+00 4.744095819442716078e+00 4.733491994825349991e+00 1.979215345561826878e+00
1.669116881551709675e+00 1.835531021365462756e+00 2.849223698785181114e+00 1.624137081843975761e+00
6.252432480950823046e-02 7.662990828799529086e-02 1.363978336016898218e+00 -1.067946176037825712e+00
-2.449672482100852200e+00 -8.614527107214035029e-01 -1.676994460961010125e+00 -9.887273136045467148e-02
4.559769622650092780e-01 3.396184284715564328e-01 8.747537822868199919e-01 1.992474566302065986e-01
-3.008622888671010909e-01 -2.063383337823286867e-01 1.567657535592861251e-01 -2.932142152508649957e-01
-6.307358073786669683e-01 -1.700409936429558844e-04 1.245423465873923830e-01 2.048899863637380636e-01
-4.506626693161436270e-02 -2.231389805750890742e-01 -2.809056943848913246e-01 1.394470547231830837e-01
1.267811931564000183e-03 -1.213347117290121124e-01 8.600977118620145578e-02 2.740392483647483002e-02
-9.648649264207082021e-02 2.765707226437735811e-02 7.088656439639222373e-02 2.034985563573787903e-03
-2.602864403013933625e+00 -2.004563572458572196e+00 -1.961219532874568072e+00 -7.097087322021189415e-01
-8.634941933802543490e-01 -1.105139941871158715e+00 -1.645419262330181098e+00 -9.700847732069731721e-01
3.712403205946957496e-01 3.933968421370649948e-01 -3.198068103556793718e-01 1.150970857672521275e+00
2.109903152283917116e+00 4.425121684062974792e-01 1.550564540864690422e+00 -3.204983521256352663e-01
3.512460735076550211e-01 2.710446613692526485e-01 6.658875560565324925e-03 3.277547292811082702e-01
-4.890949499885071106e-01 -4.015018248463629869e-01 -8.504243923838548103e-01 -2.072973126850290448e-01
1.273331021010918773e+00 2.355316562236860478e-01 5.876609485674074707e-01 -1.319748887775831769e-02
-2.977622467298859377e-01 3.005747387210814248e-01 2.983260410076731262e-01 -1.311854355913916748e-01
1.944359441551754553e-01 1.414305776975067208e-01 -9.274013751746040812e-02 2.698552665825043606e-02
1.763269008005959870e-01 -7.057059077495540789e-02 -4.956294995503029988e-02 -4.281978300966648998e-02
1.090439467802585827e-01 -5.278220719949144879e-01 6.221512046850250499e-01 -2.210422448868285816e-01
-6.153277996238168956e-01 -3.259719361355851164e-01 7.608560640232531203e-02 -1.925614900661382911e-01
-9.481473186828681676e-03 -1.249721104146415962e-01 5.538616543493435351e-02 -1.546502590579278968e-01
3.610585384064379788e-02 -4.812181385568994885e-02 -1.205295900699054901e-02 -2.165087827974898627e-02
7.920277373810932775e-02 -9.279289999243156561e-03 3.428838754752783213e-02 -7.660883282937278049e-03
3.581427344107082078e-01 2.756609734739985940e-01 2.666830604626602153e-01 5.385095590223565321e-02
1.260913077495707801e-01 1.793171676325656105e-01 2.811588932498488846e-01 1.468123276483412343e-01
-1.093928372271586180e-01 -1.195703356911317350e-01 1.494570023540697790e-02 -2.885129757359264913e-01
-4.766835256476911198e-01 -3.216591374791787084e-02 -3.263013182169751114e-01 2.047679469789201456e-01
8.759777667026333314e-02 7.072764006721640739e-02 1.937953312722108246e-01 1.138439700603957605e-02
-8.753139820697508622e-02 -7.993122298035026940e-02 -1.610709641137766934e-02 -9.213046072846635404e-02
-4.308098251222677866e-01 -9.606189195907204742e-03 -2.059405476511903255e-01 1.373025145777536926e-01
1.272603187754823562e-01 -1.095186136249730047e-01 -8.483641540874009568e-02 7.050276923796550133e-02
-7.784223225793400480e-02 -4.235619205479064509e-02 2.662011870997091356e-02 -1.029129428900631138e-02
-6.528690429068728651e-02 2.779422047944088425e-02 3.929669363498922152e-03 2.324205699280446069e-02
7.288830172976251687e-02 4.360127291153694795e-01 -2.330597579580090395e-01 3.025539439733764269e-01
4.707290934381473946e-01 2.501292791319746911e-01 5.018833580694627428e-02 1.183311993571399823e-01
-8.220551605636949866e-03 1.086531562270761642e-01 -1.827345339167124605e-02 1.592686690007182326e-01
-3.975616803119239040e-02 4.146378461664858989e-02 5.303505171114331063e-03 -1.813553583800986413e-02
-4.930094788550988538e-02 -4.921440741854077316e-04 -1.679719402438939468e-02 5.526723129641142318e-03
3.013911363145324596e-02 -1.614248050807394197e-01 -4.358047766030314074e-01 -2.690364645838119739e-01
4.342805087510254181e-01 1.047990753892141802e-01 1.658549418212544868e-01 -1.456305245300806295e-01
-2.431639582348338324e-02 3.955138924883389029e-02 8.191057609011127838e-03 -1.770518762117012646e-02
-6.112989446203687116e-02 1.200782536700548131e-01 -4.025962210719352674e-03 -2.985409116038284516e-02
-7.426052193719734351e-02 2.237281787094480556e-02 6.055167478856815499e-03 -7.909360470019849432e-02
4.959933625687074077e-02 -1.587641325555005922e-02 8.957319451795453524e-03 2.724370416621380020e-03
-2.650538555113944317e-01 -2.130258266348009077e-04 1.443337898784896600e-03 1.239438638615884547e-01
9.793517945723674567e-03 7.774463006731218567e-03 4.986869216559024730e-03 7.313700706497810143e-03
