1.434716804825614256e-01 3.119468455359157288e-01 -2.808598258481073140e-01 1.059967365567052178e-01
2.710384553350194681e-01 4.012721356068142675e-02 2.402471791898985465e-01 2.725079835922969984e-01
1.924407585340452420e-01 1.816331667808438466e-01 1.327328756769239892e-01 1.555072518601539056e-01
-3.981992879045505584e-01 -1.168237315407385957e+00 5.337688430858198441e-01 -8.743124437501323953e-01
-5.477354660803844533e-02 -3.379242448356701289e-01 7.961118595238397821e-02 -6.263327664609295020e-01
4.698050776554427155e-03 -2.405755501526053719e-02 -2.536705881523926287e-02 2.855113412634580072e-02
8.895936107496565937e-01 1.452152081532705141e+00 5.498484458629030458e-01 7.826822105750023129e-01
-8.953938097745798297e-01 -9.352376876536545591e-01 -6.282738081075938119e-01 -9.726886142525841272e-01
-1.310952493530563590e-01 -1.485689558650471476e-03 -1.723564220755789689e-01 7.683886246692064881e-02
-3.447233968988313024e-01 5.795163924954005452e-01 -1.155840385660731329e+00 4.157452802133656533e-01
-5.267161244824343225e-01 -1.155511356557118674e+00 -2.581006326669066375e-02 -5.961866380121059183e-01
4.705911718587153514e-01 5.723387907158122845e-01 1.674402756825170702e-01 7.700577942757410588e-01
-2.740314257583467694e-01 8.480674067688325213e-01 -4.125243168917684944e-01 9.842040674947651890e-01
2.366919411449164290e-02 -2.243743516987554143e-01 3.178580193918872920e-01 -2.308777016502586710e-01
-2.411159286315887884e-02 7.983944089734537619e-02 -2.105818163374068019e-01 -1.415549865429072407e-01
-1.008332682025347982e+00 -1.570624324127093130e-01 -3.795894590477525421e-01 -6.569450691388423191e-01
4.611521435615253406e-01 5.740630599624521047e-01 4.320039745147019605e-01 5.994917204460563642e-01
3.199228819216940467e-01 3.177511827516602549e-01 3.967230335168609456e-01 3.026950265550180097e-01
6.212117996022852029e-02 6.695439788266727144e-03 -4.625971718587212900e-02 2.328797527893644581e-02
4.104388673793828990e-01 -1.647445437599329154e-02 7.131816467833944628e-01 1.245204264180230225e-02
-3.529817246184689949e-01 1.415792480149557359e-02 -5.385305411374059492e-01 -1.770977927150927944e-01
-1.093566443405985522e-02 -8.055768610331739965e-02 1.205629573143456312e-01 -2.363509218289308600e-01
6.436984240344667541e-01 -3.274511413398780713e-01 8.014209468307027517e-01 -2.347592846353787621e-01
2.329277811419744326e-02 -9.111665206765068303e-02 2.262714812918306118e-01 9.453077757830684325e-02
-2.207894412121579331e-01 -4.248774364323272545e-02 -5.215060097234875958e-01 -1.031434663392887113e-01
1.874874505117672729e+00 7.243194940646651148e-01 1.044666647231005774e+00 1.550091052387277735e+00
-2.550628861469317887e-01 -3.173822298176369738e-01 -1.701097082152336348e-01 -4.593120844451402673e-01
-4.693663878160257430e-01 -3.626668985390469890e-01 -4.177569604390285463e-01 -3.412532164777190014e-01
-7.277672080273338284e-02 -2.816373767640716064e-02 -7.117749293564629154e-02 -5.417671856837386057e-02
3.384929725836730574e-01 2.172675890032169099e-01 -5.259266597326661685e-02 7.056497306232595301e-01
5.347579102222077552e-01 6.499425384334059919e-01 5.336802242920124506e-01 4.180180547164714100e-01
2.680947263721976670e-01 2.120450001822089259e-01 1.437588951764105505e-01 8.071746852831759855e-02
1.817334985402340175e-01 2.400177359830150958e-02 7.911481475425297116e-02 -2.131898120644604155e-02
-1.479078466697278937e-01 -7.745767179287071924e-02 1.270576334363862081e-01 4.338858358193958820e-02
-7.860106988987111687e-02 -1.076212593594198449e-02 -1.182442239204526679e-01 -9.755711673398715506e-03
1.552970156060111406e-01 7.076113881977633135e-02 1.629891473482873721e-01 9.761180752847635478e-02
-2.069547298977418570e-02 -5.695264676543299043e-03 -3.869528359241167226e-02 2.911513731148369574e-02
-4.238906758002092823e-01 -1.885141161590295211e-01 -5.061745326674296219e-01 -2.295888706577701721e-01
7.511069018310333190e-02 3.130822620062785611e-02 1.558850235124581429e-01 5.215077107640265358e-02
-7.512948481063175601e-03 2.491691688664934151e-02 -5.736940163957474081e-02 -1.746587242675488524e-02
-6.209725414158041579e-01 -1.725365325723761667e-01 -2.714716243476155699e-01 -4.957846913262891619e-01
8.666654439441930091e-04 7.728652204974928441e-03 -4.283564707881469535e-02 6.839666888986231652e-02
1.475444796593208818e-01 1.009013494054962906e-01 1.183351603637710359e-01 9.479757128939843291e-02
2.055451643871324813e-02 6.950856792736340162e-03 1.827457738957224964e-02 1.586122307046162333e-02
2.204246680910095513e-01 3.184142529072415129e-01 5.807366799977482508e-01 3.891062976957668229e-02
-2.447695278087664295e-01 -2.836170818388183412e-01 -2.251007142420384244e-01 -1.630501246759087919e-01
-1.217279807732838254e-01 -1.020391837136296886e-01 -6.633887150591781523e-02 -2.596636178350757163e-02
-8.763654505156082131e-02 -1.628818621945082173e-02 -4.536507240147286124e-02 1.041464379499694448e-02
7.122117824848925305e-02 5.372118259967489928e-02 -6.764166588520154066e-02 -1.832393642093974040e-02
7.594736730511685296e-01 3.040124277363315253e-01 3.900518326023017512e-01 4.435414225072782379e-01
6.934077745649262770e-02 6.889717599691680405e-02 8.121302899092247563e-02 5.032326290521257905e-02
5.338285505255313534e-02 -2.027335009839426050e-03 -6.110094608407642958e-02 7.491750683527170773e-03
2.219205648540611975e-03 -1.794885745195212712e-02 4.578652274269068290e-02 4.722706670183496325e-02
5.076115955676255287e-02 2.710334111418882808e-02 1.894874344320474080e-02 2.146984674762635048e-02
-1.182567036010578887e-03 4.206252597787901726e-02 1.366984689896619254e-01 1.028594782089245485e-02
2.322090907782529690e-01 2.440345467222245768e-01 2.735736580139151997e-01 2.918349959131872895e-01
1.340375927006490740e-02 1.293653038047906656e-02 1.500270306284680853e-02 1.140676619020565032e-02
