1.584498054756799945e-03 2.491623157618749751e-03 -5.748203103994764529e-03 -1.552644329195412842e-03
2.443892390617214694e-01 2.473570362183779847e-01 2.441825904189628416e-01 2.459812543896773840e-01
2.514361685297061277e-01 2.478751899283518356e-01 2.442885749595015699e-01 2.422901267997493724e-01
-1.404545576895843695e-02 -2.230026736398316167e-02 -1.142396742002471655e-02 -6.577040674581521862e-03
3.023883490327336498e-02 1.087432292117909705e-02 3.302017042640298383e-03 2.697886174434341311e-02
-3.363224717237711658e-03 6.281832906983031428e-03 6.448686575226389439e-03 4.498274529405738020e-03
1.561998656030146870e-01 1.536594801544352018e-01 1.579013967184447198e-01 1.489837254749989404e-01
-1.772097594693623490e-01 -1.670630643535921944e-01 -1.583512814785352774e-01 -1.479374409891533182e-01
1.598725399411127235e-02 2.003906660304688447e-02 1.436397175427812922e-02 1.986941910775969627e-02
-1.290548150510550940e-03 9.628134779497421469e-03 3.119371876081800110e-03 -9.272772112270261102e-03
8.054870085674586955e-02 7.713573583865157568e-02 8.016186314535531099e-02 8.620198257324923619e-02
7.849586751665638129e-02 6.994176317603834070e-02 5.913409632426119833e-02 4.784945258885492381e-02
9.088001906850384781e-04 3.316799862757341399e-02 5.520420125952191226e-02 1.207786880621647407e-02
-3.336611839601211216e-02 -3.797554789581658596e-02 -2.131825499842082694e-02 -3.184686344688175685e-02
1.914462359619673038e-03 -2.199900125801845796e-02 -1.811621467876023406e-02 -1.490602758856121590e-02
4.611150154537058121e-03 -6.253697857379170166e-03 6.959873617784773092e-03 1.055729087589485360e-02
-1.099903563058246547e-02 -9.150109284521867892e-03 -3.838154421729689236e-03 6.562586394325581329e-03
-6.506972750599970823e-03 -9.291951914172313920e-03 -8.676064442243128227e-03 -3.722676839181746078e-03
4.653022183190441696e-04 -2.728311383213749552e-03 3.843149763552045073e-03 -3.055207911001112109e-03
-2.980234209489285302e-03 -8.404039092361925700e-03 -6.166575015734143683e-03 7.024532411806921894e-04
9.732876255828942780e-04 4.432346821478264087e-03 1.519088270648116801e-04 -6.164378795503744346e-04
-2.170690972828392962e-02 -1.874026514524951281e-02 -1.217234733977784478e-02 -8.188676842235231845e-03
-7.015982381372798393e-03 -2.756429355497724831e-02 -4.873916723804205819e-02 -1.067766522451513156e-02
-1.448121686069558933e-04 1.826542069392150802e-02 1.354031734876665755e-02 1.060832981962506194e-02
2.567363841339542763e-02 2.663812583286445657e-02 1.318248561495860560e-02 2.010038250519574632e-02
-1.188120270901937836e-02 1.176745466127060435e-03 -1.665754685182677108e-02 -3.268300690325576241e-04
8.033527089134184784e-03 -2.116703455135093837e-03 -1.549284650498408689e-02 -1.593213092248357832e-02
2.761663037083361694e-03 7.608175974037512113e-03 4.007244142201993320e-03 -3.698077772161634247e-03
-1.137509961738447650e-03 1.744817452461591700e-03 -6.898120319027145619e-04 8.691831192335040812e-04
-2.872526343342279853e-02 -4.001650311282217709e-03 -3.379927351203182440e-03 -3.413338759928363775e-02
-2.355390697386139376e-02 -2.198920824256030138e-02 -1.759906582419105622e-02 -2.376849721510904123e-02
-8.447004673500208005e-03 -1.691399413017469558e-02 -1.391361704161034329e-02 -7.552132508838071967e-03
9.737460856551749533e-04 -4.920740448462440630e-03 -3.747098275551100088e-03 -5.657476804223376954e-03
1.474757394189230020e-03 1.668299000864126302e-03 -3.617112711881059761e-03 -1.452687129888607931e-03
-5.595839045768463693e-04 3.707240871289527173e-04 -1.027545217169301139e-05 -1.163958565473041315e-03
4.441140038809299195e-03 3.881305273561912531e-03 4.790765970562018555e-03 4.590072558959552851e-03
2.635194373792948408e-03 2.251914972176138896e-03 8.387091433748397606e-04 4.513987805990909985e-04
1.288178866372000075e-02 1.783623585416341251e-02 2.320185565798057320e-02 1.299550224825796185e-02
-5.632602290035898518e-03 -5.681677274250160337e-03 -2.217924408679509962e-03 -3.640352720576958689e-03
-2.618635790582746203e-05 -4.514366910172235015e-03 -3.157415415400356695e-03 -2.217287658859173893e-03
7.073998161440220311e-03 4.305321561901276350e-04 8.480123222644672665e-03 2.285805940022977989e-03
-1.465872264368811573e-03 1.098758737756527770e-03 5.849577944610814817e-03 6.513683540650405668e-03
1.970494274487477604e-04 -1.960897426123486831e-03 -7.358455133940067228e-04 2.645255814138047779e-03
2.286336656376203313e-04 1.543235772298590103e-05 2.213139938712360699e-04 2.501950750605913543e-05
1.302236275766490564e-02 -3.181246564477366312e-03 1.681004051566764579e-03 9.627352427393265355e-03
9.350940786958111817e-03 9.995711754874805899e-03 6.176827449007785131e-03 8.291007544484391145e-03
3.382244977458231938e-03 9.505134014017792288e-03 5.524894533616264702e-03 4.319577641657038058e-03
-3.599606588145787267e-04 2.924205700430809740e-03 1.774809885854183866e-03 2.680378129226529405e-03
-8.871540851224934965e-04 -1.382963770918010926e-03 2.784538455150004088e-03 4.411730265410085394e-04
3.463459641949384604e-03 1.289031196223022757e-02 3.252097255358549210e-03 -1.722351958956075402e-02
-1.000202632804214620e-02 4.834830762501796109e-03 8.298918234468322108e-03 -1.247895115639080510e-02
-1.361865868423517423e-03 1.631713884819127602e-03 4.648979071715797495e-04 1.822378669432384024e-03
2.453521521419255169e-03 -3.847812291949415098e-04 -1.792937357984525359e-03 -6.800580807818645823e-04
-1.087589775368630329e-03 -4.995935761168968092e-04 3.079023465593244691e-03 -1.601623867898194220e-03
1.958601664485137839e-04 5.705995462462754020e-04 -3.554387717005780267e-03 1.266855482040363245e-03
6.448600537397586319e-02 6.534316879945860357e-02 6.725149461940430062e-02 6.494476234319331021e-02
3.372443793353719775e-04 3.633453986596869119e-04 3.615024293706391775e-04 3.342717000193938764e-04
