6.257689094277318897e-02 5.583972928857432183e-02 2.076024594916031085e-01 -9.773387189544624487e-03
1.451072114249216949e-01 1.604724303274700226e-01 1.589952411239424490e-01 1.497650180276657583e-01
1.397464880632007800e-01 1.614801703930155430e-01 1.886322895691348589e-01 1.782374239622339096e-01
-2.395071276500463919e-01 -1.453348410877094987e-01 -5.761318154273301628e-01 -3.718131057676485329e-02
3.268799613740199783e-01 4.054818074791795568e-01 2.463917394147217277e-01 2.022909740696716419e-01
1.012429050022534138e-01 1.963754938547243034e-01 2.553809995570194280e-02 2.002124078877232649e-01
1.703996784103112561e-01 1.135333735926060961e-01 2.956157896161201726e-01 2.574493727003185350e-01
-1.296832054675396695e-01 -1.721242731634198830e-01 -3.476352503335057853e-01 -2.993723395159710310e-01
3.227486127801613147e-01 4.492225412581816180e-01 3.289318568634476136e-01 4.270087583092329608e-01
9.080829228236281248e-02 -2.211490840829215959e-02 4.066357256199544801e-01 -1.185577648656899463e-01
1.419318558753928095e-01 2.594938954554278920e-01 -6.064807993216370097e-02 5.134453751025047641e-02
-4.209838272217814037e-02 -2.246716215595095933e-02 2.255123716016430580e-01 1.842454004451415106e-01
-5.039527219788858536e-02 -1.323131096857426137e-01 3.801692539602175014e-02 1.601853261382363836e-01
-1.443063445773226927e-01 -3.924419485770866967e-01 -2.225933229661106183e-01 -4.067513824109497689e-01
-7.178638500059922323e-02 -3.260475903628875516e-01 -5.846286451056820210e-02 -3.199272155962097353e-01
1.361366243323167968e-01 1.276726999780601335e-01 -4.744243290455645717e-02 7.384291233681311573e-02
1.066618704665051320e-01 1.458508347043920017e-01 4.265109448630385880e-02 6.480209773690626118e-02
8.794632900989697577e-02 5.013222166962876675e-02 3.407983702810618576e-02 -3.206615541236473854e-02
-2.137627794123531100e-02 -5.084323493558823293e-02 3.903179172754739357e-02 -6.181965866831770628e-03
-1.657977951694075691e-02 3.163007332648316849e-02 -1.462115731775439631e-01 7.313039038408777892e-02
-1.648101547254460786e-01 -2.451208191790764102e-01 -4.869912682910232382e-02 -1.242378600598358362e-01
4.558485897200459380e-02 4.563170585722761685e-02 -7.943999323721318007e-02 -8.215113240073930456e-02
3.190155171541707579e-01 3.624000313049856592e-01 2.171508122515188599e-01 2.216638275291325233e-01
-5.680572235165590178e-03 1.961101465715052450e-01 4.269339442874370283e-02 1.907840906674088677e-01
5.533541844924808051e-02 2.132530645454815965e-01 1.319025847194331691e-01 2.670125992535247184e-01
-2.596736787156450621e-02 -4.256948576346989560e-02 -1.030167829192264461e-01 -2.636553471551087990e-01
-6.543995711339681276e-02 -1.313272956382898204e-01 -3.267649693402902011e-02 -6.656846798749194161e-02
-1.452496026888407121e-01 -1.319594968269612312e-01 -3.279955515793503418e-02 3.082707162022341185e-02
-1.465008006167295429e-02 3.335733615254696249e-02 -8.623736159992309580e-02 3.596267719690508791e-02
-2.147048790315512767e-01 -2.837723630572652200e-01 -4.135176459575135022e-02 -1.962734303371380107e-02
-6.773199254655666579e-02 -1.966652369118691013e-01 -9.400223435270134431e-02 -1.841145410785419156e-01
7.616374000773612485e-03 -1.501866064370462328e-01 -5.740536961455269815e-02 -1.333843791738926476e-01
-4.653197377766954412e-02 -7.612720141553258602e-02 -4.053666523841864544e-02 -3.202642966750986198e-02
-3.264275863085053242e-02 -3.880308422627438969e-02 9.230826388213400624e-02 -3.444881286549845989e-02
4.269738775909321521e-03 -2.611032276361547038e-03 2.357127488877945945e-02 -9.291284776767324421e-03
-1.460461775036454857e-03 1.568547623423631465e-02 -2.344600922950079713e-02 -9.409555001941433128e-03
-9.523235689897269207e-03 -1.075269127673024461e-02 1.025317401055223301e-02 1.610579056552020188e-02
-4.758603750982308422e-02 -5.568660079179352240e-02 -1.405244214803593600e-02 -2.791361330271514493e-02
-1.241835816198690740e-02 -4.430468845756635465e-02 -3.291458229075561182e-02 -6.537497291445176772e-02
8.502724267376002981e-03 -4.065078776447585834e-02 -8.484191725330825218e-03 -4.003194582488085740e-02
1.195562994967298842e-01 1.268502420349638393e-01 1.510737323921192976e-01 2.254412233415746258e-01
2.416269312650254353e-02 5.568891440776660429e-02 1.692434947414950264e-02 3.245745117261644719e-02
4.928121193982235027e-02 5.408547522859925849e-02 1.088456026821207900e-02 -7.835755699668420227e-03
7.437225660752333489e-03 -7.140043503455331675e-03 2.930479291760498817e-02 -1.521970113851798742e-02
1.621578249540179262e-01 1.642534495587608112e-01 1.080912670129125092e-01 -2.873024865362831803e-02
2.022462073923599057e-02 7.839279267538107332e-02 4.038066538695921082e-02 6.373243267528883038e-02
-8.366221204058568728e-03 8.775238714729254041e-02 2.089356371844960925e-02 7.987210135342406869e-02
2.134286592782919101e-02 3.850554133676506452e-02 2.325363491142704020e-02 2.026349768300317669e-02
1.420355491729921593e-02 1.985720533275453503e-02 -4.926307954580871895e-02 1.878343376156502154e-02
-1.158792267104817031e-01 -1.487742104137647625e-01 1.776445922111226094e-01 1.003928819770390363e-01
-7.048288057233498272e-02 -1.138281209297337254e-01 -1.711620694200138848e-02 -4.121336125313693199e-03
-1.009391916726468108e-02 3.298183534196025973e-02 -2.926938772927151905e-02 -2.876827854658720041e-02
2.307216686480023649e-02 -1.100826665825185846e-02 8.011179197079026926e-03 -8.079258604216772721e-03
5.368322431839600561e-05 -1.457766833397686201e-02 -8.971655247075424611e-03 1.405939421564373487e-02
1.642891619403202830e-02 1.941221630878683935e-02 2.415838667419201169e-02 -8.860239582079217080e-03
-2.299450116518904699e-02 -3.580992680013202895e-02 -3.329634216830824195e-02 -1.694165645494963637e-02
5.212776446952579676e-03 6.252413011681193407e-03 6.689526687286144122e-03 7.135491606857618727e-03
