-1.876158941960552218e+00 -5.537765040630264757e-01 -1.387834500132596904e+00 0.000000000000000000e+00
-9.108581285140844308e-01 -3.670942319951091548e-01 -7.330611195138148073e-01 0.000000000000000000e+00
-9.032386551349330661e-01 -4.953085745835402176e-01 4.926911839464698795e-01 0.000000000000000000e+00
-5.827486403217272404e-01 -1.084743157972552566e-02 -1.057157328560954346e+00 0.000000000000000000e+00
-4.480848801395747039e-01 -4.877586130944818743e-01 -3.132322812384333299e-01 0.000000000000000000e+00
-6.360012959980807512e-01 1.616567997810947954e+00 -1.932955835900992680e-01 0.000000000000000000e+00
-7.618800109311357760e-01 -5.234733466719909689e-01 -5.885779847925326491e-01 0.000000000000000000e+00
-6.772988534042260200e-01 -2.143503533198665434e-01 -5.356745780828062742e-01 0.000000000000000000e+00
1.376356463910546613e-01 5.085699945878520145e-01 -8.049270264007735154e-01 0.000000000000000000e+00
7.382348733987790235e-01 1.058702568211560946e+00 1.346558720103814277e+00 0.000000000000000000e+00
-3.761554920885886583e-02 -3.381234625619398138e-01 -6.658112892264846094e-02 0.000000000000000000e+00
-4.069078172905020163e-01 -2.558616992336376975e-02 -3.822360306109922057e-01 0.000000000000000000e+00
1.246646256439835343e-01 1.384043456831968860e-02 -3.617162434265287496e-01 0.000000000000000000e+00
1.280122343415483366e+00 1.379609638756769785e+00 7.575090634476634444e-01 0.000000000000000000e+00
-9.487004460081676083e-01 -2.733138707306038695e-01 7.895218093210772947e-01 0.000000000000000000e+00
3.696926000892991060e-01 -1.659660803941377660e-02 -3.790542668732584386e-01 0.000000000000000000e+00
-3.392694578955950946e-01 -6.736406612552542361e-02 1.179001658382808349e-01 0.000000000000000000e+00
-1.765007885466864102e-01 8.509275781547963602e-01 1.626679495202290604e-01 0.000000000000000000e+00
-8.232208707995744001e-01 -3.368159153368894820e-01 1.684316225047537197e+00 0.000000000000000000e+00
1.545631191562137075e-01 -2.696845218295738089e-01 -6.763854189197846534e-01 0.000000000000000000e+00
2.132097210912541341e-01 -1.103098804994213505e-01 4.277618197170757891e-02 0.000000000000000000e+00
-1.722976761433311077e-01 5.207658347985137659e-02 -1.801640425486543129e-01 0.000000000000000000e+00
2.447441590515156071e-02 -9.712259395072921075e-02 -5.656316662889429581e-02 0.000000000000000000e+00
1.040687764895159573e+00 8.541908825309205699e-01 7.753212540774098160e-01 0.000000000000000000e+00
6.029935519171258917e-01 6.866683643666017522e-02 -1.538202667063139628e-01 0.000000000000000000e+00
-2.784761331678253238e-01 -3.829764709001616807e-01 3.187057775029328854e-01 0.000000000000000000e+00
4.788492107100678075e-02 -1.753398061652648027e-02 -4.911616847363283189e-01 0.000000000000000000e+00
1.574538647031323291e-01 1.912203199460029701e-01 2.259760890609178730e-01 0.000000000000000000e+00
3.407199846116570896e-01 -4.400457570676876151e-01 8.244778515844097821e-02 0.000000000000000000e+00
7.420406734936549342e-02 -4.330268495895820899e-03 -1.853936135363327686e-01 0.000000000000000000e+00
1.394002129992785832e+00 1.833962995311466226e+00 9.178230613073394828e-01 0.000000000000000000e+00
6.653833070900450064e-01 2.032489317801279949e+00 -4.800345282378067346e-01 0.000000000000000000e+00
1.571445991082844218e+00 4.842171383380514671e-01 1.049053140211420043e+00 0.000000000000000000e+00
2.896494810607637693e-01 -1.122692017983338397e+00 -1.146548698657456899e-01 0.000000000000000000e+00
5.823934801719878873e-01 -9.053052499178902701e-02 6.308450657607025391e-01 0.000000000000000000e+00
1.292448588420989572e-02 9.315669276154421585e-02 5.717120373848663673e-02 0.000000000000000000e+00
-2.085376336362983890e-02 1.687225033232957888e-02 1.408493333399630197e-02 0.000000000000000000e+00
-5.209190631222155449e-02 6.011378612508748442e-02 1.372998422715212830e-01 0.000000000000000000e+00
4.176100570598857420e-01 3.306381749909038104e-01 6.774238395677159019e-01 0.000000000000000000e+00
2.102548874247006372e-01 -1.483426087050102316e-01 -4.383154432548518886e-01 0.000000000000000000e+00
-3.377112863452877423e-01 2.802275884379910598e-01 -2.299077637297840260e-02 0.000000000000000000e+00
3.307118942140359064e-01 -4.856267089871886822e-01 -9.342999255123858593e-02 0.000000000000000000e+00
-3.913123889966063640e-01 -7.128300690050671795e-01 5.125746083075589654e-01 0.000000000000000000e+00
5.061924207551312671e-01 8.166672395528096207e-02 -2.816985829931925034e-01 0.000000000000000000e+00
1.463275441489936268e-02 -4.654043906542144615e-01 3.498196490287942551e-01 0.000000000000000000e+00
2.070529807156188618e+00 1.236687611624038174e+00 9.296331858454922603e-01 0.000000000000000000e+00
-2.477182319082056328e-01 1.676905950894426178e+00 -5.977806125365525691e-01 0.000000000000000000e+00
2.340205502625407052e-01 3.962498775274478358e-02 9.729971972987168094e-01 0.000000000000000000e+00
1.969808804651528578e-01 -1.076908397700120590e+00 2.294548730722432706e-01 0.000000000000000000e+00
1.131036120612162188e+00 2.944320476312081158e-01 8.278889629714656362e-01 0.000000000000000000e+00
4.795688370761527070e-02 4.094944548248980465e-01 4.064052543082194435e-01 0.000000000000000000e+00
4.047292462392571566e-01 1.215183951391459738e+00 1.980826782309719203e-01 0.000000000000000000e+00
8.633832769906698568e-01 1.654562542691053961e+00 2.814472345230530359e-01 0.000000000000000000e+00
-3.534479945473517071e-01 1.617856781138872879e+00 8.139702772751730153e-01 0.000000000000000000e+00
-5.926422802798284595e-01 3.689130538677096172e-01 1.214871703409035941e+00 0.000000000000000000e+00
-7.259358896277372519e-01 9.344449814815425359e-02 -3.595830395888645059e-01 0.000000000000000000e+00
