9.353685048972444349e-01 6.714120451917432453e-01 4.979058933151727095e-01 0.000000000000000000e+00
4.685514374050502862e-01 2.352625856527790216e-01 -1.161764917466065611e-01 0.000000000000000000e+00
6.946987458995592668e-01 -3.211049361298574656e-01 7.247437759331888385e-01 0.000000000000000000e+00
-2.193869783043271293e-01 2.018938304673248418e-01 -1.378332639361476153e-01 0.000000000000000000e+00
1.959814357443134814e-01 5.134723544719489718e-02 -1.181386036280448609e-01 0.000000000000000000e+00
-1.169159603181475937e+00 -1.579939094788195830e-01 1.033914380536986366e+00 0.000000000000000000e+00
-2.553083616146060719e-01 3.875035082006329096e-02 2.963097132315485327e-01 0.000000000000000000e+00
6.214856187223654072e-01 8.513525517665349041e-03 1.773494391470296916e-01 0.000000000000000000e+00
2.953451190856078504e-02 -1.230271114924944842e-01 2.874440253619359696e-03 0.000000000000000000e+00
3.767597417683514471e-02 -4.695525185256458345e-01 2.239973729636370592e-01 0.000000000000000000e+00
6.167134255752825672e-02 -2.144362836435450420e-02 -7.717146291818957615e-02 0.000000000000000000e+00
3.373135821685186997e-01 -1.182442274984997488e-02 1.097191471091245596e-01 0.000000000000000000e+00
4.578703835860015170e-02 -1.082471274600155797e-01 -4.940178011453990464e-02 0.000000000000000000e+00
-7.396296114275086042e-01 -2.435398005374183883e-01 4.253582514111159396e-01 0.000000000000000000e+00
4.212665336552948725e-01 -2.205357509827467477e-01 -1.877829214061947360e-01 0.000000000000000000e+00
-4.001583703804652559e-01 -5.263129300492348783e-02 5.936968726459437851e-02 0.000000000000000000e+00
6.082687304472487178e-01 -3.852018952355001913e-01 5.257022304932512657e-01 0.000000000000000000e+00
-4.572587246854993293e-01 1.397006519007800707e-01 -4.234326581155781200e-01 0.000000000000000000e+00
-2.554461385153493636e-01 5.646976189203121166e-01 5.495588436810776821e-03 0.000000000000000000e+00
-8.897018733127018408e-02 -1.812364736610648508e-01 4.543864233766981564e-01 0.000000000000000000e+00
-6.153127768221070513e-03 -3.633121340302131186e-02 -4.250292850507968873e-02 0.000000000000000000e+00
9.078816686388434254e-02 -3.426150304144105763e-02 4.317363829159179961e-02 0.000000000000000000e+00
1.028277565234274500e-02 -5.463151562803579553e-02 -3.088141389874801690e-02 0.000000000000000000e+00
-4.321376710814735511e-01 -1.746855163292266311e-01 2.525706570302120868e-01 0.000000000000000000e+00
-2.345014462275471501e-01 -5.846717860227210184e-04 1.041740094361341545e-01 0.000000000000000000e+00
1.935293443868877916e-01 -1.277800348278266274e-01 -3.426428711763138124e-02 0.000000000000000000e+00
2.019595583806942651e-01 1.908926409625264220e-01 9.361532244126122282e-02 0.000000000000000000e+00
-2.740515398131564972e-01 3.766403524957449844e-02 2.611903973969136039e-02 0.000000000000000000e+00
-4.624590457037109359e-01 4.080593182962414800e-01 -1.497246608838864179e-01 0.000000000000000000e+00
1.337086612396932161e-01 4.932901991200923375e-02 1.523290546325771211e-01 0.000000000000000000e+00
-1.488644572768968999e+00 -2.144513314534231829e-01 3.475013933474099814e-01 0.000000000000000000e+00
8.028795215412378727e-01 8.033065558270144901e-01 -2.879161776526896754e-01 0.000000000000000000e+00
4.137669647635220382e-01 -7.234391542986372270e-02 -1.056195410016772085e+00 0.000000000000000000e+00
-1.180918431556247095e+00 3.757025800803804882e-01 9.212773601316288641e-01 0.000000000000000000e+00
-4.174110147496172818e-01 -3.165932159069053120e-01 -3.402203222587427689e-01 0.000000000000000000e+00
-3.445576614714321306e-02 -2.030122423490128905e-02 -2.116856269139425623e-02 0.000000000000000000e+00
-8.131788391772268310e-02 -4.072495188280346456e-02 -5.729108679846184327e-02 0.000000000000000000e+00
-2.380416201732574177e-02 1.706767637541711791e-02 -4.278461376473693262e-03 0.000000000000000000e+00
-2.689205868815152875e-02 -5.043948659811693658e-02 9.056306585365818396e-02 0.000000000000000000e+00
1.670653520014135640e-02 2.985073431549498807e-02 1.345819105425981876e-01 0.000000000000000000e+00
6.317272879031078647e-02 7.483095330269878831e-02 1.086438634248803742e-01 0.000000000000000000e+00
-2.152948671713225404e-01 2.244383233862135840e-01 5.988946640792222609e-02 0.000000000000000000e+00
-8.143706736056571804e-02 2.603536998105859257e-01 1.791561680722276173e-01 0.000000000000000000e+00
-2.158849912945801086e-01 1.427686288384268365e-01 -9.406541206563567847e-02 0.000000000000000000e+00
6.599428015357317046e-02 1.711887464086446486e-01 4.483120691501898264e-02 0.000000000000000000e+00
-6.946410125659068235e-01 6.092334870215437154e-02 -2.505195530555450190e-01 0.000000000000000000e+00
4.020484910004771817e-01 9.095721309924162945e-01 -3.440735775673409158e-01 0.000000000000000000e+00
7.450218112505277990e-01 9.271243241624142761e-02 -1.107483679615782979e+00 0.000000000000000000e+00
-7.605878579342483237e-01 4.606012773544909122e-01 7.795809688365257228e-02 0.000000000000000000e+00
-2.517082539137452737e-02 -2.764701671403581029e-01 -4.033956640148463335e-01 0.000000000000000000e+00
4.340506275869037735e-03 -4.766636892255147195e-01 6.265357551007559866e-01 0.000000000000000000e+00
4.283376763794188302e-01 1.489399998837423189e-01 -1.094241021006732151e+00 0.000000000000000000e+00
3.345393200473353312e-01 -2.050020964755111183e-02 6.549725166512037067e-01 0.000000000000000000e+00
3.219111467802741600e-01 -2.420279952369924492e-01 -3.741933712903052212e-01 0.000000000000000000e+00
7.136489108524909919e-02 3.726091000510987072e-01 -2.194481544965481701e-01 0.000000000000000000e+00
5.616065551655440719e-02 -4.284213037407839653e-01 5.864020650499642828e-01 0.000000000000000000e+00
