-8.359520554505583956e-01 3.150449845618372713e+00 -2.080757567132200947e+00 -7.911257888508315128e-01
-2.998536120456861132e-01 -2.421079088037923377e+00 8.024372554948769332e-02 -1.952180236595799923e-01
3.312772718998657218e-01 -6.698036773157819423e-01 -2.677435610233150354e-01 2.756592033051353807e-01
-5.755498645482031161e-01 -5.391885900571200096e+00 1.072596848545973369e+00 -5.907585550537582941e-01
-3.952939607234896568e-01 3.411195098026834627e-01 -1.698848311391253141e+00 -1.367651841040891381e-01
2.709404925035998057e-01 2.857541576434574182e+00 1.858472068840446578e-01 2.319349309540657822e-01
3.766145161650870099e-01 -9.906217001121420118e-02 -9.918071708285528532e-01 -8.096842758023512499e-01
-3.947016015392907362e-01 3.497636892709709233e+00 9.781860150125414322e-01 -3.359786133975707911e-01
-7.532652866126722524e-02 2.930310520482889425e-01 -5.547881794165796521e-01 -1.567500060855996635e-01
1.125725660400076711e+00 4.918396472424608312e+00 1.005037237915416548e-01 1.105682768295175533e+00
-1.277365869085488992e+00 5.418437887536320829e+00 1.017093903513249575e+00 9.379920097719699479e-01
1.878132669587596337e-01 -3.212265368462223769e+00 -8.398352752210045402e-01 3.415071553986917530e-01
-1.298920046880870149e+00 -4.389079670149404144e+00 2.231310930896432065e+00 -1.398250495677305416e+00
5.686220188562212119e-01 1.245119598040966835e+00 1.284915389349240211e+00 5.440898862598683161e-01
-2.214116903742555653e-01 -4.305006940699533047e+00 -4.253897849122048047e-01 -2.315511506292024513e-01
-2.506463181373228544e-01 5.619344248282411414e+00 -1.769533047546585580e+00 -1.752587009631337844e-01
-2.933749826211470291e-01 -2.384019042815631373e+00 6.116843494688815053e-01 -2.875263327151015846e-01
5.895422038592729175e-02 5.506473476844543358e-01 5.632131942893359167e-01 2.644072678230933726e-01
5.640110297683478824e-02 -2.832028241335691199e-01 3.392023659061851326e-01 1.086779195152214467e-01
-5.030883681851143763e-01 -2.176476463010983409e+00 -1.806250884183160654e-01 -4.807045639613197752e-01
9.636134738650117271e-01 -3.859025738104937098e+00 -4.483522508600617518e-01 -4.392607575395581221e-01
-1.779089985017083195e-02 9.956116019013928620e-01 2.919240073258448365e-01 -2.020296603795733448e-01
1.983907563669657037e+00 3.833995172499530923e+00 -6.707000055134638705e-01 1.862579401964586268e+00
2.969964580821235489e-02 2.365835928240910491e+00 2.902669181533342746e-01 7.096552174589632056e-02
-4.109933441610544858e-01 -1.656731299615684883e+00 -7.595792396388203471e-01 -2.525929340849946136e-01
1.272662682333380868e-01 -1.061794654352156719e+01 5.180922193509367446e-01 1.022181021203637241e-01
5.204928695396007221e-01 2.734536378253621391e-01 -6.142857445915677062e-01 1.245115754815669940e+00
8.199318784900960777e-02 -3.527617881718085879e-01 -5.822949811805998577e-01 -1.387045887075827044e-01
1.191811803969140410e-01 7.060204976948883382e-03 -3.155476917422247451e-01 -1.755140124548730807e-01
4.738603052380568892e-01 1.421179812910743800e+00 5.082024945770571289e-01 -4.760887187255682246e-02
-1.995076920456650971e-01 -1.975356072066392077e+00 9.689670561074791300e-01 -1.991251582638631223e-02
1.293586541837926096e-01 -3.628133157191993918e-01 6.280209526484510363e-01 2.553285306980205283e-01
1.118818474952797681e-01 -1.006149568079004020e+00 -2.103133091760949758e-01 1.076327238900784689e-01
-8.520679466721151063e-02 -6.101214136820016787e-01 8.291661580893266992e-02 1.989715778794022907e-02
7.578436401309744663e-02 3.552004212029385988e-01 3.273220199155320309e-02 6.970641738177885127e-02
-2.041488426020969249e-01 6.815239550930080048e-01 8.263583486153060209e-02 8.574609840210513367e-02
-7.315526189905469101e-03 -1.108337978430748438e-01 -3.758285012470575365e-02 4.382053650102805953e-02
-5.924503727935347408e-01 -9.135633015521352762e-01 3.463699246468154164e-02 -5.481857682289220657e-01
7.496294717154201870e-02 3.196848628042390783e-01 1.375163400829997606e-01 2.248562349584240158e-02
5.344413371779292363e-03 -4.898391056083827300e-01 -5.926393258413891613e-02 -3.272426872088014804e-03
2.207046548319412382e-01 4.087994807061682501e+00 5.295285393932550044e-02 1.131707680064285015e-01
-1.431408909400245510e-01 3.163579473325058844e-01 1.548694502781342575e-01 -5.365625149562899265e-01
-5.926544205765689466e-02 -9.185372331532674905e-02 1.426307361357204984e-01 3.908880029190106922e-03
-4.507280768138263727e-02 8.944453724807746586e-02 6.636733303623103264e-02 6.403704174053975740e-02
-4.549405289250592621e-01 -3.842768346987899264e-01 -7.185022398193569027e-01 -6.113585711536841799e-02
2.826749258799062803e-01 2.201090773840070458e+00 -5.231765025894790089e-01 2.131802469445638060e-01
-2.425754434175930035e-03 2.514549397075798165e-01 -2.802013865377453450e-01 -1.466000527285116761e-01
-2.841875374010123523e-02 6.976397061833787827e-01 1.311036937138474190e-01 -9.332094737206818313e-02
4.912523334351577564e-02 3.411725523589359543e-01 -5.390873281161449176e-02 -1.420274951397049526e-02
-1.694727162416867494e-01 1.141430627757746841e+00 1.760375204832643536e+00 -3.648229019835191878e-03
3.713946962790019013e-01 2.687574317361167253e+00 6.405552944262805637e-01 2.828255021921217971e-02
1.479645528640970153e-01 5.931450365339030473e-01 -3.968494015778520345e-02 1.612517160900046875e-02
2.026569999841170561e-02 1.654731511508280573e-01 -1.242873621168659320e-01 -4.027936426432814770e-02
9.047921035447623050e-02 1.101989214182275134e-01 6.313738015128630976e-02 2.475679821185526597e-02
-1.209383212521389639e-01 2.124915438456195516e-01 4.858747707771737118e-02 2.180918102617895177e-02
6.074518019434982374e-01 -8.010751089466929820e-01 9.467283748111283703e-01 5.831388529231525952e-01
1.642718392320796292e-02 6.292964548118948342e-02 1.397861244243616546e-02 9.764899829642324086e-03
