-2.297048094472498914e+00 -5.334270192709449354e+00 -3.958484046187733973e+00 0.000000000000000000e+00
-6.258937526281257435e-01 -1.598116895959819317e+00 -4.308710491488593752e-01 0.000000000000000000e+00
7.147818355113166877e-01 -9.387062669349527030e-03 3.310595229205473555e-01 0.000000000000000000e+00
-1.741658778729450185e+00 -1.056729941819742002e+00 -3.068103981240533074e-01 0.000000000000000000e+00
4.389291521520223283e-01 5.824714723207263800e-01 6.897366304621255217e-01 0.000000000000000000e+00
2.106766004230837402e-02 -4.518703913213991119e-01 -1.217580151991402237e+00 0.000000000000000000e+00
-6.220042652055176591e-01 -2.556513179577303063e+00 -2.632494225768682750e+00 0.000000000000000000e+00
-7.665888779485003912e-01 -1.077010439921987306e+00 5.399795022309961112e-01 0.000000000000000000e+00
1.001493035895090644e+00 -1.828338175720511591e-02 6.167932944118024174e-01 0.000000000000000000e+00
-1.257941281714330117e-01 7.813985384400236045e-01 -2.162369641933259867e+00 0.000000000000000000e+00
4.738647308444378647e-01 7.680752522239806535e-01 6.662643282251886623e-01 0.000000000000000000e+00
-1.907700282943604886e-01 -1.180910820198096234e+00 4.654445371717269575e-01 0.000000000000000000e+00
2.026555644219479591e-01 -2.638776298550646326e-01 2.180144638547965585e-01 0.000000000000000000e+00
-7.664837568573512616e-01 3.535931844129459822e+00 1.757038573210902621e+00 0.000000000000000000e+00
-2.519386667021052406e-01 2.215319188416678742e+00 2.543272665176764535e-01 0.000000000000000000e+00
-3.826917673910662510e-01 8.608323517289746540e-01 -4.201790523593505050e-02 0.000000000000000000e+00
1.025158694682293703e+00 1.288773364030608493e+00 -7.233927950133314244e-01 0.000000000000000000e+00
-6.830932661158098940e-01 1.276017344969162082e+00 -7.777008170580785862e-01 0.000000000000000000e+00
-6.544858332059668715e-01 -7.127067245140488172e-01 1.670296325238697921e-01 0.000000000000000000e+00
-1.126982773394102244e+00 -9.734493754586331926e-01 -3.888165639454729816e-01 0.000000000000000000e+00
1.839058031272813032e-01 2.933118271826472556e-01 2.498744879757205106e-01 0.000000000000000000e+00
5.859344390523510415e-02 -7.708283247958399587e-01 1.177141724837858366e-01 0.000000000000000000e+00
-9.352797599697593167e-02 -1.982753820394493882e-01 -3.686534349365157975e-02 0.000000000000000000e+00
-3.274153998871094651e-02 2.280542770133539232e+00 1.067178306670205190e+00 0.000000000000000000e+00
2.572632427695673574e-01 9.780932058337431512e-01 4.270509825877366605e-01 0.000000000000000000e+00
-2.609258288400658279e-02 1.212620747804186827e+00 3.334507167869976141e-01 0.000000000000000000e+00
-2.247062726894879958e+00 6.482450622653985750e-01 -7.481951173004695033e-01 0.000000000000000000e+00
-6.305193498144315845e-01 1.205829833298137199e+00 -8.281110046217846077e-02 0.000000000000000000e+00
-9.928081125630666692e-01 -8.706533987956485143e-01 4.104050449397824707e-01 0.000000000000000000e+00
1.194839365900417061e+00 3.097709388434297662e-01 4.292139012079617677e-01 0.000000000000000000e+00
1.584675593785029646e+00 1.030897482426208933e+00 1.975627337855274668e+00 0.000000000000000000e+00
-1.073046057339537285e+00 6.762744494244536941e-01 2.435136135184695849e+00 0.000000000000000000e+00
1.239768710398748697e+00 2.248973529459396214e+00 -3.786769971954331293e-01 0.000000000000000000e+00
4.939255106857914357e-01 2.133938368416136988e-01 -1.214516687639822345e+00 0.000000000000000000e+00
6.467887275909961486e-01 -2.455119031545478059e+00 -1.083713734190796085e+00 0.000000000000000000e+00
-1.766284017204124146e-01 -3.709652450633746934e-01 -2.113725030919564596e-01 0.000000000000000000e+00
-6.081653416666987083e-02 -1.297644934134288830e-01 -2.514948681277734965e-01 0.000000000000000000e+00
2.223520034609655777e-02 1.194049325228347114e-01 -5.134606198635823654e-02 0.000000000000000000e+00
7.225958352298444964e-01 -2.554971497769705641e-02 -3.089557078312779037e-01 0.000000000000000000e+00
5.158205071444802448e-01 -5.252483521009743139e-01 3.877821951919395438e-02 0.000000000000000000e+00
7.826524348267765996e-02 -5.345863497008730425e-01 2.267030271125284463e-02 0.000000000000000000e+00
-2.168434683879520986e+00 6.489146721400785855e-01 -1.167749116696415568e+00 0.000000000000000000e+00
-1.496074274029666862e+00 8.733674037276851765e-01 -2.743007112569868511e-01 0.000000000000000000e+00
9.861211692305017484e-01 -6.252820726585781586e-01 3.087890339759153391e-01 0.000000000000000000e+00
4.380053772729550765e-01 2.810032633327305129e-01 8.452009557830583719e-02 0.000000000000000000e+00
-2.667080600404946322e-01 1.762894474570161796e+00 3.417368483685920388e+00 0.000000000000000000e+00
-1.053183245263175971e+00 8.430710635987193058e-01 3.872881222492397857e+00 0.000000000000000000e+00
-9.320123068092652785e-01 1.958835337680039146e+00 -8.909154814385303323e-02 0.000000000000000000e+00
-7.783649811458692724e-01 5.653002262830492120e-01 6.180040334811385261e-01 0.000000000000000000e+00
-4.748044183529348539e-01 -1.414014488401119429e+00 1.253366179862283269e+00 0.000000000000000000e+00
2.204467151089922972e+00 3.273136353985074187e+00 1.473686476166469195e+00 0.000000000000000000e+00
1.932547747824302775e-01 3.952982213433161363e+00 1.430867170068675698e+00 0.000000000000000000e+00
-6.160174514929903644e-01 1.382663488249022077e+00 1.424017533819500747e-01 0.000000000000000000e+00
1.142559319944453478e+00 2.517764160582360411e+00 -1.657055237513776813e+00 0.000000000000000000e+00
-1.892015642217588889e+00 2.017676849236512471e+00 -1.834231630728939244e+00 0.000000000000000000e+00
-1.819639870128924253e+00 2.354748063521335588e+00 -2.974066287806011455e-01 0.000000000000000000e+00
