-3.815557471060699424e+00 -6.149902188329736674e-01 3.841506232089558076e-02 1.844965957914692367e-01
1.194350866202784189e+00 4.517746972349427903e-01 -1.042333084217572092e-01 -1.457923595484570678e-01
1.022906428846240834e+00 -1.896676480627514649e-01 -1.676219003046899858e-01 -1.082834391935157264e-01
6.829299318017541864e+00 1.093202905571173833e+00 -1.228642373873331389e-01 -3.999329802973158321e-01
4.409588686593175488e-01 3.956846007246280217e-01 3.024214664335551084e-01 4.398357830012052938e-01
-1.334287759286896691e+00 1.517172619373995945e-01 1.412625881886368506e-01 1.814073768214647525e-02
-5.396221402363385877e+00 -2.012897271401735910e+00 -6.241906622651850478e-01 -5.151707240506554486e-01
-2.723197117426831682e+00 3.917233299438717675e-01 1.625632178127220107e-01 -1.444024738951960873e-01
-2.381612105342383767e+00 -1.706876882789913619e-02 2.821957458512687755e-01 2.935541637503460421e-01
-5.672762732461250401e+00 -1.067691066115882936e+00 -8.837836167210411098e-02 1.644795320041404496e-01
6.450980137178827789e+00 2.405516868051867263e+00 9.089881561980955871e-01 8.649869141950495832e-01
2.667555980159773910e+00 -4.347261420349013417e-01 5.641091734510114003e-02 4.559184546402362259e-01
1.582915652391140071e+00 -5.432816687401236244e-01 -4.250485257721815513e-01 -6.670668939746907666e-01
5.523593720109793992e+00 2.366261990849115593e-01 3.646372493059762271e-02 1.012207757827504953e-02
1.886004145593094261e+00 -2.033008990084490542e-01 -1.976362854968985450e-01 2.743580547138898401e-02
-3.093755151463889463e-01 -1.272816378652821490e+00 -1.649053462584664301e-02 -1.481510255462528125e-01
-3.324926814507862538e+00 1.126939941377578663e-01 1.895496326851808522e-01 -9.493989785749570864e-03
-4.082182324172506371e-02 3.418688392478367866e-01 2.841547275955371155e-01 4.118451223786985804e-01
4.640608718410832445e-01 -1.772830256923077497e-02 5.931699198894870712e-02 2.128406370164615258e-01
2.171558415418122667e+00 4.619522979643345684e-01 1.096053100014266202e-01 -7.449006879322109254e-05
-3.054570717111523948e+00 -1.341300968747264566e+00 -5.891140378835509894e-01 -6.145875157133783295e-01
-1.028618345314256333e+00 2.286114989977244549e-01 -8.752510260680181065e-02 -3.024035947955497905e-01
-9.790417086062538354e-01 6.988651261453511232e-01 7.309509918972181275e-01 7.401398963074922177e-01
-1.058670839223871951e+00 1.005064450285207134e-01 9.220873303294320478e-02 -8.052559252168313420e-02
-3.995742823717536751e+00 -1.488474753095013758e-01 -1.894165275476657750e-01 -1.705814879977438636e-01
-1.554551868528547098e+00 1.480858165290003914e+00 2.923195036667294300e-01 2.430870819823709172e-01
2.258706981541495740e+00 5.482042568568084029e-01 2.998292690945520977e-01 4.860726487407441843e-01
-7.939748086259967863e-03 -4.072581831551271292e-01 -2.296453284413632057e-01 -3.571119123251688676e-01
-6.426821671381046652e-01 1.642978508485043454e-01 -1.088650682871351999e-01 -6.041206499349833364e-02
-2.673639879874956549e+00 -3.949133869354503612e-01 -1.716237262168006095e-01 -4.590621403676743983e-01
4.060864824873354095e+00 5.795041695178723140e-01 6.832874133084705648e-02 8.702546459145382718e-02
1.497533613830944299e+00 -1.638350667509853031e-01 3.525169211831771787e-02 1.021541134560765979e-01
2.391375257698071244e-01 5.948250610251573645e-03 -1.928634404897836344e-02 -7.842245381196040477e-02
6.076485445152332021e-01 5.859408934200617536e-02 -1.450346148281199399e-02 1.141061375474083095e-01
-3.033060976450154822e-01 -6.419361787070503034e-02 -1.825420880438903895e-02 -6.563990342956186469e-04
4.889626570431389596e-01 2.550642717970641460e-01 1.151352292891089091e-01 1.242499521633683990e-01
1.319768718350593228e-01 -4.085769966610812431e-02 2.134800854923416327e-02 6.325985666171098087e-02
-4.083041878196491670e-02 -3.691788353536040734e-01 -3.599434250118511147e-01 -3.598205348060183884e-01
8.951865348666020461e-01 3.398754258025903953e-03 3.406954668696533794e-02 2.440808065183366210e-02
2.103133499241651716e-01 -1.835763459348053669e-02 -1.476972043687332578e-02 3.755215944389646981e-02
8.062935841009486460e-01 -1.509831241859269368e-01 2.076481604180210327e-01 2.835234679728344531e-01
-3.507075658981155808e-01 -2.294500603807745898e-01 -1.132513523914776554e-01 -1.760594335734902427e-01
5.735140495947048389e-02 1.336403550521499117e-01 5.799803712251863641e-02 9.543695311364280842e-02
1.798170950003231405e-01 -5.400533638186862107e-02 4.002262629373197489e-02 1.097134005439317356e-02
1.884285655983159558e+00 1.005952158902091220e+00 4.964610126200252327e-01 1.025274825822770186e+00
-1.916039884361895984e+00 -1.215171650086672717e-01 1.454570085618124009e-01 1.722716031694900840e-01
-6.648034023639813883e-01 4.941809297856074312e-02 1.369981553352060677e-02 -1.116915706637055944e-01
-5.854819449583332364e-02 9.576532325609315999e-05 1.694614488025739107e-02 7.236892020523692792e-02
-2.182737208077670799e-01 -6.819400230539110139e-03 3.984129622663661399e-03 -6.806020428288604707e-02
2.668092191168726313e+00 9.709738999329576847e-01 1.408071142490993355e-01 4.649987391684065052e-01
1.183019502784868893e+00 1.708736103693725972e-01 1.490193569413661157e-01 2.306265993346966747e-01
1.716775392908437281e-01 -1.632134417752338362e-01 6.484532994381012744e-04 -2.543522020778831161e-01
-1.893786561963349824e-01 7.749739585798443020e-02 -2.858466886910421972e-02 1.208038434852811011e-01
-5.213223953010511780e-01 7.332801087768470172e-02 -2.812159661013553802e-02 3.818244983803370518e-02
7.827689720061652145e-02 -1.617265243531948449e-01 2.101521453312792803e-02 -2.361108832179536210e-01
6.953837874979301725e-01 1.043759605318544947e-01 -7.635011713495510645e-03 -3.228240425970253097e-02
2.754677779812227459e-02 1.144875015915810049e-02 1.011094179633174710e-02 9.568364101106464556e-03
