-2.632134398678775966e-02 -7.783878247232539627e-02 -8.750115452345136324e-03 -7.854680543852243790e-02
-1.966295668511549577e-01 1.481816545129416574e-01 1.536009879720374172e-01 1.234113115581026709e-01
3.365188451302614792e-01 1.603109851326527946e-01 1.603977035956936081e-01 1.475926443582014080e-01
2.136384744560292370e-01 9.555038893070091910e-02 -2.934491055037897339e-02 1.023869702954434135e-01
4.946192055902354223e-01 4.854827762515508821e-02 1.217733545331295408e-01 3.149221807012372171e-02
1.928018635090217037e-01 1.007784441622984195e-01 8.739145515943967657e-02 8.110359414515232179e-02
4.263047892798514371e-01 1.470581484749093892e-01 2.004957512690141441e-01 1.323998862550875288e-01
-3.781078831225598846e-01 -1.949788599501461328e-01 -1.486610346518891790e-01 -1.677504140386133491e-01
3.861724058999499998e-01 1.856747210696424732e-01 1.900841254010332826e-01 2.433517951411351687e-01
-2.353668335133459744e-01 -1.403336767203689772e-01 -4.035673680536450147e-02 -1.621870057310650648e-01
2.162409480150809249e-02 8.616501945051058264e-02 -7.106379047282715411e-02 1.437146249313144553e-01
8.275490622932443752e-02 8.492150346613366874e-02 9.322470223975603057e-03 9.456179029717100282e-02
1.024223748190240535e-01 3.441569887893204394e-01 1.305001245642139485e-01 3.215130568949648437e-01
-1.647073655751251364e-01 6.210653254052328487e-02 1.255840238969735401e-02 -1.223233462419769796e-01
-2.959158318933056697e-01 -1.165114723532999497e-01 -1.112059206960713670e-01 -1.256266955822154807e-01
9.702261339595605882e-01 1.219426338298178203e-01 1.772731730438227571e-02 2.457129324036915474e-01
-1.578048018376307093e-01 8.133069115053639941e-02 -8.311982574312350158e-03 7.096471828671781223e-02
-1.018617146399470874e-01 1.856468838214073852e-02 -1.769092047173863314e-02 -1.096289335300507095e-02
3.117249768225674456e-02 2.568275680612601419e-02 -4.005029397780171876e-03 -2.512544199626168262e-03
7.158398480106087369e-02 5.022430726093519981e-02 1.153883850310626416e-02 6.602673004136014323e-02
-8.212468773527092925e-02 -8.740885226049011081e-02 2.166812188221784591e-02 -1.369783509788835008e-01
2.331560291901838000e-02 -3.127324352406095354e-02 1.053365396924039153e-02 -6.243630889801787820e-02
-1.500954705717147675e-01 -6.345546471006258127e-02 1.386314350111117477e-01 -3.866055810654174529e-02
1.417249046485398178e-01 5.317171388221943185e-02 5.609514595566764128e-02 7.506566856181248748e-02
-1.304859361909696536e-02 -5.726985113282681561e-02 -1.369026168569393090e-02 8.853201154051737465e-02
-8.053984940856268038e-01 -2.279101023452053953e-01 -3.605572674312176873e-02 -2.087555204026046440e-01
3.298511975584926814e-01 -9.710441841440115018e-02 2.889244086398819883e-02 1.356791787969330310e-02
1.976749966427778782e-01 -1.774130129571377390e-02 1.258083039344135706e-02 1.334059113248056705e-02
-4.767962865380644122e-02 -1.671268712589274452e-02 1.102926502926510066e-03 2.064101006860604576e-02
-4.468691669806768019e-01 4.780294550800370801e-02 -2.684607251722403998e-02 8.474973707566678394e-02
-2.107566081940500657e-01 -6.101707563699909631e-02 -3.290246793178579210e-02 -4.163160143858460338e-02
-1.787426003743229630e-01 -1.160732108614949548e-01 -3.113713061000551729e-02 -4.136654336017397959e-02
-9.336766099021526211e-02 -4.371589754373166048e-02 -1.117592066605375273e-02 -3.389995153764303881e-02
9.376957256054474499e-03 -1.290768577686493557e-02 -1.787382357016295553e-04 1.962320372644642263e-02
-5.767670854976175709e-03 -4.732263140729631515e-03 1.210794815683654147e-03 -8.088879304048784621e-03
-1.709759773914593800e-02 -1.579206702768512841e-02 -3.743665039723253346e-02 -3.352310458718013933e-03
-9.002782431959970369e-03 5.177800137425416296e-03 -2.484036512639216897e-03 1.519386066020323757e-02
1.250013408869646847e-01 8.381055970556877677e-02 2.738250735226869376e-02 7.880978094868432149e-02
1.355190667252809816e-02 9.134149538362487664e-03 -9.496814616050614291e-04 -2.295903808822645498e-02
-2.148600556851489041e-02 -8.960857106119827359e-03 -1.038113750431273949e-02 -1.540418863170318897e-02
2.941145469289714320e-01 1.692550850071348756e-01 8.788726133612526081e-02 1.592847415890400464e-01
-9.767751292513383865e-02 3.345138969069110652e-02 -7.300865396654827172e-03 -6.773288463201227946e-03
-6.542832355965785829e-02 5.867814595732330496e-03 -2.739507817762352158e-03 -2.613020990820177393e-03
7.047217858217789954e-03 4.680005279541529783e-03 5.349105410753260230e-04 -6.576366722728699959e-03
2.740333272604465464e-01 -1.109492292987737661e-02 2.965631228132779851e-02 -2.972708951946399780e-02
1.146021531371575752e-01 1.389510318729378358e-02 3.273954617281193968e-03 -1.512600675123502991e-02
9.488449476894435242e-02 5.068022808101547982e-02 7.745470019025404475e-03 1.181536675183639251e-02
5.983181285674536720e-02 2.013462108443483251e-02 4.610206541847794437e-03 1.100167471221516480e-02
-1.610033476653435769e-03 4.179241371560893370e-03 -5.234179613722994562e-04 -8.469742333722276098e-03
-3.769697471539590339e-01 -7.633823014481902480e-02 -1.135201185475233354e-02 -2.370854089600344106e-01
-2.437840793835000519e-01 -4.586489059282292113e-02 -2.058052309793421270e-02 -1.292526286661070389e-01
-6.995618779511322827e-02 -2.930801198382682049e-03 -1.321422802359919352e-02 -3.592665362272462470e-02
-1.307728381032965959e-02 -3.432436393491222759e-04 -4.795607866414541148e-03 -3.793811710805561344e-03
-2.317099775489715394e-02 -1.124168197657550439e-02 -1.978374905332896949e-03 1.351720281530952028e-03
3.768935538268123470e-02 -1.440839877876656620e-02 -4.496845240858221571e-04 -1.095789514624929961e-02
-1.303811893447262560e-01 -1.444189927500484465e-02 -2.470544826433930877e-02 -9.296739836249196670e-03
2.098045119286789852e-03 1.367706903282096690e-03 8.657299860486523209e-04 1.403734293698784925e-03
