5.990323325808732946e-03 3.276277642848893223e-04 -4.422084943697807136e-04 1.162472324903629506e-03
-4.748287044249344113e-02 -4.690556687432402561e-02 -4.687564233292272620e-02 -4.700591967372372282e-02
-4.615030423847565899e-02 -4.682574983789823675e-02 -4.687841687766775706e-02 -4.666891897315392224e-02
-3.208959921237305446e-01 -3.134004653651173422e-01 -3.112101056962533474e-01 -3.147554045192734185e-01
3.655273871743580649e-03 1.804426118912922511e-03 1.642626720672057949e-03 1.748034881986881839e-03
1.840479698250740981e-03 1.752224682354402291e-03 1.765153389837958997e-03 1.671202816029837557e-03
-2.438176238519829120e-02 -2.901560167144815600e-02 -2.855533092494760838e-02 -2.824968316325759954e-02
2.765791114377114113e-02 2.907713115254538863e-02 2.939962146264975262e-02 2.883912615942546553e-02
3.569487148556649281e-03 3.468077813855684199e-03 3.367683239300311993e-03 3.478025797410827513e-03
5.115223756567699454e-03 7.572887139139922175e-04 -1.637573142847098540e-03 1.524977203443800278e-03
-2.018555029154800451e-02 -1.326511777142748427e-02 -1.482121549825721196e-02 -1.459570838765539280e-02
-1.015190531974335952e-02 -1.138594666345225936e-02 -1.204829764217857369e-02 -1.125446767208254650e-02
-5.375731664334693072e-03 3.151811731098349417e-04 2.040818047228165621e-03 4.488152714929860565e-04
-4.699708626199061712e-04 -1.694740901833774460e-04 6.353939566987321097e-04 -1.897962530379437851e-04
-1.847346121131465679e-03 -1.583833242917642367e-03 -1.557123425695527974e-03 -1.549526700678097862e-03
-1.197512842040948655e-03 1.976229579085109211e-04 -1.892331205240738168e-04 9.165598318450207671e-05
-5.083642055052628450e-04 5.484672294071846199e-04 3.723047640794563407e-04 1.525709323545176854e-04
8.709159549273870482e-04 4.814611822995390478e-04 4.251806057155027574e-04 3.302823841100366309e-04
-5.782696881735382988e-04 1.016212892421888836e-04 1.638408707226139682e-04 -7.848645937864884292e-05
-2.465707008234951925e-03 -1.302041827768184168e-03 -1.823953577141101956e-04 -1.396182404012707989e-03
2.008949416986816061e-03 -1.750229443407743529e-03 -3.617118858893486610e-04 -9.343185849615687211e-04
2.112461845099722346e-03 2.641804880811820383e-03 3.141165689756530988e-03 2.621033096398911466e-03
6.322830747198304735e-03 1.795931556492130765e-03 -3.017478493868019918e-04 1.573174938037880111e-03
7.418288093314906462e-04 5.468702155675686516e-04 4.931395841070163044e-04 5.684237691253590796e-04
8.640437660778488294e-05 -2.050530942454831251e-04 -1.002548841904787880e-03 -1.771873094664200288e-04
1.105487694545437272e-03 -3.054835596159322098e-04 7.971594280677118949e-05 -1.250089883735316931e-04
1.212552084835616384e-03 -9.880649879733666152e-05 -1.864656343953940976e-04 3.983604875912871712e-04
-6.602658866616817335e-04 -2.963281357656055715e-04 -1.707862291383532849e-04 -1.493309191916217249e-04
7.083808755835585558e-04 -1.009822475603640302e-04 -1.808345730574395516e-04 7.566843766357300716e-05
4.321567010230342731e-04 -3.000275853565215201e-06 -2.054816935700420899e-04 1.015465473079846248e-04
-7.550945026224553658e-05 -2.241557411281069889e-05 -1.532567280637664453e-06 1.227103325175948889e-04
1.408212874302039452e-04 1.058266254150494468e-04 2.543052983077637164e-05 1.203903589933053020e-04
2.305343798120196297e-05 8.268444822380482950e-05 -1.142443428939765582e-04 -1.864650881450158337e-05
-3.407706088576212267e-05 6.706529708020922409e-06 2.062167929745006845e-05 1.254270053072104041e-04
-9.703792999624094584e-07 -1.174102007395899649e-04 -3.055102021249228583e-04 -1.392579536018193065e-04
-1.948965605472446905e-03 -1.259329009903645616e-03 -1.625716598126908385e-03 -1.422410451049578584e-03
-1.812448992391836600e-04 -2.708119611251552997e-04 -3.911317022881992400e-04 -2.711162438468611713e-04
-1.644407547686466131e-03 -5.870342538105595420e-04 8.109977918341337855e-05 -5.215274485212417765e-04
-5.013408487121451262e-05 3.924059191474232877e-05 2.383788515184503964e-04 2.115674261750355445e-05
-1.128118694049828896e-04 -7.098191400737620393e-05 -5.055839393205974197e-05 -8.367881936258841913e-05
-2.183578513684225619e-05 3.481149730981680790e-04 2.100532660671561302e-04 2.759786548987563926e-04
-2.546303485542467104e-04 1.452411558782399498e-04 2.126368073573636774e-04 -6.055208307386567013e-05
1.371894125095085570e-04 6.281211825705582119e-05 1.585768593874437027e-05 1.506370237547294266e-06
-1.873875534451896474e-04 2.401587814287228090e-05 4.778235078879006226e-05 -2.691200187324160886e-05
-2.618268399872114571e-04 -1.612853129579622236e-05 -3.082697035305947963e-05 1.005882420512804742e-05
1.582341130021147624e-04 7.159906694335915756e-05 2.066111140754944842e-04 6.396032691899367073e-05
-4.956888714729990042e-05 -2.843772374486880361e-05 -7.797811607257454369e-06 5.001217214611886064e-06
-1.319079429937253245e-05 -4.712220310815196100e-05 3.022052403375830032e-05 1.722117345245854914e-05
2.041343934489070477e-05 4.257981513698574222e-06 -2.484129422143654953e-05 -6.173501585929330737e-05
1.043894095145297962e-04 3.817543409555257394e-05 3.500155790524539512e-04 4.807498246028885092e-05
1.300007613664055928e-04 1.152009647609197884e-05 1.359090691417375041e-04 2.608050448680843125e-04
1.675805329484636452e-05 -9.850627741114781344e-06 1.581769674808275461e-04 1.396959396628566497e-04
-8.122423791934174631e-05 -1.817729090843739348e-05 1.676766413247765541e-04 6.760390468102395189e-05
4.918865483860557219e-05 1.522995990874825845e-05 -2.257117772119787702e-05 7.799070959474407871e-05
-7.181354584898103077e-05 9.710072668773356286e-06 3.145013538832786004e-08 3.597776686287135206e-05
8.734920831458238277e-01 8.748235952255751791e-01 8.748750846831461203e-01 8.746927917649358619e-01
9.252078215863816235e-06 5.817617233175806921e-06 5.455545336172765744e-06 4.140939011600389427e-06
