-2.972020882484994075e+00 2.296046085468341325e+00 1.358528741732186296e+00 0.000000000000000000e+00
-4.879315816391299743e-01 1.476014879062128804e+00 -2.431267751787685172e-01 0.000000000000000000e+00
6.861942016794098098e-01 2.471404376405761383e-01 4.082298047894407311e+00 0.000000000000000000e+00
3.031052850131947807e-01 -4.391431441580639361e-01 5.605229089193949354e-01 0.000000000000000000e+00
2.724865444898995070e-01 4.657899353749939686e-01 2.256743825673359904e-01 0.000000000000000000e+00
-1.563657029175406429e-03 -3.275878012424365160e+00 4.438717051157123894e-01 0.000000000000000000e+00
-5.810990198841047283e-01 1.887534579130787149e+00 5.485588731969721632e-01 0.000000000000000000e+00
-1.844857799167596776e-02 -8.081554265159834882e-01 2.528853967644469236e+00 0.000000000000000000e+00
-4.943485934074072219e-01 1.078599825968976411e+00 5.610364472387748824e-01 0.000000000000000000e+00
-7.975049872686396091e-01 -2.081278405510898821e+00 -6.444842583517319812e-02 0.000000000000000000e+00
3.721215084377010318e-01 4.646027651184169577e-02 1.757306851559808369e-01 0.000000000000000000e+00
-2.872474657776470930e-01 -6.099181655396089807e-01 7.643428925560861176e-01 0.000000000000000000e+00
-5.820750504671758918e-01 4.168631514254342307e-01 2.318902496932650700e-02 0.000000000000000000e+00
8.741383484050977426e-01 -2.885419261447130790e+00 -1.008273741171520133e+00 0.000000000000000000e+00
-3.038733857786161171e-03 -3.208776277519088893e+00 -4.261776361306239824e-01 0.000000000000000000e+00
6.707553424086029059e-01 4.355645306126406102e-01 -5.190807124913884296e-01 0.000000000000000000e+00
1.451976818845927220e+00 1.942133473573004698e+00 3.686325154218491829e+00 0.000000000000000000e+00
8.570021654452288917e-01 -2.124772793468889809e+00 1.830792934368281388e+00 0.000000000000000000e+00
1.193141337233035504e+00 -1.008055759838241805e+00 2.912930704200306309e+00 0.000000000000000000e+00
-5.049518656974500974e-01 -2.034410727442732131e-02 -6.866957079113572560e-01 0.000000000000000000e+00
2.259732004503125780e-01 -5.733900630580874430e-02 4.675948249629634235e-02 0.000000000000000000e+00
-2.941674912845338441e-01 -1.879538822693590239e-01 -1.589503346475868162e-01 0.000000000000000000e+00
-2.720350375239844465e-01 5.954372180466406539e-02 -2.088242137490466943e-01 0.000000000000000000e+00
-5.613483740447009623e-02 -1.712772194258306069e+00 -1.715861361727912371e+00 0.000000000000000000e+00
2.286703071614375193e-01 -2.761205603347741122e-01 -6.064728294019684079e-02 0.000000000000000000e+00
1.523012518886335785e-02 -5.194472963423081291e-01 -3.207840105270637898e-01 0.000000000000000000e+00
1.134065365853162310e+00 -6.104645912363964033e-01 3.350672265626664648e-01 0.000000000000000000e+00
-2.869205332323440313e-02 2.425427279880370879e+00 6.345759346452791716e-01 0.000000000000000000e+00
1.290008286589931219e-01 -7.564849321818675199e-01 5.032488034672591981e-01 0.000000000000000000e+00
-2.755605607422735859e-01 8.008988835380866922e-01 -1.153397112588898654e-01 0.000000000000000000e+00
2.152531817039781359e+00 -4.265152972080137772e+00 -1.519575726362917933e+00 0.000000000000000000e+00
1.533026428795341234e+00 -6.940405841779980767e-01 6.990249516915714167e-01 0.000000000000000000e+00
1.243378065239059360e+00 -4.288688920728656484e+00 -4.682352791346045540e-01 0.000000000000000000e+00
1.111215974855825239e+00 9.451889001052136141e-01 -5.881927544019738274e-01 0.000000000000000000e+00
3.115726139551862617e-01 1.231804137533795362e+00 -1.254073558388418275e-01 0.000000000000000000e+00
5.295040259855109642e-03 1.630900278975696074e-02 -3.246738768032967487e-02 0.000000000000000000e+00
-4.558291492525157196e-02 -1.142114452258801843e-01 -1.853468023026196010e-01 0.000000000000000000e+00
2.597377059108931796e-01 -3.594288277946450227e-01 -9.005294242931524695e-02 0.000000000000000000e+00
-1.230543237442851989e+00 -7.058159415126130654e-01 -1.486512082023050185e+00 0.000000000000000000e+00
-3.522705305028024925e-01 1.105822365041617017e+00 -3.428433130494112357e-01 0.000000000000000000e+00
-4.667779927510876115e-01 -1.355659373186130223e-01 -7.317870975091408936e-02 0.000000000000000000e+00
8.292902292184218815e-01 -9.377800964069267220e-01 -1.473299133492058433e+00 0.000000000000000000e+00
-5.514333209258631859e-03 4.867415379947099829e-01 3.161755468653006385e-01 0.000000000000000000e+00
-5.990631082315798217e-01 -3.902075721417728182e-01 -1.037593858482174891e+00 0.000000000000000000e+00
3.578375250202440183e-01 -1.883601541633893595e-01 -1.850196959777075101e-01 0.000000000000000000e+00
2.369834623680767915e+00 -3.800262896347078367e+00 -2.905461588481736968e+00 0.000000000000000000e+00
2.733393162319698533e+00 -2.079432964872743206e+00 3.974593853732046878e-01 0.000000000000000000e+00
-4.869271180820883282e-01 -2.549084536631480713e+00 -1.299155933391551221e+00 0.000000000000000000e+00
9.279478574785916534e-01 3.942324441745199692e-01 9.187703606285997637e-02 0.000000000000000000e+00
4.960595610396972832e-01 -6.640402864671203220e-01 3.387024015496251650e-01 0.000000000000000000e+00
2.048467938565934343e+00 2.365297899135165860e+00 1.589518626645503252e+00 0.000000000000000000e+00
1.205813581159575598e+00 -1.483319297021149064e+00 2.456251505367037957e+00 0.000000000000000000e+00
1.936478693985117072e+00 6.287383573131462011e-01 7.814244341350451428e-01 0.000000000000000000e+00
-1.427116105113734601e-01 -3.425364090546864748e+00 2.946374794654409879e+00 0.000000000000000000e+00
6.598344022672816278e-01 -1.020740095120909879e-01 1.742888606960252718e+00 0.000000000000000000e+00
7.095099098012711547e-01 -2.215965386197590592e-01 -2.419278510042905950e+00 0.000000000000000000e+00
