-3.097238971744186387e+00 6.688784884288097032e+00 -1.395616641376969280e+00 -8.944227314033914578e-02 -8.398552059685346904e-01 3.431132977034238252e+00 -3.925178473938464307e-01 -1.461222937913314368e+00 -1.604680009279156883e+00 -2.356248192706633660e-03 -5.414122145785489337e-01 -2.600454725432094216e-01 -1.578090851582706122e+00 -7.888909513537889495e-02 -4.654248524509707607e-02 -6.927629095009410487e-02 1.924364347969431677e-02 -2.756163013199550704e-01 -1.909361420016582045e-01 2.145579346558212919e-02
-4.826252541816438146e-01 -2.307204146806940415e+00 -5.716434686950544464e-01 -9.229473230992364385e-01 -5.093918574317641834e-01 4.155331617048886983e+00 -7.664989671806692328e-01 -5.029258653278747548e-01 -4.582266181185735143e-01 -7.111890290229285760e-01 -6.896749630778411522e-01 -1.128433703729731619e+00 -5.549169198336476594e-01 -6.158726582270901417e-02 1.682548351418455823e-01 -9.919895871638224616e-01 -1.182423770222461590e+00 -9.925337886466696347e-01 -8.890066050796496810e-01 -9.398974828909065771e-01
-1.618703165270783506e+00 -1.750312603110671716e+00 -1.043369920017673813e+00 -5.215820967865030244e-01 -9.887967967482897969e-01 -1.192939999412828911e+00 -6.848548017104383323e-01 -1.146672522906494907e+00 -1.400638342189310936e+00 -3.665663878303311307e-01 -8.230332127503219297e-01 -3.223208780097559512e-01 -1.065354826628555740e+00 -4.175130517616754133e-01 -4.978812576932618583e-01 -4.452066485178399202e-01 -3.181068236227093116e-01 -5.461135172145628047e-01 -4.135720781748370989e-01 -3.289945860178700165e-01
1.511332612499163730e+00 -6.452304716475779856e+00 4.873676410298612982e-01 1.355273393716742436e-02 2.564207696052609453e-01 5.899275852830498934e-01 9.108557345450207787e-02 5.325505088532724862e-01 6.016447878612274369e-01 6.981458075279167730e-04 1.461986998139186422e-01 3.767315642058015335e-02 5.811704122003185091e-01 2.817150079359631576e-02 3.804167768625477120e-02 1.274177931009393139e-02 -4.038948957968246933e-03 3.633628581799730473e-02 2.721164862799818618e-02 -5.801059758296062130e-03
-2.584423839098951015e-02 -9.395641332709703253e-02 -6.929656231352715468e-02 -2.248841182151729845e-01 -6.131987705418179280e-02 4.201383052736957779e+00 -1.278172322291303564e-01 -3.343231438335292349e-02 -2.131242281477220210e-02 -3.382562413060116180e-01 -1.092138162436158966e-01 -3.641785691360816535e-01 -6.003104931541658473e-02 -3.369607957466485004e-01 -3.127233434256113664e-01 -2.944114010749028232e-01 -3.461967797816519199e-01 -3.728464774584394625e-01 -6.284751792313780783e-02 -3.863476661121103550e-01
-1.227945284654373692e-01 -4.379512640625549125e-02 -7.209970320539460520e-02 -3.498467943273359665e-02 -6.832080914467747457e-02 8.691603230427613624e-02 -4.258155598054097490e-02 -9.102896235887097953e-02 -1.056470428185744409e-01 -2.818661126027376118e-02 -5.504703387140866960e-02 -1.511508768247332712e-02 -8.323668976755005389e-02 -5.184604948992610485e-02 -4.362561055897051787e-02 -2.991144511983503951e-02 -1.878069497739692784e-02 -4.041359513371922674e-03 -2.524057787483369175e-02 -2.208377614730523686e-02
-1.649683593262132320e-01 3.077401712448132542e+00 -7.222871673697450756e-02 1.371471881684240834e-01 -1.214291583237122607e-01 -1.088316019936348766e+01 6.435126272825530958e-02 -1.394181806050882599e-01 -1.891549783415100716e-01 7.378853669725193853e-02 1.715808129817952832e-02 2.088132682762590120e-01 -9.045621322737251724e-02 -1.184138871828430695e-01 -2.764474774292453585e-01 1.610003418924508267e-01 2.310499379702345146e-01 1.673606602303034929e-01 1.338326036330336199e-01 1.424807521643757235e-01
1.135426838686330875e+00 1.846219074241219005e+00 5.111393722976586007e-01 1.617047707904880061e-01 4.626576172071796833e-01 1.915182706556635139e-01 2.487283615261389191e-01 6.029231926777163242e-01 8.692666151231305260e-01 9.760200854553857663e-02 3.403127531197964739e-01 7.352661736040244644e-02 5.283170103776045901e-01 1.169730126032850759e-01 1.618469792395034190e-01 1.284199172787955090e-01 8.030732586616695645e-02 1.490555809239944018e-01 1.101658871425188480e-01 8.273308387402215913e-02
-1.672257537287112905e-01 -7.245295826649051918e-01 -1.892834871371496530e-01 -1.993070621975009393e-01 -2.182042377492907637e-01 4.781620176266585531e-01 -2.065940740903129957e-01 -1.706049693341142870e-01 -1.766404635230940379e-01 -2.225372540641159524e-01 -2.003473792860113734e-01 -1.932232849804594310e-01 -1.833281913139389596e-01 -2.186171619427719204e-01 -2.578163176355532382e-01 -1.976661285807945478e-01 -1.673970705563009309e-01 -1.953315062929701362e-01 -1.834871651182838903e-01 -2.044546441908065004e-01
-1.290634727104116308e-01 1.242654759972987577e+00 -1.941320460114479007e-02 -7.694562299697272484e-05 -7.867639921202401743e-03 -3.659677036950711226e+00 -1.387331046205388801e-03 -2.368490041692541265e-02 -2.825558665131436276e-02 -6.453488354593540574e-05 -3.494926034496921574e-03 -2.743457499467768287e-04 -2.620704570646789633e-02 -4.645874008377360795e-04 -1.204875778964144273e-03 -2.241074002625277400e-04 -3.602192558791925646e-05 -2.071519212005126093e-04 -1.526544975806671048e-04 9.326382064817214344e-06
2.384614258271744447e-02 3.299210377079049294e-01 1.097387560687598795e-02 -5.098590140258443815e-05 1.582127199276345958e-02 2.076631637300306465e+01 2.213785062985265673e-03 1.961192877697068293e-02 2.806487478211451558e-02 1.025455059141127528e-03 4.310004079835817736e-03 -9.855261583591578417e-04 1.324383716679172762e-02 3.617713072190720247e-03 9.906166425704097944e-03 -2.848240264032115762e-04 -1.699657179811870072e-03 -2.911046576941772601e-04 3.860698438600193572e-04 7.616692255528337632e-05
-1.397194751296974013e-01 2.297582811106835265e-01 -2.691168854459241588e-02 -2.749367458706431303e-03 -2.192041517831920874e-02 3.288812684161484867e+00 -6.140903692381039294e-03 -3.780378114262150646e-02 -8.104832221799890268e-02 -1.130419842502471128e-03 -1.215857996745298847e-02 -5.400023665223623037e-04 -2.853585834643038166e-02 -1.502248909210014000e-03 -3.703012298160220789e-03 -1.883543559843502396e-03 -8.630457222140121201e-04 -1.729149746246917696e-03 -1.113435798469003882e-03 -8.458706457855683352e-04
-6.468686975924661797e-02 -2.655704135412042532e+00 -4.519847230193703436e-02 -1.497848029954485828e-02 -4.473462290137772412e-02 -4.325597343602930778e+01 -2.682449447338795812e-02 -5.832611289155291423e-02 -6.619645312311267515e-02 -2.847200749242689843e-03 -3.285079982162897316e-02 -3.636094650215755675e-03 -4.846631848918639407e-02 -2.604236769471190982e-03 -9.462664371062190494e-03 -8.026189283608712449e-03 -4.317384518976456059e-03 -3.437451352009235350e-03 -9.220187254620093587e-03 -1.415996537105560643e-03
3.473188025941237322e-02 -4.828144032479926295e-01 9.264646913168084197e-03 1.585038201938853211e-03 7.515924767414377053e-03 1.524549880692688930e+00 2.722738083748277998e-03 1.594948834890025369e-02 2.307320629940848994e-02 8.591917642278359968e-04 4.141780367452448097e-03 2.119774319287257708e-04 1.264772832946484127e-02 1.839529386946531578e-03 9.372046748840068275e-05 1.145592538449967737e-03 3.626273158069965707e-04 -2.197002725055907657e-05 1.527705552080064685e-03 6.012320600282505378e-04
-1.414503363655843227e-02 -6.255438139322258451e+00 -1.982197137883112692e-03 3.339076543007250125e-03 6.353830048477355358e-03 -1.433869575483777226e+01 3.641470232876160146e-03 -8.338693756561738057e-03 -7.830707962926786170e-03 5.014232069487450927e-03 2.024477707014749051e-03 3.212495251080844591e-03 -5.552092730684049515e-03 4.784267523298205149e-03 1.592005857257194901e-02 3.740534442403286534e-03 1.849126849873474095e-03 3.657444941011396555e-03 4.123562114852238718e-03 4.155573495936372777e-03
-7.384475352619539190e-03 1.408332827396049147e+00 -2.523427767158181734e-02 -4.287278897739828232e-02 -2.786689943259032520e-02 4.555386742262271582e+01 -4.502220812288514062e-02 -1.814280201511606072e-02 -1.357123131242586253e-02 -5.284133153939436084e-02 -3.733994209230208361e-02 -5.853068635237767409e-02 -1.984809342116394815e-02 -5.934932505665604929e-02 -5.568065860632076536e-02 -4.535403970747148295e-02 -4.435662755469779728e-02 -6.540463551398992270e-02 -7.075012069418266936e-02 -4.741699088282168989e-02
-1.723952444824871505e-02 7.426239685747678010e+00 -3.356922439454888829e-02 -2.521067278635105713e-02 -3.182946939901078881e-02 2.113459849754508468e+01 -3.223300922813220060e-02 -2.762891910221298986e-02 -2.502391487859967345e-02 -1.941222959503487167e-02 -3.175688369640570358e-02 -1.564193925993342255e-02 -2.961337484721832808e-02 -1.718869717608173531e-02 -6.478329490914891409e-02 -2.205815488359098159e-02 -2.011667887920180059e-02 -2.094985289891533597e-02 -2.822235245983945734e-02 -1.776917129515710389e-02
-1.417595051004885698e-02 8.045513995413685393e+00 -1.316645951266259829e-02 -5.361904724768249558e-03 -1.048391550889746227e-02 -5.398544273441871155e+00 -8.144958061003744476e-03 -1.475144613109893171e-02 -1.504794655047750340e-02 -1.196977398629332778e-03 -9.729623079981583600e-03 -2.683664630354472280e-03 -1.533041468165796672e-02 1.400381275707698880e-03 2.144461749369108716e-02 -4.158312323558859339e-03 -4.133953747248460264e-03 -2.823635010547567714e-03 -4.357555007772925468e-03 -1.864149716251572650e-03
-3.289189331136394001e-03 -1.501077904532643004e+00 -1.583460529118452254e-03 -4.577218801949658675e-04 -1.222817196531776271e-03 -1.446646857973156841e+00 -1.314684048268724079e-03 -3.057889203597577432e-03 -2.949920262962604789e-03 3.676751997537678132e-04 -9.225324500176379505e-04 3.011081478449025711e-04 -1.226022396185688645e-03 8.982017664849097777e-04 4.539060781573178716e-03 -2.479220991506009535e-04 -3.798427686800736128e-04 -4.258811079834862179e-04 -1.825521885482836448e-05 1.322493297479024593e-05
-2.248258436327921217e-03 -1.681221446690431276e-01 -1.534009803793739968e-02 -4.858682741071256028e-02 -3.493403121163696223e-02 -1.954768741467523796e+01 -6.138749501656301510e-02 -1.442081321867028088e-02 -8.396280448563518684e-03 -1.844775339936268188e-01 -4.097832627365100011e-02 -1.098116909245797079e-01 -1.118487049104388564e-02 -2.136491267289890583e-01 -1.119577832977332044e-01 -6.513988779676500862e-02 -6.327401430200946253e-02 -1.310383829214668561e-01 -3.183168117906480798e-01 -1.245540611532839625e-01
-6.825253020060484399e-03 -1.731711824075405026e+00 -2.409586458752155380e-02 -3.031447602185148235e-02 -2.824352587887896116e-02 -1.072899339296645849e+01 -3.595474557783829433e-02 -2.867353288825637281e-02 -1.683115416457706126e-02 -6.524136487485210356e-02 -3.461974275637348664e-02 -2.652476858681124261e-02 -1.691875994155811469e-02 -9.973005188741224103e-02 -4.108852604983503909e-03 -3.815545363885546049e-02 -3.715095650606617395e-02 -5.485835062982369337e-02 -9.483466857495015390e-02 -4.187464139556673626e-02
-8.396568447938956847e-03 -4.771877110009592471e+00 -2.021309431665230250e-02 -9.406380718472551195e-03 -1.600728618296259897e-02 4.437162501039153994e+00 -1.663360314442610677e-02 -1.715003183864033387e-02 -1.394290907240741673e-02 -1.598921930349724019e-02 -1.281309929265415926e-02 -5.692208203355281215e-03 -1.655763923501990531e-02 -2.265200832032121525e-02 -9.024838149117009323e-02 -9.902475394929905611e-03 -1.264670573908996398e-02 -2.017713483033900523e-02 -3.377913051324288318e-02 -1.350481836317125178e-02
-3.932546852055920916e-03 -2.574983221288505320e+00 -3.950978245776282094e-03 -3.022536853931487300e-03 -1.704092601734243095e-03 2.442727585871296014e+00 -3.805886809285674577e-03 -3.925763950505672950e-03 -5.134589488828347759e-03 -5.754184075834389844e-03 2.373483148188082481e-05 2.691636144251163820e-03 -4.544737707844082042e-03 -1.100802078184426325e-02 -2.649713985626156454e-02 -1.483825337223871471e-03 -2.834070697371127157e-03 -6.024968338586567107e-03 -2.880738440145275137e-03 -2.853923159239463159e-03
-2.612863835494971809e-04 1.396569996595175667e+00 -8.584045942315599032e-04 -7.429498333746467620e-04 -2.155922312235269978e-04 4.041038761350934649e-02 -8.224817754991647911e-04 -7.477142407584236317e-04 -8.948538925066251704e-04 -2.058639938043060891e-03 1.403572920056619933e-03 8.574334660304411271e-05 1.547393669898422530e-04 -2.304980869420547585e-03 -4.917727057386078737e-04 -2.770919708226932121e-04 -3.913689940482044383e-04 -3.050017353945166931e-03 -3.373524811292605285e-04 5.285146711411520953e-05
2.031091174412093636e+00 -1.430139901844668771e+00 1.240514425303980595e+00 2.071830724212704311e-01 8.669323711402072696e-01 -2.144500396832370370e+00 5.290114422455154397e-01 1.257659311779420364e+00 1.340803744376093842e+00 4.323001067106346795e-02 6.417771158410379151e-01 5.467793792237221062e-01 1.336590190978669490e+00 -8.135298939027535425e-03 -9.414413069591587302e-02 1.656070667256539786e-01 3.210777520575347488e-02 6.222214669457368785e-01 3.522890058389123169e-01 3.975208935666352250e-02
1.328139893547678602e-04 9.659537964874124550e-04 1.467762599944845653e-04 1.893040367116818738e-04 2.204363412153084918e-04 1.367983886090475127e-05 3.268540278721276319e-04 1.381774978674787588e-04 2.331141575109065033e-04 2.353912578772911863e-04 2.936841414210967865e-04 8.637375688612550586e-05 9.679838526412801766e-05 2.660684630471133491e-04 2.540335515482689422e-04 1.134953005032466998e-04 8.445644119911208114e-05 7.740753394976028728e-05 1.963583870990198504e-04 1.273728397986163352e-04
