8.521447746736106055e+00 -2.209429552370065331e+00 2.716883606068337009e+00 -7.582383866879537082e-02 1.129975042172353028e+01 3.915705379761183824e+00 -4.310946818736129948e+00 1.144224045021523306e+00 7.171476232644833360e-01 -4.100546614971435133e+00 -3.150520322275279117e+00 -1.355215120980668431e+00 -2.791054015286570600e+00 -4.239368296067031139e+00 -3.670635023107585937e+00 -2.427328164842465164e+00 -4.997358490209761861e+00 3.434236506141982392e+00 4.791281744016595567e+00 0.000000000000000000e+00
1.825288555760126386e+00 -1.693328334905950028e+00 8.578320367123142276e+00 -3.295669692585081023e+00 9.929148264346013164e+00 -2.816314145451316087e+00 -2.536559818755698359e+00 4.430451288688780132e+00 6.686542285009078768e+00 1.143553298416847053e+00 -2.063017702514259089e+00 -2.707398612368159263e+00 2.438292516526066045e+00 -1.009296964770213689e+00 -2.386963170809153656e+00 6.655248807505868669e+00 5.796553731943376864e-01 3.790182220892980069e+00 8.126258707016992489e+00 0.000000000000000000e+00
7.987620763990690875e+00 4.246297373298590472e+00 -8.337018087748848671e+00 8.001866105926726647e+00 -5.649382430723913551e+00 6.836296620297077631e+00 1.415735248620986653e+00 -5.273387611945361542e-01 -6.776132964656630620e+00 -1.892265043712722195e+00 3.265366848303649761e+00 8.803532200541766883e+00 -1.356101451906081667e+00 -3.026782653752632335e+00 1.870673943427471064e+00 -8.490308521495188998e+00 1.464798374820993176e+00 -3.596131316636798747e+00 -7.687090250338612485e+00 0.000000000000000000e+00
-3.606282217571408655e+00 6.392261944543616181e+00 -4.602308736534272526e+00 4.093532360610858234e+00 -6.103119402896191481e+00 -5.250150822719098720e+00 -1.579095691571365645e+00 4.313458290317344179e+00 -2.065754856016544849e+00 1.722447601377667281e+00 3.855475465517054001e+00 6.492035334813559544e+00 2.421327460118601671e+00 4.579750466011760918e-02 2.067682427143415769e-01 -3.022520155638586559e+00 8.597019653627122060e-02 3.485776313004680826e+00 -4.792011331786051542e+00 0.000000000000000000e+00
-3.619238494031154829e+00 -4.674328330303618162e-01 8.477876192250226595e+00 -2.895631159276862210e+00 6.535745113533860007e+00 -3.590611945413175743e+00 -8.604091883700056842e-01 4.296679728709075441e+00 7.148681080281083844e+00 4.153455317979902972e+00 -6.602790857437379479e-01 -1.600328479463926090e+00 4.659132653420349435e+00 8.533544476318636329e-01 -9.591262883886062518e-01 7.758376894685556024e+00 2.628976298613542539e+00 4.000224814089806458e+00 7.999009688810379437e+00 0.000000000000000000e+00
1.753881882964579475e+00 2.527005973426380336e+00 -2.205925561761719500e+00 3.382369275181258850e+00 9.420484343032287100e-01 2.428299648537096012e+00 -4.638185998987428782e+00 1.194047476914376071e+00 8.144237484897023371e-01 -2.563311900812444422e-01 -5.693019320561577556e-01 7.394854238910705035e+00 -1.274497119268931833e+00 -3.649617189194853228e+00 -3.796364105984773918e+00 -4.093625589868293169e+00 -7.544750074071701285e+00 -5.949770382336180274e-01 -3.113393840073104712e+00 0.000000000000000000e+00
-4.561783953476724052e-01 2.613594367449294964e+00 -1.982360776359470611e+00 -3.512943886839233198e-01 5.702309819990020401e+00 7.187691632794108720e+00 -3.086060179694694483e+00 -9.946908736649793248e-01 1.283945751636913046e+00 -2.393311667858739611e+00 -7.294223905625429882e-01 -2.070643904128868229e+00 2.796042420739824341e-01 -2.333027095029799991e+00 -1.542674893894068866e+00 -4.306801912176291047e+00 -3.264728359617829145e+00 2.394387503756699953e+00 -3.383004234466350457e+00 0.000000000000000000e+00
6.365259844731951056e+00 -1.663670179477276578e+00 -5.876013727673738529e+00 4.898447838292605994e+00 -4.130991289494716945e+00 3.313869596714484889e+00 3.153015681595328634e-01 -5.673755411579999297e+00 -4.298474332976887524e+00 -1.536653035502634213e+00 -7.364025778757419261e-01 6.702814704620339015e-01 -3.680439958059154915e+00 -3.639549790358616477e+00 1.428984936014432161e-01 -6.957947871801525075e+00 -5.197948578508696293e+00 1.275251294367929056e+00 -2.193885852089520583e+00 0.000000000000000000e+00
4.258435590243715652e+00 1.499427365113911725e-01 5.837097752332053302e-01 1.517220150333025819e+00 -3.810112001236692691e+00 -1.020457422155736316e+00 -6.415257806137202312e-01 -6.122860555744580324e+00 -2.532589146652026280e+00 2.190954823622628389e+00 -1.540441953843847689e-01 -6.889665943391976022e-01 -2.107230194343012286e+00 7.357273810167944683e-01 -2.121093726082018682e-01 -3.417025932480731054e+00 7.873982444131359948e-01 2.985651029741220430e+00 6.067326980076188647e+00 0.000000000000000000e+00
-5.313297585570079029e+00 9.486491166362750249e+00 -5.373042656004186846e+00 5.012842712239231169e+00 -8.119873256037907439e+00 2.534681546999903112e+00 3.528621265545507146e+00 -3.229384354250706135e+00 -1.965450299600712825e+00 1.999998833102481832e+00 6.760255744501726838e+00 9.154088030839162116e+00 1.586676626819844449e+00 2.971929958017930584e+00 7.311466017505360071e+00 -4.062365828029535386e+00 -3.035707144109667688e+00 -4.018964091707016628e+00 -7.041816644254877744e+00 0.000000000000000000e+00
1.623882393152330517e-01 9.248374836193992699e-02 -2.866336631386556810e+00 2.310264972125245786e-01 -5.861269968217695414e+00 2.788565443660589449e-01 1.603465958351811826e-01 -7.533827257071927797e-01 -1.700808312780174747e+00 -3.793903035289674652e-01 1.387970492385222632e-01 1.839392537544385919e-01 -5.507631188714362525e-01 3.506819472812382904e-02 1.506832059689249548e-01 -1.497017731294477461e+00 -1.426226460880229141e-01 -1.345837969296567183e+00 -3.920533139162268643e+00 0.000000000000000000e+00
-6.619497755384622373e-01 -5.055714487800979651e-01 5.847802015797771702e+00 -1.103403115347418417e+00 5.065292354856064883e+00 -7.534477456123858108e-01 -6.057273659080538719e-01 1.904720257425079000e+00 3.948825063616521192e+00 6.021705473522505070e-01 -3.550715852347212653e-01 -4.812540342466392618e-01 1.214800753389273957e+00 -3.629522965378646771e-02 -6.675938708223199125e-01 4.176767062382466200e+00 2.863376395998187829e-01 3.739609948912529180e+00 6.796500962931679268e+00 0.000000000000000000e+00
-4.553444954615737950e-01 -1.443251966092466976e-01 1.009313838783271855e+00 -1.879089867739842934e-01 3.924894442709598863e+00 3.559018277103469935e-02 4.016316744604052705e-03 1.018046383275654776e+00 1.169327392209424943e+00 -1.658727305097048577e-01 -7.192041464545437246e-02 -4.828491513352266284e-02 2.827590195875028245e-01 -8.648009323183360186e-02 -4.791889335260073046e-02 1.335742422593589884e+00 -9.017463321849766844e-02 8.610976310025202363e-01 4.352550633671931068e-01 0.000000000000000000e+00
8.182874364784112897e-01 -6.553709779519283352e-01 2.195070476190879472e+00 2.093371686253149844e-01 3.651177382106208569e+00 -4.238047584580878713e+00 -9.395866424202389267e-01 2.680997775658934268e-01 -5.525986794572026461e-01 1.305200396130762774e+00 -7.022169731620661048e-01 -1.693277798218812080e+00 2.177479435361307392e+00 -2.742637966773936453e-01 2.825551979411331516e-01 -1.825620341444340600e+00 -1.292410521060344541e-01 5.131062326476958368e-01 5.468878128739886435e+00 0.000000000000000000e+00
-7.291752535633484467e-01 -2.229045528813163590e-01 -8.102050657065932304e-01 2.224498908713012646e-01 -4.874180361740037881e+00 -6.124949209454106924e-01 1.850884574269823502e-01 1.940873043108995721e-01 -6.762539264689743090e-01 2.294748433797724751e-01 4.955477222888229893e-02 -1.129686786439517698e-01 -1.096347093892640762e-01 2.072224431287607582e-01 1.648284317225251205e-01 6.134835158475109296e-01 2.439366428560738598e-01 -1.284276948831960530e+00 3.422163499512511642e-01 0.000000000000000000e+00
2.824153507838127464e+00 -1.754814036141513489e-01 -1.948108659039473833e+00 7.610570568888402887e-01 -5.267274244482447187e-01 -1.023434629917398864e+00 -5.611270163507774411e-01 6.192628409192464656e-02 -2.784890804855520763e+00 4.431649849932789986e-01 -3.942957231316461253e-01 -1.118494048272014707e+00 8.756824443065656938e-02 5.904340497685098971e-02 -3.703723164523663458e-01 -6.828500998586048976e-01 6.887987079309801919e-01 -9.656827474617031282e-01 1.185787195122477211e+00 0.000000000000000000e+00
-2.022876594962802255e+00 -2.571226566178101081e+00 -5.047850728223431949e-01 3.613388735774795357e+00 1.185360203330476869e+00 1.576029039866313042e+00 5.860533755234679454e+00 -2.504021097114851990e+00 -2.495016383430141538e+00 -1.073895486369999874e+00 -7.018603216964141467e+00 -3.334951886539458954e+00 -5.692163398095726023e+00 -4.659448034740100830e+00 6.662266985229664762e+00 -8.367134116724937343e+00 -6.779388043746027215e+00 -3.456765888729259606e-01 2.253630259292779492e+00 0.000000000000000000e+00
-2.828476392929560213e+00 8.792552338231469228e-03 -1.449573092100137628e-01 4.580163386144693760e+00 -1.022338371108904731e+01 1.626752533026038172e+00 -2.799204188850025199e-01 6.800464038632864083e-01 4.233527383004884292e+00 -1.534121929957772634e+00 -1.242707303496958016e+00 -2.551947571349544752e+00 2.734739387805057653e+00 -2.289010274322368088e-01 9.841309488747969070e-01 3.382961347089438853e+00 1.352976132377892382e+00 -4.501561182175946030e+00 -5.724763301995879239e+00 0.000000000000000000e+00
-3.232847455385754909e+00 2.509265068123698521e-04 -3.994633948809889756e-01 8.620264865695742573e-01 7.552828599691700784e-02 1.998937791577930945e+00 4.500959205254096429e-01 -1.242934891279184662e+00 9.598192872371072992e-01 -1.557185393034394627e+00 -8.413098781034927809e-02 1.692180791976649168e+00 -3.190825540697389551e-01 -4.328124274752859213e-01 -8.565079469299395898e-01 -3.476102402701678251e+00 -1.031383562675685317e+00 -2.907103370243730556e+00 -3.968514617860270821e+00 0.000000000000000000e+00
4.316684938620989342e+00 -6.473597998007146748e-01 -1.404259629709059487e+00 -1.601973804662071510e+00 1.803217746580190850e+00 6.393110257413094910e-01 -3.758330556329686489e-01 -2.132969744031897541e+00 -1.853685537178719311e+00 -6.970146079646071247e-01 -2.973061370183989749e-01 1.428111023184781114e+00 -1.532528192440307580e+00 -6.674334826965609979e-01 -3.396900436507435117e-01 -1.648883756780741727e+00 -8.708029102290903989e-01 -3.104476542061929578e+00 -1.741420291835987566e+00 0.000000000000000000e+00
-3.898456485530184867e+00 2.352218890673365426e+00 -1.242212713313729067e+00 9.415902990079576262e-02 -7.015066712195210108e-02 4.791709568445220668e+00 -9.074888503947491358e-01 1.388575536898798424e-01 -4.122965541105986453e+00 1.508458783744746290e+00 -4.911873774651654756e+00 9.801811603225912606e+00 -9.166225604482136191e+00 -6.060947643517027750e+00 -4.260451444209373051e+00 -1.894140608132510950e+00 5.310867168245585468e+00 -2.394809898185129793e+00 -5.840274819946430718e+00 0.000000000000000000e+00
-8.647062560451942659e+00 -4.553215506997749351e+00 -2.276737856804418314e+00 -4.069820236467236008e+00 -7.719745012736931145e+00 5.741993482088846079e+00 4.196470948669286827e+00 1.853212944268404494e-01 3.243596806603945559e-01 5.109913771411352279e+00 6.562962939728005374e+00 6.334655388615267668e+00 -2.338686019362179014e+00 -1.032548675532722227e+00 -2.348702623596511607e+00 -4.293810304592557969e+00 6.296399023191415090e+00 -2.513879032235776467e+00 -9.200854191509124647e+00 0.000000000000000000e+00
-7.427551207148884060e+00 4.450268293202555903e+00 3.285661756876244510e+00 -1.641649303236188961e+00 2.109532612960396403e-01 4.102517665621828513e+00 -1.723828726446454684e+00 -9.434662504131395844e-01 -2.172016958798234310e+00 2.751196875673277198e+00 1.377674966506722276e-01 -2.992350489240461542e+00 -3.294382447318811913e+00 1.868432368017749756e-01 2.802246132561708958e+00 1.681854498636749629e+00 -2.985212675672526572e+00 -3.876774987456923505e+00 -8.982968020443310664e+00 0.000000000000000000e+00
-9.532587395799337893e-01 9.372086023463612747e+00 -4.638273751437754555e+00 -4.957867059006536792e+00 -4.652689359658879198e+00 3.980766073753661871e+00 2.553577893056306003e+00 -2.511470345835472351e+00 -4.302484346275983640e+00 1.120985610024681112e+00 1.925501933179740055e+00 -2.462023121313467122e+00 2.689854313810968733e-01 -3.071344175017201028e-01 8.760951441617555346e+00 3.080529240019672876e+00 1.567295545723741856e+00 -6.568031665622506843e+00 -4.695388530176163755e+00 0.000000000000000000e+00
6.268283166697314890e+00 5.798339653574454466e+00 -3.420654610208845536e+00 -1.178356672926580639e+00 -2.984859013152809659e+00 6.470798611036305381e+00 -1.121206544629967050e+00 -1.147374585435056327e+00 -3.948842020701362809e+00 -2.280518795262029830e+00 -5.701230812290255523e-01 -2.527776272440951821e+00 -7.670223251287821009e-01 -6.903076556487985904e-01 -1.384841353735595693e+00 -1.095483240739586694e+00 2.277931691329905028e+00 -2.598700323186244443e+00 3.930373765494410976e-01 0.000000000000000000e+00
