-7.027337660741467040e+00 2.996880547048009102e+00 -4.779903726451010471e+00 6.066855761014786630e+00 -1.910382034514310767e+00 -7.403456220628701345e+00 1.024902988467849418e+01 -3.226114928926870462e+00 2.734859139935497563e+00 -3.677541265266813575e+00 5.460619744802514219e+00 6.765420013664448895e+00 -4.934434563321579148e+00 -3.047449183602469525e+00 1.083147924859067146e+01 -4.850570231482323358e+00 -4.126693956088712589e+00 -3.806866573508743024e+00 -4.628555958734869691e+00 0.000000000000000000e+00
-1.116593241830929450e+00 -1.276630594626418480e+00 3.802476628571481942e+00 -2.452248256256879255e-01 2.844962463671381947e+00 -2.477641193363651073e+00 8.565555718609365599e+00 -2.782921634376397613e+00 -1.565091136528495408e+00 -2.553624116906424657e+00 6.880996828194179571e+00 4.945388777900541655e+00 -4.028205141742532192e+00 -1.663219954624514774e+00 7.469097784714263888e+00 -1.888616445079539741e+00 -2.465433590678632658e+00 -3.406014348711640771e+00 -3.495918349399657288e+00 0.000000000000000000e+00
-6.975304286323529723e+00 -5.413556809987349006e+00 -2.147459079927889203e+00 -7.635368769178564108e+00 -6.154069181323761129e+00 -3.098218022280062378e+00 1.816126332465940907e+00 3.099897462677509430e-01 -5.114029757260543541e+00 5.064836044086038491e-01 -1.451402389281339023e+00 -1.918653123900938118e+00 -2.022782721118236982e-01 2.533071568892347081e+00 1.062168973025686292e+01 -2.972855164168016984e+00 -1.856985464758096338e-01 1.374520500841855286e+00 -3.186633340540395154e-01 0.000000000000000000e+00
-1.585987452346454551e+00 -7.057634610826877264e+00 -7.747617166568122882e-02 -5.554868557681732710e+00 -2.771854499946772243e+00 -9.649092261974338003e-01 -6.796775435601808413e-01 -6.287896760497129200e+00 -6.692066875100250556e+00 -2.050735162176921200e+00 -3.217511655378225033e+00 1.279636371438452658e+00 8.220981260737081353e-01 -2.754617249684130353e+00 7.041949577745558742e+00 1.682420899131595038e-01 -3.810980831644336320e+00 -3.023042403962691527e+00 -1.601685392550236342e+00 0.000000000000000000e+00
2.656330957612029309e+00 -2.214382931386562170e+00 5.338258614617477527e+00 -3.052162369254950658e+00 4.969780332671103196e+00 1.319308155349926626e+00 6.660750382767735012e+00 -1.925802973731199907e+00 -2.689619671402514900e+00 -9.500688224636651968e-01 5.220851130653285210e+00 1.662885913040831554e+00 -2.436987068325182637e+00 7.326644976518609242e-02 -1.851919068331652873e+00 3.820251215574123060e-01 -4.130028283271205969e-01 -2.324052498302187075e+00 -1.740307339743839332e+00 0.000000000000000000e+00
-6.422235259721242429e+00 2.509041256296866695e+00 -2.862867541999496446e+00 8.037289223324902920e+00 2.355044957006486861e+00 -5.162241613007584995e+00 8.080630636419478208e+00 -6.500071721417622905e-01 1.616921292363735496e+00 -4.649430703505238682e+00 8.571912498370545919e+00 6.666767032135011428e-01 -3.677858789666563766e+00 -4.676926968405762608e+00 1.126960770023032943e+01 -2.055150722073297853e+00 -4.465885243690601136e+00 -4.232277806838483869e+00 -4.600018018980563284e+00 0.000000000000000000e+00
-7.049673582253757509e+00 4.262632177524562138e+00 -2.221622133649925779e+00 3.710171282683716321e+00 5.101740331162269548e+00 -6.786075806566514323e+00 8.068777578943619133e+00 -2.496012950974571876e+00 5.488028859767025480e+00 -1.598812660037232769e+00 2.057344206828140454e+00 3.941586163806980458e+00 -2.354440925332145884e+00 1.763673685914706468e-01 6.188645838909936359e+00 -1.054571837371754972e+00 -2.959655029155622841e-01 -1.497796969463359940e+00 -1.622501053339103105e+00 0.000000000000000000e+00
-7.092706110829701593e+00 1.229255837956864328e+00 -2.297377380277529468e+00 -3.888987951004691634e+00 -2.757870079870285540e+00 -5.632914432216852951e+00 1.494942593699376987e+00 2.970739934744853095e+00 3.655726389776780216e+00 -6.944427567422676306e-01 -3.666694725897182483e+00 -1.324368490857400493e+00 -4.108915604718200720e-01 1.378754311597066406e+00 9.707300382238724268e+00 -1.002652652998657912e+00 -1.148280767724463525e+00 1.045078232904101734e+00 -8.613670984264799602e-01 0.000000000000000000e+00
-1.124169011365276694e+00 -2.678382511773020891e+00 2.153739150180114859e+00 -1.077694405419809209e+00 3.336298346950946847e+00 -2.664689448386244663e+00 -2.905313722999468329e+00 -5.616340873105048814e+00 -7.430847225608706585e-01 -1.546692177095431386e+00 -3.661102962120915905e+00 -3.447378836737697849e+00 8.832739236348866596e-01 1.533731872880384449e-02 1.292860485878825905e-01 8.652489699560161895e-01 -1.771318936480752226e+00 -1.952831844774529424e+00 -1.208112339582940731e+00 0.000000000000000000e+00
2.786831070652057707e-01 5.405234066038713259e+00 -2.405029962483509198e+00 8.109538716650860124e+00 1.597627375597527433e+00 1.967206090877594571e+00 -3.829868253238291498e+00 4.954052497815303546e+00 7.393173154806567560e+00 1.605706355525019946e+00 -7.098190309656712493e+00 -7.713145202352237995e+00 2.784722855048552770e+00 2.881066639751358238e+00 4.940632593585402077e+00 8.042615976081306073e+00 -2.445862569151658228e+00 1.676852890204064694e+00 -7.853947226857103114e-01 0.000000000000000000e+00
-7.139452905578090591e-02 1.580948873418211997e-01 -1.167025636979965642e+00 -7.110089172543374025e-02 -1.844113218043458291e+00 8.611916881653629285e-02 -7.239805922379468406e+00 2.337297260141180666e-01 2.216440625633451234e-01 2.137020501588841326e-01 -3.671917398095618790e+00 -1.989905101747831750e+00 3.026995964092863978e-01 1.007966249314180690e-01 -8.607486479253269707e+00 1.386888725337962480e-01 1.733977702926010889e-01 2.862214306527500196e-01 2.685013001806284549e-01 0.000000000000000000e+00
5.119208056160572395e-01 -2.712894007521806095e-01 1.448478469254599610e-01 1.183587203871072413e+00 1.251181930734665881e+00 -2.630982028703893749e-01 -7.761675048669280930e-01 -5.470990599931877529e-01 -7.259107033500215023e-01 -5.665152529631526379e-01 7.825015290980883442e-01 2.497073211830716843e+00 -3.128859103043287182e-01 -2.990178475382911372e-01 -7.101203314893375307e+00 -2.465110238503216422e-01 -3.267977211584568997e-01 -6.904643877272816921e-01 -4.132296544237585301e-01 0.000000000000000000e+00
3.298083212059477881e-02 8.978811729086833004e-02 -1.063998683612918938e+00 -3.411171012789416257e-01 -1.176547502494115216e+00 -3.988533247036073204e-02 -2.173310529843621719e+00 4.736959126909696116e-01 -1.354334811200584403e-02 -1.475849292341407156e-03 -2.095172121944913202e-01 -1.921757410056418591e-01 -1.193271818210681900e-01 -7.142480364764078327e-02 -5.510522828374879722e+00 -1.107233220994402190e-01 4.990109296856810872e-02 3.619330835286194148e-02 -1.470455427673288129e-02 0.000000000000000000e+00
-2.362360984611929560e+00 5.594189292314383222e-01 2.086185158653273142e+00 -2.841039787860224930e+00 6.128769598533495788e+00 -2.072375749128319011e+00 9.775051611908958105e-01 -3.927186258179719003e-01 1.020088497112080717e+00 -6.557043985779230644e-01 -3.990590225321742901e-01 2.981507776800459641e+00 -8.135959786816945316e-01 6.000645343213423244e-01 -1.983376851678448460e+00 -2.510520945553092353e+00 2.551207565690328249e-01 -4.414306663500237871e-02 -6.359752978765529363e-01 0.000000000000000000e+00
9.160869541902659785e-01 -9.206018644752645974e-01 -3.904198530636915909e-01 -6.513948924604566759e-01 -2.275266558657714100e+00 3.879615054213457759e-01 -4.641922932420960990e+00 3.777090526083540789e-01 -4.019895797897663492e-01 2.294679824727829109e-01 -2.238164774700330817e+00 -4.098741377208490633e+00 1.530786040187190888e-01 3.941860225428260589e-02 -4.206328305073226304e+00 -2.066223139782353418e-02 6.454343391852901402e-02 1.789874459287000008e-01 1.575205641785463184e-01 0.000000000000000000e+00
6.354662297478692601e-01 5.371601031533850268e-01 4.013212295138189334e-01 -2.427931617991303970e+00 8.040345806482639412e-01 -1.531930274754091714e+00 7.647673237940997293e-01 -5.342500664461100612e-01 -1.667069257293264384e-01 -1.995863868094783777e-01 8.902317088585216531e-01 5.082489360618696494e+00 5.031456542040314561e-01 9.927444466352252084e-01 -3.486417760514531672e+00 -7.406224045457574512e-01 3.761274227673430670e-01 -6.897694044566064775e-02 -1.991158041554068892e-01 0.000000000000000000e+00
-6.876095417528957476e+00 2.199475922128832028e+00 1.311604059984727622e+00 -3.254141832725323980e+00 5.979113026471714498e+00 -3.970563816082652853e+00 2.701585050736990734e+00 1.982103865404687637e+00 3.384942861020424409e+00 -4.785427470902446911e-01 2.891707660834413662e+00 1.276128426304964147e+00 -3.718855564562009608e+00 -5.149559181160022980e+00 8.727185488317799056e+00 -2.908525799856066296e+00 -4.291995356243716309e+00 3.562080257495717550e+00 -3.277620734111654333e+00 0.000000000000000000e+00
-1.951471580535739381e-01 8.599077796562820675e-01 5.983656542416534663e+00 2.311170433604680351e-03 2.851532731043467273e+00 -2.173378790848387254e+00 -5.755680833462756496e+00 -4.221169253206654481e+00 1.560207634049971315e+00 1.987586863850772989e+00 -7.062734711421070344e-01 2.589916201760249503e+00 -1.784721218077882199e+00 -2.978809156489866439e+00 -4.348580189102131954e-01 -3.930675140031734127e+00 5.155078183770476219e-01 1.856489353567747802e+00 3.468899328937096183e+00 0.000000000000000000e+00
3.664334303169017870e-01 2.115644026429178925e+00 1.649401161085280565e+00 2.348965496728607327e+00 1.048694375519371169e-01 -2.411575396936321170e+00 -3.566371662851268276e+00 -1.017270611492278043e+00 -3.205106622915745440e-01 -3.359897592425575147e-02 -3.597648277686588791e+00 3.293724514349162025e+00 -1.178427304851084045e-01 1.039306183000516109e-01 3.387046362168176561e+00 -2.987274485727093865e+00 3.248177967926508813e-01 -9.152441511153382170e-02 9.285612151825052285e-01 0.000000000000000000e+00
-2.514041114001219768e-01 -4.649031854900262384e-01 4.062628091621451332e-01 -1.250394370794750243e+00 -1.854030494767185067e+00 -4.786704755754892654e-02 3.668851414549648471e+00 -1.863095186813831239e+00 4.783737410508664412e-01 -5.940567623176428169e-01 8.996033933141937000e-01 1.551044470261829122e+00 -4.431600016294325317e-01 -5.160868573303795115e-01 5.723419734603392151e+00 -3.706260824353819205e-01 -3.312580589240754492e-01 -2.456306940023487428e-01 -6.953542768001914620e-01 0.000000000000000000e+00
-2.385676759302289174e+00 4.360645722468704300e+00 -2.022092834266929984e+00 8.692504083262564407e+00 5.239545306514338918e+00 1.392728919433234847e+00 -5.758439515214350823e-01 2.706525427097049796e+00 4.173801791177383258e+00 -3.472305411257253116e+00 3.768240833308556414e+00 4.231697684104925195e+00 -7.263477288320058456e+00 -8.449088317218967248e+00 1.101321044881962230e+01 2.663724421427818179e+00 -4.817558202078151552e+00 -5.772295717000337945e+00 -1.120791578088716323e+00 0.000000000000000000e+00
-9.435150449029022113e+00 2.592209544066573557e+00 -4.905421393138360564e+00 6.658950949344474957e+00 6.458956822047659863e+00 9.029572441002096994e+00 2.725212474309111510e+00 8.723121626991624522e-01 2.112595038666990721e+00 1.327986886629183072e+00 8.012444245188969916e+00 -4.638573314682606252e+00 -4.247585310775912504e+00 -4.281056104491911540e+00 2.074948794772414562e+00 6.857413861979225089e+00 1.639886275210248323e+00 -4.647193681064043069e+00 8.974199332393164141e+00 0.000000000000000000e+00
4.453078820153884010e+00 3.367835474395328155e-02 -2.582606242148105302e+00 1.977446999244242054e+00 -5.678184948797679432e+00 -3.539957073277389732e+00 8.967240557874294637e+00 -4.205095112290875292e+00 -7.937301098102244046e-01 -1.987441714821766459e+00 2.539500470386470532e+00 -8.799218927685408254e-01 -2.241358054222072571e+00 -4.531582754882331976e+00 2.640384635530829804e+00 4.052520689827267653e+00 -3.762399998501895659e+00 -5.932777816818977090e-01 -3.409963778654155675e+00 0.000000000000000000e+00
4.142819204890518137e+00 8.044701797527285814e-02 1.701423332001017474e+00 2.219214906145249966e+00 -7.669534537475842129e+00 1.394897651716228815e+00 -4.281587166648421316e+00 5.841794829582398485e+00 4.814658724754468544e+00 -4.507106642417047504e-01 -4.031932797853146511e+00 -7.367690355798869106e+00 3.627546076794561092e+00 -9.497056980970784990e-01 8.463584708745043983e+00 7.208671545004357029e+00 -6.466919881748396381e-01 1.801615079657759244e+00 4.278624967903217780e+00 0.000000000000000000e+00
-2.526757577949455325e+00 1.188484840257446384e+00 -1.343565298905681438e+00 3.195594803699616904e+00 3.404987516309775142e+00 -4.604131034923233834e+00 -3.865242219735030904e+00 -3.705365516760260824e+00 5.734439276422737208e+00 -1.055470623541445274e+00 3.657288066583869179e-02 6.220572740014994828e+00 -9.593473753239337709e-01 2.190738667613395307e+00 2.787786061357462764e+00 -7.831419192009966279e-01 1.437712359933545736e+00 -7.036110479198589562e-01 -5.256516434657941828e-01 0.000000000000000000e+00
