2.894562108116071480e-02 1.298918527168964276e+00 -5.656327662771952758e-01 0.000000000000000000e+00
-1.165193375900891795e-02 4.010269442235904203e-01 -2.721638379536768949e-04 0.000000000000000000e+00
4.144155349998111526e-01 -9.213126243695941575e-01 5.003272377045757668e-01 0.000000000000000000e+00
-3.568034868817257510e-01 -2.471674635621194382e-01 -2.584921241658615920e-01 0.000000000000000000e+00
-5.564646434122044218e-03 4.746000063746408371e-02 1.070004586895872134e-01 0.000000000000000000e+00
4.578627213398056006e-01 -3.515567275319919083e-01 1.205792922695269609e-01 0.000000000000000000e+00
2.227989799397332160e-01 4.880484156836472631e-01 -1.335163649348448389e-01 0.000000000000000000e+00
1.232891746940714683e-01 -6.167947704329299619e-01 3.866097853116536309e-01 0.000000000000000000e+00
-5.316277696531250541e-02 -2.206044110022951643e-01 -4.640883295722342816e-01 0.000000000000000000e+00
8.997509095704201432e-01 -1.117749734674482465e+00 6.381010441483988549e-01 0.000000000000000000e+00
-2.914905637336460270e-02 -2.181420167965801571e-02 4.372407993535250975e-02 0.000000000000000000e+00
-7.606544975130352659e-02 -1.786480731245340403e-01 1.517880274887231096e-01 0.000000000000000000e+00
-1.156105326992367122e-01 -3.912088586334851875e-02 -2.365118577351063567e-01 0.000000000000000000e+00
3.372079793764986566e-01 -8.043727668198752401e-01 2.574450124490828551e-01 0.000000000000000000e+00
-1.903985845135784671e-01 1.435524545377106775e-01 -3.527027626441294611e-02 0.000000000000000000e+00
1.626389796201022780e-02 -8.183907201409391929e-02 7.715499124419541999e-02 0.000000000000000000e+00
-1.251369703256471066e-01 6.085795034131519232e-01 -2.319561280386315538e-01 0.000000000000000000e+00
5.389790315538798282e-01 -9.077799153742700522e-01 3.048282356928972980e-01 0.000000000000000000e+00
-3.908665312597069293e-03 -1.916567236306822297e-01 -3.195723918471862768e-02 0.000000000000000000e+00
-2.100305755041845801e-01 -1.553566501149775472e-02 5.279347665190221583e-01 0.000000000000000000e+00
-4.256225751624224257e-02 1.899333362338549366e-02 -5.401671814202325256e-02 0.000000000000000000e+00
2.833064304362951230e-02 8.215735191516769509e-02 -5.446314545770642584e-02 0.000000000000000000e+00
1.151774467396319591e-02 3.427989025649397226e-02 9.404236408513946821e-02 0.000000000000000000e+00
3.156443033144979426e-01 -6.869556893184373125e-01 1.329755346094051438e-01 0.000000000000000000e+00
7.350055882168150811e-02 -1.402015704167204335e-01 3.222986540471883127e-03 0.000000000000000000e+00
-1.458019245583198620e-01 -1.351423876041167871e-01 -5.100281315309303232e-02 0.000000000000000000e+00
-2.782915285658543736e-01 8.535965766493355256e-01 -3.841029531880903458e-01 0.000000000000000000e+00
1.452610005157995710e-01 -1.205800981956643564e-01 -2.853516226861903607e-02 0.000000000000000000e+00
-8.861745777545888825e-02 1.572390943967834909e-01 -3.085600970535500864e-01 0.000000000000000000e+00
1.584157197715410914e-01 1.368670857082086856e-01 2.428934614111463441e-01 0.000000000000000000e+00
-1.811041988885455645e-01 1.559633379631303884e-01 -4.700495934804767295e-02 0.000000000000000000e+00
8.115004203024762663e-01 -1.000678319689405793e+00 5.443871953270447150e-01 0.000000000000000000e+00
1.114012518155280268e-01 -5.427899426169416897e-01 5.522970306349715974e-01 0.000000000000000000e+00
4.343414852638167734e-01 -3.146806099894987607e-01 3.542498871127405247e-01 0.000000000000000000e+00
1.932874422333059339e-01 2.348612210067916872e-01 1.410930506111558909e-02 0.000000000000000000e+00
