-1.504277662925746217e-01 7.166422941989469830e-02 9.389849816606461730e-03 -2.226985285711136908e-01
-2.139614779232442143e-01 -1.308510127642384113e-01 -6.195947382740991938e-02 3.520812350040026795e-01
-4.716205774759314046e-02 -1.600812617206181232e-01 -6.612834193441723130e-02 -1.889431089108461748e-01
1.720125348041426638e-01 -4.644854445370708712e-02 3.050547156783407418e-02 2.016542143353287075e-01
1.938223572104681991e-01 -1.200614969813168925e-01 9.774235447808313909e-03 2.020699300224154671e-01
-1.211277762178862433e-01 -1.787172449795925919e-02 -3.432059481368687076e-02 -1.104212588599482459e-01
-1.393657363861089959e-01 -3.259236761784811698e-02 -2.885971748857742436e-01 -7.036511273517163101e-01
8.752582478955196754e-02 2.007129999908692231e-01 7.523029240640406734e-02 9.919127767969335152e-02
-7.389965173401184806e-02 -6.204806163091929061e-02 -1.021009625174407881e-01 -2.306819969965137884e-01
-6.113000182537237093e-02 8.076424454708974049e-03 -2.693028241186455618e-02 -7.029791455860527616e-02
1.436328625021131844e-01 4.625340071508261125e-02 2.132820262202262118e-01 3.632495819258195757e-01
-3.711704241284798089e-02 -9.135950657769403849e-02 -2.965796710527169797e-02 -6.623953929075755698e-03
-3.504159437467226912e-01 2.760560940342995234e-02 -1.521150557944133952e-01 -2.704510188045448071e-01
1.172869952285926776e-01 2.513155919400028929e-02 1.111743261804358229e-01 1.378273364315524274e-01
1.737641473958124738e-01 2.224148331253750915e-02 4.465146421928339882e-02 2.961649817577007016e-02
2.166942318508778831e-01 -3.653194315716233875e-01 -2.036402959991969741e-01 -6.066406214456419033e-01
-2.639675811084105095e-01 -2.438831922395119298e-02 -2.323152329340832656e-01 -2.241294801357283650e-01
-2.937159276084057476e-03 -1.151487181597522953e-02 -2.596350782791912934e-02 -1.655562639041324169e-01
-4.633667714624201128e-02 4.296074282707079521e-03 2.639796990388729517e-02 1.694633772127227545e-01
3.184358702522245652e-03 -1.089356080747729558e-03 4.369382546291318385e-03 7.040620039333042937e-03
-1.906198963910261598e-02 -8.490749890742690237e-03 -3.906041059100862078e-02 -5.740143433093818082e-02
4.497267109266791033e-03 1.439689234222627477e-02 3.768995559347338223e-03 -1.266430795301585685e-03
1.557627850093924737e-01 1.384637946879906621e-02 5.745200548730424600e-02 7.961352846903418934e-02
-4.760285691778415318e-02 -6.500216641163366824e-03 -1.119369384396168635e-02 3.044724454579917933e-03
-3.429943605029394521e-02 -7.746828093091744256e-04 -2.639065945800439517e-02 -1.731928384140742072e-02
-2.113515062455253168e-01 7.947970185730503234e-02 1.755166644405158766e-02 1.603106163344736046e-01
1.098976251459147235e-01 4.861766968465446731e-03 9.835958278795722820e-02 7.536527358004227461e-02
-2.561513382461573854e-02 1.962319799330484310e-03 8.802927908034689428e-03 5.886156955176765487e-02
-1.046048895094929716e-02 5.691418331760290418e-04 -8.933386171928679384e-03 -6.285239283592027049e-02
-4.044165269403328655e-01 -2.003345786323426359e-01 -1.301216029511521044e-01 -2.180948705035853363e-01
-4.582330734396014571e-02 -1.472734964335255595e-02 -6.620121579763101061e-02 -4.242755447735770125e-02
3.442740938458063032e-02 6.283702548969787548e-03 4.931810736374111007e-03 -2.521353346795806097e-03
6.555224116057821460e-02 1.720846995970384125e-02 5.360647231812586989e-03 6.096091886512920027e-03
1.343326236356344634e-02 2.850512500781412790e-03 -4.093138140651575094e-03 9.434268327432531603e-03
1.122226911237693969e-01 5.590716305891050425e-02 6.280884419012275344e-02 1.609178299347991947e-01
2.544194497716176576e-02 1.234239083637623559e-02 9.908316339902276809e-03 1.069638232426007446e-02
