-1.644214568009532418e-01 -4.426133648995854951e-04 1.715109318091645289e-03
6.315762829137188117e-01 2.066216976722135834e-01 1.313264660314626964e-01
1.063065927658792681e-01 3.812071589261349369e-01 1.398257508483926881e-01
-1.114323612551144649e-01 -2.274887188602924271e-01 3.321530452350943130e-02
-1.550162872633285838e-01 -7.824991838091614749e-02 4.340747514845772481e-01
-3.366010676710128047e-03 1.727612409494960755e-02 -2.531204996353896008e-02
-3.427134248107747694e-01 -1.137358741222948694e-01 -3.973647151909853736e-01
-6.264276568964813330e-02 -3.787056889486775657e-01 -3.320359848811742405e-03
-2.890528223802647512e-01 -7.500746938674605901e-02 6.128939909766887434e-02
8.720138571472769995e-02 1.267271361034330857e-01 -6.451662325311825763e-02
1.176677129808800376e-01 1.441580085783250864e-01 5.312677703359015569e-01
1.265381299074568380e-02 1.483012003352043029e-01 -5.616862103569515707e-02
1.421090504216840911e-01 -1.255179668591566156e-01 -7.367901934488555460e-01
2.077855092371041490e-01 5.984501789638812380e-02 4.679674279506908924e-02
1.903088475221669310e-02 -6.059425849721290086e-03 8.467448968890077532e-02
-1.155231984711572624e+00 -4.096010789118824658e-01 -4.956356431220598768e-02
-3.931831903042937171e-01 -5.620163640915628589e-01 -3.188823443951714354e-01
5.821752202315848279e-02 -2.934900327180515744e-01 -1.033685146754850515e-01
1.134796949167069108e-01 -7.334532814014585456e-02 -3.065106496143710918e-02
-1.324550520628223205e-02 -1.869782315410562987e-02 1.993293128143039036e-02
-2.020608270167922535e-02 -3.731842609080497641e-02 -1.459419271453941680e-01
-1.244945804488063528e-03 -2.230123341156621877e-02 1.018214608109516833e-02
-1.001363818687489929e-02 7.531245098408298477e-02 2.728277853542966924e-01
-5.764186224798522815e-03 4.713352705068766038e-03 -4.032896298546759933e-02
-3.651144835829157193e-02 2.266317671314648299e-03 -3.094168979245210532e-02
3.578401088848779388e-01 3.204426604951601115e-02 -1.448998739104661870e-01
1.400805945816052389e-01 2.182742307757339906e-01 2.113094465757972829e-01
-1.906073067534570439e-02 1.241991973916914127e-01 7.769994359192267108e-02
-3.899070219975030172e-02 3.535667534327679301e-02 3.166699499408832941e-02
-2.602433989645112633e-01 -1.593763238306435681e-01 -3.326324185059166827e-01
-3.157517507924846589e-02 -2.425081069148837531e-01 -1.310078283347227424e-01
8.247890483618441210e-03 -1.198395687300274903e-01 -2.154188273496414341e-02
1.550133420133690751e-02 -4.066529752496539363e-02 -3.129888462290773832e-02
-3.394614955657746305e-03 -1.853354544094770046e-02 2.967470072845153350e-03
2.440235849761624165e-01 1.701962994460235468e-01 6.186657796303303425e-02
1.449415522487111120e-02 2.280196126524932157e-02 4.354610372507043692e-02
