-2.008811434683765301e-02 -2.364579599910232935e-02 1.224047299112033665e-01
-2.847410834178155659e-01 -7.238694501278214455e-02 3.204392988825014443e-01
-1.338209854439953439e-01 -1.497510890586725429e-01 -4.019201609040734535e-02
1.010046354820451353e-02 9.271329023233781941e-02 -1.223290632065521522e-01
-3.529483768530712606e-02 2.199731913984804069e-02 -1.886978050427250697e-01
-1.005758960936794372e-03 -1.291537035274469350e-02 2.040678336567310416e-02
4.480226884465801640e-02 -2.965728678899415827e-01 -6.085452156464170592e-01
1.757155250489992881e-01 2.181731856901851230e-01 -6.469289530284627610e-02
2.005649032350002164e-02 -1.023295728271866878e-01 -3.460254783873408790e-01
6.082198019853409313e-03 -6.156814766888281387e-02 4.304114544254289410e-02
5.401865123081128761e-02 2.469801141550104218e-01 2.921793405528802512e-01
-4.172576826844920372e-02 -1.065557531853156270e-01 6.336879825755481477e-02
-2.802338793141431195e-01 -1.828979015576181477e-01 1.163640686090776193e-02
-8.137196563893583923e-02 1.026027052084372004e-01 1.509504601857774853e-01
7.705578057411394122e-02 1.763325078552389902e-02 -5.473026512425652190e-02
6.413723650357833206e-01 -2.278114387928966422e-01 -7.424721425032902999e-01
-5.462284139752221490e-02 -1.515765016813993282e-01 -5.081875527676198434e-01
-9.846533564774070935e-02 -6.605808530616410525e-03 -2.545855490516414910e-01
-2.882129780838756788e-02 6.027927902765930351e-03 1.092425593282509225e-02
-4.865993720209258432e-03 1.032600947991554885e-02 -6.114599099036128332e-03
-4.225120949994294606e-02 -5.126305202704993513e-02 -4.363861391892556035e-02
-8.959031544567428590e-03 1.681877628321472654e-02 -1.256238962131896696e-02
3.567030797250428376e-01 7.710838819442178416e-02 2.209236497246415409e-02
-4.156490085846486354e-02 -4.787651103538052670e-03 1.701187003607015219e-02
5.172942810619740595e-02 -2.136146551927943504e-02 -9.362763768800918401e-03
-6.503475208937075092e-01 2.186924827180915243e-02 2.142197785085094008e-01
9.557110626701947886e-02 6.524408132868476928e-02 1.736774821663125690e-01
8.282183479129889836e-02 -5.779110701967151570e-04 8.684931902660006364e-02
-2.577910450580510326e-02 -1.198648044224504342e-04 -4.029872265155247033e-03
-4.379128125859752529e-01 -1.698088553558321778e-01 -1.480256097700090034e-01
-2.550397600025515188e-01 -6.975000588843456584e-02 -4.422445152477780250e-02
-2.955339100516668482e-02 5.295517121515247103e-03 -2.439404369756781321e-02
9.369550977243149004e-02 5.907591937782492517e-03 2.065249406831256521e-03
-1.545706170517656408e-02 2.038859852887796482e-03 7.300256702245798597e-04
8.198886100381369557e-02 6.316369319315993935e-02 5.568928386152008359e-02
2.577463163719960482e-02 1.278521387356184279e-02 5.591014826175776282e-03
