-3.204796533246939916e+00 -2.190968903475115415e+00 0.000000000000000000e+00
-6.727565636769839985e-01 -4.755429019518783162e-01 0.000000000000000000e+00
7.678986908060834171e-01 1.368415176416049484e+00 0.000000000000000000e+00
2.609211784164009451e-01 4.146758475689386186e-02 0.000000000000000000e+00
2.076904458861747738e-01 2.304494195923597055e-01 0.000000000000000000e+00
-6.396518630552131546e-01 -4.941065707396540274e-01 0.000000000000000000e+00
-2.008945989570498636e+00 -1.597848333503794738e+00 0.000000000000000000e+00
1.570568108670383323e+00 1.105514907934318281e+00 0.000000000000000000e+00
8.018625719104838234e-01 9.417364697161560716e-02 0.000000000000000000e+00
7.732179654934790980e-01 5.403761783302114541e-01 0.000000000000000000e+00
1.174490026361914019e-01 1.634173451746322725e-01 0.000000000000000000e+00
7.940685647876416509e-01 5.191966966170066256e-01 0.000000000000000000e+00
3.863008909751605158e-01 3.380715895903817214e-02 0.000000000000000000e+00
1.678689196264722572e+00 1.135412851115028321e+00 0.000000000000000000e+00
3.874704528450350072e-01 5.263616011860501320e-01 0.000000000000000000e+00
3.392078354268827645e-01 1.746646629807070417e-01 0.000000000000000000e+00
-8.604760532779431870e-01 -1.496907509283658344e+00 0.000000000000000000e+00
-1.408287372962234163e-01 -4.387025078212280493e-01 0.000000000000000000e+00
5.640608580575459108e-01 -8.947114637829153838e-02 0.000000000000000000e+00
-6.150134133975161399e-01 -2.794856279179100400e-01 0.000000000000000000e+00
-1.530090181226486101e-01 -1.170334364628476259e-01 0.000000000000000000e+00
-3.640310080897630751e-01 -1.903616821436576456e-01 0.000000000000000000e+00
-1.710433712998451483e-01 -5.472484504512850623e-02 0.000000000000000000e+00
1.359176160595362948e+00 1.145453754628281251e+00 0.000000000000000000e+00
4.602328241061423575e-01 2.819343031157480750e-01 0.000000000000000000e+00
-2.321800590864407376e-01 -1.829503417015685973e-01 0.000000000000000000e+00
-1.542038806283097252e-01 -1.506424197808391430e+00 0.000000000000000000e+00
-4.482303199106194569e-01 1.954862587319551592e-01 0.000000000000000000e+00
9.209747064105410219e-01 8.642893399218256612e-01 0.000000000000000000e+00
3.740699393871152467e-02 -1.848950381828864120e-01 0.000000000000000000e+00
-6.293838890858425295e-01 -1.423485527727531341e+00 0.000000000000000000e+00
-1.000561060959668680e+00 2.616685396761069260e-01 0.000000000000000000e+00
1.936656511761533361e-01 2.519560803977259233e+00 0.000000000000000000e+00
2.809876097849244025e-02 4.195435034377383299e-01 0.000000000000000000e+00
-1.460408039792038704e+00 -1.113688607369342387e+00 0.000000000000000000e+00
