-1.931908833712600027e+00 1.149399675040121638e+00 0.000000000000000000e+00
-3.092043241991747626e-01 -4.741914268754367917e-02 0.000000000000000000e+00
1.849381182426034775e-01 4.371967519548415892e-01 0.000000000000000000e+00
1.392100064399821695e-02 -1.145191417698985248e-01 0.000000000000000000e+00
6.131303697086818577e-02 -2.101643721645236607e-01 0.000000000000000000e+00
9.131619690499322983e-01 6.785002038176394246e-01 0.000000000000000000e+00
-5.452234973945404573e-01 7.641685639902136007e-01 0.000000000000000000e+00
3.164511684983759010e-01 -1.398137634551507302e-01 0.000000000000000000e+00
2.214669910584084744e-01 1.786963291850412472e-01 0.000000000000000000e+00
1.593578028949238279e+00 1.123756510930282726e-01 0.000000000000000000e+00
2.493382359628009207e-02 -1.253130722531440588e-01 0.000000000000000000e+00
1.264625339676778981e-01 -1.272179429859532085e-01 0.000000000000000000e+00
6.199326737097406170e-02 3.694805077822962275e-02 0.000000000000000000e+00
1.414162424641264293e+00 -1.252645540823803805e-01 0.000000000000000000e+00
5.631015189330875748e-01 2.034298963061440257e-01 0.000000000000000000e+00
4.148179253599509342e-01 -2.356407765415588218e-01 0.000000000000000000e+00
-4.760472818911826165e-01 -3.553102796211733000e-02 0.000000000000000000e+00
1.029642898789211225e+00 -6.566047191421411355e-01 0.000000000000000000e+00
4.409931877977555925e-01 5.029182495567185995e-01 0.000000000000000000e+00
1.138300162574836516e-01 1.624757612687592612e-02 0.000000000000000000e+00
-1.035871800051973990e-01 3.193361069871889640e-02 0.000000000000000000e+00
-9.477059368028685135e-03 6.252758936653877997e-02 0.000000000000000000e+00
-6.810980700700133839e-02 -6.073895581917890946e-02 0.000000000000000000e+00
9.886144540175578754e-01 3.989465345963968956e-01 0.000000000000000000e+00
5.173042788162824160e-03 -1.442644326874602811e-01 0.000000000000000000e+00
-1.745928393431469827e-01 -3.118214241884866011e-02 0.000000000000000000e+00
-5.596075378418633450e-01 -5.173693315393839143e-01 0.000000000000000000e+00
-2.797551097262686026e-01 6.559853778889382925e-01 0.000000000000000000e+00
-3.104034328329103865e-01 9.722082260632135264e-02 0.000000000000000000e+00
-1.159802248815998832e-01 -9.553669726555266695e-02 0.000000000000000000e+00
9.490008879474758352e-01 2.477078512254888565e-01 0.000000000000000000e+00
-1.277200427327981336e-01 -2.631107695484058429e-01 0.000000000000000000e+00
1.072142343829559197e+00 8.312586304188341879e-01 0.000000000000000000e+00
1.252446742866015983e+00 1.183940466960978988e+00 0.000000000000000000e+00
-1.179825800578025372e-02 -5.765601817572359178e-02 0.000000000000000000e+00
