-3.186436995550351869e-01 -1.271925918943248301e-01 6.157233539713074383e-02 -8.777670877283783035e-02
6.225204723598419809e-01 2.585686389524053941e-01 8.249126576486930096e-02 3.349420885043108420e-01
2.013988088443074143e-01 1.010017583682615017e-01 1.052383757727328589e-01 2.066769111326833830e-01
8.224386222621182796e-02 1.860678382414838183e-01 -1.725538353266133362e-01 -2.505214989146230531e-01
3.198093437265478456e-02 7.148639602635097345e-01 9.139597770962576417e-02 -2.639745232395576680e-01
-1.386593063765549638e-01 9.268975830934044272e-03 -4.703241411946661177e-02 -2.307637271375368587e-02
-6.150224263519640244e-01 -5.736469193998284810e-01 -8.561422276089486472e-02 -1.264478585319134089e-02
-2.227567794307841464e-01 6.120541833425682809e-03 1.020909409332009105e-01 -1.444594080118288826e-01
-1.071102720319849905e-01 -2.792099752285683023e-02 -4.984231903033308278e-04 -2.086762337870810557e-01
5.684081387907662271e-03 -1.113419524458605786e-01 7.116094830822815298e-02 1.533483668954593315e-01
3.257741662875480171e-01 6.312841289144810464e-01 2.147857759236542763e-01 -1.302112155230249896e-02
8.783086187105744458e-02 -2.054159038184375299e-02 -1.189694104383066803e-01 3.859592738352210506e-02
-8.616732162448284549e-02 -9.905863362320591614e-01 -3.310608496972656800e-01 2.841495905219379448e-01
8.852420539311793568e-02 1.535876430101025536e-01 9.196848248521201363e-02 1.702487440390734186e-01
1.274947923485203471e-01 1.040975476658055759e-01 7.869040551082925883e-02 2.815350578000304707e-02
-8.466402515080703184e-01 -9.012622407483922293e-02 -1.607131781893960387e-01 -7.460754270932695720e-01
-4.319309177369518027e-01 -2.465162826029932419e-01 -2.166572949664384296e-01 -2.744445488536558231e-01
-3.061368072433723678e-02 -1.187127547648068882e-01 -7.332185178919570223e-02 -7.008128962566076425e-02
1.610396920915384833e-01 3.451454342194123365e-03 -3.087203165972240981e-02 2.935315271847191432e-03
-1.987761986194841717e-03 2.092557648124122524e-02 -7.379860566122237002e-03 -2.301095727583203632e-02
-5.863916913354996763e-02 -1.562129797795521191e-01 -6.199060844018815242e-02 -1.602563428022040545e-03
-1.197637118467218161e-02 -9.761969152605466356e-04 2.435973647405441020e-02 -4.518060877112550083e-03
4.351726174696814858e-02 3.566122585119750887e-01 1.296082544677308324e-01 -4.449865439076924195e-02
-2.745451421115199797e-02 -4.822816912585249638e-02 -2.238671798262891616e-02 -6.740954057996006825e-03
-1.660761951032959510e-02 -3.027854532545591268e-02 -2.919972297523963992e-02 -3.144043282772943093e-02
2.322234618876662660e-01 -1.904153857537525807e-01 -6.788021626307211287e-02 2.054032146096606282e-01
1.553566341128667927e-01 1.392439381151651112e-01 9.815682854921504996e-02 9.662944886796491495e-02
1.468618245460073801e-02 8.911283539332397197e-02 3.517105876922159424e-02 2.425371901001355246e-02
-5.617076808400173898e-02 9.692369481400201978e-03 1.959357608308155002e-02 1.571248187289342371e-03
-1.818425493032995166e-01 -4.982056147113026467e-01 -1.144168400674162728e-01 -2.890167219901168538e-01
-4.193098485956230081e-02 -2.957114086464108782e-01 -1.094285131032074893e-01 -5.520948430342844521e-02
-1.761386227722174999e-02 -8.639987381644648190e-02 1.145755704047586934e-02 7.391943176724549702e-03
1.206648518112407413e-02 7.120319149678213354e-03 -3.586577120549762354e-02 2.249758443885927980e-02
6.627966181436916598e-03 1.969936363908180235e-02 -1.737113096223614692e-02 -4.676659297105293170e-03
2.574307983800290245e-01 6.799846820538724135e-02 9.866466633542186893e-02 2.700977755740557873e-01
1.679932546547624125e-02 4.304197681477539561e-02 2.945310048481636703e-02 1.667613082688292059e-02
