-4.901327289098166007e-02 -1.295455948932543455e-01 9.850330303746787641e-02 7.342990040017927100e-04
1.764429885341665671e-01 8.505481853596428415e-03 2.671385880786276146e-01 9.659989952164355076e-01
1.985744508883959814e-01 1.366358160521640441e-01 1.635695864915310827e-01 3.856628073842924831e-01
-8.041008372403118942e-02 4.829976337183552321e-02 -1.457412840984784186e-01 -3.288687299618200943e-02
-8.823459642369683997e-02 7.684175743050760676e-01 1.812369044466947410e-01 2.028605307257702051e-01
4.759489957612413058e-02 9.669932482619494896e-02 1.027696346597985894e-01 -1.596911413722749140e-01
1.077920917667360701e-01 4.597738049518335091e-01 -8.284147385891003912e-02 -3.646801171165445776e-01
-1.990609069964707212e-01 -7.625370662830258106e-02 -1.007918672012998729e-01 -4.185299982463561719e-01
2.356429030359462051e-01 2.714378585215180273e-01 2.135261360462084035e-01 -3.881647403358985393e-01
4.547021274397327825e-04 -4.800113460066082055e-02 1.218949238112466624e-02 -1.866290843672556432e-02
5.244929518564574178e-02 -9.591848022620999559e-02 1.105489443242731046e-01 1.251452015474685542e-01
5.094520676421034761e-02 -1.695452145042621386e-02 -5.621187332099899375e-03 1.337022394678251680e-01
3.161938496182475355e-01 -7.179082317050538009e-01 -1.677620981827860625e-01 -1.551117713556149080e-01
-1.236791255057254346e-01 -1.487959182541686576e-01 -2.148038676426135968e-02 3.840388659936690430e-01
-3.553463360107105701e-02 -7.190469126924108056e-02 -3.902623990036458573e-02 1.281318738590717654e-01
-1.456565953894272680e-01 -8.347293395605284161e-01 -1.663543266364172213e-01 -1.548576690748728169e+00
1.533225754394475053e-02 -4.967285710209745631e-02 6.725018518706378512e-02 -5.582458553123090250e-02
-9.960915880275615295e-03 -9.928862701916663092e-02 1.977447067374947520e-02 -1.354124064767296964e-01
1.440203437943220893e-03 -1.395953587160901621e-02 -4.747612229473397588e-02 1.309702369675673495e-01
8.126476562142671486e-03 1.330238806175823921e-02 4.079876836905284299e-03 8.946448753692839984e-03
-7.547732092997663789e-02 -6.217892523965864310e-02 -7.799101058549745558e-02 -8.290455941169638798e-02
-3.758854720223841345e-03 7.141264093690429145e-03 7.927550286229694682e-03 -1.426740990461436258e-02
1.585701981946331315e-02 2.397935893281173125e-01 2.126771078353449085e-01 1.253087704699457627e-01
7.045629036880070480e-03 1.368170083732886573e-02 8.296591936273262774e-03 -2.510670510756092544e-02
1.952805252261241228e-02 2.085052870147944756e-02 -9.212116457311739920e-03 -7.798506807162883248e-02
2.228851823580168812e-01 6.401300387922432833e-01 3.229717594982619011e-01 8.390940625723446455e-01
2.527642741274436448e-03 5.115293790866408397e-02 -5.378198213294137220e-02 3.660630974477835364e-02
2.645218318306025163e-03 3.309719981499084640e-02 -1.302343966080587653e-02 4.984568070837584741e-02
1.195256774304979952e-03 1.214635860750102811e-02 2.214462726647704882e-02 -4.839461124595610675e-02
1.282289415919951603e-01 2.834093811506113725e-01 5.235265857359666652e-02 4.363720292147414970e-01
-1.294330999755352596e-02 2.636932041367819751e-02 -9.333034931501846265e-02 -5.357792217276879931e-02
-5.171097627559517740e-03 8.864231326274174538e-02 -1.205554967622715912e-01 -5.712637405485006259e-03
1.104229424057474179e-02 -1.151348289772103142e-02 7.179433228151511394e-03 -5.905690271332135477e-03
-2.664749730331032740e-03 -1.316541524367102062e-02 -1.696938915789940328e-02 6.804262953524480018e-03
4.169153545563761276e-02 2.802791018484124611e-02 -2.519393313651982491e-02 -7.544394022925085541e-02
6.510311743834455364e-03 1.492293295360035306e-02 2.522761504715856362e-02 8.225609087280771198e-03
