-7.049310515380213804e-03 -1.129363447707361183e-02 5.295122249798374370e-02 1.828597184866994629e-01
-1.874046677568594332e-01 -1.700002600040007583e-01 -6.952364800883381601e-02 -5.583763031676003408e-02
-1.663722026112481878e-01 -1.630836072367745637e-01 -1.561750904030766995e-01 -1.807490400737380432e-01
6.025090014749173717e-02 5.251791881490888020e-02 8.334988343922447585e-03 -7.522419394537738224e-02
-2.188806853098196337e-02 -2.255539591699438906e-02 -1.816820853475797082e-01 -1.297958672595185270e-01
-8.731503257049938460e-05 -9.447149574724443555e-03 -5.670881740068516030e-03 -1.414603800989411297e-02
-6.688186462542539124e-02 -1.032522184411564514e-01 -3.381904519639105100e-01 -6.641211074799908687e-01
1.061937403700235899e-01 1.020509865565810970e-01 9.480265190343668824e-02 8.906155985026786848e-02
-2.241996119069721016e-02 -2.047656560754464172e-02 -4.927334496059854185e-02 2.065386919443890079e-02
-9.093418796973219004e-03 -1.794055821491561536e-03 5.152771640595438241e-03 3.669083776183357237e-03
-6.820432799511846889e-02 -3.206545288548164063e-02 1.014971355870011305e-01 4.029530353682666544e-01
-2.910332397010541305e-02 -2.806190516469517920e-02 -2.410666559818004304e-02 -6.389874969611381017e-03
3.070285563440886684e-02 2.903395178771155105e-02 2.188312743723607456e-01 1.423209675058014767e-01
1.199507619460356278e-02 2.918046949550176863e-03 2.397981933179811620e-02 -5.502959518687677853e-02
-1.232014431808599320e-04 1.310788562259862511e-02 4.283394481606101617e-03 6.506272536161983311e-03
5.315512214591032458e-02 1.333100547117489071e-02 1.239664182668278880e-01 1.489239274963982673e-01
1.671629667042357978e-02 -3.911207294239472942e-03 2.258112882148063938e-02 5.882333819886276238e-02
4.260082036461235178e-03 3.591121700469608602e-03 3.951256397366216533e-03 4.723121588286360861e-03
-1.000792584646983951e-03 2.323954558438191126e-04 -1.537265116953722213e-03 1.590340547686888706e-02
4.478400006210210733e-03 3.063604938497513364e-03 3.449305539883569006e-03 8.707057548010967152e-03
1.092093770026003607e-03 -8.662877753854138219e-03 -2.935487322800047622e-02 -9.452390567410023925e-02
3.145227401920152113e-03 3.064944218294897785e-03 2.454448124064813677e-03 -1.822536028798261987e-03
-4.527735532756795717e-02 -4.745983604874979417e-02 -9.350939653356621362e-02 -6.578919215299225409e-02
-2.026598165883689712e-05 -4.182654271653863526e-03 -6.016565127851796618e-04 -1.035154980214142428e-04
-2.510524275357688129e-03 7.246553358862465981e-04 -3.932686810297080643e-03 1.033607888200727132e-02
-4.170397059190833478e-02 -3.388001889757494278e-02 -8.816684777464348088e-02 -1.639302686482955462e-01
-2.184307256089628585e-03 1.370111787859524394e-03 -6.709853248010537452e-03 1.791627534220838203e-03
-1.437542678276748989e-03 -2.192094318865616537e-03 -5.054441919212554826e-03 -9.366815836924419214e-03
3.565157284458595789e-04 1.757629801225905203e-03 -9.769927208372825370e-04 -2.905402017693001215e-03
-1.212891392315895711e-03 -2.787406160373748221e-03 -2.492924198635483590e-02 6.404485601290055286e-02
1.165468561575686707e-02 7.713964072953327644e-03 3.764693403186417792e-03 -1.799084523485883214e-02
1.718099402943651377e-04 1.816218077974137216e-03 9.290442967900075510e-03 2.275827380684486423e-02
-2.856261320106218138e-04 -2.208811466371961643e-03 3.923729417277380116e-03 -1.094571298972557560e-02
7.854180868449881989e-04 4.859700234611553926e-04 2.421186783949943674e-03 -7.083533814199183265e-05
-2.232885192896342241e-01 -2.193893583632538224e-01 -2.391638747063314918e-01 -2.517531825090593145e-01
7.456463512669322989e-04 2.220042243599851858e-03 1.830956071396409087e-03 3.413503066109723188e-03
