8.038915219536308943e-01 -8.581755405233626455e-01 -9.299976484006875488e-01 0.000000000000000000e+00
-3.952325383827951510e-01 -2.954840113297604320e-01 -7.562285517788258637e-01 0.000000000000000000e+00
1.484197572865371573e+00 1.057092967501404468e+00 1.586965914705619651e+00 0.000000000000000000e+00
-1.772121718816568603e-01 -4.236081523670958693e-01 2.980081949538879726e-01 0.000000000000000000e+00
-3.761600870840853816e-01 -9.800111499991724651e-02 -5.050610206799042157e-01 0.000000000000000000e+00
8.852603381767145674e-01 -2.664135012050171114e-01 -3.067028988063505435e-03 0.000000000000000000e+00
4.109951348205823640e-01 -5.001779573476653473e-01 -2.267509451799711584e-01 0.000000000000000000e+00
3.941895459854349859e-01 7.750687640126653344e-01 5.727800333355439477e-01 0.000000000000000000e+00
-6.156560132165063426e-02 -4.355627499676210101e-01 -1.548389844137826599e-01 0.000000000000000000e+00
-1.335594808719270832e+00 8.994078364725358599e-01 -9.738021945784788858e-02 0.000000000000000000e+00
-1.467508257025524065e-01 -1.583319711806883620e-02 -2.068540603457593718e-01 0.000000000000000000e+00
2.117696245212290218e-01 3.394529610951596554e-01 1.709678916964639528e-01 0.000000000000000000e+00
4.505838995580248307e-02 -1.982800585645758673e-01 -3.873867415920665552e-02 0.000000000000000000e+00
-7.797987242653966478e-01 5.170105985605818466e-01 2.165756339854067389e-02 0.000000000000000000e+00
-2.802689288299796688e-01 -3.383963472188962207e-01 -2.700178811077296737e-01 0.000000000000000000e+00
-2.797532969072094033e-01 -1.381741846465040224e-01 -1.134021694415303511e-01 0.000000000000000000e+00
3.138610433189214510e-01 -7.038834974048415738e-01 4.964142497379480656e-01 0.000000000000000000e+00
4.824444711583819601e-01 -2.976410507137613459e-01 8.252064907069223132e-02 0.000000000000000000e+00
7.188195689801882837e-01 4.274104520988319389e-01 1.309863437689060328e+00 0.000000000000000000e+00
-4.000254653830670470e-02 9.913373543926640163e-02 -3.408649691340738808e-01 0.000000000000000000e+00
7.004805870160046855e-02 2.486046555154248702e-02 1.206553148768800265e-01 0.000000000000000000e+00
3.147646903365385884e-01 -1.564653739884598327e-01 1.324659200978232920e-01 0.000000000000000000e+00
-2.175536936319561604e-02 1.259990365207880048e-01 7.262039826504940176e-02 0.000000000000000000e+00
-7.057425738671317950e-01 6.226672061797947633e-01 5.903850518645898521e-02 0.000000000000000000e+00
5.711377598368054531e-02 2.922030676487624712e-02 -4.152906693685132905e-02 0.000000000000000000e+00
1.253051810097837448e-01 -3.571369031761129076e-01 -2.020156055739118495e-01 0.000000000000000000e+00
-1.275617229241132522e+00 -9.192880724817419358e-01 -6.316169129756618039e-01 0.000000000000000000e+00
-5.414073747175589535e-01 -1.836032237472507225e-02 -3.992497852095270860e-01 0.000000000000000000e+00
-1.582139025342546579e-01 -1.038388145619513342e-01 4.978035416488050258e-01 0.000000000000000000e+00
4.601853270561753195e-01 -2.409935865632708563e-01 -1.013471293593859179e-01 0.000000000000000000e+00
1.630500659318707912e+00 -1.018007789848395905e+00 9.318842628125886263e-01 0.000000000000000000e+00
-6.415334006991769700e-01 -2.392909227139072559e-01 -4.883641122541279023e-01 0.000000000000000000e+00
3.680067476515028746e-01 3.267765806761198655e-01 1.112887938734304361e-01 0.000000000000000000e+00
-1.008659549255573440e+00 9.884473426607176538e-01 -1.445272876093443848e-01 0.000000000000000000e+00
-3.438315111293222537e-01 8.578971670904161906e-02 -1.214526503552051939e-01 0.000000000000000000e+00
