2.501558023564858679e+00 1.293648504574463676e+00 6.319219693307103203e-01 0.000000000000000000e+00
1.404815816072358503e+00 3.316142746459262991e-01 -3.614467749880497793e-01 0.000000000000000000e+00
-2.016608661580427952e+00 2.396049532350601918e+00 1.732871692230721072e-01 0.000000000000000000e+00
1.237250166478020136e-01 9.961723667934405668e-01 3.275587536998215699e-01 0.000000000000000000e+00
4.019368725456020641e-01 2.208485354681192503e-01 -4.549036196039069058e-01 0.000000000000000000e+00
5.804647440216006427e-01 -2.462242518844250105e-02 2.272111562618962299e+00 0.000000000000000000e+00
9.502988463070813907e-01 7.526268722760426355e-01 3.616074105672161809e-01 0.000000000000000000e+00
-8.263197824944958914e-01 6.441080780609649281e-01 2.205524936020790416e-01 0.000000000000000000e+00
2.131434654574627108e-01 -1.183149188751471403e-01 2.407454524833685383e-01 0.000000000000000000e+00
-1.904237673125911690e-01 2.373389051947334960e-01 1.342992915607195803e+00 0.000000000000000000e+00
-9.690129550654983867e-03 7.764514358821110462e-02 -2.493159946288599493e-01 0.000000000000000000e+00
-4.398763730125455629e-01 1.845670211555457685e-01 1.642770587379584202e-01 0.000000000000000000e+00
1.176078780458307028e-02 -1.569873223020077369e-01 1.296436571719968289e-01 0.000000000000000000e+00
-5.255781460265460669e-01 -1.519465687564046874e+00 5.234472688757473291e-01 0.000000000000000000e+00
-1.019539115265748475e-01 1.030127760194460007e-01 1.992274326562955278e-01 0.000000000000000000e+00
2.001662864345440385e-01 -3.601566305643332799e-01 1.369613979484751998e-01 0.000000000000000000e+00
1.919791770499704953e+00 1.440741426229336097e+00 -1.404046403869868342e+00 0.000000000000000000e+00
2.730819082190657721e+00 -5.036107902905359035e-01 -1.743919070395955284e+00 0.000000000000000000e+00
-1.118275416471202321e+00 1.297706684348995276e+00 -8.680306729073182515e-03 0.000000000000000000e+00
2.497546391516251574e-01 9.189669146712294845e-01 -7.025199638996019180e-01 0.000000000000000000e+00
-8.933324370725401198e-02 -7.023690537875409978e-02 8.641846274497540226e-02 0.000000000000000000e+00
-4.841741363422430444e-02 1.329361135344192812e-01 6.629358276923812132e-02 0.000000000000000000e+00
-9.425035822543266495e-02 -8.722159387042998507e-03 -4.204948800405615417e-02 0.000000000000000000e+00
-1.436163694665454349e+00 -1.614263976211945062e+00 -5.078291393897793604e-01 0.000000000000000000e+00
-2.433738417446319469e-01 -1.117629253191182587e-01 -2.393217730183797298e-01 0.000000000000000000e+00
1.358946801539298310e-01 1.386045845613752825e-01 -3.009224421939677985e-01 0.000000000000000000e+00
2.646539864162204214e+00 -1.390053955466303170e+00 -1.079227765626923130e+00 0.000000000000000000e+00
1.922839688431201843e-01 -1.046066914949696836e+00 -1.204464909672092882e-01 0.000000000000000000e+00
-2.092226252983005186e-02 -7.537208246058422212e-01 7.041498482351594701e-01 0.000000000000000000e+00
-2.766380770060758356e-03 7.248637527178405926e-02 1.278882027400398969e-01 0.000000000000000000e+00
-3.291403088327950588e+00 9.442656873315851129e-01 2.368480858416216250e+00 0.000000000000000000e+00
-6.385115565863666021e-01 1.143217097581302966e+00 1.666798335396825648e+00 0.000000000000000000e+00
-1.242683401482285732e-01 -5.181802936539497972e-01 8.224383748501860047e-01 0.000000000000000000e+00
1.027212631264867726e+00 -1.300681918925506109e+00 2.550390458251241554e-01 0.000000000000000000e+00
-1.440991482354487228e-02 4.036108383825892654e-01 2.497238119426536118e-01 0.000000000000000000e+00
