-2.013716132808308856e+00 -2.890283930679437674e+00 -6.505861636809027182e-01 0.000000000000000000e+00
-7.354969831264638325e-01 -1.455052331434515178e+00 -2.420886515457365107e+00 0.000000000000000000e+00
2.502361170472755081e+00 3.010415868705070275e-01 -2.281524385578950209e+00 0.000000000000000000e+00
7.177205804459284300e-02 9.026026774203071978e-01 1.104515866284929926e+00 0.000000000000000000e+00
9.096222229730446807e-02 -5.133868253205084997e-01 -1.102876396589846264e+00 0.000000000000000000e+00
-5.894265002406059439e-01 -1.154022104862138409e+00 2.106968615227952757e+00 0.000000000000000000e+00
-9.979854444383458034e-01 -9.872352901052372509e-01 1.282862347809667625e-01 0.000000000000000000e+00
1.769132847551875720e+00 4.563326126008325663e-03 6.400052632594239732e-01 0.000000000000000000e+00
2.235265083783047613e-01 5.046798377998819030e-01 -6.225431950984697815e-01 0.000000000000000000e+00
1.861741487626048797e-01 2.396747799262195056e+00 1.204525693434333800e+00 0.000000000000000000e+00
1.635951878746098875e-01 -7.033052867295237764e-02 -2.842266847278365760e-01 0.000000000000000000e+00
1.061915513946597223e+00 9.600532506223503904e-02 9.215197379001802691e-01 0.000000000000000000e+00
3.537987142639570370e-01 2.966393526859457674e-01 -5.093480567940918968e-01 0.000000000000000000e+00
-4.777299249063803877e-01 8.458270539478945915e-01 1.512677684925830324e+00 0.000000000000000000e+00
-9.100748894909629905e-02 7.658423929266486851e-01 -6.500646257288600349e-02 0.000000000000000000e+00
-3.515415944306293783e-01 8.261693639460276906e-02 -1.208159303717912136e+00 0.000000000000000000e+00
3.229335176757301418e-01 -1.187008959562801280e+00 -2.013253337391083697e+00 0.000000000000000000e+00
-7.336840445135568434e-01 -1.111764924358611406e+00 -1.465335937627918472e-01 0.000000000000000000e+00
1.536161908544297017e+00 9.113709777976189974e-01 -1.606609878943940473e+00 0.000000000000000000e+00
-7.143430114757522154e-02 -4.042917618215374764e-01 1.688663541735718199e-01 0.000000000000000000e+00
-5.436155376054857546e-02 1.325467769840948107e-01 6.357893137138687090e-02 0.000000000000000000e+00
2.448927656612250869e-01 1.929338413623286896e-01 5.114121910231145263e-01 0.000000000000000000e+00
-1.497289017701855518e-01 -7.471277363484211953e-02 2.555450321868459329e-01 0.000000000000000000e+00
-6.796017508391095641e-01 1.387254087760651622e+00 1.497083301662059274e+00 0.000000000000000000e+00
1.001515475761957930e-01 4.384123425817031405e-01 4.449062202648019770e-01 0.000000000000000000e+00
-3.697210794798222455e-01 -4.354457777491660408e-01 -1.504800607970618875e-01 0.000000000000000000e+00
-9.122966740378551931e-01 -6.658628878907657533e-01 8.690697632999971889e-01 0.000000000000000000e+00
-4.023729176851590372e-01 -1.235644546397169474e+00 -3.920978971115623990e-01 0.000000000000000000e+00
3.740573292475345979e-01 1.108239041670635361e+00 1.489125301358773301e+00 0.000000000000000000e+00
4.397358579372438458e-01 -9.533448028503365146e-01 1.706484915135396130e-01 0.000000000000000000e+00
-1.454732492216625817e+00 5.901548127212002948e-01 1.819461230675027963e+00 0.000000000000000000e+00
1.149330331313868969e+00 -1.718376788599601523e+00 4.570683430712040862e-01 0.000000000000000000e+00
-2.609818145714465094e-04 5.678149200312497813e-01 1.393098469257903371e+00 0.000000000000000000e+00
6.041156584369294924e-01 7.324421535777290160e-01 6.214969074028463547e-01 0.000000000000000000e+00
2.960921837475410379e-01 -5.011885808799919628e-01 1.006782221486477003e+00 0.000000000000000000e+00
