-1.000000000000000000e+00
-9.991815972794118039e-01
-9.983635295874384585e-01
-9.975457969240797418e-01
-9.967283992893355427e-01
-9.959113366832063052e-01
-9.950946091056918075e-01
-9.942782165567920494e-01
-9.934621590365070309e-01
-9.926464365448366411e-01
-9.918310490817808800e-01
-9.910159966473399695e-01
-9.902012792415139097e-01
-9.893868968643024786e-01
-9.885728495157057871e-01
-9.877591371957238353e-01
-9.869457599043566232e-01
-9.861327176416039286e-01
-9.853200104074661958e-01
-9.845076382019430916e-01
-9.836956010250348381e-01
-9.828838988767412133e-01
-9.820725317570624391e-01
-9.812614996659980715e-01
-9.804508026035486656e-01
-9.796404405697139994e-01
-9.788304135644940729e-01
-9.780207215878888860e-01
-9.772113646398983278e-01
-9.764023427205226202e-01
-9.755936558297614303e-01
-9.747853039676150910e-01
-9.739772871340834914e-01
-9.731696053291667425e-01
-9.723622585528646223e-01
-9.715552468051772417e-01
-9.707485700861043787e-01
-9.699422283956464774e-01
-9.691362217338032048e-01
-9.683305501005747828e-01
-9.675252134959609895e-01
-9.667202119199620469e-01
-9.659155453725777329e-01
-9.651112138538079366e-01
-9.643072173636531019e-01
-9.635035559021130069e-01
-9.627002294691876516e-01
-9.618972380648770359e-01
-9.610945816891811599e-01
-9.602922603420998016e-01
-9.594902740236332939e-01
-9.586886227337815258e-01
-9.578873064725446085e-01
-9.570863252399223198e-01
-9.562856790359147707e-01
-9.554853678605219613e-01
-9.546853917137436696e-01
-9.538857505955803395e-01
-9.530864445060316381e-01
-9.522874734450977874e-01
-9.514888374127786763e-01
-9.506905364090741939e-01
-9.498925704339844511e-01
-9.490949394875093370e-01
-9.482976435696490736e-01
-9.475006826804035498e-01
-9.467040568197726547e-01
-9.459077659877566102e-01
-9.451118101843553054e-01
-9.443161894095685183e-01
-9.435209036633965818e-01
-9.427259529458393850e-01
-9.419313372568970388e-01
-9.411370565965693213e-01
-9.403431109648563435e-01
-9.395495003617581053e-01
-9.387562247872743848e-01
-9.379632842414056260e-01
-9.371706787241514958e-01
-9.363784082355122163e-01
-9.355864727754875654e-01
-9.347948723440777652e-01
-9.340036069412823716e-01
-9.332126765671019397e-01
-9.324220812215362475e-01
-9.316318209045852949e-01
-9.308418956162490820e-01
-9.300523053565276088e-01
-9.292630501254208752e-01
-9.284741299229285483e-01
-9.276855447490512940e-01
-9.268972946037886684e-01
-9.261093794871407825e-01
-9.253217993991077472e-01
-9.245345543396893406e-01
-9.237476443088856737e-01
-9.229610693066965244e-01
-9.221748293331222257e-01
-9.213889243881627777e-01
-9.206033544718180694e-01
-9.198181195840879898e-01
-9.190332197249726498e-01
-9.182486548944719384e-01
-9.174644250925860778e-01
-9.166805303193149568e-01
-9.158969705746585754e-01
-9.151137458586169338e-01
-9.143308561711900317e-01
-9.135483015123777584e-01
-9.127660818821801136e-01
-9.119841972805973196e-01
-9.112026477076293762e-01
-9.104214331632760615e-01
-9.096405536475374864e-01
-9.088600091604136511e-01
-9.080797997019043333e-01
-9.072999252720099772e-01
-9.065203858707303608e-01
-9.057411814980653730e-01
-9.049623121540152360e-01
-9.041837778385797275e-01
-9.034055785517590698e-01
-9.026277142935528186e-01
-9.018501850639615292e-01
-9.010729908629849794e-01
-9.002961316906231692e-01
-8.995196075468760988e-01
-8.987434184317437680e-01
-8.979675643452258438e-01
-8.971920452873229923e-01
-8.964168612580347695e-01
-8.956420122573613973e-01
-8.948674982853026538e-01
-8.940933193418586500e-01
-8.933194754270293858e-01
-8.925459665408146392e-01
-8.917727926832148544e-01
-8.909999538542298092e-01
-8.902274500538593927e-01
-8.894552812821038268e-01
-8.886834475389628896e-01
-8.879119488244365810e-01
-8.871407851385251231e-01
-8.863699564812284049e-01
-8.855994628525464263e-01
-8.848293042524791874e-01
-8.840594806810266881e-01
-8.832899921381888175e-01
-8.825208386239655756e-01
-8.817520201383572953e-01
-8.809835366813636437e-01
-8.802153882529847317e-01
-8.794475748532206705e-01
-8.786800964820712379e-01
-8.779129531395363228e-01
-8.771461448256163695e-01
-8.763796715403111559e-01
-8.756135332836205709e-01
-8.748477300555448366e-01
-8.740822618560837309e-01
-8.733171286852374759e-01
-8.725523305430056276e-01
-8.717878674293887409e-01
-8.710237393443867049e-01
-8.702599462879992975e-01
-8.694964882602265188e-01
-8.687333652610685908e-01
-8.679705772905251804e-01
-8.672081243485967317e-01
-8.664460064352829116e-01
-8.656842235505839422e-01
-8.649227756944996015e-01
-8.641616628670300004e-01
-8.634008850681751390e-01
-8.626404422979347952e-01
-8.618803345563094132e-01
-8.611205618432987707e-01
-8.603611241589028680e-01
-8.596020215031215939e-01
-8.588432538759551704e-01
-8.580848212774031536e-01
-8.573267237074662095e-01
-8.565689611661438940e-01
-8.558115336534363182e-01
-8.550544411693434821e-01
-8.542976837138653856e-01
-8.535412612870019178e-01
-8.527851738887530786e-01
-8.520294215191192011e-01
-8.512740041780999523e-01
-8.505189218656955541e-01
-8.497641745819057846e-01
-8.490097623267307547e-01
-8.482556851001702425e-01
-8.475019429022246920e-01
-8.467485357328938811e-01
-8.459954635921778099e-01
-8.452427264800764783e-01
-8.444903243965897754e-01
-8.437382573417179232e-01
-8.429865253154604776e-01
-8.422351283178181047e-01
-8.414840663487903605e-01
-8.407333394083773559e-01
-8.399829474965790910e-01
-8.392328906133955657e-01
-8.384831687588265581e-01
-8.377337819328724011e-01
-8.369847301355330949e-01
-8.362360133668084172e-01
-8.354876316266985903e-01
-8.347395849152033920e-01
-8.339918732323229333e-01
-8.332444965780572144e-01
-8.324974549524060130e-01
-8.317507483553697734e-01
-8.310043767869482734e-01
-8.302583402471414020e-01
-8.295126387359493814e-01
-8.287672722533718783e-01
-8.280222407994092260e-01
-8.272775443740613133e-01
-8.265331829773281402e-01
-8.257891566092097069e-01
-8.250454652697060132e-01
-8.243021089588170591e-01
-8.235590876765428447e-01
-8.228164014228831480e-01
-8.220740501978383019e-01
-8.213320340014083065e-01
-8.205903528335929398e-01
-8.198490066943923127e-01
-8.191079955838063142e-01
-8.183673195018351665e-01
-8.176269784484787584e-01
-8.168869724237370900e-01
-8.161473014276100502e-01
-8.154079654600978611e-01
-8.146689645212003006e-01
-8.139302986109175908e-01
-8.131919677292492876e-01
-8.124539718761960572e-01
-8.117163110517574554e-01
-8.109789852559335932e-01
-8.102419944887244707e-01
-8.095053387501298658e-01
-8.087690180401501117e-01
-8.080330323587852082e-01
-8.072973817060350443e-01
-8.065620660818995091e-01
-8.058270854863787136e-01
-8.050924399194727688e-01
-8.043581293811814525e-01
-8.036241538715046540e-01
-8.028905133904428171e-01
-8.021572079379957199e-01
-8.014242375141632513e-01
-8.006916021189456334e-01
-7.999593017523426441e-01
-7.992273364143542835e-01
-7.984957061049807736e-01
-7.977644108242221144e-01
-7.970334505720780838e-01
-7.963028253485487928e-01
-7.955725351536342416e-01
-7.948425799873343189e-01
-7.941129598496490249e-01
-7.933836747405786927e-01
-7.926547246601231000e-01
-7.919261096082821361e-01
-7.911978295850559117e-01
-7.904698845904444271e-01
-7.897422746244475711e-01
-7.890149996870655658e-01
-7.882880597782983001e-01
-7.875614548981456631e-01
-7.868351850466078767e-01
-7.861092502236848301e-01
-7.853836504293764120e-01
-7.846583856636826226e-01
-7.839334559266036839e-01
-7.832088612181394849e-01
-7.824846015382900255e-01
-7.817606768870553058e-01
-7.810370872644353257e-01
-7.803138326704298633e-01
-7.795909131050393626e-01
-7.788683285682636015e-01
-7.781460790601024691e-01
-7.774241645805560763e-01
-7.767025851296245342e-01
-7.759813407073076208e-01
-7.752604313136052250e-01
-7.745398569485177909e-01
-7.738196176120450964e-01
-7.730997133041871416e-01
-7.723801440249439265e-01
-7.716609097743153400e-01
-7.709420105523013822e-01
-7.702234463589022750e-01
-7.695052171941180186e-01
-7.687873230579483907e-01
-7.680697639503935026e-01
-7.673525398714533541e-01
-7.666356508211279452e-01
-7.659190967994170540e-01
-7.652028778063210135e-01
-7.644869938418398236e-01
-7.637714449059732624e-01
-7.630562309987215519e-01
-7.623413521200842480e-01
-7.616268082700619058e-01
-7.609125994486544142e-01
-7.601987256558614403e-01
-7.594851868916833171e-01
-7.587719831561199335e-01
-7.580591144491712896e-01
-7.573465807708372743e-01
-7.566343821211181098e-01
-7.559225185000133518e-01
-7.552109899075236665e-01
-7.544997963436486099e-01
-7.537889378083882930e-01
-7.530784143017427157e-01
-7.523682258237116560e-01
-7.516583723742955581e-01
-7.509488539534940887e-01
-7.502396705613074701e-01
-7.495308221977354801e-01
-7.488223088627783408e-01
-7.481141305564358301e-01
-7.474062872787080591e-01
-7.466987790295948058e-01
-7.459916058090965141e-01
-7.452847676172129621e-01
-7.445782644539441497e-01
-7.438720963192900770e-01
-7.431662632132504109e-01
-7.424607651358258176e-01
-7.417556020870158529e-01
-7.410507740668206278e-01
-7.403462810752402534e-01
-7.396421231122745077e-01
-7.389383001779235016e-01
-7.382348122721871242e-01
-7.375316593950653754e-01
-7.368288415465585883e-01
-7.361263587266665409e-01
-7.354242109353891221e-01
-7.347223981727264430e-01
-7.340209204386783926e-01
-7.333197777332451928e-01
-7.326189700564267326e-01
-7.319184974082230122e-01
-7.312183597886340314e-01
-7.305185571976597902e-01
-7.298190896353001778e-01
-7.291199571015554159e-01
-7.284211595964250607e-01
-7.277226971199097783e-01
-7.270245696720091244e-01
-7.263267772527232102e-01
-7.256293198620520357e-01
-7.249321974999953788e-01
-7.242354101665536836e-01
-7.235389578617267281e-01
-7.228428405855144012e-01
-7.221470583379169250e-01
-7.214516111189340775e-01
-7.207564989285660806e-01
-7.200617217668127124e-01
-7.193672796336738617e-01
-7.186731725291499728e-01
-7.179794004532408236e-01
-7.172859634059464140e-01
-7.165928613872667441e-01
-7.159000943972015918e-01
-7.152076624357512902e-01
-7.145155655029158392e-01
-7.138238035986950170e-01
-7.131323767230889343e-01
-7.124412848760975914e-01
-7.117505280577209881e-01
-7.110601062679591244e-01
-7.103700195068117784e-01
-7.096802677742793941e-01
-7.089908510703616384e-01
-7.083017693950587335e-01
-7.076130227483704571e-01
-7.069246111302968094e-01
-7.062365345408380124e-01
-7.055487929799939550e-01
-7.048613864477646374e-01
-7.041743149441500593e-01
-7.034875784691502210e-01
-7.028011770227651223e-01
-7.021151106049946522e-01
-7.014293792158388108e-01
-7.007439828552978200e-01
-7.000589215233716800e-01
-6.993741952200601686e-01
-6.986898039453633968e-01
-6.980057476992811427e-01
-6.973220264818138503e-01
-6.966386402929612975e-01
-6.959555891327234844e-01
-6.952728730011003000e-01
-6.945904918980919662e-01
-6.939084458236982611e-01
-6.932267347779192956e-01
-6.925453587607549588e-01
-6.918643177722054727e-01
-6.911836118122707262e-01
-6.905032408809507194e-01
-6.898232049782454522e-01
-6.891435041041547027e-01
-6.884641382586788039e-01
-6.877851074418177557e-01
-6.871064116535713362e-01
-6.864280508939396563e-01
-6.857500251629227161e-01
-6.850723344605205156e-01
-6.843949787867330548e-01
-6.837179581415602225e-01
-6.830412725250021300e-01
-6.823649219370588881e-01
-6.816889063777303859e-01
-6.810132258470165123e-01
-6.803378803449172674e-01
-6.796628698714328731e-01
-6.789881944265632185e-01
-6.783138540103083036e-01
-6.776398486226681284e-01
-6.769661782636426928e-01
-6.762928429332319968e-01
-6.756198426314359295e-01
-6.749471773582544909e-01
-6.742748471136880140e-01
-6.736028518977361657e-01
-6.729311917103990570e-01
-6.722598665516767991e-01
-6.715888764215689477e-01
-6.709182213200760581e-01
-6.702479012471979081e-01
-6.695779162029344977e-01
-6.689082661872857161e-01
-6.682389512002517851e-01
-6.675699712418324827e-01
-6.669013263120280310e-01
-6.662330164108382080e-01
-6.655650415382629026e-01
-6.648974016943025589e-01
-6.642300968789569549e-01
-6.635631270922260905e-01
-6.628964923341097437e-01
-6.622301926046083587e-01
-6.615642279037216023e-01
-6.608985982314496965e-01
-6.602333035877924194e-01
-6.595683439727498820e-01
-6.589037193863220843e-01
-6.582394298285091372e-01
-6.575754752993107077e-01
-6.569118557987270179e-01
-6.562485713267580678e-01
-6.555856218834039684e-01
-6.549230074686646086e-01
-6.542607280825398774e-01
-6.535987837250297749e-01
-6.529371743961345231e-01
-6.522759000958540110e-01
-6.516149608241882385e-01
-6.509543565811372057e-01
-6.502940873667009125e-01
-6.496341531808792480e-01
-6.489745540236724342e-01
-6.483152898950801379e-01
-6.476563607951026924e-01
-6.469977667237400976e-01
-6.463395076809921314e-01
-6.456815836668589048e-01
-6.450239946813401959e-01
-6.443667407244364487e-01
-6.437098217961474411e-01
-6.430532378964731732e-01
-6.423969890254135340e-01
-6.417410751829687454e-01
-6.410854963691385855e-01
-6.404302525839232763e-01
-6.397753438273223736e-01
-6.391207700993364327e-01
-6.384665313999652314e-01
-6.378126277292087698e-01
-6.371590590870670479e-01
-6.365058254735398435e-01
-6.358529268886276009e-01
-6.352003633323299869e-01
-6.345481348046472236e-01
-6.338962413055790890e-01
-6.332446828351256940e-01
-6.325934593932870387e-01
-6.319425709800631230e-01
-6.312920175954538360e-01
-6.306417992394592886e-01
-6.299919159120795920e-01
-6.293423676133146349e-01
-6.286931543431643066e-01
-6.280442761016286068e-01
-6.273957328887077578e-01
-6.267475247044016484e-01
-6.260996515487103897e-01
-6.254521134216336486e-01
-6.248049103231717583e-01
-6.241580422533246075e-01
-6.235115092120921965e-01
-6.228653111994743030e-01
-6.222194482154712603e-01
-6.215739202600830682e-01
-6.209287273333095047e-01
-6.202838694351506810e-01
-6.196393465656064858e-01
-6.189951587246771414e-01
-6.183513059123625366e-01
-6.177077881286625605e-01
-6.170646053735774350e-01
-6.164217576471070492e-01
-6.157792449492512921e-01
-6.151370672800102746e-01
-6.144952246393838857e-01
-6.138537170273723476e-01
-6.132125444439755491e-01
-6.125717068891934902e-01
-6.119312043630261710e-01
-6.112910368654733695e-01
-6.106512043965355296e-01
-6.100117069562124295e-01
-6.093725445445039579e-01
-6.087337171614102260e-01
-6.080952248069313448e-01
-6.074570674810670923e-01
-6.068192451838175794e-01
-6.061817579151825841e-01
-6.055446056751625505e-01
-6.049077884637572566e-01
-6.042713062809667024e-01
-6.036351591267907768e-01
-6.029993470012294798e-01
-6.023638699042830336e-01
-6.017287278359514380e-01
-6.010939207962344710e-01
-6.004594487851322437e-01
-5.998253118026447561e-01
-5.991915098487720082e-01
-5.985580429235138888e-01
-5.979249110268703982e-01
-5.972921141588418692e-01
-5.966596523194279689e-01
-5.960275255086289192e-01
-5.953957337264444982e-01
-5.947642769728747059e-01
-5.941331552479197642e-01
-5.935023685515795622e-01
-5.928719168838539888e-01
-5.922418002447432661e-01
-5.916120186342472831e-01
-5.909825720523659287e-01
-5.903534604990994250e-01
-5.897246839744474389e-01
-5.890962424784103035e-01
-5.884681360109879078e-01
-5.878403645721802517e-01
-5.872129281619873353e-01
-5.865858267804089365e-01
-5.859590604274454995e-01
-5.853326291030966910e-01
-5.847065328073627333e-01
-5.840807715402434042e-01
-5.834553453017389257e-01
-5.828302540918490759e-01
-5.822054979105739658e-01
-5.815810767579134843e-01
-5.809569906338678535e-01
-5.803332395384368514e-01
-5.797098234716206999e-01
-5.790867424334192881e-01
-5.784639964238323939e-01
-5.778415854428603504e-01
-5.772195094905030466e-01
-5.765977685667605934e-01
-5.759763626716327689e-01
-5.753552918051196841e-01
-5.747345559672213389e-01
-5.741141551579376223e-01
-5.734940893772686454e-01
-5.728743586252144082e-01
-5.722549629017750217e-01
-5.716359022069502638e-01
-5.710171765407402455e-01
-5.703987859031448560e-01
-5.697807302941643171e-01
-5.691630097137985178e-01
-5.685456241620474582e-01
-5.679285736389111383e-01
-5.673118581443895581e-01
-5.666954776784826064e-01
-5.660794322411905055e-01
-5.654637218325130332e-01
-5.648483464524501896e-01
-5.642333061010021966e-01
-5.636186007781689433e-01
-5.630042304839504297e-01
-5.623901952183465447e-01
-5.617764949813573994e-01
-5.611631297729831047e-01
-5.605500995932235497e-01
-5.599374044420786234e-01
-5.593250443195485477e-01
-5.587130192256331007e-01
-5.581013291603323934e-01
-5.574899741236464257e-01
-5.568789541155750866e-01
-5.562682691361185983e-01
-5.556579191852767385e-01
-5.550479042630497295e-01
-5.544382243694372381e-01
-5.538288795044397084e-01
-5.532198696680568073e-01
-5.526111948602886459e-01
-5.520028550811352241e-01
-5.513948503305965421e-01
-5.507871806086725996e-01
-5.501798459153633969e-01
-5.495728462506689338e-01
-5.489661816145892104e-01
-5.483598520071240046e-01
-5.477538574282736494e-01
-5.471481978780381450e-01
-5.465428733564170471e-01
-5.459378838634110220e-01
-5.453332293990196256e-01
-5.447289099632429688e-01
-5.441249255560810516e-01
-5.435212761775337631e-01
-5.429179618276013253e-01
-5.423149825062836271e-01
-5.417123382135805576e-01
-5.411100289494922277e-01
-5.405080547140185265e-01
-5.399064155071596760e-01
-5.393051113289155651e-01
-5.387041421792860829e-01
-5.381035080582714514e-01
-5.375032089658714485e-01
-5.369032449020862963e-01
-5.363036158669158837e-01
-5.357043218603600998e-01
-5.351053628824190556e-01
-5.345067389330928620e-01
-5.339084500123812971e-01
-5.333104961202844718e-01
-5.327128772568021642e-01
-5.321155934219348183e-01
-5.315186446156822120e-01
-5.309220308380441233e-01
-5.303257520890209964e-01
-5.297298083686124981e-01
-5.291341996768187395e-01
-5.285389260136398315e-01
-5.279439873790755522e-01
-5.273493837731260125e-01
-5.267551151957912126e-01
-5.261611816470711522e-01
-5.255675831269657206e-01
-5.249743196354750285e-01
-5.243813911725990762e-01
-5.237887977383379745e-01
-5.231965393326912794e-01
-5.226046159556596571e-01
-5.220130276072426634e-01
-5.214217742874404093e-01
-5.208308559962528950e-01
-5.202402727336801203e-01
-5.196500244997219742e-01
-5.190601112943786788e-01
-5.184705331176501231e-01
-5.178812899695361960e-01
-5.172923818500368975e-01
-5.167038087591524498e-01
-5.161155706968827417e-01
-5.155276676632276622e-01
-5.149400996581874335e-01
-5.143528666817618333e-01
-5.137659687339510839e-01
-5.131794058147550741e-01
-5.125931779241736930e-01
-5.120072850622071625e-01
-5.114217272288552607e-01
-5.108365044241180986e-01
-5.102516166479956761e-01
-5.096670639004878822e-01
-5.090828461815949391e-01
-5.084989634913167356e-01
-5.079154158296530497e-01
-5.073322031966043255e-01
-5.067493255921702300e-01
-5.061667830163509851e-01
-5.055845754691463689e-01
-5.050027029505564924e-01
-5.044211654605813555e-01
-5.038399629992209583e-01
-5.032590955664753007e-01
-5.026785631623443829e-01
-5.020983657868279826e-01
-5.015185034399265440e-01
-5.009389761216397341e-01
-5.003597838319675528e-01
-4.997809265709102777e-01
-4.992024043384676868e-01
-4.986242171346398910e-01
-4.980463649594267794e-01
-4.974688478128283520e-01
-4.968916656948447197e-01
-4.963148186054757716e-01
-4.957383065447215631e-01
-4.951621295125820943e-01
-4.945862875090571986e-01
-4.940107805341472091e-01
-4.934356085878519038e-01
-4.928607716701712271e-01
-4.922862697811054011e-01
-4.917121029206542593e-01
-4.911382710888179126e-01
-4.905647742855962501e-01
-4.899916125109893827e-01
-4.894187857649971995e-01
-4.888462940476197005e-01
-4.882741373588569966e-01
-4.877023156987089769e-01
-4.871308290671755858e-01
-4.865596774642569899e-01
-4.859888608899531892e-01
-4.854183793442641282e-01
-4.848482328271895847e-01
-4.842784213387299475e-01
-4.837089448788850499e-01
-4.831398034476548919e-01
-4.825709970450394737e-01
-4.820025256710387396e-01
-4.814343893256527451e-01
-4.808665880088814903e-01
-4.802991217207249752e-01
-4.797319904611830332e-01
-4.791651942302559419e-01
-4.785987330279435903e-01
-4.780326068542459783e-01
-4.774668157091629395e-01
-4.769013595926947513e-01
-4.763362385048413583e-01
-4.757714524456026495e-01
-4.752070014149786803e-01
-4.746428854129694508e-01
-4.740791044395749054e-01
-4.735156584947950997e-01
-4.729525475786300337e-01
-4.723897716910795963e-01
-4.718273308321439541e-01
-4.712652250018231070e-01
-4.707034542001169442e-01
-4.701420184270253544e-01
-4.695809176825486708e-01
-4.690201519666867269e-01
-4.684597212794395227e-01
-4.678996256208070026e-01
-4.673398649907892222e-01
-4.667804393893861814e-01
-4.662213488165978248e-01
-4.656625932724242634e-01
-4.651041727568652751e-01
-4.645460872699211374e-01
-4.639883368115916840e-01
-4.634309213818770257e-01
-4.628738409807769405e-01
-4.623170956082917060e-01
-4.617606852644212112e-01
-4.612046099491654561e-01
-4.606488696625244406e-01
-4.600934644044981092e-01
-4.595383941750865731e-01
-4.589836589742897210e-01
-4.584292588021075532e-01
-4.578751936585401805e-01
-4.573214635435873809e-01
-4.567680684572494321e-01
-4.562150083995262229e-01
-4.556622833704175868e-01
-4.551098933699238569e-01
-4.545578383980448112e-01
-4.540061184547805606e-01
-4.534547335401309942e-01
-4.529036836540961675e-01
-4.523529687966760249e-01
-4.518025889678706775e-01
-4.512525441676800142e-01
-4.507028343961040906e-01
-4.501534596531427401e-01
-4.496044199387962959e-01
-4.490557152530645357e-01
-4.485073455959474042e-01
-4.479593109674451235e-01
-4.474116113675575268e-01
-4.468642467962847253e-01
-4.463172172536266635e-01
-4.457705227395832859e-01
-4.452241632541546479e-01
-4.446781387973407496e-01
-4.441324493691415354e-01
-4.435870949695571164e-01
-4.430420755985872150e-01
-4.424973912562322198e-01
-4.419530419424919643e-01
-4.414090276573662819e-01
-4.408653484008554502e-01
-4.403220041729593581e-01
-4.397789949736780057e-01
-4.392363208030113930e-01
-4.386939816609595200e-01
-4.381519775475223311e-01
-4.376103084626998818e-01
-4.370689744064921722e-01
-4.365279753788992023e-01
-4.359873113799208055e-01
-4.354469824095573149e-01
-4.349069884678085085e-01
-4.343673295546742752e-01
-4.338280056701549481e-01
-4.332890168142503051e-01
-4.327503629869604573e-01
-4.322120441882852937e-01
-4.316740604182248697e-01
-4.311364116767791854e-01
-4.305990979639481853e-01
-4.300621192797319803e-01
-4.295254756241304595e-01
-4.289891669971435118e-01
-4.284531933987714702e-01
-4.279175548290141129e-01
-4.273822512878713842e-01
-4.268472827753435062e-01
-4.263126492914303678e-01
-4.257783508361319691e-01
-4.252443874094483101e-01
-4.247107590113793352e-01
-4.241774656419250999e-01
-4.236445073010856044e-01
-4.231118839888608485e-01
-4.225795957052507767e-01
-4.220476424502553336e-01
-4.215160242238747412e-01
-4.209847410261088885e-01
-4.204537928569576088e-01
-4.199231797164212354e-01
-4.193929016044995461e-01
-4.188629585211925965e-01
-4.183333504665003866e-01
-4.178040774404229163e-01
-4.172751394429601302e-01
-4.167465364741121392e-01
-4.162182685338788324e-01
-4.156903356222602652e-01
-4.151627377392562712e-01
-4.146354748848671279e-01
-4.141085470590927797e-01
-4.135819542619329492e-01
-4.130556964933880248e-01
-4.125297737534578402e-01
-4.120041860421423396e-01
-4.114789333594416343e-01
-4.109540157053556131e-01
-4.104294330798843315e-01
-4.099051854830277342e-01
-4.093812729147859319e-01
-4.088576953751588139e-01
-4.083344528641463245e-01
-4.078115453817486857e-01
-4.072889729279657312e-01
-4.067667355027974052e-01
-4.062448331062439300e-01
-4.057232657383052499e-01
-4.052020333989811984e-01
-4.046811360882719422e-01
-4.041605738061774256e-01
-4.036403465526975931e-01
-4.031204543278325003e-01
-4.026008971315821472e-01
-4.020816749639464782e-01
-4.015627878249254379e-01
-4.010442357145193037e-01
-4.005260186327278538e-01
-4.000081365795511434e-01
-3.994905895549890062e-01
-3.989733775590417197e-01
-3.984565005917091729e-01
-3.979399586529913657e-01
-3.974237517428882982e-01
-3.969078798613999703e-01
-3.963923430085263266e-01
-3.958771411842674781e-01
-3.953622743886233137e-01
-3.948477426215937225e-01
-3.943335458831790374e-01
-3.938196841733790365e-01
-3.933061574921937753e-01
-3.927929658396231427e-01
-3.922801092156673608e-01
-3.917675876203262630e-01
-3.912554010535999605e-01
-3.907435495154883420e-01
-3.902320330059914633e-01
-3.897208515251093242e-01
-3.892100050728418692e-01
-3.886994936491892094e-01
-3.881893172541511228e-01
-3.876794758877278868e-01
-3.871699695499193350e-01
-3.866607982407255784e-01
-3.861519619601463948e-01
-3.856434607081820620e-01
-3.851352944848324689e-01
-3.846274632900976154e-01
-3.841199671239775015e-01
-3.836128059864720719e-01
-3.831059798775813818e-01
-3.825994887973054315e-01
-3.820933327456442208e-01
-3.815875117225977498e-01
-3.810820257281658519e-01
-3.805768747623488046e-01
-3.800720588251464971e-01
-3.795675779165587627e-01
-3.790634320365859344e-01
-3.785596211852277904e-01
-3.780561453624843860e-01
-3.775530045683557212e-01
-3.770501988028417961e-01
-3.765477280659426107e-01
-3.760455923576581094e-01
-3.755437916779883478e-01
-3.750423260269333259e-01
-3.745411954044928771e-01
-3.740403998106673344e-01
-3.735399392454564760e-01
-3.730398137088602462e-01
-3.725400232008788670e-01
-3.720405677215122275e-01
-3.715414472707602722e-01
-3.710426618486231121e-01
-3.705442114551006361e-01
-3.700460960901928997e-01
-3.695483157538999031e-01
-3.690508704462215905e-01
-3.685537601671580177e-01
-3.680569849167090735e-01
-3.675605446948749799e-01
-3.670644395016556261e-01
-3.665686693370508453e-01
-3.660732342010609153e-01
-3.655781340936857249e-01
-3.650833690149252742e-01
-3.645889389647795631e-01
-3.640948439432485917e-01
-3.636010839503323044e-01
-3.631076589860307569e-01
-3.626145690503439489e-01
-3.621218141432718807e-01
-3.616293942648143855e-01
-3.611373094149717411e-01
-3.606455595937438363e-01
-3.601541448011305602e-01
-3.596630650371320792e-01
-3.591723203017483934e-01
-3.586819105949793918e-01
-3.581918359168251298e-01
-3.577020962672856075e-01
-3.572126916463608248e-01
-3.567236220540507818e-01
-3.562348874903554230e-01
-3.557464879552748038e-01
-3.552584234488087578e-01
-3.547706939709576179e-01
-3.542832995217212178e-01
-3.537962401010993907e-01
-3.533095157090924143e-01
-3.528231263457001776e-01
-3.523370720109226251e-01
-3.518513527047598677e-01
-3.513659684272117945e-01
-3.508809191782784609e-01
-3.503962049579598670e-01
-3.499118257662560127e-01
-3.494277816031668427e-01
-3.489440724686923012e-01
-3.484606983628326105e-01
-3.479776592855876594e-01
-3.474949552369572814e-01
-3.470125862169418096e-01
-3.465305522255410220e-01
-3.460488532627549740e-01
-3.455674893285836657e-01
-3.450864604230270971e-01
-3.446057665460852126e-01
-3.441254076977580678e-01
-3.436453838780456627e-01
-3.431656950869479972e-01
-3.426863413244649603e-01
-3.422073225905967186e-01
-3.417286388853432166e-01
-3.412502902087043433e-01
-3.407722765606803206e-01
-3.402945979412709820e-01
-3.398172543504764387e-01
-3.393402457882965795e-01
-3.388635722547314599e-01
-3.383872337497810800e-01
-3.379112302734454398e-01
-3.374355618257244838e-01
-3.369602284066182674e-01
-3.364852300161266796e-01
-3.360105666542499425e-01
-3.355362383209878896e-01
-3.350622450163405208e-01
-3.345885867403079472e-01
-3.341152634928901133e-01
-3.336422752740870190e-01
-3.331696220838986089e-01
-3.326973039223249939e-01
-3.322253207893660631e-01
-3.317536726850218720e-01
-3.312823596092924205e-01
-3.308113815621776532e-01
-3.303407385436775145e-01
-3.298704305537922821e-01
-3.294004575925217337e-01
-3.289308196598657585e-01
-3.284615167558246895e-01
-3.279925488803983047e-01
-3.275239160335866595e-01
-3.270556182153897540e-01
-3.265876554258075881e-01
-3.261200276648401619e-01
-3.256527349324874199e-01
-3.251857772287494175e-01
-3.247191545536261548e-01
-3.242528669071175207e-01
-3.237869142892236818e-01
-3.233212966999446381e-01
-3.228560141392802785e-01
-3.223910666072304920e-01
-3.219264541037956118e-01
-3.214621766289754712e-01
-3.209982341827700147e-01
-3.205346267651792980e-01
-3.200713543762033209e-01
-3.196084170158420834e-01
-3.191458146840955856e-01
-3.186835473809637720e-01
-3.182216151064465870e-01
-3.177600178605442527e-01
-3.172987556432566580e-01
-3.168378284545837476e-01
-3.163772362945254657e-01
-3.159169791630820345e-01
-3.154570570602533430e-01
-3.149974699860393912e-01
-3.145382179404401790e-01
-3.140793009234556510e-01
-3.136207189350858626e-01
-3.131624719753308139e-01
-3.127045600441905049e-01
-3.122469831416647690e-01
-3.117897412677538838e-01
-3.113328344224577382e-01
-3.108762626057763323e-01
-3.104200258177095550e-01
-3.099641240582575730e-01
-3.095085573274203861e-01
-3.090533256251978833e-01
-3.085984289515901202e-01
-3.081438673065970413e-01
-3.076896406902187575e-01
-3.072357491024551579e-01
-3.067821925433062979e-01
-3.063289710127721777e-01
-3.058760845108526860e-01
-3.054235330375479895e-01
-3.049713165928580882e-01
-3.045194351767827601e-01
-3.040678887893222271e-01
-3.036166774304764893e-01
-3.031658011002454911e-01
-3.027152597986291771e-01
-3.022650535256276028e-01
-3.018151822812407681e-01
-3.013656460654686731e-01
-3.009164448783112622e-01
-3.004675787197685910e-01
-3.000190475898405484e-01
-2.995708514885273566e-01
-2.991229904158289044e-01
-2.986754643717450253e-01
-2.982282733562759969e-01
-2.977814173694217081e-01
-2.973348964111821591e-01
-2.968887104815573497e-01
-2.964428595805472244e-01
-2.959973437081518943e-01
-2.955521628643712484e-01
-2.951073170492053421e-01
-2.946628062626541200e-01
-2.942186305047175821e-01
-2.937747897753958393e-01
-2.933312840746888361e-01
-2.928881134025964617e-01
-2.924452777591188823e-01
-2.920027771442560982e-01
-2.915606115580079982e-01
-2.911187810003746379e-01
-2.906772854713560172e-01
-2.902361249709520807e-01
-2.897952994991629394e-01
-2.893548090559884822e-01
-2.889146536414287647e-01
-2.884748332554836758e-01
-2.880353478981533821e-01
-2.875961975694378836e-01
-2.871573822693369582e-01
-2.867189019978508835e-01
-2.862807567549795484e-01
-2.858429465407228975e-01
-2.854054713550810418e-01
-2.849683311980538702e-01
-2.845315260696414383e-01
-2.840950559698437461e-01
-2.836589208986607935e-01
-2.832231208560925251e-01
-2.827876558421388853e-01
-2.823525258568000962e-01
-2.819177309000760467e-01
-2.814832709719665704e-01
-2.810491460724720003e-01
-2.806153562015921143e-01
-2.801819013593269680e-01
-2.797487815456765614e-01
-2.793159967606408389e-01
-2.788835470042199116e-01
-2.784514322764136685e-01
-2.780196525772221650e-01
-2.775882079066454011e-01
-2.771570982646832104e-01
-2.767263236513359259e-01
-2.762958840666033256e-01
-2.758657795104853538e-01
-2.754360099829821773e-01
-2.750065754840937959e-01
-2.745774760138200987e-01
-2.741487115721611967e-01
-2.737202821591169788e-01
-2.732921877746874451e-01
-2.728644284188727065e-01
-2.724370040916726521e-01
-2.720099147930873373e-01
-2.715831605231166512e-01
-2.711567412817608158e-01
-2.707306570690197201e-01
-2.703049078848931974e-01
-2.698794937293815255e-01
-2.694544146024845932e-01
-2.690296705042024006e-01
-2.686052614345348921e-01
-2.681811873934821788e-01
-2.677574483810441497e-01
-2.673340443972208602e-01
-2.669109754420123104e-01
-2.664882415154184447e-01
-2.660658426174392077e-01
-2.656437787480748214e-01
-2.652220499073251747e-01
-2.648006560951901567e-01
-2.643795973116699893e-01
-2.639588735567645061e-01
-2.635384848304737626e-01
-2.631184311327977587e-01
-2.626987124637364945e-01
-2.622793288232899145e-01
-2.618602802114581296e-01
-2.614415666282410289e-01
-2.610231880736386678e-01
-2.606051445476508799e-01
-2.601874360502779981e-01
-2.597700625815198006e-01
-2.593530241413763426e-01
-2.589363207298475134e-01
-2.585199523469335348e-01
-2.581039189926342403e-01
-2.576882206669497410e-01
-2.572728573698799259e-01
-2.568578291014248505e-01
-2.564431358615844592e-01
-2.560287776503588630e-01
-2.556147544677479511e-01
-2.552010663137516677e-01
-2.547877131883702351e-01
-2.543746950916035421e-01
-2.539620120234515332e-01
-2.535496639839142086e-01
-2.531376509729916791e-01
-2.527259729906838337e-01
-2.523146300369907835e-01
-2.519036221119124730e-01
-2.514929492154488466e-01
-2.510826113475999599e-01
-2.506726085083658129e-01
-2.502629406977464055e-01
-2.498536079157415712e-01
-2.494446101623516154e-01
-2.490359474375763715e-01
-2.486276197414158395e-01
-2.482196270738700750e-01
-2.478119694349389113e-01
-2.474046468246225705e-01
-2.469976592429209694e-01
-2.465910066898341080e-01
-2.461846891653619585e-01
-2.457787066695045486e-01
-2.453730592022618784e-01
-2.449677467636338091e-01
-2.445627693536205627e-01
-2.441581269722220837e-01
-2.437538196194383167e-01
-2.433498472952692615e-01
-2.429462099997149460e-01
-2.425429077327752592e-01
-2.421399404944503952e-01
-2.417373082847402710e-01
-2.413350111036448864e-01
-2.409330489511642137e-01
-2.405314218272982529e-01
-2.401301297320470318e-01
-2.397291726654104393e-01
-2.393285506273886976e-01
-2.389282636179816677e-01
-2.385283116371893775e-01
-2.381286946850117991e-01
-2.377294127614489605e-01
-2.373304658665008338e-01
-2.369318540001673357e-01
-2.365335771624486882e-01
-2.361356353533447527e-01
-2.357380285728555569e-01
-2.353407568209810730e-01
-2.349438200977213287e-01
-2.345472184030762131e-01
-2.341509517370459204e-01
-2.337550200996303673e-01
-2.333594234908295262e-01
-2.329641619106434247e-01
-2.325692353590720629e-01
-2.321746438361154130e-01
-2.317803873417733918e-01
-2.313864658760461934e-01
-2.309928794389337348e-01
-2.305996280304360158e-01
-2.302067116505530087e-01
-2.298141302992847412e-01
-2.294218839766310747e-01
-2.290299726825922588e-01
-2.286383964171681826e-01
-2.282471551803588183e-01
-2.278562489721641937e-01
-2.274656777925842810e-01
-2.270754416416191079e-01
-2.266855405192685635e-01
-2.262959744255328420e-01
-2.259067433604118325e-01
-2.255178473239055903e-01
-2.251292863160140600e-01
-2.247410603367372417e-01
-2.243531693860750797e-01
-2.239656134640277130e-01
-2.235783925705950859e-01
-2.231915067057771984e-01
-2.228049558695740506e-01
-2.224187400619856148e-01
-2.220328592830119185e-01
-2.216473135326528232e-01
-2.212621028109085786e-01
-2.208772271177790736e-01
-2.204926864532642805e-01
-2.201084808173641993e-01
-2.197246102100788578e-01
-2.193410746314081727e-01
-2.189578740813522828e-01
-2.185750085599111325e-01
-2.181924780670847219e-01
-2.178102826028730232e-01
-2.174284221672760642e-01
-2.170468967602938171e-01
-2.166657063819262263e-01
-2.162848510321734308e-01
-2.159043307110353749e-01
-2.155241454185120586e-01
-2.151442951546034821e-01
-2.147647799193096174e-01
-2.143855997126303814e-01
-2.140067545345659683e-01
-2.136282443851162949e-01
-2.132500692642813334e-01
-2.128722291720611115e-01
-2.124947241084556293e-01
-2.121175540734648590e-01
-2.117407190670887174e-01
-2.113642190893273987e-01
-2.109880541401808196e-01
-2.106122242196489802e-01
-2.102367293277318527e-01
-2.098615694644294649e-01
-2.094867446297416780e-01
-2.091122548236687417e-01
-2.087381000462105451e-01
-2.083642802973670605e-01
-2.079907955771383155e-01
-2.076176458855242823e-01
-2.072448312225249889e-01
-2.068723515881403241e-01
-2.065002069823704822e-01
-2.061283974052153800e-01
-2.057569228566749897e-01
-2.053857833367493391e-01
-2.050149788454384281e-01
-2.046445093827422290e-01
-2.042743749486606586e-01
-2.039045755431939111e-01
-2.035351111663419033e-01
-2.031659818181046351e-01
-2.027971874984820788e-01
-2.024287282074742345e-01
-2.020606039450810465e-01
-2.016928147113026815e-01
-2.013253605061390283e-01
-2.009582413295901149e-01
-2.005914571816559411e-01
-2.002250080623364792e-01
-1.998588939716317570e-01
-1.994931149095416634e-01
-1.991276708760663927e-01
-1.987625618712058617e-01
-1.983977878949600426e-01
-1.980333489473289632e-01
-1.976692450283125957e-01
-1.973054761379108846e-01
-1.969420422761239964e-01
-1.965789434429518201e-01
-1.962161796383943835e-01
-1.958537508624516588e-01
-1.954916571151236737e-01
-1.951298983964104283e-01
-1.947684747063117838e-01
-1.944073860448279900e-01
-1.940466324119589359e-01
-1.936862138077045936e-01
-1.933261302320649633e-01
-1.929663816850400726e-01
-1.926069681666298383e-01
-1.922478896768343992e-01
-1.918891462156536998e-01
-1.915307377830877400e-01
-1.911726643791364921e-01
-1.908149260037999839e-01
-1.904575226570781876e-01
-1.901004543389710200e-01
-1.897437210494787030e-01
-1.893873227886010979e-01
-1.890312595563382325e-01
-1.886755313526900790e-01
-1.883201381776566652e-01
-1.879650800312378800e-01
-1.876103569134339177e-01
-1.872559688242446951e-01
-1.869019157636701844e-01
-1.865481977317104134e-01
-1.861948147283653821e-01
-1.858417667536350626e-01
-1.854890538075193718e-01
-1.851366758900185316e-01
-1.847846330011324034e-01
-1.844329251408609871e-01
-1.840815523092043104e-01
-1.837305145061623735e-01
-1.833798117317350651e-01
-1.830294439859225797e-01
-1.826794112687248062e-01
-1.823297135801417723e-01
-1.819803509201734781e-01
-1.816313232888198959e-01
-1.812826306860810532e-01
-1.809342731119568393e-01
-1.805862505664474482e-01
-1.802385630495527968e-01
-1.798912105612728574e-01
-1.795441931016076575e-01
-1.791975106705571696e-01
-1.788511632681214214e-01
-1.785051508943003296e-01
-1.781594735490940329e-01
-1.778141312325024759e-01
-1.774691239445256308e-01
-1.771244516851635253e-01
-1.767801144544161596e-01
-1.764361122522834224e-01
-1.760924450787655082e-01
-1.757491129338623059e-01
-1.754061158175738433e-01
-1.750634537299001203e-01
-1.747211266708411093e-01
-1.743791346403968379e-01
-1.740374776385671951e-01
-1.736961556653523753e-01
-1.733551687207522674e-01
-1.730145168047668991e-01
-1.726741999173962705e-01
-1.723342180586403816e-01
-1.719945712284990935e-01
-1.716552594269726562e-01
-1.713162826540609307e-01
-1.709776409097639449e-01
-1.706393341940816710e-01
-1.703013625070141368e-01
-1.699637258485613422e-01
-1.696264242187231763e-01
-1.692894576174998056e-01
-1.689528260448912023e-01
-1.686165295008973108e-01
-1.682805679855181313e-01
-1.679449414987536915e-01
-1.676096500406039080e-01
-1.672746936110689198e-01
-1.669400722101486712e-01
-1.666057858378431344e-01
-1.662718344941523652e-01
-1.659382181790762800e-01
-1.656049368926149623e-01
-1.652719906347682455e-01
-1.649393794055363793e-01
-1.646071032049192251e-01
-1.642751620329168105e-01
-1.639435558895291078e-01
-1.636122847747561448e-01
-1.632813486885978105e-01
-1.629507476310542990e-01
-1.626204816021255273e-01
-1.622905506018114674e-01
-1.619609546301121472e-01
-1.616316936870275389e-01
-1.613027677725576703e-01
-1.609741768867024581e-01
-1.606459210294620410e-01
-1.603180002008363636e-01
-1.599904144008253981e-01
-1.596631636294291723e-01
-1.593362478866476861e-01
-1.590096671724808286e-01
-1.586834214869287940e-01
-1.583575108299914713e-01
-1.580319352016688883e-01
-1.577066946019610449e-01
-1.573817890308679135e-01
-1.570572184883895217e-01
-1.567329829745257586e-01
-1.564090824892768183e-01
-1.560855170326426178e-01
-1.557622866046231291e-01
-1.554393912052183802e-01
-1.551168308344283431e-01
-1.547946054922530457e-01
-1.544727151786924046e-01
-1.541511598937465588e-01
-1.538299396374154526e-01
-1.535090544096990584e-01
-1.531885042105974037e-01
-1.528682890401104888e-01
-1.525484088982382025e-01
-1.522288637849807114e-01
-1.519096537003379876e-01
-1.515907786443099758e-01
-1.512722386168966759e-01
-1.509540336180981157e-01
-1.506361636479142951e-01
-1.503186287063451032e-01
-1.500014287933907342e-01
-1.496845639090511049e-01
-1.493680340533261874e-01
-1.490518392262160097e-01
-1.487359794277205438e-01
-1.484204546578397343e-01
-1.481052649165737201e-01
-1.477904102039224454e-01
-1.474758905198859105e-01
-1.471617058644640874e-01
-1.468478562376570040e-01
-1.465343416394646603e-01
-1.462211620698869452e-01
-1.459083175289240530e-01
-1.455958080165758728e-01
-1.452836335328424322e-01
-1.449717940777237035e-01
-1.446602896512197145e-01
-1.443491202533303819e-01
-1.440382858840558444e-01
-1.437277865433960466e-01
-1.434176222313509608e-01
-1.431077929479206146e-01
-1.427982986931050080e-01
-1.424891394669041134e-01
-1.421803152693178751e-01
-1.418718261003464598e-01
-1.415636719599897564e-01
-1.412558528482477649e-01
-1.409483687651205408e-01
-1.406412197106080009e-01
-1.403344056847101451e-01
-1.400279266874270845e-01
-1.397217827187587358e-01
-1.394159737787051545e-01
-1.391104998672662574e-01
-1.388053609844421277e-01
-1.385005571302327099e-01
-1.381960883046379207e-01
-1.378919545076579822e-01
-1.375881557392927279e-01
-1.372846919995422410e-01
-1.369815632884064660e-01
-1.366787696058854029e-01
-1.363763109519790240e-01
-1.360741873266874125e-01
-1.357723987300105684e-01
-1.354709451619484362e-01
-1.351698266225010159e-01
-1.348690431116683353e-01
-1.345685946294503943e-01
-1.342684811758471097e-01
-1.339687027508585926e-01
-1.336692593544848429e-01
-1.333701509867258050e-01
-1.330713776475815069e-01
-1.327729393370519206e-01
-1.324748360551369908e-01
-1.321770678018368839e-01
-1.318796345771514889e-01
-1.315825363810808335e-01
-1.312857732136248901e-01
-1.309893450747836863e-01
-1.306932519645571944e-01
-1.303974938829453589e-01
-1.301020708299483464e-01
-1.298069828055660457e-01
-1.295122298097984848e-01
-1.292178118426456634e-01
-1.289237289041075540e-01
-1.286299809941841843e-01
-1.283365681128754432e-01
-1.280434902601815250e-01
-1.277507474361023188e-01
-1.274583396406378522e-01
-1.271662668737881252e-01
-1.268745291355531102e-01
-1.265831264259327515e-01
-1.262920587449272158e-01
-1.260013260925363920e-01
-1.257109284687602802e-01
-1.254208658735989357e-01
-1.251311383070523031e-01
-1.248417457691203825e-01
-1.245526882598031182e-01
-1.242639657791006769e-01
-1.239755783270129474e-01
-1.236875259035399577e-01
-1.233998085086816798e-01
-1.231124261424381416e-01
-1.228253788048092598e-01
-1.225386664957951732e-01
-1.222522892153958263e-01
-1.219662469636112051e-01
-1.216805397404413097e-01
-1.213951675458861401e-01
-1.211101303799456963e-01
-1.208254282426199089e-01
-1.205410611339089305e-01
-1.202570290538126779e-01
-1.199733320023311511e-01
-1.196899699794643501e-01
-1.194069429852122888e-01
-1.191242510195748699e-01
-1.188418940825522602e-01
-1.185598721741443762e-01
-1.182781852943512180e-01
-1.179968334431727994e-01
-1.177158166206091067e-01
-1.174351348266601258e-01
-1.171547880613258152e-01
-1.168747763246062998e-01
-1.165950996165015241e-01
-1.163157579370114603e-01
-1.160367512861361361e-01
-1.157580796638755377e-01
-1.154797430702295957e-01
-1.152017415051984489e-01
-1.149240749687820418e-01
-1.146467434609803604e-01
-1.143697469817934048e-01
-1.140930855312211750e-01
-1.138167591092636710e-01
-1.135407677159208373e-01
-1.132651113511927848e-01
-1.129897900150794721e-01
-1.127148037075808851e-01
-1.124401524286970377e-01
-1.121658361784279023e-01
-1.118918549567734372e-01
-1.116182087637337672e-01
-1.113448975993088230e-01
-1.110719214634986046e-01
-1.107992803563031120e-01
-1.105269742777223591e-01
-1.102550032277563319e-01
-1.099833672064049611e-01
-1.097120662136683855e-01
-1.094411002495465496e-01
-1.091704693140394256e-01
-1.089001734071470412e-01
-1.086302125288693826e-01
-1.083605866792064498e-01
-1.080912958581581734e-01
-1.078223400657247061e-01
-1.075537193019059645e-01
-1.072854335667019487e-01
-1.070174828601126588e-01
-1.067498671821380946e-01
-1.064825865327782006e-01
-1.062156409120331019e-01
-1.059490303199027289e-01
-1.056827547563870817e-01
-1.054168142214861603e-01
-1.051512087151999786e-01
-1.048859382375285088e-01
-1.046210027884717092e-01
-1.043564023680297048e-01
-1.040921369762024262e-01
-1.038282066129898873e-01
-1.035646112783920741e-01
-1.033013509724089868e-01
-1.030384256950405558e-01
-1.027758354462869200e-01
-1.025135802261480100e-01
-1.022516600346238397e-01
-1.019900748717143951e-01
-1.017288247374196763e-01
-1.014679096317396834e-01
-1.012073295546743468e-01
-1.009470845062238192e-01
-1.006871744863880175e-01
-1.004275994951669415e-01
-1.001683595325605913e-01
-9.990945459856896693e-02
-9.965088469319201281e-02
-9.939264981642985386e-02
-9.913474996828242070e-02
-9.887718514874971332e-02
-9.861995535783173172e-02
-9.836306059552848979e-02
-9.810650086183997365e-02
-9.785027615676610002e-02
-9.759438648030704933e-02
-9.733883183246271054e-02
-9.708361221323309753e-02
-9.682872762261822419e-02
-9.657417806061807664e-02
-9.631996352723258548e-02
-9.606608402246188949e-02
-9.581253954630593317e-02
-9.555933009876470263e-02
-9.530645567983818400e-02
-9.505391628952640504e-02
-9.480171192782936573e-02
-9.454984259474696895e-02
-9.429830829027938122e-02
-9.404710901442651927e-02
-9.379624476718838311e-02
-9.354571554856497273e-02
-9.329552135855628814e-02
-9.304566219716227382e-02
-9.279613806438305468e-02
-9.254694896021856132e-02
-9.229809488466879375e-02
-9.204957583773375196e-02
-9.180139181941344984e-02
-9.155354282970787350e-02
-9.130602886861695355e-02
-9.105884993614082878e-02
-9.081200603227942980e-02
-9.056549715703277048e-02
-9.031932331040083695e-02
-9.007348449238361532e-02
-8.982798070298114723e-02
-8.958281194219332166e-02
-8.933797821002030515e-02
-8.909347950646200054e-02
-8.884931583151843559e-02
-8.860548718518959643e-02
-8.836199356747548306e-02
-8.811883497837603996e-02
-8.787601141789139203e-02
-8.763352288602146989e-02
-8.739136938276627353e-02
-8.714955090812580296e-02
-8.690806746210005818e-02
-8.666691904468905305e-02
-8.642610565589270433e-02
-8.618562729571115077e-02
-8.594548396414432301e-02
-8.570567566119222103e-02
-8.546620238685485871e-02
-8.522706414113222217e-02
-8.498826092402424204e-02
-8.474979273553105708e-02
-8.451165957565261178e-02
-8.427386144438887838e-02
-8.403639834173988465e-02
-8.379927026770561671e-02
-8.356247722228607455e-02
-8.332601920548120267e-02
-8.308989621729111208e-02
-8.285410825771576115e-02
-8.261865532675513601e-02
-8.238353742440923666e-02
-8.214875455067806309e-02
-8.191430670556155980e-02
-8.168019388905983780e-02
-8.144641610117285546e-02
-8.121297334190059891e-02
-8.097986561124308202e-02
-8.074709290920027704e-02
-8.051465523577221173e-02
-8.028255259095880281e-02
-8.005078497476018906e-02
-7.981935238717630110e-02
-7.958825482820715280e-02
-7.935749229785271641e-02
-7.912706479611301968e-02
-7.889697232298797935e-02
-7.866721487847773420e-02
-7.843779246258222870e-02
-7.820870507530143512e-02
-7.797995271663538119e-02
-7.775153538658405306e-02
-7.752345308514745070e-02
-7.729570581232551862e-02
-7.706829356811838172e-02
-7.684121635252595672e-02
-7.661447416554827139e-02
-7.638806700718531184e-02
-7.616199487743707808e-02
-7.593625777630352847e-02
-7.571085570378474627e-02
-7.548578865988070374e-02
-7.526105664459138700e-02
-7.503665965791679604e-02
-7.481259769985694474e-02
-7.458887077041180536e-02
-7.436547886958135012e-02
-7.414242199736567618e-02
-7.391970015376472802e-02
-7.369731333877850565e-02
-7.347526155240702295e-02
-7.325354479465026603e-02
-7.303216306550823489e-02
-7.281111636498087403e-02
-7.259040469306829446e-02
-7.237002804977045456e-02
-7.214998643508732656e-02
-7.193027984901893823e-02
-7.171090829156527569e-02
-7.149187176272628341e-02
-7.127317026250208631e-02
-7.105480379089261500e-02
-7.083677234789786947e-02
-7.061907593351784973e-02
-7.040171454775255577e-02
-7.018468819060198760e-02
-6.996799686206610358e-02
-6.975164056214500086e-02
-6.953561929083862392e-02
-6.931993304814697276e-02
-6.910458183407006127e-02
-6.888956564860786169e-02
-6.867488449176034626e-02
-6.846053836352761213e-02
-6.824652726390960378e-02
-6.803285119290632121e-02
-6.781951015051777831e-02
-6.760650413674396120e-02
-6.739383315158486987e-02
-6.718149719504044881e-02
-6.696949626711080905e-02
-6.675783036779590895e-02
-6.654649949709573464e-02
-6.633550365501027224e-02
-6.612484284153956338e-02
-6.591451705668351091e-02
-6.570452630044223974e-02
-6.549487057281570823e-02
-6.528554987380390251e-02
-6.507656420340682257e-02
-6.486791356162446842e-02
-6.465959794845685393e-02
-6.445161736390389584e-02
-6.424397180796573292e-02
-6.403666128064229579e-02
-6.382968578193359832e-02
-6.362304531183961276e-02
-6.341673987036036686e-02
-6.321076945749579123e-02
-6.300513407324599691e-02
-6.279983371761092836e-02
-6.259486839059058561e-02
-6.239023809218498251e-02
-6.218594282239409826e-02
-6.198198258121794674e-02
-6.177835736865647243e-02
-6.157506718470977941e-02
-6.137211202937781218e-02
-6.116949190266057074e-02
-6.096720680455806202e-02
-6.076525673507027908e-02
-6.056364169419717336e-02
-6.036236168193884893e-02
-6.016141669829525723e-02
-5.996080674326639132e-02
-5.976053181685225119e-02
-5.956059191905284378e-02
-5.936098704986816216e-02
-5.916171720929815081e-02
-5.896278239734292770e-02
-5.876418261400243037e-02
-5.856591785927666577e-02
-5.836798813316562695e-02
-5.817039343566931392e-02
-5.797313376678767810e-02
-5.777620912652082358e-02
-5.757961951486869484e-02
-5.738336493183129883e-02
-5.718744537740862860e-02
-5.699186085160069110e-02
-5.679661135440747938e-02
-5.660169688582894487e-02
-5.640711744586519166e-02
-5.621287303451616424e-02
-5.601896365178186260e-02
-5.582538929766229369e-02
-5.563214997215745750e-02
-5.543924567526734015e-02
-5.524667640699190696e-02
-5.505444216733124813e-02
-5.486254295628532202e-02
-5.467097877385412863e-02
-5.447974962003765409e-02
-5.428885549483591227e-02
-5.409829639824884767e-02
-5.390807233027656437e-02
-5.371818329091900684e-02
-5.352862928017618205e-02
-5.333941029804808304e-02
-5.315052634453470981e-02
-5.296197741963606931e-02
-5.277376352335209908e-02
-5.258588465568291709e-02
-5.239834081662846088e-02
-5.221113200618873046e-02
-5.202425822436373276e-02
-5.183771947115346085e-02
-5.165151574655786615e-02
-5.146564705057705275e-02
-5.128011338321096513e-02
-5.109491474445960330e-02
-5.091005113432297419e-02
-5.072552255280107780e-02
-5.054132899989390026e-02
-5.035747047560140688e-02
-5.017394697992369479e-02
-4.999075851286070848e-02
-4.980790507441244797e-02
-4.962538666457892017e-02
-4.944320328336011816e-02
-4.926135493075599336e-02
-4.907984160676664986e-02
-4.889866331139203215e-02
-4.871782004463214716e-02
-4.853731180648698795e-02
-4.835713859695655453e-02
-4.817730041604085384e-02
-4.799779726373983035e-02
-4.781862914005358123e-02
-4.763979604498206483e-02
-4.746129797852527421e-02
-4.728313494068321632e-02
-4.710530693145588421e-02
-4.692781395084323626e-02
-4.675065599884536266e-02
-4.657383307546221485e-02
-4.639734518069379282e-02
-4.622119231454010352e-02
-4.604537447700114694e-02
-4.586989166807690921e-02
-4.569474388776736257e-02
-4.551993113607258334e-02
-4.534545341299253685e-02
-4.517131071852721613e-02
-4.499750305267662814e-02
-4.482403041544076594e-02
-4.465089280681958789e-02
-4.447809022681318419e-02
-4.430562267542150628e-02
-4.413349015264455416e-02
-4.396169265848233476e-02
-4.379023019293484809e-02
-4.361910275600208720e-02
-4.344831034768400352e-02
-4.327785296798070114e-02
-4.310773061689212454e-02
-4.293794329441827373e-02
-4.276849100055915565e-02
-4.259937373531476335e-02
-4.243059149868509683e-02
-4.226214429067011447e-02
-4.209403211126991340e-02
-4.192625496048443118e-02
-4.175881283831368168e-02
-4.159170574475765797e-02
-4.142493367981636698e-02
-4.125849664348976015e-02
-4.109239463577792073e-02
-4.092662765668081404e-02
-4.076119570619844007e-02
-4.059609878433078495e-02
-4.043133689107786255e-02
-4.026691002643967288e-02
-4.010281819041616042e-02
-3.993906138300742925e-02
-3.977563960421341693e-02
-3.961255285403413734e-02
-3.944980113246959047e-02
-3.928738443951976245e-02
-3.912530277518462551e-02
-3.896355613946426294e-02
-3.880214453235862615e-02
-3.864106795386771515e-02
-3.848032640399153687e-02
-3.831991988273008437e-02
-3.815984839008335766e-02
-3.800011192605132204e-02
-3.784071049063405384e-02
-3.768164408383151837e-02
-3.752291270564370868e-02
-3.736451635607062477e-02
-3.720645503511227359e-02
-3.704872874276860656e-02
-3.689133747903971389e-02
-3.673428124392554700e-02
-3.657756003742610590e-02
-3.642117385954139752e-02
-3.626512271027141493e-02
-3.610940658961615812e-02
-3.595402549757559241e-02
-3.579897943414979411e-02
-3.564426839933872854e-02
-3.548989239314238875e-02
-3.533585141556077475e-02
-3.518214546659389347e-02
-3.502877454624169634e-02
-3.487573865450427357e-02
-3.472303779138157659e-02
-3.457067195687360539e-02
-3.441864115098036692e-02
-3.426694537370185423e-02
-3.411558462503806732e-02
-3.396455890498897151e-02
-3.381386821355465006e-02
-3.366351255073504745e-02
-3.351349191653017756e-02
-3.336380631094004040e-02
-3.321445573396462903e-02
-3.306544018560390180e-02
-3.291675966585794894e-02
-3.276841417472672185e-02
-3.262040371221022056e-02
-3.247272827830845199e-02
-3.232538787302140920e-02
-3.217838249634909220e-02
-3.203171214829146629e-02
-3.188537682884861474e-02
-3.173937653802048203e-02
-3.159371127580708205e-02
-3.144838104220841479e-02
-3.130338583722447332e-02
-3.115872566085525763e-02
-3.101440051310073304e-02
-3.087041039396097586e-02
-3.072675530343594447e-02
-3.058343524152564580e-02
-3.044045020823007291e-02
-3.029780020354922929e-02
-3.015548522748307675e-02
-3.001350528003168816e-02
-2.987186036119503230e-02
-2.973055047097310222e-02
-2.958957560936590139e-02
-2.944893577637342635e-02
-2.930863097199568404e-02
-2.916866119623262935e-02
-2.902902644908434207e-02
-2.888972673055078405e-02
-2.875076204063195182e-02
-2.861213237932785231e-02
-2.847383774663847858e-02
-2.833587814256379595e-02
-2.819825356710387726e-02
-2.806096402025869130e-02
-2.792400950202823112e-02
-2.778739001241250020e-02
-2.765110555141149506e-02
-2.751515611902522265e-02
-2.737954171525363786e-02
-2.724426234009682049e-02
-2.710931799355473237e-02
-2.697470867562737351e-02
-2.684043438631474043e-02
-2.670649512561683661e-02
-2.657289089353362388e-02
-2.643962169006517857e-02
-2.630668751521146251e-02
-2.617408836897247223e-02
-2.604182425134821122e-02
-2.590989516233867598e-02
-2.577830110194387347e-02
-2.564704207016376206e-02
-2.551611806699841459e-02
-2.538552909244779637e-02
-2.525527514651190394e-02
-2.512535622919074077e-02
-2.499577234048430685e-02
-2.486652348039256749e-02
-2.473760964891559208e-02
-2.460903084605334246e-02
-2.448078707180582209e-02
-2.435287832617303097e-02
-2.422530460915496911e-02
-2.409806592075163650e-02
-2.397116226096299499e-02
-2.384459362978911742e-02
-2.371836002722996911e-02
-2.359246145328554659e-02
-2.346689790795585678e-02
-2.334166939124089277e-02
-2.321677590314062331e-02
-2.309221744365511780e-02
-2.296799401278433808e-02
-2.284410561052828761e-02
-2.272055223688696640e-02
-2.259733389186037444e-02
-2.247445057544850827e-02
-2.235190228765134013e-02
-2.222968902846893247e-02
-2.210781079790125406e-02
-2.198626759594830490e-02
-2.186505942261008154e-02
-2.174418627788658742e-02
-2.162364816177779134e-02
-2.150344507428375226e-02
-2.138357701540444591e-02
-2.126404398513986535e-02
-2.114484598349001404e-02
-2.102598301045489199e-02
-2.090745506603449572e-02
-2.078926215022879748e-02
-2.067140426303785972e-02
-2.055388140446165121e-02
-2.043669357450017196e-02
-2.031984077315341850e-02
-2.020332300042139428e-02
-2.008714025630409933e-02
-1.997129254080150240e-02
-1.985577985391366249e-02
-1.974060219564055529e-02
-1.962575956598217389e-02
-1.951125196493851827e-02
-1.939707939250959537e-02
-1.928324184869536703e-02
-1.916973933349589918e-02
-1.905657184691116057e-02
-1.894373938894115122e-02
-1.883124195958586766e-02
-1.871907955884531682e-02
-1.860725218671948830e-02
-1.849575984320836128e-02
-1.838460252831199473e-02
-1.827378024203035398e-02
-1.816329298436344247e-02
-1.805314075531126022e-02
-1.794332355487380723e-02
-1.783384138305104880e-02
-1.772469423984305084e-02
-1.761588212524978214e-02
-1.750740503927124270e-02
-1.739926298190742904e-02
-1.729145595315834810e-02
-1.718398395302399295e-02
-1.707684698150433583e-02
-1.697004503859943572e-02
-1.686357812430926834e-02
-1.675744623863382674e-02
-1.665164938157311439e-02
-1.654618755312712783e-02
-1.644106075329584277e-02
-1.633626898207931472e-02
-1.623181223947751592e-02
-1.612769052549044638e-02
-1.602390384011810262e-02
-1.592045218336049159e-02
-1.581733555521760634e-02
-1.571455395568941912e-02
-1.561210738477599239e-02
-1.550999584247729143e-02
-1.540821932879332147e-02
-1.530677784372407729e-02
-1.520567138726956237e-02
-1.510489995942974895e-02
-1.500446356020469253e-02
-1.490436218959436364e-02
-1.480459584759876226e-02
-1.470516453421789015e-02
-1.460606824945174555e-02
-1.450730699330033020e-02
-1.440888076576361809e-02
-1.431078956684165952e-02
-1.421303339653442847e-02
-1.411561225484192668e-02
-1.401852614176415414e-02
-1.392177505730110912e-02
-1.382535900145276733e-02
-1.372927797421918082e-02
-1.363353197560032010e-02
-1.353812100559619036e-02
-1.344304506420678814e-02
-1.334830415143211345e-02
-1.325389826727216801e-02
-1.315982741172692580e-02
-1.306609158479643713e-02
-1.297269078648067772e-02
-1.287962501677964583e-02
-1.278689427569334319e-02
-1.269449856322176808e-02
-1.260243787936492221e-02
-1.251071222412277958e-02
-1.241932159749539050e-02
-1.232826599948273066e-02
-1.223754543008479835e-02
-1.214715988930159356e-02
-1.205710937713311802e-02
-1.196739389357934745e-02
-1.187801343864032869e-02
-1.178896801231603918e-02
-1.170025761460647719e-02
-1.161188224551164445e-02
-1.152384190503153924e-02
-1.143613659316616328e-02
-1.134876630991549229e-02
-1.126173105527957310e-02
-1.117503082925838144e-02
-1.108866563185191903e-02
-1.100263546306018587e-02
-1.091694032288318024e-02
-1.083158021132087957e-02
-1.074655512837333245e-02
-1.066186507404051111e-02
-1.057751004832242075e-02
-1.049349005121905619e-02
-1.040980508273042261e-02
-1.032645514285651656e-02
-1.024344023159731547e-02
-1.016076034895286619e-02
-1.007841549492314616e-02
-9.996405669508153652e-03
-9.914730872707888665e-03
-9.833391104522354667e-03
-9.752386364951525638e-03
-9.671716653995446680e-03
-9.591381971654096977e-03
-9.511382317927474794e-03
-9.431717692815581866e-03
-9.352388096318416458e-03
-9.273393528435980304e-03
-9.194733989168250854e-03
-9.116409478515273210e-03
-9.038419996477021351e-03
-8.960765543053498747e-03
-8.883446118244705397e-03
-8.806461722050639568e-03
-8.729812354471282176e-03
-8.653498015506673122e-03
-8.577518705156793322e-03
-8.501874423421641042e-03
-8.426565170301218016e-03
-8.351590945795524246e-03
-8.276951749904557995e-03
-8.202647582628300182e-03
-8.128678443966790707e-03
-8.055044333920008751e-03
-7.981745252487957784e-03
-7.908781199670632603e-03
-7.836152175468038411e-03
-7.763858179880150923e-03
-7.691899212907012638e-03
-7.620275274548602741e-03
-7.548986364804920364e-03
-7.478032483675967242e-03
-7.407413631161742507e-03
-7.337129807262246159e-03
-7.267181011977459984e-03
-7.197567245307420411e-03
-7.128288507252109225e-03
-7.059344797811527294e-03
-6.990736116985672884e-03
-6.922462464774547727e-03
-6.854523841178150091e-03
-6.786920246196463495e-03
-6.719651679829523501e-03
-6.652718142077311894e-03
-6.586119632939828675e-03
-6.519856152417073843e-03
-6.453927700509047398e-03
-6.388334277215731993e-03
-6.323075882537162323e-03
-6.258152516473321041e-03
-6.193564179024209013e-03
-6.129310870189824505e-03
-6.065392589970169251e-03
-6.001809338365242386e-03
-5.938561115375026560e-03
-5.875647920999556469e-03
-5.813069755238814765e-03
-5.750826618092801448e-03
-5.688918509561516519e-03
-5.627345429644959977e-03
-5.566107378343115343e-03
-5.505204355656016443e-03
-5.444636361583645064e-03
-5.384403396126002939e-03
-5.324505459283089201e-03
-5.264942551054902983e-03
-5.205714671441446020e-03
-5.146821820442701832e-03
-5.088263998058701644e-03
-5.030041204289429843e-03
-4.972153439134886430e-03
-4.914600702595071403e-03
-4.857382994669984765e-03
-4.800500315359611768e-03
-4.743952664663981904e-03
-4.687740042583081294e-03
-4.631862449116909072e-03
-4.576319884265464370e-03
-4.521112348028748923e-03
-4.466239840406761863e-03
-4.411702361399488445e-03
-4.357499911006958160e-03
-4.303632489229156262e-03
-4.250100096066083619e-03
-4.196902731517738495e-03
-4.144040395584121760e-03
-4.091513088265219533e-03
-4.039320809561060439e-03
-3.987463559471629733e-03
-3.935941337996926546e-03
-3.884754145136952615e-03
-3.833901980891707070e-03
-3.783384845261189913e-03
-3.733202738245387699e-03
-3.683355659844327317e-03
-3.633843610057995756e-03
-3.584666588886392148e-03
-3.535824596329517362e-03
-3.487317632387370962e-03
-3.439145697059939940e-03
-3.391308790347250315e-03
-3.343806912249289512e-03
-3.296640062766056662e-03
-3.249808241897552633e-03
-3.203311449643776992e-03
-3.157149686004729738e-03
-3.111322950980398728e-03
-3.065831244570808248e-03
-3.020674566775946590e-03
-2.975852917595813319e-03
-2.931366297030408435e-03
-2.887214705079731939e-03
-2.843398141743772121e-03
-2.799916607022552399e-03
-2.756770100916061499e-03
-2.713958623424298985e-03
-2.671482174547264860e-03
-2.629340754284959121e-03
-2.587534362637381770e-03
-2.546062999604521964e-03
-2.504926665186401388e-03
-2.464125359383009632e-03
-2.423659082194346264e-03
-2.383527833620411283e-03
-2.343731613661204690e-03
-2.304270422316726918e-03
-2.265144259586966691e-03
-2.226353125471945693e-03
-2.187897019971653083e-03
-2.149775943086088860e-03
-2.111989894815253024e-03
-2.074538875159145576e-03
-2.037422884117756974e-03
-2.000641921691106734e-03
-1.964195987879184882e-03
-1.928085082681991417e-03
-1.892309206099526339e-03
-1.856868358131789866e-03
-1.821762538778781779e-03
-1.786991748040492756e-03
-1.752555985916941662e-03
-1.718455252408118954e-03
-1.684689547514024851e-03
-1.651258871234659135e-03
-1.618163223570021807e-03
-1.585402604520103976e-03
-1.552977014084923639e-03
-1.520886452264471906e-03
-1.489130919058748344e-03
-1.457710414467753386e-03
-1.426624938491486815e-03
-1.395874491129948849e-03
-1.365459072383130813e-03
-1.335378682251049838e-03
-1.305633320733697034e-03
-1.276222987831072834e-03
-1.247147683543177021e-03
-1.218407407870009812e-03
-1.190002160811563185e-03
-1.161931942367852751e-03
-1.134196752538870921e-03
-1.106796591324617478e-03
-1.079731458725092423e-03
-1.053001354740295973e-03
-1.026606279370227692e-03
-1.000546232614881077e-03
-9.748212144742698969e-04
-9.494312249483872123e-04
-9.243762640372329151e-04
-8.996563317408071137e-04
-8.752714280591098080e-04
-8.512215529921343844e-04
-8.275067065398940703e-04
-8.041268887023820351e-04
-7.810820994795986041e-04
-7.583723388715435604e-04
-7.359976068782169041e-04
-7.139579034996188520e-04
-6.922532287357432241e-04
-6.708835825866020551e-04
-6.498489650521893819e-04
-6.291493761325050961e-04
-6.087848158275491976e-04
-5.887552841373219032e-04
-5.690607810618175753e-04
-5.497013066010471641e-04
-5.306768607550052487e-04
-5.119874435236917206e-04
-4.936330549071066883e-04
-4.756136949052500434e-04
-4.579293635181218400e-04
-4.405800607457174703e-04
-4.235657865880462585e-04
-4.068865410451034882e-04
-3.905423241168892137e-04
-3.745331358034033266e-04
-3.588589761046459352e-04
-3.435198450206169854e-04
-3.285157425513124114e-04
-3.138466686967404532e-04
-2.995126234568968823e-04
-2.855136068317818071e-04
-2.718496188213951194e-04
-2.585206594257369274e-04
-2.455267286448037075e-04
-2.328678264786024799e-04
-2.205439529271296939e-04
-2.085551079903853495e-04
-1.969012916683694737e-04
-1.855825039610820395e-04
-1.745987448685230468e-04
-1.639500143906896497e-04
-1.536363125275876215e-04
-1.436576392792140620e-04
-1.340139946455689440e-04
-1.247053786266522676e-04
-1.157317912224640327e-04
-1.070932324330019491e-04
-9.878970225827069223e-05
-9.082120069826789049e-05
-8.318772775299353031e-05
-7.588928342244761170e-05
-6.892586770663014820e-05
-6.229748060554112627e-05
-5.600412211917889249e-05
-5.004579224754684855e-05
-4.442249099064325295e-05
-3.913421834846810568e-05
-3.418097432102139998e-05
-2.956275890830314601e-05
-2.527957211031221552e-05
-2.133141392705093954e-05
-1.771828435851810851e-05
-1.444018340471372413e-05
-1.149711106563778469e-05
-8.889067341290291907e-06
-6.616052231671243224e-06
-4.678065736780160071e-06
-3.075107856618093617e-06
-1.807178591184472537e-06
-8.742779404792971495e-07
-2.764059045025673482e-07
0.000000000000000000e+00
8.574767673450928937e-08
4.929614849432068928e-07
1.235203907880350069e-06
2.312474945545938938e-06
3.724774597939973181e-06
5.472102865062452799e-06
7.554459746913378215e-06
9.971845243492749429e-06
1.272425935480056559e-05
1.581170208083682840e-05
1.923417342160348265e-05
2.299167337709681662e-05
2.708420194731859555e-05
3.151175913226882282e-05
3.627434493194749165e-05
4.137195934635460882e-05
4.680460237549017433e-05
5.257227401935418140e-05
5.867497427794663681e-05
6.511270315126754056e-05
7.188546063931687232e-05
7.899324674209467275e-05
8.643606145960090119e-05
9.421390479183989444e-05
1.023267767388032093e-04
1.107746773004949522e-04
1.195576064769151637e-04
1.286755642680638032e-04
1.381285506739408843e-04
1.479165656945464341e-04
1.580396093298803983e-04
1.684976815799428312e-04
1.792907824447337057e-04
1.904189119242530217e-04
2.018820700185007793e-04
2.136802567274770056e-04
2.258134720511883412e-04
2.382817159896216132e-04
2.510849885427833268e-04
2.642232897106735361e-04
2.776966194932921328e-04
2.915049778906391711e-04
3.056483649027147051e-04
3.201267805295186807e-04
3.349402247710510437e-04
3.500886976273119024e-04
3.655721990983012027e-04
3.813907291840189446e-04
3.975442878844651280e-04
4.140328751996488060e-04
4.308564911295520352e-04
4.480151356741837601e-04
4.655088088335438724e-04
4.833375106076324805e-04
5.015012409964494759e-04
5.199999999999999544e-04
