-4.147613975075755910e+00 -1.019622666750635176e+00 -8.481055380977586822e-02 -1.375151141211348893e+01 -1.160179928456425813e+00 2.289928932432175657e+00 -9.494547995272135665e+00 2.538865018144912611e+00 -5.370211868696493696e+00 -1.686310221037055967e+01 8.112679242167830651e-02 -2.530767406487404614e+00 7.793842030814190913e-01 1.570764190350411926e+00 -6.822178342086302472e+00 -3.153219992542972250e+00 2.938756086799891865e-01 1.220483965275192872e+00 5.585545773105298650e+00 -3.754331259401855192e-01
7.678194163481102841e+00 4.730607465606064821e+00 6.982603888371237133e-01 3.931970004234841554e-02 1.328717061571300206e+00 2.819176294123394655e+00 1.677442289936029729e+00 -2.637101835390017079e+00 7.746438459214392225e+00 1.500490193033468644e+00 -5.057338866191773974e-01 1.750206623880200540e-01 -6.539935462147480338e-01 -4.309660682100042095e+01 8.541075902048746116e+00 -1.685552185333989428e-01 -1.305893741373036487e+00 2.812921886808965155e+00 -4.782406286907267656e+00 1.710862402849855357e-01
7.168939304707802052e-01 2.196314362720770408e-01 5.525880269888316931e-02 6.137552494390214441e+00 9.549149178457594367e-02 -2.835578600247776748e-01 4.009016509259604177e+00 -6.828576262305920963e-01 9.428901118516659352e-01 8.057335291883623185e+00 -9.765150630499730422e-02 1.069459674275636596e+00 -3.145391458124477957e-01 5.374126540333435953e-01 1.200775307050250706e+00 6.731411953453374508e-01 6.661703850643843627e-02 -9.935158343998207187e-02 -1.132191698077948949e+00 -7.576668504621358879e-02
-2.581916200252417859e+00 -1.656035830034514156e+00 -1.805772564544554371e-01 -9.321743803685258456e-01 -2.579654349059801177e-02 -1.053712449860668698e+00 -1.727158441971332392e+00 1.683873972483572512e+00 -2.697647747149261477e+00 -1.629000239410646866e+00 5.391189296169782708e-01 -4.128552169732247479e-01 7.808888137654288464e-01 -8.832096571806395957e+00 -3.051667088002352202e+00 -6.265928329577263867e-01 6.521479317268397136e-01 -9.514850862707930901e-01 2.189672312250803721e+00 7.513807640329330795e-01
2.321672262148315014e+00 1.815436386880087793e+00 8.188659106875517679e-01 1.281679124059635910e+00 6.775890173059404553e-01 1.764100195079461919e+00 -3.177515032187383515e-02 -1.972146147240817493e+00 1.937089791663403560e+00 -8.429674474274051477e-02 3.283343734382517809e-01 -5.572386832604210305e-01 -2.122229946405710943e-01 6.774613043056169204e+01 1.777821483714173922e+00 -1.302538661968483780e+00 -1.027419155221217739e+00 2.063214083333932081e+00 -1.372885687120897202e+00 -1.377134966756183410e+00
-5.709733094482306349e-03 -1.988414139635567845e-03 -7.946013464927570435e-04 -3.722307369095778640e-01 2.125527544658604995e-03 1.430980891685099121e-03 -1.864636414522514718e-01 9.240210501907798746e-03 -8.218815121886657860e-03 -5.354829370068879824e-01 3.203037681614993339e-03 -4.999184275552369383e-02 7.157556928292373340e-03 3.379951555529213669e-01 -9.868748408285188747e-03 -5.433088563091825751e-03 -1.351347594534466762e-02 -2.184169786430961713e-04 1.333334383865895229e-02 4.192668810983748127e-03
3.491663008952391317e-02 2.141357497992243952e-02 -8.030777270750268787e-03 4.516336060019847665e-01 -2.628718502835777904e-02 1.260002712042007644e-02 2.316105670398227456e-01 -6.606438067397374381e-02 3.106618821418971610e-02 2.203940239440835280e-01 -3.219598059548244018e-02 1.153713973084194711e-01 -4.391320815051567156e-02 -5.576037785758943599e+00 5.448618704638508170e-02 4.816491521792376496e-02 2.330467764188068683e-02 1.086325526352727167e-02 -6.669302215275289825e-02 -3.475345216125089176e-02
-7.851640383657354505e-02 -5.764829617411350304e-02 5.835991374804838649e-03 -1.103091337587454035e+00 4.579974683668103230e-02 -5.357349444205961042e-02 -1.901613199972456980e-01 3.606659488604180286e-01 -1.470518015296349290e-01 -2.115016638563923523e-01 5.246169512016979342e-02 5.714242604630936917e-02 1.178072745209237659e-01 3.176352712810467338e+01 -1.829018829614348363e-02 2.490238851615202975e-01 1.470864771264288884e-01 -5.281485947621433752e-02 1.562027322125232875e-01 -9.658577031638956867e-02
1.461747768716543106e-01 1.142070338844841659e-01 2.020140273872972903e-01 1.288264076018528215e-01 1.028229348720607617e-01 1.288487710682734155e-01 -3.295251117604554580e-01 -3.657357301907939728e-01 -2.289959760861037807e-01 -1.837309062783504809e-01 1.102167953419935509e-01 -5.190625343640448142e-01 -5.350519594528091449e-03 -6.656757528306710014e+01 2.341224876798797538e-01 5.899960212800010595e-01 -4.270692797231301352e-01 1.121514947517425753e-01 1.088452192331335056e-03 1.543662611149069441e+00
1.416173214594715901e-01 9.805400687135401583e-02 5.670582931693236572e-01 -3.964037606931718472e-01 1.635739811941987476e-01 1.251655647001408411e-01 -2.686274014146373679e-01 -6.366926053917860706e-01 -4.259519247030780775e-01 -3.539956048658945975e-02 5.172386729677752593e-01 -5.937889447532327392e-01 7.239916601923412909e-02 1.365142603745223937e+01 2.639811712912987218e-01 1.036246252159507719e+00 -4.019098680899462761e-01 -6.028954148325738061e-02 7.152195319638767756e-01 -2.554836295919926226e+00
6.320860174692200850e+00 7.881953233925464986e-01 -6.243094314734669581e-01 8.640646412700688117e+00 2.310141469383269808e+00 -5.320378879868130184e+00 6.158043335630419612e+00 -2.407319676381416418e+00 8.135199802340693509e+00 9.881351193194676696e+00 1.575021515651702231e-01 1.649652683152533106e+00 -2.254755566736323935e-01 9.458014448566025578e+00 1.039226041197899164e+01 3.150686029072744532e+00 -5.504040996064032409e-01 -3.490152664211827016e+00 -7.901311387764501148e+00 1.216245187202060762e+00
2.301067064593737975e-04 2.693697307688615360e-04 3.816160024582994467e-05 2.306838562495752850e-04 6.184696674958794962e-04 2.570064878195989504e-04 3.042995969573480692e-03 1.892156478781172133e-03 1.588386643110337941e-04 9.124904345756460443e-04 3.752606000369220949e-04 2.887852221809900956e-03 1.188589339629705964e-03 1.661401451371518137e-02 1.016067070275342187e-04 2.208657536112624493e-08 1.381726183209222537e-03 2.718170356500376533e-04 6.549183520601198740e-04 1.296202217586808585e-03
