-7.999999999999999334e-01
-7.995311369784199318e-01
-7.990624113924499339e-01
-7.985938232420899396e-01
-7.981253725273401711e-01
-7.976570592482006283e-01
-7.971888834046712002e-01
-7.967208449967518868e-01
-7.962529440244424661e-01
-7.957851804877434931e-01
-7.953175543866545238e-01
-7.948500657211756693e-01
-7.943827144913070404e-01
-7.939155006970483042e-01
-7.934484243383997937e-01
-7.929814854153615089e-01
-7.925146839279333388e-01
-7.920480198761152835e-01
-7.915814932599072318e-01
-7.911151040793094058e-01
-7.906488523343216945e-01
-7.901827380249442090e-01
-7.897167611511767271e-01
-7.892509217130192489e-01
-7.887852197104721075e-01
-7.883196551435350807e-01
-7.878542280122081687e-01
-7.873889383164913713e-01
-7.869237860563845777e-01
-7.864587712318880097e-01
-7.859938938430016675e-01
-7.855291538897253290e-01
-7.850645513720592161e-01
-7.846000862900029960e-01
-7.841357586435571125e-01
-7.836715684327213438e-01
-7.832075156574956898e-01
-7.827436003178801505e-01
-7.822798224138746148e-01
-7.818161819454793049e-01
-7.813526789126942207e-01
-7.808893133155191402e-01
-7.804260851539542854e-01
-7.799629944279993232e-01
-7.795000411376546978e-01
-7.790372252829201871e-01
-7.785745468637959021e-01
-7.781120058802816208e-01
-7.776496023323773432e-01
-7.771873362200832913e-01
-7.767252075433994651e-01
-7.762632163023257537e-01
-7.758013624968620459e-01
-7.753396461270084528e-01
-7.748780671927650854e-01
-7.744166256941318327e-01
-7.739553216311086947e-01
-7.734941550036957825e-01
-7.730331258118926518e-01
-7.725722340556999690e-01
-7.721114797351174008e-01
-7.716508628501449474e-01
-7.711903834007826086e-01
-7.707300413870301625e-01
-7.702698368088880532e-01
-7.698097696663560585e-01
-7.693498399594342896e-01
-7.688900476881225243e-01
-7.684303928524207628e-01
-7.679708754523293379e-01
-7.675114954878480278e-01
-7.670522529589767213e-01
-7.665931478657156406e-01
-7.661341802080645635e-01
-7.656753499860237122e-01
-7.652166571995929756e-01
-7.647581018487724647e-01
-7.642996839335620685e-01
-7.638414034539614539e-01
-7.633832604099712871e-01
-7.629252548015912350e-01
-7.624673866288212976e-01
-7.620096558916614748e-01
-7.615520625901116558e-01
-7.610946067241720625e-01
-7.606372882938426949e-01
-7.601801072991233310e-01
-7.597230637400141928e-01
-7.592661576165149473e-01
-7.588093889286260385e-01
-7.583527576763472444e-01
-7.578962638596785650e-01
-7.574399074786200003e-01
-7.569836885331714393e-01
-7.565276070233331041e-01
-7.560716629491048835e-01
-7.556158563104868886e-01
-7.551601871074790084e-01
-7.547046553400810209e-01
-7.542492610082933702e-01
-7.537940041121158341e-01
-7.533388846515484127e-01
-7.528839026265911061e-01
-7.524290580372438031e-01
-7.519743508835068369e-01
-7.515197811653798743e-01
-7.510653488828631374e-01
-7.506110540359565153e-01
-7.501568966246597858e-01
-7.497028766489733931e-01
-7.492489941088971150e-01
-7.487952490044309517e-01
-7.483416413355750141e-01
-7.478881711023289691e-01
-7.474348383046931499e-01
-7.469816429426675564e-01
-7.465285850162520775e-01
-7.460756645254467134e-01
-7.456228814702512420e-01
-7.451702358506661072e-01
-7.447177276666910872e-01
-7.442653569183262929e-01
-7.438131236055712803e-01
-7.433610277284267154e-01
-7.429090692868922652e-01
-7.424572482809678187e-01
-7.420055647106535979e-01
-7.415540185759493808e-01
-7.411026098768553894e-01
-7.406513386133715127e-01
-7.402002047854977507e-01
-7.397492083932342144e-01
-7.392983494365804598e-01
-7.388476279155371529e-01
-7.383970438301039607e-01
-7.379465971802808832e-01
-7.374962879660679205e-01
-7.370461161874648504e-01
-7.365960818444721170e-01
-7.361461849370896093e-01
-7.356964254653171054e-01
-7.352468034291547161e-01
-7.347973188286023305e-01
-7.343479716636602816e-01
-7.338987619343283475e-01
-7.334496896406065281e-01
-7.330007547824948233e-01
-7.325519573599930112e-01
-7.321032973731016469e-01
-7.316547748218202862e-01
-7.312063897061491513e-01
-7.307581420260880201e-01
-7.303100317816368925e-01
-7.298620589727961017e-01
-7.294142235995654255e-01
-7.289665256619448641e-01
-7.285189651599344174e-01
-7.280715420935339743e-01
-7.276242564627437570e-01
-7.271771082675636544e-01
-7.267300975079937775e-01
-7.262832241840340153e-01
-7.258364882956841457e-01
-7.253898898429446129e-01
-7.249434288258151948e-01
-7.244971052442958914e-01
-7.240509190983867027e-01
-7.236048703880875177e-01
-7.231589591133985584e-01
-7.227131852743198248e-01
-7.222675488708510949e-01
-7.218220499029925907e-01
-7.213766883707439792e-01
-7.209314642741057044e-01
-7.204863776130775443e-01
-7.200414283876596100e-01
-7.195966165978516793e-01
-7.191519422436537523e-01
-7.187074053250660510e-01
-7.182630058420885755e-01
-7.178187437947212146e-01
-7.173746191829638574e-01
-7.169306320068166150e-01
-7.164867822662795982e-01
-7.160430699613526961e-01
-7.155994950920359088e-01
-7.151560576583293471e-01
-7.147127576602326782e-01
-7.142695950977462349e-01
-7.138265699708700174e-01
-7.133836822796039145e-01
-7.129409320239479264e-01
-7.124983192039018309e-01
-7.120558438194660722e-01
-7.116135058706404282e-01
-7.111713053574250099e-01
-7.107292422798195952e-01
-7.102873166378241843e-01
-7.098455284314391101e-01
-7.094038776606641505e-01
-7.089623643254993057e-01
-7.085209884259445756e-01
-7.080797499619997382e-01
-7.076386489336652375e-01
-7.071976853409409625e-01
-7.067568591838266912e-01
-7.063161704623226456e-01
-7.058756191764284926e-01
-7.054352053261446764e-01
-7.049949289114708639e-01
-7.045547899324072771e-01
-7.041147883889539161e-01
-7.036749242811103366e-01
-7.032351976088770940e-01
-7.027956083722540770e-01
-7.023561565712410637e-01
-7.019168422058382761e-01
-7.014776652760453812e-01
-7.010386257818628231e-01
-7.005997237232903796e-01
-7.001609591003280508e-01
-6.997223319129758368e-01
-6.992838421612336264e-01
-6.988454898451016417e-01
-6.984072749645798828e-01
-6.979691975196681275e-01
-6.975312575103665980e-01
-6.970934549366749611e-01
-6.966557897985936609e-01
-6.962182620961224755e-01
-6.957808718292615158e-01
-6.953436189980105597e-01
-6.949065036023696074e-01
-6.944695256423388807e-01
-6.940326851179183798e-01
-6.935959820291078826e-01
-6.931594163759076110e-01
-6.927229881583172322e-01
-6.922866973763373011e-01
-6.918505440299673737e-01
-6.914145281192075609e-01
-6.909786496440578629e-01
-6.905429086045181686e-01
-6.901073050005888110e-01
-6.896718388322694571e-01
-6.892365100995603289e-01
-6.888013188024613154e-01
-6.883662649409721945e-01
-6.879313485150935215e-01
-6.874965695248248521e-01
-6.870619279701662974e-01
-6.866274238511179684e-01
-6.861930571676795321e-01
-6.857588279198513215e-01
-6.853247361076333366e-01
-6.848907817310254664e-01
-6.844569647900277110e-01
-6.840232852846398481e-01
-6.835897432148623221e-01
-6.831563385806950217e-01
-6.827230713821377250e-01
-6.822899416191906541e-01
-6.818569492918534758e-01
-6.814240944001266342e-01
-6.809913769440097964e-01
-6.805587969235031842e-01
-6.801263543386066868e-01
-6.796940491893201930e-01
-6.792618814756439249e-01
-6.788298511975778826e-01
-6.783979583551218440e-01
-6.779662029482760310e-01
-6.775345849770401108e-01
-6.771031044414145272e-01
-6.766717613413990584e-01
-6.762405556769937043e-01
-6.758094874481984649e-01
-6.753785566550132291e-01
-6.749477632974382191e-01
-6.745171073754733237e-01
-6.740865888891186541e-01
-6.736562078383740992e-01
-6.732259642232394370e-01
-6.727958580437151115e-01
-6.723658892998009007e-01
-6.719360579914968046e-01
-6.715063641188028232e-01
-6.710768076817188454e-01
-6.706473886802450934e-01
-6.702181071143815672e-01
-6.697889629841281556e-01
-6.693599562894847477e-01
-6.689310870304514545e-01
-6.685023552070283870e-01
-6.680737608192154342e-01
-6.676453038670125961e-01
-6.672169843504198727e-01
-6.667888022694371530e-01
-6.663607576240647701e-01
-6.659328504143023908e-01
-6.655050806401502372e-01
-6.650774483016081984e-01
-6.646499533986760522e-01
-6.642225959313542427e-01
-6.637953758996426590e-01
-6.633682933035410789e-01
-6.629413481430496136e-01
-6.625145404181681519e-01
-6.620878701288970269e-01
-6.616613372752360167e-01
-6.612349418571851212e-01
-6.608086838747443403e-01
-6.603825633279134522e-01
-6.599565802166929007e-01
-6.595307345410824640e-01
-6.591050263010822530e-01
-6.586794554966920456e-01
-6.582540221279118420e-01
-6.578287261947419751e-01
-6.574035676971822229e-01
-6.569785466352325853e-01
-6.565536630088930625e-01
-6.561289168181634324e-01
-6.557043080630442500e-01
-6.552798367435350713e-01
-6.548555028596360073e-01
-6.544313064113471690e-01
-6.540072473986682233e-01
-6.535833258215996144e-01
-6.531595416801411202e-01
-6.527358949742927408e-01
-6.523123857040544760e-01
-6.518890138694262149e-01
-6.514657794704081795e-01
-6.510426825070002588e-01
-6.506197229792025638e-01
-6.501969008870149835e-01
-6.497742162304372959e-01
-6.493516690094699451e-01
-6.489292592241127089e-01
-6.485069868743655874e-01
-6.480848519602285807e-01
-6.476628544817015776e-01
-6.472409944387848002e-01
-6.468192718314782486e-01
-6.463976866597817006e-01
-6.459762389236953783e-01
-6.455549286232189488e-01
-6.451337557583528559e-01
-6.447127203290968778e-01
-6.442918223354511253e-01
-6.438710617774153766e-01
-6.434504386549896315e-01
-6.430299529681741122e-01
-6.426096047169688186e-01
-6.421893939013736397e-01
-6.417693205213884644e-01
-6.413493845770134039e-01
-6.409295860682485690e-01
-6.405099249950938489e-01
-6.400904013575492435e-01
-6.396710151556148638e-01
-6.392517663892903768e-01
-6.388326550585761154e-01
-6.384136811634720798e-01
-6.379948447039781589e-01
-6.375761456800943527e-01
-6.371575840918204392e-01
-6.367391599391568624e-01
-6.363208732221034003e-01
-6.359027239406601639e-01
-6.354847120948269312e-01
-6.350668376846037022e-01
-6.346491007099908099e-01
-6.342315011709880324e-01
-6.338140390675953695e-01
-6.333967143998128213e-01
-6.329795271676401658e-01
-6.325624773710778470e-01
-6.321455650101257540e-01
-6.317287900847836646e-01
-6.313121525950518009e-01
-6.308956525409298299e-01
-6.304792899224181957e-01
-6.300630647395166761e-01
-6.296469769922252713e-01
-6.292310266805439811e-01
-6.288152138044725836e-01
-6.283995383640116339e-01
-6.279840003591606878e-01
-6.275685997899198565e-01
-6.271533366562892509e-01
-6.267382109582685379e-01
-6.263232226958581617e-01
-6.259083718690579001e-01
-6.254936584778677533e-01
-6.250790825222877212e-01
-6.246646440023176927e-01
-6.242503429179578900e-01
-6.238361792692083130e-01
-6.234221530560688507e-01
-6.230082642785393920e-01
-6.225945129366200481e-01
-6.221808990303109299e-01
-6.217674225596119264e-01
-6.213540835245230376e-01
-6.209408819250442635e-01
-6.205278177611754931e-01
-6.201148910329169484e-01
-6.197021017402686294e-01
-6.192894498832304251e-01
-6.188769354618022245e-01
-6.184645584759841386e-01
-6.180523189257762784e-01
-6.176402168111785329e-01
-6.172282521321909021e-01
-6.168164248888133860e-01
-6.164047350810458736e-01
-6.159931827088886980e-01
-6.155817677723416370e-01
-6.151704902714045797e-01
-6.147593502060777482e-01
-6.143483475763609203e-01
-6.139374823822543181e-01
-6.135267546237578307e-01
-6.131161643008714579e-01
-6.127057114135953109e-01
-6.122953959619290565e-01
-6.118852179458730278e-01
-6.114751773654272249e-01
-6.110652742205915366e-01
-6.106555085113659631e-01
-6.102458802377503932e-01
-6.098363893997450491e-01
-6.094270359973498197e-01
-6.090178200305648160e-01
-6.086087414993898159e-01
-6.081998004038248196e-01
-6.077909967438701599e-01
-6.073823305195256150e-01
-6.069738017307911848e-01
-6.065654103776668693e-01
-6.061571564601524464e-01
-6.057490399782484713e-01
-6.053410609319544999e-01
-6.049332193212706432e-01
-6.045255151461970122e-01
-6.041179484067332739e-01
-6.037105191028798723e-01
-6.033032272346365854e-01
-6.028960728020034132e-01
-6.024890558049803557e-01
-6.020821762435673019e-01
-6.016754341177644738e-01
-6.012688294275718714e-01
-6.008623621729892728e-01
-6.004560323540168998e-01
-6.000498399706544195e-01
-5.996437850229022759e-01
-5.992378675107602470e-01
-5.988320874342283329e-01
-5.984264447933066444e-01
-5.980209395879947376e-01
-5.976155718182932786e-01
-5.972103414842018232e-01
-5.968052485857205935e-01
-5.964002931228494786e-01
-5.959954750955882563e-01
-5.955907945039373708e-01
-5.951862513478965999e-01
-5.947818456274659438e-01
-5.943775773426455133e-01
-5.939734464934349756e-01
-5.935694530798346635e-01
-5.931655971018445772e-01
-5.927618785594646056e-01
-5.923582974526946376e-01
-5.919548537815347844e-01
-5.915515475459851569e-01
-5.911483787460456440e-01
-5.907453473817162459e-01
-5.903424534529970735e-01
-5.899396969598877938e-01
-5.895370779023887398e-01
-5.891345962804999115e-01
-5.887322520942211979e-01
-5.883300453435525990e-01
-5.879279760284938927e-01
-5.875260441490456342e-01
-5.871242497052073794e-01
-5.867225926969792393e-01
-5.863210731243613250e-01
-5.859196909873533032e-01
-5.855184462859555072e-01
-5.851173390201679370e-01
-5.847163691899904814e-01
-5.843155367954231405e-01
-5.839148418364658033e-01
-5.835142843131186918e-01
-5.831138642253816951e-01
-5.827135815732549240e-01
-5.823134363567382676e-01
-5.819134285758315039e-01
-5.815135582305349660e-01
-5.811138253208486537e-01
-5.807142298467724562e-01
-5.803147718083063733e-01
-5.799154512054502941e-01
-5.795162680382045517e-01
-5.791172223065688129e-01
-5.787183140105431889e-01
-5.783195431501277906e-01
-5.779209097253222849e-01
-5.775224137361271159e-01
-5.771240551825420617e-01
-5.767258340645671222e-01
-5.763277503822024084e-01
-5.759298041354474762e-01
-5.755319953243029918e-01
-5.751343239487685111e-01
-5.747367900088442561e-01
-5.743393935045301157e-01
-5.739421344358258681e-01
-5.735450128027319572e-01
-5.731480286052481610e-01
-5.727511818433744795e-01
-5.723544725171109127e-01
-5.719579006264573495e-01
-5.715614661714141231e-01
-5.711651691519809004e-01
-5.707690095681579034e-01
-5.703729874199450212e-01
-5.699771027073420315e-01
-5.695813554303493786e-01
-5.691857455889669515e-01
-5.687902731831945280e-01
-5.683949382130322192e-01
-5.679997406784799141e-01
-5.676046805795379457e-01
-5.672097579162060921e-01
-5.668149726884842421e-01
-5.664203248963726178e-01
-5.660258145398709972e-01
-5.656314416189796024e-01
-5.652372061336983222e-01
-5.648431080840271568e-01
-5.644491474699662170e-01
-5.640553242915151699e-01
-5.636616385486744596e-01
-5.632680902414437529e-01
-5.628746793698231610e-01
-5.624814059338129058e-01
-5.620882699334125432e-01
-5.616952713686224063e-01
-5.613024102394423842e-01
-5.609096865458723657e-01
-5.605171002879127951e-01
-5.601246514655631170e-01
-5.597323400788235537e-01
-5.593401661276942161e-01
-5.589481296121748821e-01
-5.585562305322658849e-01
-5.581644688879667804e-01
-5.577728446792779016e-01
-5.573813579061992485e-01
-5.569900085687304880e-01
-5.565987966668721754e-01
-5.562077222006236443e-01
-5.558167851699854500e-01
-5.554259855749573704e-01
-5.550353234155391835e-01
-5.546447986917315554e-01
-5.542544114035337088e-01
-5.538641615509460880e-01
-5.534740491339686930e-01
-5.530840741526011906e-01
-5.526942366068441359e-01
-5.523045364966968629e-01
-5.519149738221599266e-01
-5.515255485832331050e-01
-5.511362607799162872e-01
-5.507471104122099170e-01
-5.503580974801133285e-01
-5.499692219836269658e-01
-5.495804839227508287e-01
-5.491918832974845843e-01
-5.488034201078287877e-01
-5.484150943537828837e-01
-5.480269060353472055e-01
-5.476388551525216419e-01
-5.472509417053059710e-01
-5.468631656937008589e-01
-5.464755271177055285e-01
-5.460880259773205347e-01
-5.457006622725455447e-01
-5.453134360033806693e-01
-5.449263471698261307e-01
-5.445393957718814848e-01
-5.441525818095470646e-01
-5.437659052828227590e-01
-5.433793661917084572e-01
-5.429929645362046031e-01
-5.426067003163105307e-01
-5.422205735320266839e-01
-5.418345841833530629e-01
-5.414487322702893346e-01
-5.410630177928361650e-01
-5.406774407509926661e-01
-5.402920011447596149e-01
-5.399066989741365674e-01
-5.395215342391235236e-01
-5.391365069397209275e-01
-5.387516170759281131e-01
-5.383668646477456354e-01
-5.379822496551732725e-01
-5.375977720982108021e-01
-5.372134319768588906e-01
-5.368292292911166497e-01
-5.364451640409847455e-01
-5.360612362264630670e-01
-5.356774458475512812e-01
-5.352937929042499432e-01
-5.349102773965583868e-01
-5.345268993244771671e-01
-5.341436586880060622e-01
-5.337605554871448499e-01
-5.333775897218940854e-01
-5.329947613922533245e-01
-5.326120704982226783e-01
-5.322295170398022579e-01
-5.318471010169917301e-01
-5.314648224297914281e-01
-5.310826812782013517e-01
-5.307006775622213901e-01
-5.303188112818515432e-01
-5.299370824370916999e-01
-5.295554910279420824e-01
-5.291740370544025795e-01
-5.287927205164733024e-01
-5.284115414141540290e-01
-5.280304997474447593e-01
-5.276495955163458262e-01
-5.272688287208570079e-01
-5.268881993609783043e-01
-5.265077074367097154e-01
-5.261273529480511302e-01
-5.257471358950027707e-01
-5.253670562775646369e-01
-5.249871140957365068e-01
-5.246073093495186024e-01
-5.242276420389105906e-01
-5.238481121639129157e-01
-5.234687197245253554e-01
-5.230894647207479098e-01
-5.227103471525805789e-01
-5.223313670200232517e-01
-5.219525243230761502e-01
-5.215738190617392744e-01
-5.211952512360124024e-01
-5.208168208458957560e-01
-5.204385278913891133e-01
-5.200603723724925853e-01
-5.196823542892062830e-01
-5.193044736415302065e-01
-5.189267304294641336e-01
-5.185491246530080645e-01
-5.181716563121622210e-01
-5.177943254069266033e-01
-5.174171319373011002e-01
-5.170400759032856008e-01
-5.166631573048802162e-01
-5.162863761420850572e-01
-5.159097324149000130e-01
-5.155332261233250835e-01
-5.151568572673603796e-01
-5.147806258470055685e-01
-5.144045318622609830e-01
-5.140285753131266233e-01
-5.136527561996023783e-01
-5.132770745216881370e-01
-5.129015302793840103e-01
-5.125261234726901094e-01
-5.121508541016063232e-01
-5.117757221661327627e-01
-5.114007276662692059e-01
-5.110258706020156527e-01
-5.106511509733724363e-01
-5.102765687803393346e-01
-5.099021240229162366e-01
-5.095278167011033643e-01
-5.091536468149004957e-01
-5.087796143643078528e-01
-5.084057193493253246e-01
-5.080319617699530221e-01
-5.076583416261907233e-01
-5.072848589180385392e-01
-5.069115136454964698e-01
-5.065383058085646262e-01
-5.061652354072428972e-01
-5.057923024415312829e-01
-5.054195069114296723e-01
-5.050468488169382875e-01
-5.046743281580571283e-01
-5.043019449347859728e-01
-5.039296991471250431e-01
-5.035575907950740060e-01
-5.031856198786333056e-01
-5.028137863978027200e-01
-5.024420903525822490e-01
-5.020705317429718928e-01
-5.016991105689715402e-01
-5.013278268305814134e-01
-5.009566805278014012e-01
-5.005856716606316148e-01
-5.002148002290719431e-01
-4.998440662331221640e-01
-4.994734696727827217e-01
-4.991030105480533940e-01
-4.987326888589341811e-01
-4.983625046054251384e-01
-4.979924577875259883e-01
-4.976225484052371750e-01
-4.972527764585584764e-01
-4.968831419474899480e-01
-4.965136448720314788e-01
-4.961442852321830133e-01
-4.957750630279448290e-01
-4.954059782593167593e-01
-4.950370309262988600e-01
-4.946682210288910198e-01
-4.942995485670931832e-01
-4.939310135409056279e-01
-4.935626159503282429e-01
-4.931943557953609170e-01
-4.928262330760037613e-01
-4.924582477922565538e-01
-4.920903999441196275e-01
-4.917226895315928159e-01
-4.913551165546761745e-01
-4.909876810133696479e-01
-4.906203829076730694e-01
-4.902532222375867721e-01
-4.898861990031106450e-01
-4.895193132042445772e-01
-4.891525648409886795e-01
-4.887859539133427300e-01
-4.884194804213071173e-01
-4.880531443648815637e-01
-4.876869457440661804e-01
-4.873208845588609117e-01
-4.869549608092655912e-01
-4.865891744952806075e-01
-4.862235256169056830e-01
-4.858580141741409286e-01
-4.854926401669862890e-01
-4.851274035954416530e-01
-4.847623044595072428e-01
-4.843973427591830028e-01
-4.840325184944688774e-01
-4.836678316653648668e-01
-4.833032822718708044e-01
-4.829388703139870787e-01
-4.825745957917134676e-01
-4.822104587050499713e-01
-4.818464590539965897e-01
-4.814825968385532118e-01
-4.811188720587200596e-01
-4.807552847144970776e-01
-4.803918348058842103e-01
-4.800285223328814577e-01
-4.796653472954887087e-01
-4.793023096937062411e-01
-4.789394095275338881e-01
-4.785766467969716498e-01
-4.782140215020195262e-01
-4.778515336426774063e-01
-4.774891832189455676e-01
-4.771269702308238436e-01
-4.767648946783122343e-01
-4.764029565614107953e-01
-4.760411558801193044e-01
-4.756794926344380947e-01
-4.753179668243669997e-01
-4.749565784499060195e-01
-4.745953275110552094e-01
-4.742342140078143475e-01
-4.738732379401837669e-01
-4.735123993081633009e-01
-4.731516981117529497e-01
-4.727911343509527686e-01
-4.724307080257625358e-01
-4.720704191361825841e-01
-4.717102676822127472e-01
-4.713502536638530804e-01
-4.709903770811035284e-01
-4.706306379339639245e-01
-4.702710362224346019e-01
-4.699115719465153940e-01
-4.695522451062063563e-01
-4.691930557015074332e-01
-4.688340037324184584e-01
-4.684750891989397648e-01
-4.681163121010712413e-01
-4.677576724388127771e-01
-4.673991702121644831e-01
-4.670408054211261928e-01
-4.666825780656981282e-01
-4.663244881458801783e-01
-4.659665356616723986e-01
-4.656087206130747336e-01
-4.652510430000870723e-01
-4.648935028227096367e-01
-4.645361000809423713e-01
-4.641788347747851651e-01
-4.638217069042381846e-01
-4.634647164693010968e-01
-4.631078634699743457e-01
-4.627511479062576538e-01
-4.623945697781511321e-01
-4.620381290856547252e-01
-4.616818258287683219e-01
-4.613256600074921998e-01
-4.609696316218261369e-01
-4.606137406717702443e-01
-4.602579871573245218e-01
-4.599023710784886920e-01
-4.595468924352631990e-01
-4.591915512276478206e-01
-4.588363474556425570e-01
-4.584812811192474080e-01
-4.581263522184622627e-01
-4.577715607532873987e-01
-4.574169067237226494e-01
-4.570623901297680147e-01
-4.567080109714234948e-01
-4.563537692486889785e-01
-4.559996649615647435e-01
-4.556456981100506232e-01
-4.552918686941466175e-01
-4.549381767138527821e-01
-4.545846221691688949e-01
-4.542312050600952889e-01
-4.538779253866317975e-01
-4.535247831487784209e-01
-4.531717783465352145e-01
-4.528189109799019563e-01
-4.524661810488789793e-01
-4.521135885534661170e-01
-4.517611334936634249e-01
-4.514088158694707920e-01
-4.510566356808881627e-01
-4.507045929279158702e-01
-4.503526876105536370e-01
-4.500009197288015184e-01
-4.496492892826595700e-01
-4.492977962721275698e-01
-4.489464406972059063e-01
-4.485952225578943020e-01
-4.482441418541928679e-01
-4.478931985861014931e-01
-4.475423927536201774e-01
-4.471917243567490874e-01
-4.468411933954881121e-01
-4.464907998698373071e-01
-4.461405437797966167e-01
-4.457904251253658745e-01
-4.454404439065454691e-01
-4.450906001233351228e-01
-4.447408937757349467e-01
-4.443913248637448854e-01
-4.440418933873648277e-01
-4.436925993465949958e-01
-4.433434427414353340e-01
-4.429944235718857870e-01
-4.426455418379463547e-01
-4.422967975396168705e-01
-4.419481906768977231e-01
-4.415997212497886903e-01
-4.412513892582897168e-01
-4.409031947024009690e-01
-4.405551375821221138e-01
-4.402072178974535954e-01
-4.398594356483951917e-01
-4.395117908349469027e-01
-4.391642834571087284e-01
-4.388169135148805577e-01
-4.384696810082626683e-01
-4.381225859372548381e-01
-4.377756283018572336e-01
-4.374288081020696883e-01
-4.370821253378921467e-01
-4.367355800093248863e-01
-4.363891721163676851e-01
-4.360429016590207096e-01
-4.356967686372837933e-01
-4.353507730511568807e-01
-4.350049149006402494e-01
-4.346591941857337327e-01
-4.343136109064373307e-01
-4.339681650627510989e-01
-4.336228566546748153e-01
-4.332776856822088130e-01
-4.329326521453529253e-01
-4.325877560441071523e-01
-4.322429973784715496e-01
-4.318983761484458950e-01
-4.315538923540305216e-01
-4.312095459952252630e-01
-4.308653370720301745e-01
-4.305212655844451453e-01
-4.301773315324701752e-01
-4.298335349161054308e-01
-4.294898757353508012e-01
-4.291463539902063418e-01
-4.288029696806719415e-01
-4.284597228067476005e-01
-4.281166133684334851e-01
-4.277736413657294845e-01
-4.274308067986356541e-01
-4.270881096671519384e-01
-4.267455499712781708e-01
-4.264031277110147400e-01
-4.260608428863613684e-01
-4.257186954973181670e-01
-4.253766855438850802e-01
-4.250348130260619417e-01
-4.246930779438491399e-01
-4.243514802972463973e-01
-4.240100200862538249e-01
-4.236686973108713672e-01
-4.233275119710989132e-01
-4.229864640669366849e-01
-4.226455535983846268e-01
-4.223047805654426834e-01
-4.219641449681108547e-01
-4.216236468063889742e-01
-4.212832860802774304e-01
-4.209430627897760013e-01
-4.206029769348846870e-01
-4.202630285156034873e-01
-4.199232175319322913e-01
-4.195835439838713210e-01
-4.192440078714205209e-01
-4.189046091945798356e-01
-4.185653479533492649e-01
-4.182262241477286979e-01
-4.178872377777184122e-01
-4.175483888433182411e-01
-4.172096773445281848e-01
-4.168711032813482431e-01
-4.165326666537783051e-01
-4.161943674618186484e-01
-4.158562057054691063e-01
-4.155181813847296790e-01
-4.151802944996004219e-01
-4.148425450500811129e-01
-4.145049330361720852e-01
-4.141674584578731722e-01
-4.138301213151842073e-01
-4.134929216081057457e-01
-4.131558593366370657e-01
-4.128189345007786670e-01
-4.124821471005303830e-01
-4.121454971358921027e-01
-4.118089846068642146e-01
-4.114726095134461636e-01
-4.111363718556383939e-01
-4.108002716334407389e-01
-4.104643088468530876e-01
-4.101284834958758840e-01
-4.097927955805084621e-01
-4.094572451007513214e-01
-4.091218320566042954e-01
-4.087865564480672731e-01
-4.084514182751406985e-01
-4.081164175378239056e-01
-4.077815542361173939e-01
-4.074468283700210525e-01
-4.071122399395346592e-01
-4.067777889446586581e-01
-4.064434753853925497e-01
-4.061092992617366670e-01
-4.057752605736909546e-01
-4.054413593212551903e-01
-4.051075955044298182e-01
-4.047739691232143389e-01
-4.044404801776090852e-01
-4.041071286676140017e-01
-4.037739145932288665e-01
-4.034408379544541789e-01
-4.031078987512892731e-01
-4.027750969837347039e-01
-4.024424326517901940e-01
-4.021099057554557432e-01
-4.017775162947316292e-01
-4.014452642696174078e-01
-4.011131496801134677e-01
-4.007811725262196423e-01
-4.004493328079357650e-01
-4.001176305252623355e-01
-3.997860656781987432e-01
-3.994546382667453766e-01
-3.991233482909021801e-01
-3.987921957506689874e-01
-3.984611806460461314e-01
-3.981303029770331681e-01
-3.977995627436304860e-01
-3.974689599458379186e-01
-3.971384945836553548e-01
-3.968081666570831834e-01
-3.964779761661208490e-01
-3.961479231107687404e-01
-3.958180074910268020e-01
-3.954882293068948673e-01
-3.951585885583733249e-01
-3.948290852454616195e-01
-3.944997193681601955e-01
-3.941704909264688861e-01
-3.938413999203875804e-01
-3.935124463499166669e-01
-3.931836302150555906e-01
-3.928549515158047956e-01
-3.925264102521641707e-01
-3.921980064241334385e-01
-3.918697400317132096e-01
-3.915416110749027623e-01
-3.912136195537025962e-01
-3.908857654681125449e-01
-3.905580488181324972e-01
-3.902304696037628418e-01
-3.899030278250030790e-01
-3.895757234818535419e-01
-3.892485565743141196e-01
-3.889215271023847009e-01
-3.885946350660657300e-01
-3.882678804653565408e-01
-3.879412633002576327e-01
-3.876147835707688949e-01
-3.872884412768901052e-01
-3.869622364186217078e-01
-3.866361689959632031e-01
-3.863102390089149241e-01
-3.859844464574768153e-01
-3.856587913416486546e-01
-3.853332736614309417e-01
-3.850078934168230105e-01
-3.846826506078254160e-01
-3.843575452344378807e-01
-3.840325772966604045e-01
-3.837077467944932652e-01
-3.833830537279360184e-01
-3.830584980969889974e-01
-3.827340799016521466e-01
-3.824097991419252995e-01
-3.820856558178087892e-01
-3.817616499293021715e-01
-3.814377814764058350e-01
-3.811140504591195577e-01
-3.807904568774433396e-01
-3.804670007313775137e-01
-3.801436820209215250e-01
-3.798205007460757621e-01
-3.794974569068401693e-01
-3.791745505032145802e-01
-3.788517815351993279e-01
-3.785291500027939682e-01
-3.782066559059988897e-01
-3.778842992448139260e-01
-3.775620800192389659e-01
-3.772399982292743981e-01
-3.769180538749196674e-01
-3.765962469561752179e-01
-3.762745774730408832e-01
-3.759530454255165521e-01
-3.756316508136025578e-01
-3.753103936372985117e-01
-3.749892738966046912e-01
-3.746682915915209855e-01
-3.743474467220472834e-01
-3.740267392881839736e-01
-3.737061692899305010e-01
-3.733857367272873096e-01
-3.730654416002542328e-01
-3.727452839088311598e-01
-3.724252636530184790e-01
-3.721053808328156909e-01
-3.717856354482231285e-01
-3.714660274992406808e-01
-3.711465569858682367e-01
-3.708272239081061850e-01
-3.705080282659540258e-01
-3.701889700594120924e-01
-3.698700492884802737e-01
-3.695512659531584587e-01
-3.692326200534470915e-01
-3.689141115893455058e-01
-3.685957405608542015e-01
-3.682775069679730673e-01
-3.679594108107018813e-01
-3.676414520890410875e-01
-3.673236308029901864e-01
-3.670059469525495111e-01
-3.666884005377190059e-01
-3.663709915584984489e-01
-3.660537200148883397e-01
-3.657365859068880676e-01
-3.654195892344980212e-01
-3.651027299977181451e-01
-3.647860081965482171e-01
-3.644694238309887369e-01
-3.641529769010390383e-01
-3.638366674066996764e-01
-3.635204953479704293e-01
-3.632044607248511303e-01
-3.628885635373422791e-01
-3.625728037854432650e-01
-3.622571814691544767e-01
-3.619416965884758586e-01
-3.616263491434072441e-01
-3.613111391339489664e-01
-3.609960665601005814e-01
-3.606811314218624775e-01
-3.603663337192344884e-01
-3.600516734522165030e-01
-3.597371506208088543e-01
-3.594227652250110983e-01
-3.591085172648236234e-01
-3.587944067402462633e-01
-3.584804336512789069e-01
-3.581665979979219427e-01
-3.578528997801748157e-01
-3.575393389980379699e-01
-3.572259156515112388e-01
-3.569126297405945114e-01
-3.565994812652881762e-01
-3.562864702255916782e-01
-3.559735966215054614e-01
-3.556608604530293594e-01
-3.553482617201632610e-01
-3.550358004229075548e-01
-3.547234765612616858e-01
-3.544112901352260980e-01
-3.540992411448006805e-01
-3.537873295899852111e-01
-3.534755554707801339e-01
-3.531639187871848939e-01
-3.528524195391999352e-01
-3.525410577268251466e-01
-3.522298333500603063e-01
-3.519187464089058581e-01
-3.516077969033612471e-01
-3.512969848334269729e-01
-3.509863101991027579e-01
-3.506757730003885465e-01
-3.503653732372847274e-01
-3.500551109097908009e-01
-3.497449860179071002e-01
-3.494349985616335696e-01
-3.491251485409699873e-01
-3.488154359559167972e-01
-3.485058608064734997e-01
-3.481964230926404280e-01
-3.478871228144175265e-01
-3.475779599718045731e-01
-3.472689345648020676e-01
-3.469600465934093991e-01
-3.466512960576269564e-01
-3.463426829574546839e-01
-3.460342072928923596e-01
-3.457258690639404830e-01
-3.454176682705984436e-01
-3.451096049128666299e-01
-3.448016789907449864e-01
-3.444938905042333466e-01
-3.441862394533320435e-01
-3.438787258380406331e-01
-3.435713496583595039e-01
-3.432641109142884339e-01
-3.429570096058274231e-01
-3.426500457329768046e-01
-3.423432192957360232e-01
-3.420365302941055230e-01
-3.417299787280850820e-01
-3.414235645976747002e-01
-3.411172879028747107e-01
-3.408111486436845583e-01
-3.405051468201046871e-01
-3.401992824321349307e-01
-3.398935554797751779e-01
-3.395879659630258174e-01
-3.392825138818862940e-01
-3.389771992363570519e-01
-3.386720220264379244e-01
-3.383669822521288006e-01
-3.380620799134300691e-01
-3.377573150103411748e-01
-3.374526875428625616e-01
-3.371481975109940632e-01
-3.368438449147355684e-01
-3.365396297540874659e-01
-3.362355520290492561e-01
-3.359316117396212720e-01
-3.356278088858034025e-01
-3.353241434675955368e-01
-3.350206154849980633e-01
-3.347172249380104270e-01
-3.344139718266331274e-01
-3.341108561508658870e-01
-3.338078779107086502e-01
-3.335050371061618057e-01
-3.332023337372248539e-01
-3.328997678038981278e-01
-3.325973393061815164e-01
-3.322950482440749642e-01
-3.319928946175787488e-01
-3.316908784266924259e-01
-3.313889996714163289e-01
-3.310872583517503465e-01
-3.307856544676944233e-01
-3.304841880192488368e-01
-3.301828590064131430e-01
-3.298816674291876749e-01
-3.295806132875723771e-01
-3.292796965815670274e-01
-3.289789173111721254e-01
-3.286782754763870606e-01
-3.283777710772122216e-01
-3.280774041136475527e-01
-3.277771745856928320e-01
-3.274770824933485591e-01
-3.271771278366141233e-01
-3.268773106154899133e-01
-3.265776308299758734e-01
-3.262780884800718373e-01
-3.259786835657781379e-01
-3.256794160870943311e-01
-3.253802860440208056e-01
-3.250812934365573947e-01
-3.247824382647039876e-01
-3.244837205284609172e-01
-3.241851402278277394e-01
-3.238866973628048429e-01
-3.235883919333920611e-01
-3.232902239395892829e-01
-3.229921933813968415e-01
-3.226943002588143483e-01
-3.223965445718420808e-01
-3.220989263204799280e-01
-3.218014455047277234e-01
-3.215041021245859665e-01
-3.212068961800541023e-01
-3.209098276711324083e-01
-3.206128965978209400e-01
-3.203161029601194199e-01
-3.200194467580282365e-01
-3.197229279915470013e-01
-3.194265466606759918e-01
-3.191303027654150970e-01
-3.188341963057642059e-01
-3.185382272817237070e-01
-3.182423956932931008e-01
-3.179467015404727204e-01
-3.176511448232624546e-01
-3.173557255416621925e-01
-3.170604436956723227e-01
-3.167652992852923455e-01
-3.164702923105225940e-01
-3.161754227713629573e-01
-3.158806906678133242e-01
-3.155860959998741389e-01
-3.152916387675447352e-01
-3.149973189708256127e-01
-3.147031366097166605e-01
-3.144090916842176564e-01
-3.141151841943290446e-01
-3.138214141400503254e-01
-3.135277815213818875e-01
-3.132342863383235088e-01
-3.129409285908751892e-01
-3.126477082790372064e-01
-3.123546254028091163e-01
-3.120616799621912518e-01
-3.117688719571835576e-01
-3.114762013877858116e-01
-3.111836682539984578e-01
-3.108912725558210521e-01
-3.105990142932538167e-01
-3.103068934662967515e-01
-3.100149100749496345e-01
-3.097230641192129652e-01
-3.094313555990861331e-01
-3.091397845145695267e-01
-3.088483508656630905e-01
-3.085570546523666580e-01
-3.082658958746805622e-01
-3.079748745326043591e-01
-3.076839906261384372e-01
-3.073932441552826300e-01
-3.071026351200368265e-01
-3.068121635204013598e-01
-3.065218293563758412e-01
-3.062316326279604928e-01
-3.059415733351553146e-01
-3.056516514779601401e-01
-3.053618670563753579e-01
-3.050722200704004128e-01
-3.047827105200357489e-01
-3.044933384052811998e-01
-3.042041037261366543e-01
-3.039150064826025011e-01
-3.036260466746781850e-01
-3.033372243023641501e-01
-3.030485393656602300e-01
-3.027599918645663135e-01
-3.024715817990827893e-01
-3.021833091692091577e-01
-3.018951739749457519e-01
-3.016071762162924608e-01
-3.013193158932491733e-01
-3.010315930058162781e-01
-3.007440075539932200e-01
-3.004565595377804987e-01
-3.001692489571778366e-01
-2.998820758121851782e-01
-2.995950401028029120e-01
-2.993081418290305384e-01
-2.990213809908683906e-01
-2.987347575883163575e-01
-2.984482716213743836e-01
-2.981619230900427464e-01
-2.978757119943209464e-01
-2.975896383342094831e-01
-2.973037021097080790e-01
-2.970179033208167341e-01
-2.967322419675357259e-01
-2.964467180498646104e-01
-2.961613315678037206e-01
-2.958760825213529455e-01
-2.955909709105122296e-01
-2.953059967352818505e-01
-2.950211599956613640e-01
-2.947364606916511587e-01
-2.944518988232510126e-01
-2.941674743904609257e-01
-2.938831873932811756e-01
-2.935990378317113181e-01
-2.933150257057517418e-01
-2.930311510154022248e-01
-2.927474137606627669e-01
-2.924638139415336457e-01
-2.921803515580144728e-01
-2.918970266101054700e-01
-2.916138390978066375e-01
-2.913307890211178086e-01
-2.910478763800393165e-01
-2.907651011745707170e-01
-2.904824634047123988e-01
-2.901999630704641953e-01
-2.899176001718259954e-01
-2.896353747087981323e-01
-2.893532866813802173e-01
-2.890713360895725281e-01
-2.887895229333748981e-01
-2.885078472127873273e-01
-2.882263089278101487e-01
-2.879449080784428072e-01
-2.876636446646857470e-01
-2.873825186865388015e-01
-2.871015301440018597e-01
-2.868206790370753101e-01
-2.865399653657586532e-01
-2.862593891300522220e-01
-2.859789503299559055e-01
-2.856986489654695927e-01
-2.854184850365936721e-01
-2.851384585433275887e-01
-2.848585694856717865e-01
-2.845788178636260990e-01
-2.842992036771904707e-01
-2.840197269263651236e-01
-2.837403876111497247e-01
-2.834611857315445516e-01
-2.831821212875495486e-01
-2.829031942791644938e-01
-2.826244047063898313e-01
-2.823457525692250614e-01
-2.820672378676705172e-01
-2.817888606017260877e-01
-2.815106207713917175e-01
-2.812325183766676839e-01
-2.809545534175535431e-01
-2.806767258940496279e-01
-2.803990358061558275e-01
-2.801214831538720862e-01
-2.798440679371985707e-01
-2.795667901561351698e-01
-2.792896498106818837e-01
-2.790126469008387677e-01
-2.787357814266056000e-01
-2.784590533879827134e-01
-2.781824627849699971e-01
-2.779060096175673400e-01
-2.776296938857748531e-01
-2.773535155895923143e-01
-2.770774747290200568e-01
-2.768015713040579695e-01
-2.765258053147059414e-01
-2.762501767609640835e-01
-2.759746856428322292e-01
-2.756993319603106007e-01
-2.754241157133990869e-01
-2.751490369020977433e-01
-2.748740955264065144e-01
-2.745992915863252892e-01
-2.743246250818542897e-01
-2.740500960129934049e-01
-2.737757043797426904e-01
-2.735014501821020905e-01
-2.732273334200714943e-01
-2.729533540936511238e-01
-2.726795122028409235e-01
-2.724058077476408379e-01
-2.721322407280508116e-01
-2.718588111440708999e-01
-2.715855189957011584e-01
-2.713123642829415871e-01
-2.710393470057920751e-01
-2.707664671642527887e-01
-2.704937247583234505e-01
-2.702211197880043381e-01
-2.699486522532953958e-01
-2.696763221541965683e-01
-2.694041294907078554e-01
-2.691320742628291462e-01
-2.688601564705607183e-01
-2.685883761139024051e-01
-2.683167331928542065e-01
-2.680452277074161227e-01
-2.677738596575880425e-01
-2.675026290433702436e-01
-2.672315358647625594e-01
-2.669605801217649899e-01
-2.666897618143775350e-01
-2.664190809426001394e-01
-2.661485375064329140e-01
-2.658781315058758588e-01
-2.656078629409289737e-01
-2.653377318115921479e-01
-2.650677381178653813e-01
-2.647978818597487849e-01
-2.645281630372423587e-01
-2.642585816503461027e-01
-2.639891376990599059e-01
-2.637198311833837683e-01
-2.634506621033178564e-01
-2.631816304588620592e-01
-2.629127362500163767e-01
-2.626439794767808644e-01
-2.623753601391553558e-01
-2.621068782371400729e-01
-2.618385337707349048e-01
-2.615703267399398513e-01
-2.613022571447549680e-01
-2.610343249851800884e-01
-2.607665302612154345e-01
-2.604988729728608954e-01
-2.602313531201165264e-01
-2.599639707029822167e-01
-2.596967257214579661e-01
-2.594296181755439412e-01
-2.591626480652400866e-01
-2.588958153905462911e-01
-2.586291201514626659e-01
-2.583625623479890443e-01
-2.580961419801257040e-01
-2.578298590478724228e-01
-2.575637135512293119e-01
-2.572977054901963156e-01
-2.570318348647733231e-01
-2.567661016749605563e-01
-2.565005059207579596e-01
-2.562350476021654222e-01
-2.559697267191830550e-01
-2.557045432718107469e-01
-2.554394972600486091e-01
-2.551745886838966415e-01
-2.549098175433547331e-01
-2.546451838384230504e-01
-2.543806875691013158e-01
-2.541163287353898070e-01
-2.538521073372884684e-01
-2.535880233747972445e-01
-2.533240768479161353e-01
-2.530602677566450853e-01
-2.527965961009842055e-01
-2.525330618809334959e-01
-2.522696650964929010e-01
-2.520064057476624209e-01
-2.517432838344419999e-01
-2.514802993568317491e-01
-2.512174523148316685e-01
-2.509547427084417026e-01
-2.506921705376619069e-01
-2.504297358024920594e-01
-2.501674385029324932e-01
-2.499052786389830416e-01
-2.496432562106437048e-01
-2.493813712179144548e-01
-2.491196236607954029e-01
-2.488580135392863824e-01
-2.485965408533875598e-01
-2.483352056030988797e-01
-2.480740077884202588e-01
-2.478129474093518081e-01
-2.475520244658934443e-01
-2.472912389580452786e-01
-2.470305908858071997e-01
-2.467700802491792356e-01
-2.465097070481614139e-01
-2.462494712827536791e-01
-2.459893729529561424e-01
-2.457294120587687203e-01
-2.454695886001913574e-01
-2.452099025772241925e-01
-2.449503539898670867e-01
-2.446909428381201790e-01
-2.444316691219833859e-01
-2.441725328414566520e-01
-2.439135339965401161e-01
-2.436546725872336672e-01
-2.433959486135373607e-01
-2.431373620754512244e-01
-2.428789129729751195e-01
-2.426206013061092126e-01
-2.423624270748533927e-01
-2.421043902792077429e-01
-2.418464909191722079e-01
-2.415887289947467598e-01
-2.413311045059315096e-01
-2.410736174527262909e-01
-2.408162678351312980e-01
-2.405590556531463364e-01
-2.403019809067715729e-01
-2.400450435960069517e-01
-2.397882437208523898e-01
-2.395315812813079981e-01
-2.392750562773736933e-01
-2.390186687090495588e-01
-2.387624185763355389e-01
-2.385063058792316337e-01
-2.382503306177378710e-01
-2.379944927918541953e-01
-2.377387924015806897e-01
-2.374832294469173266e-01
-2.372278039278640505e-01
-2.369725158444209168e-01
-2.367173651965878700e-01
-2.364623519843650212e-01
-2.362074762077522871e-01
-2.359527378667496122e-01
-2.356981369613571353e-01
-2.354436734915747176e-01
-2.351893474574024978e-01
-2.349351588588403927e-01
-2.346811076958883746e-01
-2.344271939685465267e-01
-2.341734176768147380e-01
-2.339197788206931472e-01
-2.336662774001816989e-01
-2.334129134152802820e-01
-2.331596868659890909e-01
-2.329065977523079312e-01
-2.326536460742369694e-01
-2.324008318317761501e-01
-2.321481550249253900e-01
-2.318956156536848001e-01
-2.316432137180542972e-01
-2.313909492180339644e-01
-2.311388221536237741e-01
-2.308868325248236431e-01
-2.306349803316336822e-01
-2.303832655740538082e-01
-2.301316882520841323e-01
-2.298802483657245710e-01
-2.296289459149750689e-01
-2.293777808998357648e-01
-2.291267533203065199e-01
-2.288758631763874452e-01
-2.286251104680785129e-01
-2.283744951953796676e-01
-2.281240173582909925e-01
-2.278736769568123766e-01
-2.276234739909439586e-01
-2.273734084606856554e-01
-2.271234803660374391e-01
-2.268736897069993930e-01
-2.266240364835714061e-01
-2.263745206957536171e-01
-2.261251423435459706e-01
-2.258759014269483556e-01
-2.256267979459609663e-01
-2.253778319005836084e-01
-2.251290032908164485e-01
-2.248803121166594310e-01
-2.246317583781124727e-01
-2.243833420751756846e-01
-2.241350632078489835e-01
-2.238869217761324526e-01
-2.236389177800260641e-01
-2.233910512195297349e-01
-2.231433220946436036e-01
-2.228957304053675315e-01
-2.226482761517016296e-01
-2.224009593336458701e-01
-2.221537799512001699e-01
-2.219067380043646676e-01
-2.216598334931392245e-01
-2.214130664175239793e-01
-2.211664367775188489e-01
-2.209199445731238054e-01
-2.206735898043389044e-01
-2.204273724711641180e-01
-2.201812925735995019e-01
-2.199353501116450005e-01
-2.196895450853005582e-01
-2.194438774945663140e-01
-2.191983473394421567e-01
-2.189529546199281695e-01
-2.187076993360242971e-01
-2.184625814877305117e-01
-2.182176010750468964e-01
-2.179727580979733681e-01
-2.177280525565100100e-01
-2.174834844506567944e-01
-2.172390537804136379e-01
-2.169947605457806517e-01
-2.167506047467577524e-01
-2.165065863833450233e-01
-2.162627054555424366e-01
-2.160189619633499092e-01
-2.157753559067675797e-01
-2.155318872857953094e-01
-2.152885561004332371e-01
-2.150453623506812517e-01
-2.148023060365393810e-01
-2.145593871580076806e-01
-2.143166057150860393e-01
-2.140739617077745682e-01
-2.138314551360732396e-01
-2.135890859999819980e-01
-2.133468542995009265e-01
-2.131047600346299142e-01
-2.128628032053690999e-01
-2.126209838117184003e-01
-2.123793018536777877e-01
-2.121377573312473452e-01
-2.118963502444269897e-01
-2.116550805932168045e-01
-2.114139483776167339e-01
-2.111729535976267502e-01
-2.109320962532469368e-01
-2.106913763444772103e-01
-2.104507938713176540e-01
-2.102103488337682402e-01
-2.099700412318288856e-01
-2.097298710654997012e-01
-2.094898383347806037e-01
-2.092499430396717042e-01
-2.090101851801728916e-01
-2.087705647562841937e-01
-2.085310817680056383e-01
-2.082917362153371699e-01
-2.080525280982788994e-01
-2.078134574168307436e-01
-2.075745241709926470e-01
-2.073357283607647483e-01
-2.070970699861469089e-01
-2.068585490471392674e-01
-2.066201655437417406e-01
-2.063819194759542730e-01
-2.061438108437770034e-01
-2.059058396472098207e-01
-2.056680058862528082e-01
-2.054303095609058549e-01
-2.051927506711690996e-01
-2.049553292170424590e-01
-2.047180451985258776e-01
-2.044808986156194941e-01
-2.042438894683231976e-01
-2.040070177566370713e-01
-2.037702834805610597e-01
-2.035336866400951350e-01
-2.032972272352393805e-01
-2.030609052659937130e-01
-2.028247207323582157e-01
-2.025886736343328332e-01
-2.023527639719175375e-01
-2.021169917451124398e-01
-2.018813569539173736e-01
-2.016458595983325330e-01
-2.014104996783577795e-01
-2.011752771939931128e-01
-2.009401921452386441e-01
-2.007052445320942347e-01
-2.004704343545599954e-01
-2.002357616126358986e-01
-2.000012263063218609e-01
-1.997668284356180213e-01
-1.995325680005242408e-01
-1.992984450010406583e-01
-1.990644594371671905e-01
-1.988306113089037819e-01
-1.985969006162505712e-01
-1.983633273592074475e-01
-1.981298915377744663e-01
-1.978965931519516275e-01
-1.976634322017388756e-01
-1.974304086871362940e-01
-1.971975226081437993e-01
-1.969647739647614471e-01
-1.967321627569892650e-01
-1.964996889848271422e-01
-1.962673526482751896e-01
-1.960351537473333239e-01
-1.958030922820016284e-01
-1.955711682522800476e-01
-1.953393816581685538e-01
-1.951077324996672302e-01
-1.948762207767759935e-01
-1.946448464894949548e-01
-1.944136096378240031e-01
-1.941825102217631382e-01
-1.939515482413124714e-01
-1.937207236964718637e-01
-1.934900365872414263e-01
-1.932594869136211313e-01
-1.930290746756109233e-01
-1.927987998732108577e-01
-1.925686625064209068e-01
-1.923386625752410983e-01
-1.921088000796714323e-01
-1.918790750197118533e-01
-1.916494873953624167e-01
-1.914200372066230948e-01
-1.911907244534939432e-01
-1.909615491359749062e-01
-1.907325112540659562e-01
-1.905036108077671764e-01
-1.902748477970784557e-01
-1.900462222219999331e-01
-1.898177340825315251e-01
-1.895893833786732041e-01
-1.893611701104250533e-01
-1.891330942777869895e-01
-1.889051558807590958e-01
-1.886773549193413446e-01
-1.884496913935336526e-01
-1.882221653033361308e-01
-1.879947766487486960e-01
-1.877675254297714313e-01
-1.875404116464043092e-01
-1.873134352986472462e-01
-1.870865963865003812e-01
-1.868598949099635753e-01
-1.866333308690369397e-01
-1.864069042637204465e-01
-1.861806150940140403e-01
-1.859544633599177765e-01
-1.857284490614316275e-01
-1.855025721985556209e-01
-1.852768327712897567e-01
-1.850512307796339795e-01
-1.848257662235883725e-01
-1.846004391031528247e-01
-1.843752494183274748e-01
-1.841501971691122397e-01
-1.839252823555070915e-01
-1.837005049775121135e-01
-1.834758650351272224e-01
-1.832513625283525016e-01
-1.830269974571878955e-01
-1.828027698216333763e-01
-1.825786796216890273e-01
-1.823547268573547653e-01
-1.821309115286306735e-01
-1.819072336355166963e-01
-1.816836931780128339e-01
-1.814602901561191139e-01
-1.812370245698354809e-01
-1.810138964191620181e-01
-1.807909057040986978e-01
-1.805680524246454366e-01
-1.803453365808023734e-01
-1.801227581725693694e-01
-1.799003171999465356e-01
-1.796780136629338442e-01
-1.794558475615312398e-01
-1.792338188957387779e-01
-1.790119276655564307e-01
-1.787901738709842259e-01
-1.785685575120221635e-01
-1.783470785886701881e-01
-1.781257371009283830e-01
-1.779045330487966647e-01
-1.776834664322750890e-01
-1.774625372513636556e-01
-1.772417455060623093e-01
-1.770210911963711331e-01
-1.768005743222900439e-01
-1.765801948838191249e-01
-1.763599528809583206e-01
-1.761398483137076032e-01
-1.759198811820670838e-01
-1.757000514860365958e-01
-1.754803592256163336e-01
-1.752608044008061583e-01
-1.750413870116060699e-01
-1.748221070580161796e-01
-1.746029645400363484e-01
-1.743839594576666874e-01
-1.741650918109071688e-01
-1.739463615997577095e-01
-1.737277688242184481e-01
-1.735093134842892459e-01
-1.732909955799702140e-01
-1.730728151112613244e-01
-1.728547720781625219e-01
-1.726368664806738618e-01
-1.724190983187953163e-01
-1.722014675925269134e-01
-1.719839743018686251e-01
-1.717666184468204793e-01
-1.715494000273824760e-01
-1.713323190435545595e-01
-1.711153754953367856e-01
-1.708985693827291263e-01
-1.706819007057316373e-01
-1.704653694643442630e-01
-1.702489756585669478e-01
-1.700327192883998306e-01
-1.698166003538428004e-01
-1.696006188548959404e-01
-1.693847747915591950e-01
-1.691690681638325366e-01
-1.689534989717160485e-01
-1.687380672152096472e-01
-1.685227728943134162e-01
-1.683076160090272999e-01
-1.680925965593512705e-01
-1.678777145452854391e-01
-1.676629699668296669e-01
-1.674483628239840649e-01
-1.672338931167485776e-01
-1.670195608451232050e-01
-1.668053660091079748e-01
-1.665913086087028316e-01
-1.663773886439078864e-01
-1.661636061147230281e-01
-1.659499610211482845e-01
-1.657364533631836834e-01
-1.655230831408291969e-01
-1.653098503540848530e-01
-1.650967550029506514e-01
-1.648837970874265368e-01
-1.646709766075125925e-01
-1.644582935632087073e-01
-1.642457479545150201e-01
-1.640333397814314476e-01
-1.638210690439579620e-01
-1.636089357420946466e-01
-1.633969398758413905e-01
-1.631850814451983323e-01
-1.629733604501653887e-01
-1.627617768907425322e-01
-1.625503307669298458e-01
-1.623390220787272464e-01
-1.621278508261348172e-01
-1.619168170091525305e-01
-1.617059206277803030e-01
-1.614951616820182456e-01
-1.612845401718662752e-01
-1.610740560973244750e-01
-1.608637094583928173e-01
-1.606535002550712188e-01
-1.604434284873598182e-01
-1.602334941552584768e-01
-1.600236972587673057e-01
-1.598140377978862769e-01
-1.596045157726153352e-01
-1.593951311829545359e-01
-1.591858840289038513e-01
-1.589767743104633091e-01
-1.587678020276329094e-01
-1.585589671804125966e-01
-1.583502697688024541e-01
-1.581417097928023707e-01
-1.579332872524124853e-01
-1.577250021476327146e-01
-1.575168544784630309e-01
-1.573088442449035174e-01
-1.571009714469540908e-01
-1.568932360846148066e-01
-1.566856381578856927e-01
-1.564781776667666380e-01
-1.562708546112577535e-01
-1.560636689913589559e-01
-1.558566208070703285e-01
-1.556497100583918158e-01
-1.554429367453233901e-01
-1.552363008678651624e-01
-1.550298024260170215e-01
-1.548234414197789399e-01
-1.546172178491510840e-01
-1.544111317141333428e-01
-1.542051830147257163e-01
-1.539993717509282323e-01
-1.537936979227408074e-01
-1.535881615301635528e-01
-1.533827625731964406e-01
-1.531775010518394708e-01
-1.529723769660926158e-01
-1.527673903159557922e-01
-1.525625411014291943e-01
-1.523578293225127389e-01
-1.521532549792063982e-01
-1.519488180715101722e-01
-1.517445185994239776e-01
-1.515403565629480087e-01
-1.513363319620821823e-01
-1.511324447968264706e-01
-1.509286950671808736e-01
-1.507250827731453358e-01
-1.505216079147199959e-01
-1.503182704919047985e-01
-1.501150705046997158e-01
-1.499120079531047756e-01
-1.497090828371198667e-01
-1.495062951567451559e-01
-1.493036449119805875e-01
-1.491011321028261338e-01
-1.488987567292818226e-01
-1.486965187913475428e-01
-1.484944182890234887e-01
-1.482924552223095493e-01
-1.480906295912057247e-01
-1.478889413957120424e-01
-1.476873906358283917e-01
-1.474859773115549666e-01
-1.472847014228916562e-01
-1.470835629698384883e-01
-1.468825619523954351e-01
-1.466816983705624133e-01
-1.464809722243396173e-01
-1.462803835137269637e-01
-1.460799322387243970e-01
-1.458796183993320006e-01
-1.456794419955496078e-01
-1.454794030273774408e-01
-1.452795014948154162e-01
-1.450797373978635063e-01
-1.448801107365217111e-01
-1.446806215107899751e-01
-1.444812697206684371e-01
-1.442820553661570415e-01
-1.440829784472557606e-01
-1.438840389639646222e-01
-1.436852369162835152e-01
-1.434865723042126062e-01
-1.432880451277518397e-01
-1.430896553869011878e-01
-1.428914030816606784e-01
-1.426932882120302004e-01
-1.424953107780099482e-01
-1.422974707795998106e-01
-1.420997682167998155e-01
-1.419022030896099074e-01
-1.417047753980300862e-01
-1.415074851420604629e-01
-1.413103323217009544e-01
-1.411133169369515605e-01
-1.409164389878123369e-01
-1.407196984742831170e-01
-1.405230953963641227e-01
-1.403266297540552432e-01
-1.401303015473565061e-01
-1.399341107762679115e-01
-1.397380574407893206e-01
-1.395421415409209553e-01
-1.393463630766627326e-01
-1.391507220480146245e-01
-1.389552184549766312e-01
-1.387598522975486970e-01
-1.385646235757309608e-01
-1.383695322895233670e-01
-1.381745784389258880e-01
-1.379797620239385514e-01
-1.377850830445612462e-01
-1.375905415007941668e-01
-1.373961373926371743e-01
-1.372018707200903520e-01
-1.370077414831536444e-01
-1.368137496818269683e-01
-1.366198953161104901e-01
-1.364261783860041544e-01
-1.362325988915079611e-01
-1.360391568326218825e-01
-1.358458522093458354e-01
-1.356526850216800140e-01
-1.354596552696243072e-01
-1.352667629531787430e-01
-1.350740080723432934e-01
-1.348813906271179031e-01
-1.346889106175027107e-01
-1.344965680434976329e-01
-1.343043629051026977e-01
-1.341122952023178772e-01
-1.339203649351431158e-01
-1.337285721035785524e-01
-1.335369167076241315e-01
-1.333453987472798252e-01
-1.331540182225456337e-01
-1.329627751334215013e-01
-1.327716694799075670e-01
-1.325807012620037750e-01
-1.323898704797100978e-01
-1.321991771330265630e-01
-1.320086212219530597e-01
-1.318182027464897821e-01
-1.316279217066366192e-01
-1.314377781023935710e-01
-1.312477719337606652e-01
-1.310579032007377909e-01
-1.308681719033251423e-01
-1.306785780415226084e-01
-1.304891216153301892e-01
-1.302998026247479124e-01
-1.301106210697756949e-01
-1.299215769504136753e-01
-1.297326702666617704e-01
-1.295439010185200079e-01
-1.293552692059883602e-01
-1.291667748290667439e-01
-1.289784178877553533e-01
-1.287901983820541052e-01
-1.286021163119629718e-01
-1.284141716774819530e-01
-1.282263644786109935e-01
-1.280386947153502319e-01
-1.278511623876996128e-01
-1.276637674956591084e-01
-1.274765100392287187e-01
-1.272893900184083882e-01
-1.271024074331982556e-01
-1.269155622835982655e-01
-1.267288545696083901e-01
-1.265422842912286572e-01
-1.263558514484589557e-01
-1.261695560412994799e-01
-1.259833980697501188e-01
-1.257973775338108724e-01
-1.256114944334817685e-01
-1.254257487687626960e-01
-1.252401405396538492e-01
-1.250546697461551171e-01
-1.248693363882665136e-01
-1.246841404659880387e-01
-1.244990819793196091e-01
-1.243141609282613913e-01
-1.241293773128133021e-01
-1.239447311329753276e-01
-1.237602223887474817e-01
-1.235758510801296950e-01
-1.233916172071221062e-01
-1.232075207697246461e-01
-1.230235617679373006e-01
-1.228397402017600976e-01
-1.226560560711929398e-01
-1.224725093762359801e-01
-1.222891001168891628e-01
-1.221058282931524602e-01
-1.219226939050258862e-01
-1.217396969525093575e-01
-1.215568374356030407e-01
-1.213741153543068385e-01
-1.211915307086207788e-01
-1.210090834985448338e-01
-1.208267737240789341e-01
-1.206446013852232463e-01
-1.204625664819776870e-01
-1.202806690143422563e-01
-1.200989089823169542e-01
-1.199172863859016974e-01
-1.197358012250966386e-01
-1.195544534999017083e-01
-1.193732432103169205e-01
-1.191921703563422474e-01
-1.190112349379776197e-01
-1.188304369552232037e-01
-1.186497764080789025e-01
-1.184692532965447437e-01
-1.182888676206206996e-01
-1.181086193803067147e-01
-1.179285085756029278e-01
-1.177485352065092694e-01
-1.175686992730257258e-01
-1.173890007751523246e-01
-1.172094397128889687e-01
-1.170300160862358246e-01
-1.168507298951927953e-01
-1.166715811397598945e-01
-1.164925698199371223e-01
-1.163136959357243955e-01
-1.161349594871218804e-01
-1.159563604741294940e-01
-1.157778988967472222e-01
-1.155995747549750791e-01
-1.154213880488129951e-01
-1.152433387782611091e-01
-1.150654269433193516e-01
-1.148876525439877228e-01
-1.147100155802662225e-01
-1.145325160521547675e-01
-1.143551539596535105e-01
-1.141779293027623959e-01
-1.140008420814813961e-01
-1.138238922958105248e-01
-1.136470799457496988e-01
-1.134704050312990847e-01
-1.132938675524585992e-01
-1.131174675092282284e-01
-1.129412049016080000e-01
-1.127650797295978030e-01
-1.125890919931978179e-01
-1.124132416924079614e-01
-1.122375288272282334e-01
-1.120619533976586341e-01
-1.118865154036990800e-01
-1.117112148453497378e-01
-1.115360517226105103e-01
-1.113610260354814113e-01
-1.111861377839624410e-01
-1.110113869680535298e-01
-1.108367735877548027e-01
-1.106622976430662181e-01
-1.104879591339877620e-01
-1.103137580605194207e-01
-1.101396944226611385e-01
-1.099657682204130543e-01
-1.097919794537750987e-01
-1.096183281227472717e-01
-1.094448142273295732e-01
-1.092714377675219201e-01
-1.090981987433244649e-01
-1.089250971547371521e-01
-1.087521330017599541e-01
-1.085793062843928847e-01
-1.084066170026358744e-01
-1.082340651564890482e-01
-1.080616507459523645e-01
-1.078893737710258094e-01
-1.077172342317093690e-01
-1.075452321280029877e-01
-1.073733674599068044e-01
-1.072016402274207497e-01
-1.070300504305448236e-01
-1.068585980692790260e-01
-1.066872831436232738e-01
-1.065161056535777334e-01
-1.063450655991423077e-01
-1.061741629803170106e-01
-1.060033977971018421e-01
-1.058327700494967327e-01
-1.056622797375018213e-01
-1.054919268611170247e-01
-1.053217114203423704e-01
-1.051516334151778309e-01
-1.049816928456233506e-01
-1.048118897116790821e-01
-1.046422240133449283e-01
-1.044726957506208892e-01
-1.043033049235069926e-01
-1.041340515320031551e-01
-1.039649355761095018e-01
-1.037959570558259909e-01
-1.036271159711525947e-01
-1.034584123220893270e-01
-1.032898461086361186e-01
-1.031214173307931081e-01
-1.029531259885602124e-01
-1.027849720819374590e-01
-1.026169556109248204e-01
-1.024490765755222410e-01
-1.022813349757298734e-01
-1.021137308115476205e-01
-1.019462640829754824e-01
-1.017789347900134173e-01
-1.016117429326615501e-01
-1.014446885109197977e-01
-1.012777715247881877e-01
-1.011109919742666924e-01
-1.009443498593552563e-01
-1.007778451800540181e-01
-1.006114779363629086e-01
-1.004452481282819137e-01
-1.002791557558110613e-01
-1.001132008189502542e-01
-9.994738331769965900e-02
-9.978170325205917846e-02
-9.961616062202882649e-02
-9.945075542760860310e-02
-9.928548766879843890e-02
-9.912035734559845879e-02
-9.895536445800862113e-02
-9.879050900602889818e-02
-9.862579098965931768e-02
-9.846121040889978249e-02
-9.829676726375044526e-02
-9.813246155421123662e-02
-9.796829328028214268e-02
-9.780426244196319119e-02
-9.764036903925428501e-02
-9.747661307215559068e-02
-9.731299454066701105e-02
-9.714951344478855999e-02
-9.698616978452023751e-02
-9.682296355986197423e-02
-9.665989477081389503e-02
-9.649696341737595828e-02
-9.633416949954813624e-02
-9.617151301733045665e-02
-9.600899397072282238e-02
-9.584661235972538607e-02
-9.568436818433807833e-02
-9.552226144456088530e-02
-9.536029214039383473e-02
-9.519846027183684334e-02
-9.503676583889003604e-02
-9.487520884155335732e-02
-9.471378927982680718e-02
-9.455250715371038561e-02
-9.439136246320402324e-02
-9.423035520830785883e-02
-9.406948538902180912e-02
-9.390875300534590187e-02
-9.374815805728010931e-02
-9.358770054482437595e-02
-9.342738046797884055e-02
-9.326719782674343373e-02
-9.310715262111815549e-02
-9.294724485110300582e-02
-9.278747451669790147e-02
-9.262784161790300896e-02
-9.246834615471823116e-02
-9.230898812714358193e-02
-9.214976753517906127e-02
-9.199068437882459981e-02
-9.183173865808033631e-02
-9.167293037294618752e-02
-9.151425952342218118e-02
-9.135572610950828953e-02
-9.119733013120445708e-02
-9.103907158851083647e-02
-9.088095048142731669e-02
-9.072296680995393936e-02
-9.056512057409069061e-02
-9.040741177383750105e-02
-9.024984040919449557e-02
-9.009240648016161868e-02
-8.993510998673887036e-02
-8.977795092892625062e-02
-8.962092930672369007e-02
-8.946404512013132748e-02
-8.930729836914909348e-02
-8.915068905377697417e-02
-8.899421717401499732e-02
-8.883788272986306578e-02
-8.868168572132133221e-02
-8.852562614838972721e-02
-8.836970401106825079e-02
-8.821391930935690295e-02
-8.805827204325560043e-02
-8.790276221276450974e-02
-8.774738981788353376e-02
-8.759215485861268635e-02
-8.743705733495196752e-02
-8.728209724690130789e-02
-8.712727459446084621e-02
-8.697258937763051312e-02
-8.681804159641029472e-02
-8.666363125080021879e-02
-8.650935834080018816e-02
-8.635522286641035550e-02
-8.620122482763065141e-02
-8.604736422446107591e-02
-8.589364105690162898e-02
-8.574005532495222737e-02
-8.558660702861303760e-02
-8.543329616788396252e-02
-8.528012274276501603e-02
-8.512708675325619812e-02
-8.497418819935745327e-02
-8.482142708106887863e-02
-8.466880339839044645e-02
-8.451631715132214284e-02
-8.436396833986395394e-02
-8.421175696401583810e-02
-8.405968302377790635e-02
-8.390774651915010318e-02
-8.375594745013241471e-02
-8.360428581672486870e-02
-8.345276161892738187e-02
-8.330137485674009301e-02
-8.315012553016291885e-02
-8.299901363919587327e-02
-8.284803918383895627e-02
-8.269720216409209845e-02
-8.254650257995543861e-02
-8.239594043142890734e-02
-8.224551571851249077e-02
-8.209522844120621665e-02
-8.194507859950998785e-02
-8.179506619342397089e-02
-8.164519122294806863e-02
-8.149545368808228107e-02
-8.134585358882663597e-02
-8.119639092518105006e-02
-8.104706569714566211e-02
-8.089787790472038886e-02
-8.074882754790524420e-02
-8.059991462670022810e-02
-8.045113914110528508e-02
-8.030250109112051227e-02
-8.015400047674588191e-02
-8.000563729798138013e-02
-7.985741155482699305e-02
-7.970932324728267904e-02
-7.956137237534854911e-02
-7.941355893902454777e-02
-7.926588293831067500e-02
-7.911834437320693081e-02
-7.897094324371324581e-02
-7.882367954982974489e-02
-7.867655329155638644e-02
-7.852956446889314268e-02
-7.838271308184002750e-02
-7.823599913039697151e-02
-7.808942261456411349e-02
-7.794298353434138404e-02
-7.779668188972876930e-02
-7.765051768072629701e-02
-7.750449090733388391e-02
-7.735860156955165490e-02
-7.721284966737955446e-02
-7.706723520081758261e-02
-7.692175816986573933e-02
-7.677641857452395524e-02
-7.663121641479235524e-02
-7.648615169067089770e-02
-7.634122440215955485e-02
-7.619643454925834058e-02
-7.605178213196718551e-02
-7.590726715028622840e-02
-7.576288960421539986e-02
-7.561864949375469991e-02
-7.547454681890411465e-02
-7.533058157966360247e-02
-7.518675377603327437e-02
-7.504306340801307484e-02
-7.489951047560300390e-02
-7.475609497880306153e-02
-7.461281691761317836e-02
-7.446967629203349315e-02
-7.432667310206392264e-02
-7.418380734770448071e-02
-7.404107902895516735e-02
-7.389848814581592706e-02
-7.375603469828687087e-02
-7.361371868636794324e-02
-7.347154011005913032e-02
-7.332949896936045986e-02
-7.318759526427184858e-02
-7.304582899479342140e-02
-7.290420016092512279e-02
-7.276270876266695276e-02
-7.262135480001891130e-02
-7.248013827298092904e-02
-7.233905918155314474e-02
-7.219811752573547514e-02
-7.205731330552793412e-02
-7.191664652093052168e-02
-7.177611717194318230e-02
-7.163572525856602702e-02
-7.149547078079900031e-02
-7.135535373864208830e-02
-7.121537413209531875e-02
-7.107553196115860838e-02
-7.093582722583208211e-02
-7.079625992611568441e-02
-7.065683006200941529e-02
-7.051753763351327475e-02
-7.037838264062719340e-02
-7.023936508335131002e-02
-7.010048496168554133e-02
-6.996174227562991510e-02
-6.982313702518440357e-02
-6.968466921034896511e-02
-6.954633883112371073e-02
-6.940814588750857106e-02
-6.927009037950357384e-02
-6.913217230710870520e-02
-6.899439167032389575e-02
-6.885674846914927039e-02
-6.871924270358477360e-02
-6.858187437363040539e-02
-6.844464347928616577e-02
-6.830755002055198533e-02
-6.817059399742800285e-02
-6.803377540991413508e-02
-6.789709425801040976e-02
-6.776055054171679914e-02
-6.762414426103326159e-02
-6.748787541595990813e-02
-6.735174400649666937e-02
-6.721575003264357306e-02
-6.707989349440060534e-02
-6.694417439176769680e-02
-6.680859272474497235e-02
-6.667314849333237647e-02
-6.653784169752990918e-02
-6.640267233733757046e-02
-6.626764041275530481e-02
-6.613274592378320937e-02
-6.599798887042125639e-02
-6.586336925266941811e-02
-6.572888707052770840e-02
-6.559454232399607176e-02
-6.546033501307461921e-02
-6.532626513776329524e-02
-6.519233269806209985e-02
-6.505853769397101916e-02
-6.492488012549001153e-02
-6.479135999261920187e-02
-6.465797729535850691e-02
-6.452473203370794053e-02
-6.439162420766750272e-02
-6.425865381723712411e-02
-6.412582086241694346e-02
-6.399312534320689139e-02
-6.386056725960695402e-02
-6.372814661161714522e-02
-6.359586339923740950e-02
-6.346371762246785786e-02
-6.333170928130843480e-02
-6.319983837575914032e-02
-6.306810490581996054e-02
-6.293650887149086770e-02
-6.280505027277194507e-02
-6.267372910966315103e-02
-6.254254538216448556e-02
-6.241149909027594866e-02
-6.228059023399747790e-02
-6.214981881332919816e-02
-6.201918482827104007e-02
-6.188868827882300361e-02
-6.175832916498510267e-02
-6.162810748675726785e-02
-6.149802324413961713e-02
-6.136807643713209498e-02
-6.123826706573469447e-02
-6.110859512994742254e-02
-6.097906062977022368e-02
-6.084966356520320890e-02
-6.072040393624631577e-02
-6.059128174289955121e-02
-6.046229698516291523e-02
-6.033344966303635232e-02
-6.020473977651996655e-02
-6.007616732561370937e-02
-5.994773231031758076e-02
-5.981943473063157379e-02
-5.969127458655564683e-02
-5.956325187808989702e-02
-5.943536660523426884e-02
-5.930761876798877619e-02
-5.918000836635340517e-02
-5.905253540032810722e-02
-5.892519986991299336e-02
-5.879800177510800113e-02
-5.867094111591313749e-02
-5.854401789232834691e-02
-5.841723210435374042e-02
-5.829058375198925557e-02
-5.816407283523489929e-02
-5.803769935409067160e-02
-5.791146330855651697e-02
-5.778536469863253949e-02
-5.765940352431869059e-02
-5.753357978561497027e-02
-5.740789348252137853e-02
-5.728234461503785291e-02
-5.715693318316451138e-02
-5.703165918690129843e-02
-5.690652262624820712e-02
-5.678152350120524439e-02
-5.665666181177236166e-02
-5.653193755794964914e-02
-5.640735073973707214e-02
-5.628290135713461678e-02
-5.615858941014229000e-02
-5.603441489876003628e-02
-5.591037782298795972e-02
-5.578647818282601173e-02
-5.566271597827419232e-02
-5.553909120933249455e-02
-5.541560387600087678e-02
-5.529225397827943617e-02
-5.516904151616812413e-02
-5.504596648966693373e-02
-5.492302889877587191e-02
-5.480022874349489009e-02
-5.467756602382407849e-02
-5.455504073976340240e-02
-5.443265289131284795e-02
-5.431040247847242208e-02
-5.418828950124206928e-02
-5.406631395962189363e-02
-5.394447585361184655e-02
-5.382277518321192805e-02
-5.370121194842213813e-02
-5.357978614924242128e-02
-5.345849778567288157e-02
-5.333734685771346351e-02
-5.321633336536418096e-02
-5.309545730862502005e-02
-5.297471868749593915e-02
-5.285411750197702846e-02
-5.273365375206825328e-02
-5.261332743776959975e-02
-5.249313855908107479e-02
-5.237308711600262290e-02
-5.225317310853435510e-02
-5.213339653667620893e-02
-5.201375740042819135e-02
-5.189425569979029540e-02
-5.177489143476247946e-02
-5.165566460534484067e-02
-5.153657521153733045e-02
-5.141762325333994882e-02
-5.129880873075268882e-02
-5.118013164377550883e-02
-5.106159199240849905e-02
-5.094318977665162479e-02
-5.082492499650487217e-02
-5.070679765196824812e-02
-5.058880774304170408e-02
-5.047095526972533025e-02
-5.035324023201908500e-02
-5.023566262992296833e-02
-5.011822246343698023e-02
-5.000091973256106520e-02
-4.988375443729532732e-02
-4.976672657763971802e-02
-4.964983615359423036e-02
-4.953308316515887821e-02
-4.941646761233359914e-02
-4.929998949511849027e-02
-4.918364881351351692e-02
-4.906744556751866521e-02
-4.895137975713394207e-02
-4.883545138235929894e-02
-4.871966044319482603e-02
-4.860400693964048169e-02
-4.848849087169626593e-02
-4.837311223936217874e-02
-4.825787104263816463e-02
-4.814276728152433460e-02
-4.802780095602061927e-02
-4.791297206612703946e-02
-4.779828061184358129e-02
-4.768372659317020312e-02
-4.756931001010700211e-02
-4.745503086265392967e-02
-4.734088915081097887e-02
-4.722688487457815665e-02
-4.711301803395541443e-02
-4.699928862894284243e-02
-4.688569665954040594e-02
-4.677224212574809109e-02
-4.665892502756589788e-02
-4.654574536499379162e-02
-4.643270313803185556e-02
-4.631979834668004808e-02
-4.620703099093836919e-02
-4.609440107080681193e-02
-4.598190858628533467e-02
-4.586955353737403457e-02
-4.575733592407286304e-02
-4.564525574638181316e-02
-4.553331300430089185e-02
-4.542150769783005054e-02
-4.530983982696937945e-02
-4.519830939171884387e-02
-4.508691639207842994e-02
-4.497566082804813764e-02
-4.486454269962793229e-02
-4.475356200681789715e-02
-4.464271874961799058e-02
-4.453201292802821259e-02
-4.442144454204855625e-02
-4.431101359167898684e-02
-4.420072007691958765e-02
-4.409056399777031010e-02
-4.398054535423116806e-02
-4.387066414630214767e-02
-4.376092037398320728e-02
-4.365131403727443710e-02
-4.354184513617580243e-02
-4.343251367068728941e-02
-4.332331964080890496e-02
-4.321426304654059358e-02
-4.310534388788246629e-02
-4.299656216483446064e-02
-4.288791787739657663e-02
-4.277941102556882813e-02
-4.267104160935115270e-02
-4.256280962874365442e-02
-4.245471508374628472e-02
-4.234675797435903666e-02
-4.223893830058192411e-02
-4.213125606241488463e-02
-4.202371125985801537e-02
-4.191630389291128161e-02
-4.180903396157466950e-02
-4.170190146584818597e-02
-4.159490640573178244e-02
-4.148804878122554912e-02
-4.138132859232944438e-02
-4.127474583904346822e-02
-4.116830052136761370e-02
-4.106199263930184612e-02
-4.095582219284624875e-02
-4.084978918200077996e-02
-4.074389360676543281e-02
-4.063813546714021424e-02
-4.053251476312508261e-02
-4.042703149472011426e-02
-4.032168566192528142e-02
-4.021647726474057022e-02
-4.011140630316598760e-02
-4.000647277720148498e-02
-3.990167668684715258e-02
-3.979701803210294875e-02
-3.969249681296887350e-02
-3.958811302944491989e-02
-3.948386668153105322e-02
-3.937975776922735677e-02
-3.927578629253378889e-02
-3.917195225145034959e-02
-3.906825564597703193e-02
-3.896469647611379428e-02
-3.886127474186073377e-02
-3.875799044321779491e-02
-3.865484358018499156e-02
-3.855183415276230291e-02
-3.844896216094970814e-02
-3.834622760474727665e-02
-3.824363048415497374e-02
-3.814117079917279940e-02
-3.803884854980075364e-02
-3.793666373603878789e-02
-3.783461635788699234e-02
-3.773270641534531844e-02
-3.763093390841378005e-02
-3.752929883709236331e-02
-3.742780120138103350e-02
-3.732644100127987391e-02
-3.722521823678883596e-02
-3.712413290790792658e-02
-3.702318501463714578e-02
-3.692237455697645193e-02
-3.682170153492592135e-02
-3.672116594848551935e-02
-3.662076779765524592e-02
-3.652050708243510108e-02
-3.642038380282503623e-02
-3.632039795882514160e-02
-3.622054955043537555e-02
-3.612083857765573114e-02
-3.602126504048622224e-02
-3.592182893892679335e-02
-3.582253027297752773e-02
-3.572336904263839763e-02
-3.562434524790938917e-02
-3.552545888879050928e-02
-3.542670996528171634e-02
-3.532809847738308667e-02
-3.522962442509458558e-02
-3.513128780841621307e-02
-3.503308862734796914e-02
-3.493502688188980521e-02
-3.483710257204181149e-02
-3.473931569780394635e-02
-3.464166625917620979e-02
-3.454415425615859486e-02
-3.444677968875106688e-02
-3.434954255695370912e-02
-3.425244286076647299e-02
-3.415548060018937238e-02
-3.405865577522239340e-02
-3.396196838586549444e-02
-3.386541843211877262e-02
-3.376900591398217244e-02
-3.367273083145570084e-02
-3.357659318453935782e-02
-3.348059297323309480e-02
-3.338473019753700199e-02
-3.328900485745103777e-02
-3.319341695297520212e-02
-3.309796648410948811e-02
-3.300265345085386798e-02
-3.290747785320840418e-02
-3.281243969117307591e-02
-3.271753896474786927e-02
-3.262277567393279121e-02
-3.252814981872780009e-02
-3.243366139913297919e-02
-3.233931041514827992e-02
-3.224509686677370923e-02
-3.215102075400926712e-02
-3.205708207685490502e-02
-3.196328083531071312e-02
-3.186961702937664981e-02
-3.177609065905271507e-02
-3.168270172433890197e-02
-3.158945022523518276e-02
-3.149633616174162681e-02
-3.140335953385819251e-02
-3.131052034158489372e-02
-3.121781858492171310e-02
-3.112525426386862637e-02
-3.103282737842570291e-02
-3.094053792859290455e-02
-3.084838591437023478e-02
-3.075637133575769358e-02
-3.066449419275523933e-02
-3.057275448536294835e-02
-3.048115221358078594e-02
-3.038968737740874865e-02
-3.029835997684683993e-02
-3.020717001189501816e-02
-3.011611748255336313e-02
-3.002520238882183320e-02
-2.993442473070043186e-02
-2.984378450818915562e-02
-2.975328172128796980e-02
-2.966291636999694725e-02
-2.957268845431605328e-02
-2.948259797424528442e-02
-2.939264492978464066e-02
-2.930282932093408732e-02
-2.921315114769370072e-02
-2.912361041006343923e-02
-2.903420710804330285e-02
-2.894494124163329504e-02
-2.885581281083337765e-02
-2.876682181564362006e-02
-2.867796825606399452e-02
-2.858925213209449409e-02
-2.850067344373511877e-02
-2.841223219098583386e-02
-2.832392837384671222e-02
-2.823576199231771916e-02
-2.814773304639885121e-02
-2.805984153609011184e-02
-2.797208746139145941e-02
-2.788447082230297025e-02
-2.779699161882461314e-02
-2.770964985095637767e-02
-2.762244551869827078e-02
-2.753537862205025430e-02
-2.744844916101240109e-02
-2.736165713558467300e-02
-2.727500254576707348e-02
-2.718848539155956437e-02
-2.710210567296221854e-02
-2.701586338997499781e-02
-2.692975854259790566e-02
-2.684379113083093862e-02
-2.675796115467406200e-02
-2.667226861412734865e-02
-2.658671350919076387e-02
-2.650129583986430420e-02
-2.641601560614797312e-02
-2.633087280804172897e-02
-2.624586744554565157e-02
-2.616099951865969928e-02
-2.607626902738387209e-02
-2.599167597171817348e-02
-2.590722035166256529e-02
-2.582290216721712037e-02
-2.573872141838180402e-02
-2.565467810515661279e-02
-2.557077222754154666e-02
-2.548700378553657095e-02
-2.540337277914176198e-02
-2.531987920835707465e-02
-2.523652307318251936e-02
-2.515330437361808572e-02
-2.507022310966374595e-02
-2.498727928131956946e-02
-2.490447288858551808e-02
-2.482180393146159181e-02
-2.473927240994779758e-02
-2.465687832404409030e-02
-2.457462167375054629e-02
-2.449250245906712739e-02
-2.441052067999383707e-02
-2.432867633653067532e-02
-2.424696942867760399e-02
-2.416539995643469246e-02
-2.408396791980190951e-02
-2.400267331877925167e-02
-2.392151615336672241e-02
-2.384049642356428356e-02
-2.375961412937200798e-02
-2.367886927078985751e-02
-2.359826184781783215e-02
-2.351779186045593537e-02
-2.343745930870413247e-02
-2.335726419256248937e-02
-2.327720651203097485e-02
-2.319728626710958544e-02
-2.311750345779832114e-02
-2.303785808409715072e-02
-2.295835014600614357e-02
-2.287897964352526153e-02
-2.279974657665450460e-02
-2.272065094539387625e-02
-2.264169274974333831e-02
-2.256287198970296365e-02
-2.248418866527271409e-02
-2.240564277645259311e-02
-2.232723432324259724e-02
-2.224896330564269525e-02
-2.217082972365295654e-02
-2.209283357727333946e-02
-2.201497486650385096e-02
-2.193725359134449104e-02
-2.185966975179522154e-02
-2.178222334785611530e-02
-2.170491437952713418e-02
-2.162774284680827816e-02
-2.155070874969955072e-02
-2.147381208820091716e-02
-2.139705286231244341e-02
-2.132043107203409477e-02
-2.124394671736587470e-02
-2.116759979830777974e-02
-2.109139031485977867e-02
-2.101531826702194086e-02
-2.093938365479422470e-02
-2.086358647817663711e-02
-2.078792673716917810e-02
-2.071240443177181298e-02
-2.063701956198460419e-02
-2.056177212780752397e-02
-2.048666212924057234e-02
-2.041168956628374581e-02
-2.033685443893701317e-02
-2.026215674720044033e-02
-2.018759649107399259e-02
-2.011317367055767344e-02
-2.003888828565148286e-02
-1.996474033635538270e-02
-1.989072982266944581e-02
-1.981685674459363056e-02
-1.974312110212794388e-02
-1.966952289527238579e-02
-1.959606212402692157e-02
-1.952273878839161717e-02
-1.944955288836643786e-02
-1.937650442395138714e-02
-1.930359339514646153e-02
-1.923081980195162979e-02
-1.915818364436695787e-02
-1.908568492239241451e-02
-1.901332363602799627e-02
-1.894109978527370314e-02
-1.886901337012950736e-02
-1.879706439059546791e-02
-1.872525284667155704e-02
-1.865357873835777128e-02
-1.858204206565411409e-02
-1.851064282856055426e-02
-1.843938102707714730e-02
-1.836825666120386891e-02
-1.829726973094071910e-02
-1.822642023628769439e-02
-1.815570817724476704e-02
-1.808513355381199603e-02
-1.801469636598935359e-02
-1.794439661377683626e-02
-1.787423429717444404e-02
-1.780420941618215264e-02
-1.773432197080001410e-02
-1.766457196102800414e-02
-1.759495938686611929e-02
-1.752548424831436302e-02
-1.745614654537270410e-02
-1.738694627804120152e-02
-1.731788344631982404e-02
-1.724895805020857167e-02
-1.718017008970745135e-02
-1.711151956481642492e-02
-1.704300647553555481e-02
-1.697463082186481328e-02
-1.690639260380419687e-02
-1.683829182135370556e-02
-1.677032847451331507e-02
-1.670250256328307745e-02
-1.663481408766296840e-02
-1.656726304765298793e-02
-1.649984944325313257e-02
-1.643257327446337457e-02
-1.636543454128377290e-02
-1.629843324371429633e-02
-1.623156938175494834e-02
-1.616484295540572547e-02
-1.609825396466660341e-02
-1.603180240953763422e-02
-1.596548829001879014e-02
-1.589931160611007810e-02
-1.583327235781148770e-02
-1.576737054512299813e-02
-1.570160616804466489e-02
-1.563597922657645675e-02
-1.557048972071837373e-02
-1.550513765047041928e-02
-1.543992301583256392e-02
-1.537484581680486316e-02
-1.530990605338728924e-02
-1.524510372557984217e-02
-1.518043883338252020e-02
-1.511591137679529906e-02
-1.505152135581823078e-02
-1.498726877045129108e-02
-1.492315362069447648e-02
-1.485917590654779047e-02
-1.479533562801120181e-02
-1.473163278508476948e-02
-1.466806737776846226e-02
-1.460463940606228188e-02
-1.454134886996622834e-02
-1.447819576948027563e-02
-1.441518010460447578e-02
-1.435230187533880104e-02
-1.428956108168325488e-02
-1.422695772363783556e-02
-1.416449180120251707e-02
-1.410216331437734970e-02
-1.403997226316231091e-02
-1.397791864755739723e-02
-1.391600246756261212e-02
-1.385422372317792611e-02
-1.379258241440339469e-02
-1.373107854123898838e-02
-1.366971210368470892e-02
-1.360848310174055630e-02
-1.354739153540650623e-02
-1.348643740468260729e-02
-1.342562070956883520e-02
-1.336494145006518995e-02
-1.330439962617167154e-02
-1.324399523788825396e-02
-1.318372828521498924e-02
-1.312359876815184963e-02
-1.306360668669883859e-02
-1.300375204085595440e-02
-1.294403483062317103e-02
-1.288445505600053879e-02
-1.282501271698803513e-02
-1.276570781358565658e-02
-1.270654034579340660e-02
-1.264751031361125572e-02
-1.258861771703925943e-02
-1.252986255607738825e-02
-1.247124483072564391e-02
-1.241276454098402642e-02
-1.235442168685251148e-02
-1.229621626833114767e-02
-1.223814828541991070e-02
-1.218021773811880058e-02
-1.212242462642781557e-02
-1.206476895034693485e-02
-1.200725070987620526e-02
-1.194986990501560077e-02
-1.189262653576512486e-02
-1.183552060212477407e-02
-1.177855210409452756e-02
-1.172172104167443045e-02
-1.166502741486446192e-02
-1.160847122366461849e-02
-1.155205246807490191e-02
-1.149577114809528962e-02
-1.143962726372582672e-02
-1.138362081496649067e-02
-1.132775180181728146e-02
-1.127202022427819909e-02
-1.121642608234921928e-02
-1.116096937603039060e-02
-1.110565010532168877e-02
-1.105046827022311204e-02
-1.099542387073466389e-02
-1.094051690685631829e-02
-1.088574737858812383e-02
-1.083111528593005447e-02
-1.077662062888211369e-02
-1.072226340744429803e-02
-1.066804362161658665e-02
-1.061396127139902466e-02
-1.056001635679158952e-02
-1.050620887779428296e-02
-1.045253883440710151e-02
-1.039900622663002434e-02
-1.034561105446309658e-02
-1.029235331790629392e-02
-1.023923301695961983e-02
-1.018625015162307260e-02
-1.013340472189662965e-02
-1.008069672778033610e-02
-1.002812616927416765e-02
-9.975693046378127787e-03
-9.923397359092213030e-03
-9.871239107416404299e-03
-9.819218291350743227e-03
-9.767334910895210734e-03
-9.715588966049803349e-03
-9.663980456814522807e-03
-9.612509383189348292e-03
-9.561175745174321436e-03
-9.509979542769421423e-03
-9.458920775974648254e-03
-9.407999444790001928e-03
-9.357215549215459893e-03
-9.306569089251067253e-03
-9.256060064896801456e-03
-9.205688476152662503e-03
-9.155454323018648657e-03
-9.105357605494742573e-03
-9.055398323580982414e-03
-9.005576477277350833e-03
-8.955892066583844360e-03
-8.906345091500466465e-03
-8.856935552027192862e-03
-8.807663448164066919e-03
-8.758528779911067819e-03
-8.709531547268195562e-03
-8.660671750235451882e-03
-8.611949388812812495e-03
-8.563364463000320767e-03
-8.514916972797955882e-03
-8.466606918205716106e-03
-8.418434299223604908e-03
-8.370399115851599736e-03
-8.322501368089742224e-03
-8.274741055938011555e-03
-8.227118179396405995e-03
-8.179632738464929012e-03
-8.132284733143558056e-03
-8.085074163432333025e-03
-8.038001029331234837e-03
-7.991065330840265227e-03
-7.944267067959420725e-03
-7.897606240688683985e-03
-7.851082849028093169e-03
-7.804696892977629197e-03
-7.758448372537292068e-03
-7.712337287707061832e-03
-7.666363638486978389e-03
-7.620527424877021790e-03
-7.574828646877191166e-03
-7.529267304487488252e-03
-7.483843397707892232e-03
-7.438556926538442138e-03
-7.393407890979118886e-03
-7.348396291029922478e-03
-7.303522126690852913e-03
-7.258785397961891109e-03
-7.214186104843074362e-03
-7.169724247334385327e-03
-7.125399825435822267e-03
-7.081212839147386917e-03
-7.037163288469058461e-03
-6.993251173400876798e-03
-6.949476493942821111e-03
-6.905839250094891399e-03
-6.862339441857089398e-03
-6.818977069229396025e-03
-6.775752132211846843e-03
-6.732664630804424503e-03
-6.689714565007129875e-03
-6.646901934819961222e-03
-6.604226740242901197e-03
-6.561688981275986231e-03
-6.519288657919198107e-03
-6.477025770172536827e-03
-6.434900318036001522e-03
-6.392912301509575713e-03
-6.351061720593294962e-03
-6.309348575287140187e-03
-6.267772865591112255e-03
-6.226334591505211166e-03
-6.185033753029419573e-03
-6.143870350163772170e-03
-6.102844382908250744e-03
-6.061955851262857027e-03
-6.021204755227589286e-03
-5.980591094802431909e-03
-5.940114869987417855e-03
-5.899776080782530643e-03
-5.859574727187770275e-03
-5.819510809203136750e-03
-5.779584326828612721e-03
-5.739795280064232882e-03
-5.700143668909979887e-03
-5.660629493365852867e-03
-5.621252753431852690e-03
-5.582013449107962877e-03
-5.542911580394217254e-03
-5.503947147290596739e-03
-5.465120149797103935e-03
-5.426430587913737974e-03
-5.387878461640482376e-03
-5.349463770977369234e-03
-5.311186515924383802e-03
-5.273046696481524347e-03
-5.235044312648791734e-03
-5.197179364426170352e-03
-5.159451851813691425e-03
-5.121861774811339342e-03
-5.084409133419113234e-03
-5.047093927637014837e-03
-5.009916157465026804e-03
-4.972875822903182093e-03
-4.935972923951463358e-03
-4.899207460609871466e-03
-4.862579432878406417e-03
-4.826088840757052599e-03
-4.789735684245841237e-03
-4.753519963344756717e-03
-4.717441678053798174e-03
-4.681500828372967341e-03
-4.645697414302247738e-03
-4.610031435841669724e-03
-4.574502892991218553e-03
-4.539111785750894225e-03
-4.503858114120696740e-03
-4.468741878100611353e-03
-4.433763077690666687e-03
-4.398921712890849732e-03
-4.364217783701158752e-03
-4.329651290121595483e-03
-4.295222232152143445e-03
-4.260930609792832995e-03
-4.226776423043649387e-03
-4.192759671904592624e-03
-4.158880356375662703e-03
-4.125138476456844880e-03
-4.091534032148168645e-03
-4.058067023449618387e-03
-4.024737450361194971e-03
-3.991545312882899266e-03
-3.958490611014715659e-03
-3.925573344756672772e-03
-3.892793514108756295e-03
-3.860151119070966662e-03
-3.827646159643303871e-03
-3.795278635825754480e-03
-3.763048547618345376e-03
-3.730955895021062681e-03
-3.699000678033907263e-03
-3.667182896656878254e-03
-3.635502550889962645e-03
-3.603959640733186889e-03
-3.572554166186538410e-03
-3.541286127250016340e-03
-3.510155523923621113e-03
-3.479162356207339286e-03
-3.448306624101197745e-03
-3.417588327605182615e-03
-3.387007466719294327e-03
-3.356564041443532882e-03
-3.326258051777885270e-03
-3.296089497722377512e-03
-3.266058379276996163e-03
-3.236164696441741657e-03
-3.206408449216613561e-03
-3.176789637601600165e-03
-3.147308261596725755e-03
-3.117964321201978188e-03
-3.088757816417357464e-03
-3.059688747242863150e-03
-3.030757113678483536e-03
-3.001962915724243341e-03
-2.973306153380129557e-03
-2.944786826646142181e-03
-2.916404935522282083e-03
-2.888160480008536250e-03
-2.860053460104929404e-03
-2.832083875811449401e-03
-2.804251727128095808e-03
-2.776557014054869491e-03
-2.748999736591757875e-03
-2.721579894738784811e-03
-2.694297488495938156e-03
-2.667152517863218778e-03
-2.640144982840625810e-03
-2.613274883428147975e-03
-2.586542219625808693e-03
-2.559946991433596254e-03
-2.533489198851510225e-03
-2.507168841879551038e-03
-2.480985920517707419e-03
-2.454940434766001486e-03
-2.429032384624422829e-03
-2.403261770092970581e-03
-2.377628591171645177e-03
-2.352132847860435340e-03
-2.326774540159363622e-03
-2.301553668068418313e-03
-2.276470231587599848e-03
-2.251524230716908225e-03
-2.226715665456332604e-03
-2.202044535805894234e-03
-2.177510841765582707e-03
-2.153114583335398024e-03
-2.128855760515340183e-03
-2.104734373305398344e-03
-2.080750421705594190e-03
-2.056903905715916012e-03
-2.033194825336365110e-03
-2.009623180566941052e-03
-1.986188971407633428e-03
-1.962892197858462622e-03
-1.939732859919418443e-03
-1.916710957590501106e-03
-1.893826490871710613e-03
-1.871079459763037205e-03
-1.848469864264499964e-03
-1.825997704376089784e-03
-1.803662980097806012e-03
-1.781465691429649301e-03
-1.759405838371609675e-03
-1.737483420923706433e-03
-1.715698439085929818e-03
-1.694050892858279828e-03
-1.672540782240756682e-03
-1.651168107233351272e-03
-1.629932867836081595e-03
-1.608835064048938761e-03
-1.587874695871922554e-03
-1.567051763305033190e-03
-1.546366266348261779e-03
-1.525818205001625884e-03
-1.505407579265116615e-03
-1.485134389138734190e-03
-1.464998634622478608e-03
-1.445000315716341195e-03
-1.425139432420338866e-03
-1.405415984734463379e-03
-1.385829972658714736e-03
-1.366381396193092719e-03
-1.347070255337589305e-03
-1.327896550092220974e-03
-1.308860280456979053e-03
-1.289961446431864191e-03
-1.271200048016875956e-03
-1.252576085212006541e-03
-1.234089558017271776e-03
-1.215740466432663636e-03
-1.197528810458182340e-03
-1.179454590093827887e-03
-1.161517805339592471e-03
-1.143718456195491487e-03
-1.126056542661517130e-03
-1.108532064737669616e-03
-1.091145022423948728e-03
-1.073895415720347527e-03
-1.056783244626880109e-03
-1.039808509143539533e-03
-1.022971209270325801e-03
-1.006271345007238695e-03
-9.897089163542712766e-04
-9.732839233114377485e-04
-9.569963658787308466e-04
-9.408462440561507880e-04
-9.248335578436973556e-04
-9.089583072413640443e-04
-8.932204922491641897e-04
-8.776201128670910699e-04
-8.621571690951446848e-04
-8.468316609333250344e-04
-8.316435883816256135e-04
-8.165929514400595409e-04
-8.016797501086200947e-04
-7.869039843873074916e-04
-7.722656542761215147e-04
-7.577647597750562011e-04
-7.434013008841238021e-04
-7.291752776033181378e-04
-7.150866899326390998e-04
-7.011355378720869050e-04
-6.873218214216555901e-04
-6.736455405813568647e-04
-6.601066953511849824e-04
-6.467052857311397264e-04
-6.334413117212212051e-04
-6.203147733214238891e-04
-6.073256705317589457e-04
-5.944740033522207369e-04
-5.817597717828092629e-04
-5.691829758235244152e-04
-5.567436154743612064e-04
-5.444416907353299365e-04
-5.322772016064254014e-04
-5.202501480876476009e-04
-5.083605301789965352e-04
-4.966083478804673252e-04
-4.849936011920697831e-04
-4.735162901137989757e-04
-4.621764146456549031e-04
-4.509739747876375651e-04
-4.399089705397422998e-04
-4.289814019019784854e-04
-4.181912688743414600e-04
-4.075385714568311151e-04
-3.970233096494475049e-04
-3.866454834521862384e-04
-3.764050928650561519e-04
-3.663021378880528000e-04
-3.563366185211761829e-04
-3.465085347644263005e-04
-3.368178866177990870e-04
-3.272646740813026740e-04
-3.178488971549330499e-04
-3.085705558386901606e-04
-2.994296501325740059e-04
-2.904261800365807913e-04
-2.815601455507181603e-04
-2.728315466749822098e-04
-2.642403834093730482e-04
-2.557866557538906213e-04
-2.474703637085314055e-04
-2.392915072733024751e-04
-2.312500864482002795e-04
-2.233461012332248457e-04
-2.155795516283761195e-04
-2.079504376336509296e-04
-2.004587592490557270e-04
-1.931045164745872592e-04
-1.858877093102455260e-04
-1.788083377560305276e-04
-1.718664018119393365e-04
-1.650619014779778617e-04
-1.583948367541431217e-04
-1.518652076404350892e-04
-1.454730141368511351e-04
-1.392182562433966534e-04
-1.331009339600689064e-04
-1.271210472868678670e-04
-1.212785962237935758e-04
-1.155735807708436341e-04
-1.100060009280228666e-04
-1.045758566953288338e-04
-9.928314807276152217e-05
-9.412787506032095880e-05
-8.911003765800501594e-05
-8.422963586581797620e-05
-7.948666968375765762e-05
-7.488113911182408731e-05
-7.041304415001723815e-05
-6.608238479833530767e-05
-6.188916105678198215e-05
-5.783337292535539135e-05
-5.391502040405553526e-05
-5.013410349288240710e-05
-4.649062219183450255e-05
-4.298457650091489803e-05
-3.961596642012202822e-05
-3.638479194945588635e-05
-3.329105308891647919e-05
-3.033474983850258702e-05
-2.751588219821670349e-05
-2.483445016805755468e-05
-2.229045374802513720e-05
-1.988389293811945442e-05
-1.761476773833957124e-05
-1.548307814868741210e-05
-1.348882416916198429e-05
-1.163200579976328780e-05
-9.912623040491326022e-06
-8.330675891345455214e-06
-6.886164352327017073e-06
-5.579088423435310258e-06
-4.409448104670337308e-06
-3.377243396032096106e-06
-2.482474297520238098e-06
-1.725140809135520955e-06
-1.105242930877536195e-06
-6.227806627462842426e-07
-2.777540047417648852e-07
-7.016295686391941285e-08
0.000000000000000000e+00
6.728769148866049796e-08
2.720034739911300325e-07
6.141548666203322548e-07
1.093741869376499318e-06
1.710764482259225017e-06
2.465222705268683311e-06
3.357116538404874624e-06
4.386445981667798109e-06
5.553211035057977655e-06
6.857411698574425198e-06
8.299047972217604913e-06
9.878119855987516800e-06
1.159462734988416340e-05
1.344857045390835448e-05
1.543994916805852471e-05
1.756876349233542627e-05
1.983501342673905915e-05
2.223869897126942675e-05
2.477982012592763020e-05
2.745837689071152144e-05
3.027436926562214399e-05
3.322779725065949787e-05
3.631866084582358647e-05
3.954696005111580569e-05
4.291269486653341792e-05
4.641586529207776486e-05
5.005647132774883974e-05
5.383451297354664933e-05
5.774999022947288092e-05
6.180290309552421415e-05
6.599325157170227532e-05
7.032103565800707119e-05
7.478625535443860178e-05
7.938891066099884575e-05
8.412900157768389998e-05
8.900652810449568892e-05
9.402149024143421257e-05
9.917388798849947093e-05
1.044637213456937273e-04
1.098909903130124957e-04
1.154556948904580124e-04
1.211578350780302503e-04
1.269974108757292229e-04
1.329744222835574916e-04
1.390888693015099743e-04
1.453407519295892188e-04
1.517300701677951709e-04
1.582568240161278848e-04
1.649210134745901523e-04
1.717226385431763899e-04
1.786616992218893350e-04
1.857381955107290149e-04
1.929521274096954295e-04
2.003034949187917229e-04
2.077922980380116612e-04
2.154185367673583341e-04
2.231822111068317417e-04
2.310833210564318841e-04
2.391218666161621764e-04
2.472978477860158695e-04
2.556112645659962702e-04
2.640621169561033514e-04
2.726504049563372215e-04
2.813761285667015668e-04
2.902392877871889606e-04
2.992398826178030349e-04
3.083779130585438981e-04
3.176533791094114960e-04
3.270662807704098401e-04
3.366166180415309074e-04
3.463043909227787637e-04
3.561295994141533547e-04
3.660922435156546261e-04
3.761923232272869691e-04
3.864298385490418184e-04
3.968047894809233482e-04
4.073171760229316670e-04
4.179669981750666662e-04
4.287542559373330622e-04
4.396789493097215851e-04
4.507410782922368427e-04
4.619406428848788892e-04
4.732776430876476162e-04
4.847520789005480110e-04
4.963639503235702617e-04
5.081132573567193013e-04
5.199999999999999544e-04
