3.881721064476602123e+02 -2.532624254421885990e+00 -9.833518311222491648e-03 3.324146208395542534e-02
1.681543405080293212e+02 2.839686469635442467e+00 -4.672435997334063382e-03 1.465312369500520462e-01
2.725637830775169164e+02 2.392119937033761801e+00 -1.300103937571957941e-02 -4.014420349636328711e-02
-3.697036887871452109e+02 -2.981307365247477525e-01 1.851428508812953955e-01 1.599052916896472887e-01
-1.081385790085639371e+02 -4.849325442147780940e+00 1.228502328307405772e-01 1.638338373366764744e-01
2.908299726566750731e+00 -8.208066493353824988e-01 2.948795434931081663e-02 -5.205758181834784643e-03
1.709234974114500858e+02 -1.020419119561039478e+00 -1.681215570335474196e-01 -5.064487500363000771e-01
-2.244373667798347753e+02 -2.276987445518470210e+00 6.752557852639340386e-02 1.343899542191610008e-01
3.440816909710216578e+02 -1.884621985301009772e+00 3.553449151086358893e-03 -1.004197905327733342e-01
1.185805674961617058e+02 7.194512631128472391e-01 -9.994823000103182642e-02 -1.131234949073849083e-01
-1.609321645959945783e+02 -2.196748427928164382e+00 1.575271842538202849e-01 4.277444494888172355e-01
5.961208976450627972e+01 6.038624183786719390e-01 -3.149103250399497289e-02 -7.708524511791844946e-02
1.302164524769862055e+02 8.803772240418361150e+00 -1.632115467575022683e-01 -2.336860645064701147e-01
-1.981832270741312243e+02 3.105366169491596828e+00 5.064641337629640500e-02 1.652388601711662075e-01
-1.324206165416813796e+00 8.601937915184141303e-01 -2.674890046008877864e-02 1.035726852981270693e-02
-2.185853376047984682e+02 -3.418904878026976846e+00 4.694461733667727732e-02 -1.499149189190208953e-01
1.251124359072186110e+02 -3.231061736772373738e+00 -4.557452029897399171e-02 -1.791177641235242035e-02
5.164214348060607307e-01 -5.684521384619073414e-01 1.342256190973368721e-02 -2.221893072710288963e-02
-1.026558781439251833e+00 4.258967948413135973e-01 1.315063953592812696e-02 -5.091064096655106841e-03
-1.272432975296109348e+01 -1.234035728251409170e-01 7.862337311245313001e-03 1.705204289948393168e-02
2.893870938568299422e+01 5.741348609044507612e-01 -4.283791281434065623e-03 -9.202814899009309491e-02
-5.005547332055998666e+00 -4.281058799182422409e-02 -9.095336825819672066e-04 1.262385170904582223e-02
-2.881300740568915231e+01 -2.619101882053109787e+00 6.562728106713908161e-02 1.177676510053245751e-01
1.782371153954222798e-01 -2.042995798908197047e-01 7.925530857267829715e-03 -3.152798694792497032e-03
2.826702526389118120e+01 -9.152631606325145608e-01 2.252095843027008409e-03 -4.565757008680680629e-02
6.900347227009014262e+01 4.138436207890834773e+00 -1.414699715428434368e-01 6.457861317608899754e-02
-3.703151579603308363e+01 1.713521928920969106e+00 5.778722386796077831e-02 3.126879985406408324e-02
4.193727003551246391e-01 3.995821501026499134e-01 -4.250001460301388798e-03 1.145117095978568852e-02
4.301548452417047197e-01 -1.614671964008013438e-01 -2.939373010937572361e-03 2.309359992641139836e-03
-5.601025345189880511e+01 8.424625848066399358e-01 -1.276016669062814690e-01 -2.028718359545135796e-01
1.198329517324548554e+01 -1.064962756795053700e+00 -1.132271444841037589e-01 -3.100041266565864428e-02
7.101782973936747734e-01 9.194896641034101814e-02 -2.716636124266875313e-02 -2.286858398007445350e-02
2.093074076181028476e-02 1.821478833564805777e-01 -7.952402821357319740e-03 -7.337131749677353390e-03
-6.794937344676624247e-02 4.761118623509608128e-02 -6.101631337343442832e-04 -1.014979941476795017e-03
-6.562514997562737484e+00 9.746928543087204355e-01 -9.353077408511069335e-02 -1.028097261187390921e-01
9.693963025815552359e-02 3.116616430493824794e-02 6.255308256133393363e-03 1.151351249553417321e-03
