-1.556868531220103047e-01 -4.830806342071891635e-03 -1.304412292604317791e-02 -1.206282889250884116e+00
4.343632023734549930e-01 2.710381764670064531e-01 2.886491216026633166e-01 6.864800846321681416e-01
2.188806687992913558e-01 2.686035051182436018e-01 2.126066266419669448e-01 1.239563327763418266e-01
5.507096157254420810e-02 -1.215270324415662628e-01 -1.473818910340179977e-01 1.803664446183182335e+00
3.652939360604224306e-01 1.072858932484346828e-01 1.520088127087133034e-01 1.091091425782144242e+00
1.369369009882960564e-02 6.404693671015349032e-02 2.339784251134985338e-02 2.232666757757939546e-02
-4.086507452481060731e-01 1.665253195032255495e-01 2.907177155769005705e-02 -1.546167649589630155e+00
-1.569708407743211076e-01 -3.243094542725933338e-01 -1.544632190038965902e-01 2.543873795808618832e-01
9.578026428541352999e-02 1.146135728623650651e-01 9.140157842020722734e-02 2.662525256052609146e-01
-1.101234644503253923e-01 -1.836841886009854541e-02 -2.807152774858753808e-04 -9.020312488084426539e-01
4.956897424661430018e-01 -1.530846850720493646e-02 1.417065273061371977e-01 2.060269283758002334e+00
3.867900539531055060e-02 1.468598736787259107e-01 3.858751403956833803e-02 -1.713629726449001911e-01
-4.898353425695010643e-01 -2.109877234170661198e-01 5.230359145354906980e-02 -1.109046241586509218e+00
-5.072170633022071717e-02 6.867518708236852731e-02 -4.699693943364363635e-03 5.043850325864701611e-02
4.536020047549049750e-03 -7.479911361204871767e-02 -1.813674159221828619e-02 -2.525079661186979685e-03
1.237195601404771084e-01 -3.558236744985185385e-02 -1.488042445292110660e-01 3.333248173572744832e-02
1.612352922300432090e-01 -3.108293436732206816e-02 6.819747899687650383e-02 1.177660441864818441e-01
1.481308358122462865e-03 -7.248802589525227269e-02 2.166212218085050711e-02 1.444036474238530321e-02
-1.215750588604583293e-03 -3.747131535150689807e-02 5.949293295332974685e-03 -3.742411324279104612e-03
1.932660553352712890e-02 1.330013228628496025e-03 3.374057686726973648e-04 1.260211268497515025e-01
-1.220134855384239214e-01 -1.960217144765875885e-02 -4.152870295419512636e-02 -5.476146922114418780e-01
-3.394852089689787134e-03 -1.122801804736325848e-02 -3.269593722325360441e-03 2.060509669487195494e-02
2.677076843688325214e-01 2.555148791558371490e-01 4.183660881650103081e-02 4.400986137120551644e-01
-2.877291928777527680e-03 -4.751776730551646177e-03 3.695964635890003347e-03 -2.645802978277322914e-03
1.360095715312077680e-02 -1.104947834920483318e-01 -7.288014742329665396e-03 -7.808604661352874787e-02
-8.745420339062995319e-02 3.812554192732361957e-02 1.517576156706987867e-01 -5.488730769334899673e-01
-7.264032332538405967e-02 1.534440839290325265e-01 -8.241371335310804236e-03 -2.693765404607985081e-01
-7.914536190228305124e-04 1.167866983205672060e-01 -9.259218813149283633e-03 -1.279496547210443036e-02
1.188802046364068055e-04 3.914473050354122519e-02 -2.712287733073609486e-03 1.607969531537981056e-03
-1.930903824044066797e-02 2.953128522960812852e-02 -2.047465248167203433e-01 -6.680704641403132360e-01
7.739187387481301361e-02 -1.086274942846263691e-01 -2.897048158146756092e-02 -3.309472134827462497e-01
-1.366386370338892875e-02 -5.348661260611442536e-02 -2.800183268745426446e-03 -9.137681745952419554e-03
-1.291870963999831867e-03 -2.021231313541438368e-02 2.142881871335766686e-03 -1.319928644568313381e-03
-2.861364181358780345e-03 3.251300027245607183e-02 -1.035698011110086636e-03 -1.305548730607244967e-03
5.495945543162112923e-01 5.096811772871893131e-01 5.110128401823179622e-01 5.609542465862722427e-01
1.934391932165970863e-03 1.788119873481776659e-02 9.300720131670830873e-04 2.022653212310111456e-03
