1.102756155780733605e-01 -5.255264011475690999e-01 -4.061203232601914848e-01 1.769032153242004746e-02
1.570272236930229659e-01 -9.848610179479282412e-01 -2.093200108821391403e-01 2.577430922869010377e-02
1.686229318100839758e-01 3.351452837189213829e-01 3.274060992675632553e-01 1.339353055806430381e-01
-7.698568808330964464e-01 1.417571028584816428e+00 -4.862096275761753073e-01 -8.856169197186525288e-01
3.227549460527006087e-01 1.548571990219861361e-01 -6.507440290104394842e-01 -7.742527434724910673e-01
1.873667794872822534e-01 -4.388277657792260394e-02 -3.455242769719110707e-02 4.230566201671478316e-02
5.447142462187686274e-01 -6.720751271161993223e-01 1.682100744855902885e+00 1.411753603675963031e+00
-1.550136094611949122e-01 -9.399585231655165352e-01 -7.246057485058019498e-01 -1.559476101389121738e-01
1.961718879252714320e-01 7.410093543843867536e-01 3.087922194695818523e-01 2.655992237344710905e-01
4.908073206842211711e-01 -8.171459216283435412e-01 3.614064862741155904e-01 5.029527703291135632e-01
-1.146068190519622387e-02 9.371481366895784149e-01 -1.367824433322992750e+00 -1.391380459630720656e+00
2.735327719006157288e-02 4.952975222300511349e-01 3.739165422341704792e-01 -9.021158557782907317e-02
4.102399832857432371e-01 -3.597814113013640291e+00 1.296892333537755793e+00 1.444588830792463252e+00
7.523967258720259954e-03 -1.062121583786648005e+00 -4.476487326969235681e-01 -3.745063884922050779e-01
-1.043922513027790988e-02 -1.257245691971985851e-02 2.868603796887531435e-02 -9.658581080012274001e-02
2.694311455894784491e-01 5.128426424058877053e+00 4.896442672383755634e-01 -7.918747731540048962e-02
1.737959013716968149e-01 1.212933867881255567e+00 1.090525452002922280e-01 9.922965188967208805e-03
1.434838655117776085e-02 1.577962990522728537e-01 -3.926501324345232913e-02 2.133451240113268949e-02
7.024030181617846313e-03 1.610376611996137686e-01 -5.669390929939621682e-04 -5.322075227269732617e-02
-7.778160100141565114e-02 1.410439979123595533e-01 -4.829246637877562809e-02 -6.472399637712665521e-02
-3.769578192233721814e-02 -1.937865760862232667e-01 2.618430541900413910e-01 2.906195558938031720e-01
-1.108199493876329406e-03 -6.855995948971940757e-02 -5.858401798614600725e-02 4.305544815526665681e-02
-2.202631360226129653e-01 8.827089209147801485e-01 -5.378700607295460179e-01 -5.531439217352756010e-01
2.065655795768255032e-02 8.350090747053982160e-03 -6.033690796836377671e-03 2.726824829629418551e-02
-5.799052391653663346e-02 2.626772629242091206e-01 1.174614950222048482e-01 4.323881802056320917e-02
-5.026633723361697559e-01 -2.254530009448462824e+00 -1.186002032627525016e-01 5.043118210500080467e-01
-1.415150923488877333e-01 -6.010659914779655777e-01 -1.202068486080666299e-01 7.900273961127939060e-02
1.226873888206875401e-01 -9.014653934571478788e-02 2.051641640467735672e-02 -4.434279451255782045e-03
4.365405260490630435e-02 -7.050817338576820248e-02 8.703087032194134487e-05 3.076830403782670337e-02
-6.548479602103038921e-01 4.582636319139079539e+00 6.826806212817810859e-01 5.925482610646007897e-01
-2.079421998678013805e-01 4.537497277201320012e-01 1.012016502782331351e-01 3.557797975068793805e-01
4.002818638045713140e-01 1.366667269698605969e-01 -2.365662516669675419e-02 7.681094101008104080e-02
1.647989780418246952e-01 9.483058238178659893e-03 9.339841272400957461e-03 1.160545232599050069e-02
-4.048287663242946532e-01 1.632782713210151337e-02 -1.387885979183392515e-03 1.859864597746698281e-02
3.019450816018390271e-01 1.173523485729882909e-01 5.307628768523009466e-01 3.951214145256877197e-01
1.064420543180114864e-01 1.798329484111060514e-02 2.730432874394997898e-03 1.175082501854454904e-02
