9.504331581949775343e-01 -7.719859208829411151e-03 -5.427592072340900842e+01 -1.287929511458506433e-02
-2.033082014542165750e-01 7.577543494325097995e-02 3.323648292912790936e+01 8.537929784953698920e-02
5.649809680777946319e-01 7.462111932043519191e-02 -9.545297673885880840e+01 7.989248552680666693e-02
-8.461572177629121949e-01 -6.014349999653982592e-02 5.551428641366070593e+01 -5.763919988536557459e-02
1.092728326928251059e+00 2.070592468544945122e-02 1.572116188620047694e+02 6.823260912074552431e-03
8.232688176596245078e-02 1.257165522126439672e-02 -5.350839703968240713e+00 1.640628508567619839e-02
3.659560473372222011e-01 5.872970955989157554e-02 -5.060859647761008517e+01 6.894142928558499861e-02
-6.806962687216191465e-01 -8.013370167409701594e-02 7.867011223325076230e+01 -9.128496089603142793e-02
-7.733202736274964462e-01 3.597472958086041228e-02 -1.172186960039144168e+02 3.619194811460468841e-02
1.600450912047492458e-01 1.873826586483705314e-02 -1.829828798866137873e+01 1.798919271620003785e-02
4.772205357021812588e-01 -1.560343945165236501e-03 1.931805424918583114e+01 -4.301962877298608212e-03
2.107217930947259954e-01 2.904353864609803687e-02 -2.082903683862091526e+01 3.580695326227776448e-02
-1.984037031939072770e+00 6.592653322223837598e-02 -8.766711241464824411e+01 3.522521431922945312e-02
7.117678303084451485e-01 -1.043310613371304166e-02 6.975779459305940122e+01 -6.070980776359299891e-03
-2.377510259794694825e-02 -1.143128895790669619e-02 2.881219433925140905e+00 -1.293996474345256165e-02
-2.932302153111472631e-02 1.618454411667973047e-02 1.081044578937134872e+02 5.435081098000865696e-03
9.297504112035667734e-02 4.609113169374617902e-02 -3.794133723086339671e+01 1.183114876804822364e-02
-1.344091509419448605e-01 2.244167481205178172e-02 -4.634039016611662731e+00 -6.397322207057953673e-03
6.232945819799426412e-03 3.838043339827901246e-03 3.094011369906153330e-01 -2.764470819673243984e-04
8.473768833968053915e-03 -1.785071797660416288e-03 2.016041400471492828e+00 -1.396400050349654032e-03
-2.844326035098793115e-01 -6.060254145605402029e-03 -2.260846171191488452e+00 -1.173702329491177129e-02
-1.757327573888059491e-02 -3.554827645913847135e-03 1.735425270983319557e+00 -4.880248645725324130e-03
1.008462454712105938e+00 -9.573785251903870613e-03 1.060700637209352060e+01 3.324069042355823345e-02
-6.798182245004221608e-03 2.573916516430081736e-03 -3.671861522338085160e-01 2.333395334194404182e-03
-1.593629749805092199e-01 -1.517844247220940732e-03 -1.023603376923189501e+01 -2.544426937191819615e-03
-3.202448620220740283e-01 2.185895287345605148e-02 -3.108815323279636189e+01 -3.027603162307666157e-02
-6.032503274935446802e-02 -1.162776034517694346e-02 1.231839681231176264e+01 3.520986968874283141e-03
7.144116709198095050e-02 -9.419783694080308134e-03 1.383058821134225180e+00 4.195169907518512056e-03
3.388616384669217163e-03 -1.621880904099370913e-03 -1.183085001603538799e-01 3.731788724130186141e-04
-1.713068694735187525e-01 3.260251629473173707e-03 1.965146544778123427e+01 2.723314438924019643e-02
2.639650706738831398e-01 1.954124609236626564e-02 -2.255671818468380607e+00 -9.046629813189183134e-03
-2.817798524749076661e-02 1.162430291584997527e-02 -7.999830793268110085e-01 -1.369754386391072720e-03
7.514604545610224784e-03 4.021230294481266399e-03 2.941791489212253197e-02 -6.368447494665280262e-05
2.758555139995599176e-02 8.414887852429935033e-05 2.538500063377102656e-02 9.501434070041149538e-05
-2.526586865411294958e-01 4.261295497677614758e-02 -6.137216698492359512e+00 4.488108449858062288e-02
1.203234975564811821e-02 3.925865317605122494e-04 1.152929061383017352e-02 3.985388236055732118e-04
