-1.904030509868358756e+00 1.187916804154456774e+00 -2.282694889867741050e+00 0.000000000000000000e+00
-6.668145756481193009e-01 5.408229484562562250e-01 -1.896575660938733643e+00 0.000000000000000000e+00
-9.790936948948425478e-01 -2.171228000169888261e+00 3.283217623557823650e-01 0.000000000000000000e+00
-1.053969034929818305e+00 -1.442316722698673725e+00 -2.240657249787756863e-02 0.000000000000000000e+00
-1.391754700686504212e-02 2.196308687845405783e-01 -1.243946004140413786e+00 0.000000000000000000e+00
1.033091729544773241e+00 -7.432017300594109255e-01 -1.315243802387858763e+00 0.000000000000000000e+00
-4.035347510430299933e-01 -5.359632509293028590e-01 -1.803567295452144226e+00 0.000000000000000000e+00
-6.340885384990068152e-01 -1.941891369354378227e+00 -4.838534810128573560e-01 0.000000000000000000e+00
-7.226552971962454386e-01 -2.725325322789869387e-01 -3.089707161803715296e-01 0.000000000000000000e+00
8.828239967885588291e-01 -1.297664374843631618e+00 8.181322829052320444e-02 0.000000000000000000e+00
1.632518758040835405e-01 6.510995390832739760e-02 -3.826376983440997748e-01 0.000000000000000000e+00
-5.805270690845975023e-01 -1.037813534786811598e+00 -1.189249979556001424e+00 0.000000000000000000e+00
-1.147493608646936170e-01 2.557279112640472030e-01 -2.875927168355384977e-01 0.000000000000000000e+00
1.444706738858970940e+00 -1.509948669435781765e+00 7.053091059913040306e-01 0.000000000000000000e+00
3.588697808351776763e-01 -6.679934965399930702e-01 1.249838746049679039e-01 0.000000000000000000e+00
-6.222634033765928746e-02 -1.074931943251613981e-01 -6.566032297018076225e-01 0.000000000000000000e+00
1.520030332825065722e+00 -1.916691119746938510e+00 -3.523061985546090402e-01 0.000000000000000000e+00
1.419528707285233615e+00 -3.824953681484131174e-01 2.531665748416123130e-01 0.000000000000000000e+00
-2.503859596066206339e-01 -1.122093816892719031e+00 -3.514079062198584569e-01 0.000000000000000000e+00
-5.865614339159179735e-01 -6.900907895485028920e-01 -1.947553913475452009e-02 0.000000000000000000e+00
3.794208455565711152e-02 -4.794624147475683162e-02 3.945786108051565488e-01 0.000000000000000000e+00
-5.854596847902127088e-01 6.034536544272867120e-01 -1.623277491466718292e+00 0.000000000000000000e+00
1.589256653389702345e-01 4.425033535891859104e-02 -2.662755727758281399e-02 0.000000000000000000e+00
1.564916242919250688e+00 -1.591520702702099666e+00 1.497434164521640021e+00 0.000000000000000000e+00
2.779177399004276530e-02 1.855775711056957822e-01 3.462275456498560278e-01 0.000000000000000000e+00
-4.906053264508815070e-01 -2.520139140623726681e-01 -2.355036234921769472e-02 0.000000000000000000e+00
1.554682162662695655e+00 -3.507971828156136174e-01 -1.240124224127798547e+00 0.000000000000000000e+00
9.213085221112903289e-01 -6.626067733872490484e-01 1.678027229782228791e-01 0.000000000000000000e+00
1.617125890862912974e-01 -7.411122441003955563e-01 -1.180471988585476195e+00 0.000000000000000000e+00
2.290397812479979534e-01 -9.615166923439559532e-02 -2.240491243374206354e-01 0.000000000000000000e+00
1.387974926567800305e+00 -5.272850970310551943e-01 -3.928944149943236486e-01 0.000000000000000000e+00
1.321195075925452045e+00 -5.977211904200089299e-01 -3.831692587767621810e-02 0.000000000000000000e+00
1.226996703025212243e+00 -8.129970627603451128e-01 2.824166812257485337e-01 0.000000000000000000e+00
4.714203535706280590e-01 1.067604969124296213e-02 -7.723410591572960060e-02 0.000000000000000000e+00
-2.016292813921374549e-01 -1.250645528351614910e+00 -8.400467209335636953e-01 0.000000000000000000e+00
