-1.041781988613509125e+00 9.989857038113199028e-01 -1.068898876434209333e+00 0.000000000000000000e+00
-4.678134009405743865e-01 -4.763699759030152747e-01 -9.913935798840757263e-01 0.000000000000000000e+00
-2.063076024467236716e-02 5.051539052256063256e-01 -7.831598699753767878e-01 0.000000000000000000e+00
-5.973635674020467690e-01 -9.320255938229357051e-01 -4.451026784934242753e-01 0.000000000000000000e+00
-2.719103200323238004e-02 -7.287268999110859680e-01 -8.221777162604567701e-01 0.000000000000000000e+00
-1.148399812150786348e+00 1.138891772725932228e+00 8.377685275460314829e-01 0.000000000000000000e+00
-8.032682740507933739e-01 8.044375794017901704e-01 -4.438443517772382996e-01 0.000000000000000000e+00
9.015930887714580788e-02 -8.868518626267422877e-02 5.351545080458028347e-02 0.000000000000000000e+00
-2.483660800529351453e-01 -2.952043833206831613e-01 -3.883494467819783025e-01 0.000000000000000000e+00
-1.929124316657704619e-01 -9.190857213698256922e-01 8.192016853945960353e-01 0.000000000000000000e+00
1.378011231314630325e-01 -5.132256441401742419e-01 -3.873059502422990796e-01 0.000000000000000000e+00
9.662338289318224416e-02 4.256191937753242005e-01 -1.116005754293908914e-01 0.000000000000000000e+00
2.439102895392803588e-02 4.092759006223152807e-01 -7.540840344493587866e-02 0.000000000000000000e+00
-1.083105887541583989e+00 5.358308998834877546e-01 8.940907870715356642e-01 0.000000000000000000e+00
-3.215754889046072984e-01 -1.096338530394799643e-01 7.021626562509855063e-01 0.000000000000000000e+00
-1.246920084125436173e-01 -4.272391090373409139e-01 -5.264493688045402964e-01 0.000000000000000000e+00
-2.284357363147219641e-03 -3.736620048894841450e-01 -1.165396736029395086e+00 0.000000000000000000e+00
-8.448035450758262233e-01 2.120394880642212654e-01 1.508705294771081618e-01 0.000000000000000000e+00
4.705710953980128397e-01 3.718170495482471249e-01 -1.105363244398614553e+00 0.000000000000000000e+00
-3.454011873358463491e-01 -3.997714509782580583e-01 -3.054355288090471188e-01 0.000000000000000000e+00
1.075973103760378691e-01 7.193683149882153238e-02 3.949463599689992943e-01 0.000000000000000000e+00
-2.674366073746960865e-02 6.111165100698213726e-01 -5.870336514429992381e-01 0.000000000000000000e+00
1.577819338224838996e-01 -2.602090794382772715e-02 2.244606962251753657e-01 0.000000000000000000e+00
-1.066943125918458524e+00 4.687697260503055352e-01 9.184717111365852116e-01 0.000000000000000000e+00
1.786692593122964912e-01 -6.647078743937587242e-02 1.250593545784645794e-02 0.000000000000000000e+00
-1.106486361355695919e-01 4.207747768845783165e-01 2.425570577113336512e-01 0.000000000000000000e+00
-3.990465890464933163e-01 -3.108767957489562694e-01 1.418089957766341946e-01 0.000000000000000000e+00
-9.631369385906969338e-01 7.494220836324466672e-01 4.491412534732627804e-01 0.000000000000000000e+00
5.532992839362096404e-01 3.461688242402328752e-01 -6.077601051292572665e-01 0.000000000000000000e+00
-4.735467274043417968e-02 -3.247808294516412175e-01 -4.736634171219228917e-01 0.000000000000000000e+00
-1.135983793430601407e+00 6.010112539130622045e-01 8.586999473903562663e-01 0.000000000000000000e+00
-4.599155787677099982e-01 -9.015676352847300512e-01 9.786333443273815824e-01 0.000000000000000000e+00
-1.167935933224675926e+00 2.488602609726074943e-01 9.148074363720767321e-01 0.000000000000000000e+00
1.097641049084185777e-01 -8.531576585747251418e-01 7.578242834790999138e-01 0.000000000000000000e+00
-4.362554610031696978e-01 2.859871918527348567e-01 7.551491301070155371e-02 0.000000000000000000e+00
