2.400159441447078865e-02 3.759920390367880172e-01 -9.420960016552314131e-02
-2.328631336075297209e-01 -4.314623035765192682e-01 -3.965077471073855109e-01
-3.965560556764180511e-01 -3.146698296641062265e-01 -3.061687685184446561e-01
-1.084287607222106375e-02 -1.166574455066469035e-01 8.456789338857526820e-04
-8.436690005569202899e-01 -2.435053840861153562e-01 2.802023813512022343e-03
2.667837360942400954e-02 -6.187447423698155119e-02 -3.594126959301992275e-02
1.650351892802745524e-01 1.914370540028604573e-01 2.078401925716232002e-01
1.501524325643262270e-01 1.159823040312158299e-01 8.094880293086548217e-02
-1.774316537080894429e-01 -1.897567199789736425e-01 -2.022175587052980894e-01
3.575644086369965760e-04 2.493807894467802572e-03 2.953674554624376148e-04
-4.949662249489175702e-04 -6.324596805322548268e-03 -3.021704360477765750e-03
-3.352393465659157887e-03 -4.120833290365756574e-03 -5.479299225470860924e-04
-6.415087179891268421e-03 1.182357311377621109e-02 2.385826112161238202e-02
-4.696060113949922579e-03 4.841446137885455775e-03 9.335864361959604575e-04
2.710791859801358304e-03 2.478995752174437822e-02 1.567995741904449139e-02
-2.296841757043079080e-01 6.331634460405213827e-02 -1.778805468730844386e-01
-1.842623346135097845e-04 8.546919853890885821e-02 1.816445147352143547e-02
-4.055641043523457168e-02 -1.201162726290924340e-02 1.103810391719200340e-02
9.516912505167536909e-03 1.554211036681741112e-02 -6.313907675274948485e-03
1.742568151736387794e+00 3.391040475292637080e-01 -8.460778028543326501e-01
9.882512584905761566e-01 9.433621510396260346e-02 1.575030006754061240e-01
5.719245927645207894e-01 -2.089448027191230170e-02 1.612341963298309644e-01
-4.509847261782830644e-03 2.049967065154499890e-01 -8.554121114796538194e-03
3.383681754509475920e-02 1.043426404905970113e-02 -1.100318414051161889e-02
1.858512149779172756e-02 -3.099205650841844739e-01 2.453532448843903369e-01
3.798501392971059126e-02 9.526565666026252932e-02 4.730570550832911836e-02
