-1.518304986779399623e-01 4.958813934421480440e-01 -6.482162678683638102e-02
2.325914698085738697e-01 6.997980721311736207e-02 1.941465245320800614e-01
1.313441101619232942e-01 1.865697322933337898e-01 2.199859875734589132e-01
5.451937059182478812e-02 -1.744247075773718847e-01 3.391292420418428460e-02
1.493528642059100964e+00 -6.493777821251245363e-01 4.550648173021205056e-01
-1.098706328372862917e-01 1.481272610312889260e-01 1.156232366734018663e-01
-8.861593199472061338e-03 1.286783151682292792e-01 -9.504887480361790333e-03
-3.255166352060082091e-02 -1.173963682942625458e-01 -5.274183002173471468e-02
3.729251259983654143e-01 -5.183031564028015015e-02 1.272475942626042633e-01
-6.941886632920523477e-04 4.217372054749427696e-03 -5.897633107146840010e-04
-6.210655370493901655e-04 -2.444976163511155404e-02 -1.711568305098251468e-03
3.927052731602179983e-04 -9.152116363306053715e-04 -1.062488542513210783e-04
-6.500076959117838393e-02 8.259848149971353581e-02 -4.319444124103149346e-02
5.856306514635211107e-04 -1.435561536333897041e-02 -5.169300166131121817e-03
-1.113678511043747314e-02 -2.452960832171753591e-02 -7.550722263764331720e-03
-1.713468748107579154e-01 -9.865057355445999709e-02 -3.057912870814363110e-02
6.563519975732185884e-04 3.066299430833103190e-01 3.107669597440871137e-02
-8.351625381503345949e-03 9.880105069501496362e-02 -1.807891276185784671e-02
-2.625294754068286350e-03 -4.443469487914063210e-02 -5.421651881654797334e-03
-1.643416428276518459e+00 1.275242165404965267e+00 1.383298586890187032e-01
-5.508006195634427282e-01 2.493200363290520583e-01 1.818867922981382279e-01
1.897732110345648204e-01 1.187945729292698080e-02 -4.628456451582954601e-02
6.660745441487880836e-02 3.577674664727612530e-01 2.836789905399329098e-02
1.107795192507118193e-01 -7.939752023527124614e-02 -4.927204713522590623e-02
-5.738217932313979808e-02 -3.983870236279153931e-01 -5.882962939545421238e-02
3.171158241781792814e-02 1.702975074580767023e-01 2.570821862746144534e-02
