-4.521291028348530805e-01 -5.031819628747241646e-01 -2.386736169205741498e-01
2.816168985145152126e-01 -3.561329702907160832e-02 1.033187553167702166e+00
-5.900216412508652031e-02 -3.626679682715371333e-01 -1.173689339864183168e-01
2.362770063905431928e-01 3.029355077804735674e-01 1.141003167780124256e-01
-1.221780429123755729e+00 3.751838608581353207e-01 6.038922679748256472e-01
1.986295086231129048e-01 3.282452284620689387e-01 -2.491860997095878272e-01
-1.279928996141690978e-01 -4.558117011980167277e-01 -7.111811610774145809e-01
-4.151858291335760315e-02 1.222532499633670888e-01 7.946544781106558430e-02
-9.670528694158410377e-02 -1.058386035801413966e-02 4.435204989921133489e-02
-5.203311497633009153e-02 -6.311347342303193220e-02 -2.273817219651723745e-02
-3.024807633726679656e-03 6.455364801796294183e-02 2.113539760279042889e-01
8.987613496767668866e-03 -2.268958978724743697e-02 -8.954051110077874964e-03
3.941549274001916736e-02 2.251696283931911013e-01 1.060399469781927728e-01
-3.797917679800510982e-02 1.806840609782358817e-02 7.772924260796020002e-02
-1.764327913074991705e-01 -1.905903358814375337e-01 1.167558297235510856e-01
-4.994471428610600117e-01 -3.971094739526713768e-01 -8.261240510922855940e-01
8.382936326794940274e-02 1.190356555691139517e+00 9.935554703544910438e-02
1.471641044538326004e-01 8.071982036212406175e-01 -2.191097963990364106e-01
2.940527252913642253e-01 2.293868042909788796e-01 -2.511978408239018412e-02
4.088364586355229709e-03 4.324088854676248414e-03 1.558655484880612594e-03
4.487846298702387673e-03 6.347152630944954271e-03 -2.166853368018834686e-02
1.728694316676994327e-03 3.101832164860715904e-03 -4.713950065559627993e-04
1.904639589946108963e-03 -1.953985226560432664e-01 -1.680857164958682315e-02
2.011570551085827691e-02 3.033500560695582410e-02 -1.381929766028549764e-02
1.634801766112502913e-02 -2.834667821968924264e-02 -1.794351518529862036e-02
3.209359882169988964e-02 1.119068860825867651e+00 1.358876896488502850e-01
-1.397687826004323508e-02 -5.539848107985860526e-02 -4.898117518227545347e-02
-3.607357295717550372e-02 -2.251775912347160902e-01 5.095011872787238993e-02
-9.903038718654846861e-02 -6.080731630313423314e-02 5.334281939533392670e-03
1.147840643730148269e+00 -6.474081468966409458e-01 -1.227054121311018209e+00
2.031293872634578473e-02 -2.556754593290304078e-01 -2.523310069780153597e-01
4.644231076808638670e-01 3.822891833779526460e-03 -7.254240885169023489e-02
3.642841564315045522e-02 2.497248670307543883e-01 3.045177279780947148e-03
-8.905727218881345775e-02 -7.672205357156187955e-02 2.999108164129488802e-02
4.680058971897813058e-01 2.617874177249852607e-01 1.345040082438256346e-01
5.621776718252394223e-02 1.113546855365605825e-01 2.550816701785234633e-02
