-1.807235460241015945e-01 -2.737677051075904089e-01 0.000000000000000000e+00
-2.165125144483011077e-01 -3.959335500922752660e-01 0.000000000000000000e+00
-2.741094164603071204e-01 -8.647204948461141294e-01 0.000000000000000000e+00
-3.214456632548690074e-01 -8.244139268447253643e-01 0.000000000000000000e+00
-1.197433352729328077e-01 -2.184837673497185551e-01 0.000000000000000000e+00
1.837609738217548527e-01 -2.180725226374700676e-01 0.000000000000000000e+00
3.745088432111353116e-01 1.267767055430132350e+00 0.000000000000000000e+00
7.390793878329947331e-02 -3.026283457066642479e-01 0.000000000000000000e+00
-2.510518373073869491e-01 -3.112603617933483724e-01 0.000000000000000000e+00
8.398126619913227620e-01 8.477399660619017868e-03 0.000000000000000000e+00
-4.187860226833664545e-02 -6.277078775794618648e-02 0.000000000000000000e+00
9.474595869582469465e-02 3.629496420234121223e-02 0.000000000000000000e+00
-1.217497821137309977e-01 -5.653817407623008134e-02 0.000000000000000000e+00
3.034276430721439821e-01 3.531424265715742972e-01 0.000000000000000000e+00
4.258729672779905662e-01 4.836592247771907549e-01 0.000000000000000000e+00
1.139890401514623008e-01 5.143709627787654837e-01 0.000000000000000000e+00
1.403745656621558646e-01 8.815191536282821483e-01 0.000000000000000000e+00
3.723522399511736691e-01 2.017862412783919090e+00 0.000000000000000000e+00
2.532891215858112943e-01 1.056532258368148902e+00 0.000000000000000000e+00
9.018640477220507545e-02 -2.167999881478634427e-01 0.000000000000000000e+00
6.006130249171655680e-03 -3.287639954922898754e-03 0.000000000000000000e+00
-2.083899852041281101e-02 7.243481796950014540e-02 0.000000000000000000e+00
3.757100168486635777e-02 -5.092776801070132697e-02 0.000000000000000000e+00
4.765341893027756348e-01 6.876018191532946577e-01 0.000000000000000000e+00
1.130535782840071980e-02 -1.297413077945117066e-01 0.000000000000000000e+00
1.175875950543435744e-01 2.973013014062069193e-01 0.000000000000000000e+00
-2.585154238209928512e-01 7.869118414749611823e-01 0.000000000000000000e+00
5.592707122292103206e-01 1.354857919030599822e+00 0.000000000000000000e+00
3.190929080190542666e-01 -2.496541763407991166e-01 0.000000000000000000e+00
-3.244145068287863226e-02 4.791389029547349354e-01 0.000000000000000000e+00
9.649526487229088678e-01 1.292316396834859660e+00 0.000000000000000000e+00
2.500806514874267042e-02 1.862425995206038687e+00 0.000000000000000000e+00
4.136116969161134360e-01 9.752128752161326464e-01 0.000000000000000000e+00
4.597102606718369011e-01 2.728166442242059286e-01 0.000000000000000000e+00
2.542142445096944314e-01 1.574476124697129942e+00 0.000000000000000000e+00
