-6.577997665341462907e-01 -4.045374314363092139e-01 0.000000000000000000e+00
-4.553344348761935168e-01 -1.683599715738861302e-01 0.000000000000000000e+00
-5.665694827909240061e-01 4.862329070791288621e-01 0.000000000000000000e+00
-4.413620891414454794e-01 6.065784632159730849e-01 0.000000000000000000e+00
-1.266400251595321547e-01 -4.636212828614146714e-02 0.000000000000000000e+00
-9.037023678792611980e-02 -9.171507568763076490e-02 0.000000000000000000e+00
-7.307823853531262778e-03 -2.515892298118102555e-01 0.000000000000000000e+00
-3.856625062697288664e-01 3.478935200356913504e-01 0.000000000000000000e+00
-1.527022425894709323e-01 1.056895657881975516e-02 0.000000000000000000e+00
2.123660904513710312e-01 4.373245586142588959e-01 0.000000000000000000e+00
7.342023758386521937e-02 -9.095871062761872253e-03 0.000000000000000000e+00
-1.592503214885165608e-01 1.423134451498631603e-01 0.000000000000000000e+00
-3.784346013347236748e-02 -1.284282594673295530e-01 0.000000000000000000e+00
2.971912088640414340e-01 7.704412806815763570e-02 0.000000000000000000e+00
-2.606483184914361664e-02 2.589517896876056269e-01 0.000000000000000000e+00
2.197255969669041908e-01 -5.172647049932195540e-02 0.000000000000000000e+00
7.034046998135367046e-01 1.525775577680253160e-02 0.000000000000000000e+00
5.855570608770439556e-01 4.208123965427389146e-02 0.000000000000000000e+00
-6.588266530572928215e-01 9.276976103337054858e-02 0.000000000000000000e+00
8.453397253028280267e-02 3.177780519675723614e-01 0.000000000000000000e+00
-4.726592174684248783e-03 -3.021074945175952157e-03 0.000000000000000000e+00
1.349706439560019108e-02 -4.489605423091415359e-02 0.000000000000000000e+00
6.722029428812528046e-03 2.421601856145920439e-02 0.000000000000000000e+00
1.287115518035702733e-01 1.732758380825609179e-01 0.000000000000000000e+00
1.546867050356896811e-02 1.021123549743311876e-01 0.000000000000000000e+00
-3.064714150063270817e-02 -1.310164560794345734e-01 0.000000000000000000e+00
8.420318595471532053e-01 -4.676598752047911312e-01 0.000000000000000000e+00
5.341705486922112556e-01 6.951207530919106814e-02 0.000000000000000000e+00
-3.844319341335693530e-01 -2.983331413299287749e-01 0.000000000000000000e+00
3.907828689003212813e-02 9.919532802023979523e-02 0.000000000000000000e+00
5.964587128966228891e-01 6.109160025415037998e-01 0.000000000000000000e+00
-3.921844639478403449e-01 -1.221993002485447066e+00 0.000000000000000000e+00
8.665956137982323559e-01 5.997664552997620246e-01 0.000000000000000000e+00
1.013501976968528062e+00 2.204319740715979803e-01 0.000000000000000000e+00
7.679465042351903969e-01 -5.072584043716149571e-02 0.000000000000000000e+00
