1.027822217845965058e+00 -7.796222851431579282e-02 0.000000000000000000e+00
6.051775476087569716e-01 2.470922405310055706e-02 0.000000000000000000e+00
2.182984193962669850e-01 -8.283052983631533639e-02 0.000000000000000000e+00
-6.524239480270922764e-02 3.918033418134382329e-01 0.000000000000000000e+00
1.524572738462872667e-01 2.686123408348016842e-02 0.000000000000000000e+00
3.416470576587584684e-01 3.845328760392249245e-01 0.000000000000000000e+00
4.932811002487902940e-01 -2.876304765474810288e-01 0.000000000000000000e+00
6.678006824850026002e-02 9.953948685396027396e-02 0.000000000000000000e+00
-4.612483280573042438e-02 2.500071929741487509e-01 0.000000000000000000e+00
6.229945586766891807e-01 -5.871930087897546668e-01 0.000000000000000000e+00
-8.153932087725951350e-02 7.152802843540155900e-03 0.000000000000000000e+00
2.468582402749915430e-02 8.462227851718401306e-02 0.000000000000000000e+00
-1.355898147399870217e-03 8.492828358431285529e-02 0.000000000000000000e+00
-3.421615048234049605e-01 2.087684912844394725e-01 0.000000000000000000e+00
2.847495561677363396e-01 -3.898831050999852083e-02 0.000000000000000000e+00
-1.618644768470331730e-01 -1.587551182562484675e-01 0.000000000000000000e+00
5.847289379826588022e-03 -4.228776423196171641e-01 0.000000000000000000e+00
2.977930288073932785e-01 -7.542918091136986414e-01 0.000000000000000000e+00
4.757374608454510018e-02 3.781959877922345670e-01 0.000000000000000000e+00
-6.242668599998545814e-02 5.620275304282888740e-02 0.000000000000000000e+00
-5.830827820715703096e-03 -6.432426693163913189e-03 0.000000000000000000e+00
3.473709041851727464e-02 9.365012738626556435e-03 0.000000000000000000e+00
5.495847235338674648e-03 -7.214615709136039563e-03 0.000000000000000000e+00
-1.390175937845030130e-01 2.137417158692669211e-02 0.000000000000000000e+00
-8.965520768885530678e-02 -2.315192737936387635e-02 0.000000000000000000e+00
2.286702523027865919e-01 1.912784951902032349e-01 0.000000000000000000e+00
-1.260504857735280371e-01 -2.185484304659940091e-01 0.000000000000000000e+00
-2.948555451236973823e-01 -3.549037471776902430e-01 0.000000000000000000e+00
4.346865642697242960e-01 -6.308621785521759118e-02 0.000000000000000000e+00
-7.673730240859626128e-02 -1.590769615384863278e-01 0.000000000000000000e+00
-5.677231780671546657e-01 3.216970829606127791e-01 0.000000000000000000e+00
-1.929649276713771844e-01 7.700415337144344008e-01 0.000000000000000000e+00
-1.024795796442699913e+00 7.961937108983748734e-01 0.000000000000000000e+00
5.399800496339662859e-01 -1.661552265288669394e-01 0.000000000000000000e+00
-4.754846737049384098e-01 7.738075809667588345e-02 0.000000000000000000e+00
