-6.601390637508848525e-02 -4.341518283356393670e-01 0.000000000000000000e+00
2.274987325366252811e-01 -1.200258199386103480e-01 0.000000000000000000e+00
-3.317994001339831245e-01 -7.503234641658921289e-01 0.000000000000000000e+00
3.535867321223509219e-01 -3.335076330436526071e-01 0.000000000000000000e+00
1.955430890528264687e-01 4.152659212205254968e-02 0.000000000000000000e+00
-1.352146579400353543e+00 5.885189662319966208e-01 0.000000000000000000e+00
-5.325875231975184532e-01 -9.034796829648035210e-01 0.000000000000000000e+00
6.084813086633632517e-01 9.961600219060644246e-02 0.000000000000000000e+00
5.563944171837516967e-02 -2.150206100436498624e-01 0.000000000000000000e+00
1.084241446856795132e+00 1.002658622202087235e+00 0.000000000000000000e+00
8.825034006480424187e-02 6.148829599934861612e-02 0.000000000000000000e+00
4.100070344293856306e-01 5.006244769980999071e-02 0.000000000000000000e+00
7.472385215820502753e-03 -1.638193409618449517e-02 0.000000000000000000e+00
-6.510634455667840825e-01 1.372239351981169031e-01 0.000000000000000000e+00
3.832211095648239696e-01 -9.410640688089411121e-02 0.000000000000000000e+00
-9.198488323983181059e-02 -3.324380756990882868e-01 0.000000000000000000e+00
-1.394604028897760584e+00 -1.378553943226976441e+00 0.000000000000000000e+00
-1.009876205298566143e+00 7.707813014637509008e-01 0.000000000000000000e+00
1.346974725567029463e-01 -5.930198039134536581e-01 0.000000000000000000e+00
-1.901871213986446874e-01 -3.037727707803737909e-01 0.000000000000000000e+00
-4.629454012500942850e-03 5.993692363705597007e-03 0.000000000000000000e+00
-1.639029658278585155e-01 -1.855850110982764645e-01 0.000000000000000000e+00
3.423961136414182399e-02 8.099966733283019138e-02 0.000000000000000000e+00
-5.518952115386038804e-01 -5.578343838466615773e-02 0.000000000000000000e+00
-1.555455706997441352e-02 -1.303648668126640951e-02 0.000000000000000000e+00
-3.422614184821382022e-01 -4.802239613316847122e-01 0.000000000000000000e+00
-8.645980418814407376e-01 -1.309296212850356855e-01 0.000000000000000000e+00
3.834488561377226157e-01 -1.249922556111881800e-01 0.000000000000000000e+00
7.947387885005017250e-01 8.435499458110586879e-01 0.000000000000000000e+00
2.961905709488229510e-01 -1.704658835452695642e-01 0.000000000000000000e+00
-2.259706891259840145e+00 1.018134523990337881e+00 0.000000000000000000e+00
-2.559151870666340312e+00 2.352129711350021690e+00 0.000000000000000000e+00
-1.409614899936357579e+00 1.028896511964071392e+00 0.000000000000000000e+00
-1.594045618879063930e+00 1.645732285493545222e+00 0.000000000000000000e+00
-5.829382732135337530e-01 -1.034357626592920409e+00 0.000000000000000000e+00
