-3.999999999999999667e-01
-3.993666330918118623e-01
-3.987339184198206432e-01
-3.981018556738535885e-01
-3.974704445437137745e-01
-3.968396847191796861e-01
-3.962095758900046616e-01
-3.955801177459180584e-01
-3.949513099766240320e-01
-3.943231522718023130e-01
-3.936956443211082068e-01
-3.930687858141715951e-01
-3.924425764405983230e-01
-3.918170158899693667e-01
-3.911921038518404448e-01
-3.905678400157432395e-01
-3.899442240711840091e-01
-3.893212557076445868e-01
-3.886989346145821034e-01
-3.880772604814282656e-01
-3.874562329975905217e-01
-3.868358518524513401e-01
-3.862161167353679314e-01
-3.855970273356732481e-01
-3.849785833426745407e-01
-3.843607844456547462e-01
-3.837436303338719323e-01
-3.831271206965584653e-01
-3.825112552229225082e-01
-3.818960336021470225e-01
-3.812814555233894898e-01
-3.806675206757830221e-01
-3.800542287484354742e-01
-3.794415794304293321e-01
-3.788295724108224904e-01
-3.782182073786473087e-01
-3.776074840229113327e-01
-3.769974020325971287e-01
-3.763879610966614497e-01
-3.757791609040366243e-01
-3.751710011436296677e-01
-3.745634815043219490e-01
-3.739566016749701904e-01
-3.733503613444054126e-01
-3.727447602014338224e-01
-3.721397979348362584e-01
-3.715354742333679683e-01
-3.709317887857593310e-01
-3.703287412807153567e-01
-3.697263314069154094e-01
-3.691245588530139843e-01
-3.685234233076397636e-01
-3.679229244593963388e-01
-3.673230619968620991e-01
-3.667238356085894546e-01
-3.661252449831058908e-01
-3.655272898089134692e-01
-3.649299697744883275e-01
-3.643332845682815679e-01
-3.637372338787188686e-01
-3.631418173941999283e-01
-3.625470348030995216e-01
-3.619528857937662214e-01
-3.613593700545236764e-01
-3.607664872736697781e-01
-3.601742371394764941e-01
-3.595826193401905346e-01
-3.589916335640331857e-01
-3.584012794991994211e-01
-3.578115568338593455e-01
-3.572224652561566405e-01
-3.566340044542098964e-01
-3.560461741161118354e-01
-3.554589739299292006e-01
-3.548724035837033108e-01
-3.542864627654497833e-01
-3.537011511631579230e-01
-3.531164684647918883e-01
-3.525324143582898584e-01
-3.519489885315638111e-01
-3.513661906725004669e-01
-3.507840204689601227e-01
-3.502024776087775404e-01
-3.496215617797618358e-01
-3.490412726696954238e-01
-3.484616099663355726e-01
-3.478825733574133494e-01
-3.473041625306336200e-01
-3.467263771736757150e-01
-3.461492169741924307e-01
-3.455726816198110285e-01
-3.449967707981327347e-01
-3.444214841967322416e-01
-3.438468215031585951e-01
-3.432727824049349175e-01
-3.426993665895575747e-01
-3.421265737444973976e-01
-3.415544035571990711e-01
-3.409828557150806350e-01
-3.404119299055346493e-01
-3.398416258159266956e-01
-3.392719431335968761e-01
-3.387028815458588693e-01
-3.381344407399997087e-01
-3.375666204032807816e-01
-3.369994202229366076e-01
-3.364328398861758940e-01
-3.358668790801809800e-01
-3.353015374921075042e-01
-3.347368148090850704e-01
-3.341727107182170253e-01
-3.336092249065799042e-01
-3.330463570612242630e-01
-3.324841068691742341e-01
-3.319224740174270272e-01
-3.313614581929540948e-01
-3.308010590826997444e-01
-3.302412763735822487e-01
-3.296821097524934574e-01
-3.291235589062981304e-01
-3.285656235218349375e-01
-3.280083032859161252e-01
-3.274515978853268505e-01
-3.268955070068261803e-01
-3.263400303371460365e-01
-3.257851675629921950e-01
-3.252309183710437313e-01
-3.246772824479526864e-01
-3.241242594803446786e-01
-3.235718491548188469e-01
-3.230200511579470191e-01
-3.224688651762747105e-01
-3.219182908963208467e-01
-3.213683280045768753e-01
-3.208189761875083201e-01
-3.202702351315530604e-01
-3.197221045231226633e-01
-3.191745840486019947e-01
-3.186276733943483874e-01
-3.180813722466928062e-01
-3.175356802919394039e-01
-3.169905972163648555e-01
-3.164461227062194681e-01
-3.159022564477260708e-01
-3.153589981270809584e-01
-3.148163474304533915e-01
-3.142743040439851532e-01
-3.137328676537914918e-01
-3.131920379459605108e-01
-3.126518146065529469e-01
-3.121121973216026690e-01
-3.115731857771166236e-01
-3.110347796590741676e-01
-3.104969786534279574e-01
-3.099597824461030604e-01
-3.094231907229976763e-01
-3.088872031699829157e-01
-3.083518194729021333e-01
-3.078170393175720942e-01
-3.072828623897815858e-01
-3.067492883752926947e-01
-3.062163169598401957e-01
-3.056839478291309975e-01
-3.051521806688452521e-01
-3.046210151646356890e-01
-3.040904510021271712e-01
-3.035604878669176943e-01
-3.030311254445778313e-01
-3.025023634206501777e-01
-3.019742014806504615e-01
-3.014466393100668218e-01
-3.009196765943595864e-01
-3.003933130189620493e-01
-2.998675482692794159e-01
-2.993423820306898575e-01
-2.988178139885438456e-01
-2.982938438281639848e-01
-2.977704712348457350e-01
-2.972476958938563563e-01
-2.967255174904359638e-01
-2.962039357097970282e-01
-2.956829502371237650e-01
-2.951625607575732446e-01
-2.946427669562747820e-01
-2.941235685183294923e-01
-2.936049651288111795e-01
-2.930869564727658916e-01
-2.925695422352114217e-01
-2.920527221011383068e-01
-2.915364957555086622e-01
-2.910208628832571809e-01
-2.905058231692907444e-01
-2.899913762984878129e-01
-2.894775219556993129e-01
-2.889642598257484152e-01
-2.884515895934297580e-01
-2.879395109435106126e-01
-2.874280235607297174e-01
-2.869171271297980552e-01
-2.864068213353988535e-01
-2.858971058621865846e-01
-2.853879803947882432e-01
-2.848794446178026241e-01
-2.843714982158000448e-01
-2.838641408733230675e-01
-2.833573722748861101e-01
-2.828511921049750577e-01
-2.823456000480479844e-01
-2.818405957885343205e-01
-2.813361790108356852e-01
-2.808323493993253872e-01
-2.803291066383480912e-01
-2.798264504122205953e-01
-2.793243804052308876e-01
-2.788228963016391448e-01
-2.783219977856770666e-01
-2.778216845415475422e-01
-2.773219562534255389e-01
-2.768228126054574911e-01
-2.763242532817611341e-01
-2.758262779664261144e-01
-2.753288863435134348e-01
-2.748320780970553989e-01
-2.743358529110560551e-01
-2.738402104694909189e-01
-2.733451504563066403e-01
-2.728506725554217249e-01
-2.723567764507255351e-01
-2.718634618260792335e-01
-2.713707283653153390e-01
-2.708785757522372828e-01
-2.703870036706203517e-01
-2.698960118042105782e-01
-2.694055998367256288e-01
-2.689157674518544705e-01
-2.684265143332569270e-01
-2.679378401645642893e-01
-2.674497446293792047e-01
-2.669622274112749549e-01
-2.664752881937964557e-01
-2.659889266604596458e-01
-2.655031424947512653e-01
-2.650179353801295212e-01
-2.645333050000233666e-01
-2.640492510378329438e-01
-2.635657731769296408e-01
-2.630828711006552023e-01
-2.626005444923230070e-01
-2.621187930352171791e-01
-2.616376164125924220e-01
-2.611570143076749062e-01
-2.606769864036612150e-01
-2.601975323837191212e-01
-2.597186519309871433e-01
-2.592403447285744900e-01
-2.587626104595613374e-01
-2.582854488069987187e-01
-2.578088594539080236e-01
-2.573328420832817764e-01
-2.568573963780832470e-01
-2.563825220212460065e-01
-2.559082186956747051e-01
-2.554344860842442388e-01
-2.549613238698005269e-01
-2.544887317351600675e-01
-2.540167093631094386e-01
-2.535452564364065742e-01
-2.530743726377790992e-01
-2.526040576499258283e-01
-2.521343111555158778e-01
-2.516651328371886098e-01
-2.511965223775540212e-01
-2.507284794591927990e-01
-2.502610037646554320e-01
-2.497940949764633212e-01
-2.493277527771081692e-01
-2.488619768490515916e-01
-2.483967668747260049e-01
-2.479321225365340997e-01
-2.474680435168484238e-01
-2.470045294980122985e-01
-2.465415801623387915e-01
-2.460791951921115495e-01
-2.456173742695843820e-01
-2.451561170769809006e-01
-2.446954232964954068e-01
-2.442352926102917543e-01
-2.437757247005042927e-01
-2.433167192492374231e-01
-2.428582759385652934e-01
-2.424003944505323804e-01
-2.419430744671532130e-01
-2.414863156704119274e-01
-2.410301177422629337e-01
-2.405744803646306662e-01
-2.401194032194090555e-01
-2.396648859884623339e-01
-2.392109283536245357e-01
-2.387575299966992193e-01
-2.383046905994603004e-01
-2.378524098436508860e-01
-2.374006874109843845e-01
-2.369495229831438121e-01
-2.364989162417816537e-01
-2.360488668685205571e-01
-2.355993745449523613e-01
-2.351504389526389294e-01
-2.347020597731117875e-01
-2.342542366878717086e-01
-2.338069693783894065e-01
-2.333602575261052026e-01
-2.329141008124285817e-01
-2.324684989187388584e-01
-2.320234515263849551e-01
-2.315789583166848742e-01
-2.311350189709263370e-01
-2.306916331703666723e-01
-2.302488005962320672e-01
-2.298065209297187328e-01
-2.293647938519916829e-01
-2.289236190441857055e-01
-2.284829961874045301e-01
-2.280429249627214661e-01
-2.276034050511790974e-01
-2.271644361337888662e-01
-2.267260178915318503e-01
-2.262881500053582906e-01
-2.258508321561872589e-01
-2.254140640249072680e-01
-2.249778452923760219e-01
-2.245421756394199719e-01
-2.241070547468349272e-01
-2.236724822953858050e-01
-2.232384579658062140e-01
-2.228049814387990935e-01
-2.223720523950362959e-01
-2.219396705151583937e-01
-2.215078354797752891e-01
-2.210765469694653540e-01
-2.206458046647762627e-01
-2.202156082462241038e-01
-2.197859573942942124e-01
-2.193568517894406156e-01
-2.189282911120858655e-01
-2.185002750426215945e-01
-2.180728032614081824e-01
-2.176458754487743397e-01
-2.172194912850178294e-01
-2.167936504504051065e-01
-2.163683526251709011e-01
-2.159435974895188570e-01
-2.155193847236212545e-01
-2.150957140076185936e-01
-2.146725850216203713e-01
-2.142499974457041101e-01
-2.138279509599163020e-01
-2.134064452442714366e-01
-2.129854799787528341e-01
-2.125650548433121179e-01
-2.121451695178691033e-01
-2.117258236823122142e-01
-2.113070170164982053e-01
-2.108887492002518849e-01
-2.104710199133666415e-01
-2.100538288356041117e-01
-2.096371756466938741e-01
-2.092210600263340325e-01
-2.088054816541908831e-01
-2.083904402098985531e-01
-2.079759353730596394e-01
-2.075619668232448756e-01
-2.071485342399927154e-01
-2.067356373028101379e-01
-2.063232756911717036e-01
-2.059114490845204426e-01
-2.055001571622669110e-01
-2.050893996037899680e-01
-2.046791760884364431e-01
-2.042694862955206359e-01
-2.038603299043251493e-01
-2.034517065941004732e-01
-2.030436160440644844e-01
-2.026360579334032797e-01
-2.022290319412707316e-01
-2.018225377467880999e-01
-2.014165750290447532e-01
-2.010111434670976971e-01
-2.006062427399713244e-01
-2.002018725266579979e-01
-1.997980325061177176e-01
-1.993947223572777594e-01
-1.989919417590333417e-01
-1.985896903902468758e-01
-1.981879679297486874e-01
-1.977867740563361287e-01
-1.973861084487744388e-01
-1.969859707857961884e-01
-1.965863607461011131e-01
-1.961872780083566137e-01
-1.957887222511975056e-01
-1.953906931532255198e-01
-1.949931903930101351e-01
-1.945962136490879957e-01
-1.941997625999627997e-01
-1.938038369241056880e-01
-1.934084362999550499e-01
-1.930135604059161347e-01
-1.926192089203617175e-01
-1.922253815216313499e-01
-1.918320778880320265e-01
-1.914392976978374350e-01
-1.910470406292885670e-01
-1.906553063605934684e-01
-1.902640945699268504e-01
-1.898734049354306730e-01
-1.894832371352138667e-01
-1.890935908473519167e-01
-1.887044657498875011e-01
-1.883158615208301578e-01
-1.879277778381559516e-01
-1.875402143798080290e-01
-1.871531708236963132e-01
-1.867666468476971153e-01
-1.863806421296538562e-01
-1.859951563473765668e-01
-1.856101891786416380e-01
-1.852257403011925152e-01
-1.848418093927388650e-01
-1.844583961309572973e-01
-1.840755001934905322e-01
-1.836931212579481776e-01
-1.833112590019063126e-01
-1.829299131029071546e-01
-1.825490832384596696e-01
-1.821687690860392672e-01
-1.817889703230873288e-01
-1.814096866270120123e-01
-1.810309176751877247e-01
-1.806526631449548725e-01
-1.802749227136205001e-01
-1.798976960584577622e-01
-1.795209828567058408e-01
-1.791447827855703334e-01
-1.787690955222230038e-01
-1.783939207438014485e-01
-1.780192581274097907e-01
-1.776451073501177369e-01
-1.772714680889615202e-01
-1.768983400209429291e-01
-1.765257228230300568e-01
-1.761536161721569682e-01
-1.757820197452233113e-01
-1.754109332190949555e-01
-1.750403562706036031e-01
-1.746702885765465674e-01
-1.743007298136872163e-01
-1.739316796587546954e-01
-1.735631377884435944e-01
-1.731951038794145858e-01
-1.728275776082939807e-01
-1.724605586516734512e-01
-1.720940466861106410e-01
-1.717280413881287493e-01
-1.713625424342163084e-01
-1.709975495008277668e-01
-1.706330622643827122e-01
-1.702690804012665371e-01
-1.699056035878298287e-01
-1.695426315003888129e-01
-1.691801638152251042e-01
-1.688182002085854283e-01
-1.684567403566821775e-01
-1.680957839356929662e-01
-1.677353306217604922e-01
-1.673753800909928979e-01
-1.670159320194636587e-01
-1.666569860832110284e-01
-1.662985419582388158e-01
-1.659405993205159136e-01
-1.655831578459760201e-01
-1.652262172105183058e-01
-1.648697770900066084e-01
-1.645138371602701544e-01
-1.641583970971027262e-01
-1.638034565762633843e-01
-1.634490152734761337e-01
-1.630950728644295356e-01
-1.627416290247772901e-01
-1.623886834301379589e-01
-1.620362357560946320e-01
-1.616842856781953996e-01
-1.613328328719531024e-01
-1.609818770128450538e-01
-1.606314177763134565e-01
-1.602814548377652082e-01
-1.599319878725715127e-01
-1.595830165560684355e-01
-1.592345405635565980e-01
-1.588865595703009004e-01
-1.585390732515310763e-01
-1.581920812824408884e-01
-1.578455833381890161e-01
-1.574995790938980567e-01
-1.571540682246553300e-01
-1.568090504055124346e-01
-1.564645253114850254e-01
-1.561204926175532859e-01
-1.557769519986616780e-01
-1.554339031297185536e-01
-1.550913456855967099e-01
-1.547492793411331391e-01
-1.544077037711286404e-01
-1.540666186503483470e-01
-1.537260236535215041e-01
-1.533859184553410526e-01
-1.530463027304642121e-01
-1.527071761535121197e-01
-1.523685383990696363e-01
-1.520303891416858177e-01
-1.516927280558732216e-01
-1.513555548161086006e-01
-1.510188690968321812e-01
-1.506826705724481352e-01
-1.503469589173244692e-01
-1.500117338057924965e-01
-1.496769949121475873e-01
-1.493427419106486409e-01
-1.490089744755179746e-01
-1.486756922809416848e-01
-1.483428950010694247e-01
-1.480105823100140439e-01
-1.476787538818521983e-01
-1.473474093906239346e-01
-1.470165485103324121e-01
-1.466861709149445969e-01
-1.463562762783903737e-01
-1.460268642745632672e-01
-1.456979345773198042e-01
-1.453694868604799295e-01
-1.450415207978268395e-01
-1.447140360631066491e-01
-1.443870323300288361e-01
-1.440605092722659908e-01
-1.437344665634535668e-01
-1.434089038771902136e-01
-1.430838208870377215e-01
-1.427592172665204662e-01
-1.424350926891261027e-01
-1.421114468283051768e-01
-1.417882793574707923e-01
-1.414655899499991931e-01
-1.411433782792294311e-01
-1.408216440184630880e-01
-1.405003868409647472e-01
-1.401796064199614389e-01
-1.398593024286431397e-01
-1.395394745401621062e-01
-1.392201224276335692e-01
-1.389012457641351506e-01
-1.385828442227068913e-01
-1.382649174763514732e-01
-1.379474651980341360e-01
-1.376304870606822606e-01
-1.373139827371858412e-01
-1.369979519003971524e-01
-1.366823942231307765e-01
-1.363673093781636869e-01
-1.360526970382349710e-01
-1.357385568760459682e-01
-1.354248885642603262e-01
-1.351116917755036950e-01
-1.347989661823638663e-01
-1.344867114573908007e-01
-1.341749272730963227e-01
-1.338636133019544816e-01
-1.335527692164011626e-01
-1.332423946888341426e-01
-1.329324893916132844e-01
-1.326230529970601757e-01
-1.323140851774582405e-01
-1.320055856050527943e-01
-1.316975539520507388e-01
-1.313899898906208952e-01
-1.310828930928936709e-01
-1.307762632309610318e-01
-1.304700999768768355e-01
-1.301644030026562482e-01
-1.298591719802760502e-01
-1.295544065816747192e-01
-1.292501064787518472e-01
-1.289462713433687513e-01
-1.286429008473481683e-01
-1.283399946624738663e-01
-1.280375524604913662e-01
-1.277355739131071644e-01
-1.274340586919891494e-01
-1.271330064687664074e-01
-1.268324169150292224e-01
-1.265322897023289095e-01
-1.262326245021781479e-01
-1.259334209860503151e-01
-1.256346788253801527e-01
-1.253363976915632672e-01
-1.250385772559561293e-01
-1.247412171898763522e-01
-1.244443171646022472e-01
-1.241478768513730180e-01
-1.238518959213888021e-01
-1.235563740458102550e-01
-1.232613108957590214e-01
-1.229667061423173197e-01
-1.226725594565279825e-01
-1.223788705093946383e-01
-1.220856389718813356e-01
-1.217928645149126826e-01
-1.215005468093739299e-01
-1.212086855261106655e-01
-1.209172803359289255e-01
-1.206263309095952641e-01
-1.203358369178363640e-01
-1.200457980313394679e-01
-1.197562139207519472e-01
-1.194670842566814134e-01
-1.191784087096958294e-01
-1.188901869503231623e-01
-1.186024186490515636e-01
-1.183151034763292447e-01
-1.180282411025645739e-01
-1.177418311981257987e-01
-1.174558734333411847e-01
-1.171703674784989185e-01
-1.168853130038471494e-01
-1.166007096795938086e-01
-1.163165571759066513e-01
-1.160328551629131733e-01
-1.157496033107007494e-01
-1.154668012893163009e-01
-1.151844487687664759e-01
-1.149025454190174822e-01
-1.146210909099952269e-01
-1.143400849115850382e-01
-1.140595270936317629e-01
-1.137794171259397941e-01
-1.134997546782728489e-01
-1.132205394203540522e-01
-1.129417710218658527e-01
-1.126634491524500931e-01
-1.123855734817077456e-01
-1.121081436791990793e-01
-1.118311594144434790e-01
-1.115546203569195982e-01
-1.112785261760650540e-01
-1.110028765412765656e-01
-1.107276711219098569e-01
-1.104529095872797129e-01
-1.101785916066597426e-01
-1.099047168492825188e-01
-1.096312849843393694e-01
-1.093582956809806273e-01
-1.090857486083152139e-01
-1.088136434354108756e-01
-1.085419798312939471e-01
-1.082707574649496018e-01
-1.079999760053214491e-01
-1.077296351213117148e-01
-1.074597344817811301e-01
-1.071902737555490009e-01
-1.069212526113929723e-01
-1.066526707180490696e-01
-1.063845277442118237e-01
-1.061168233585339238e-01
-1.058495572296264259e-01
-1.055827290260585305e-01
-1.053163384163577354e-01
-1.050503850690096413e-01
-1.047848686524578965e-01
-1.045197888351042520e-01
-1.042551452853085481e-01
-1.039909376713885059e-01
-1.037271656616198245e-01
-1.034638289242360287e-01
-1.032009271274286211e-01
-1.029384599393468186e-01
-1.026764270280976221e-01
-1.024148280617456913e-01
-1.021536627083135251e-01
-1.018929306357810871e-01
-1.016326315120860274e-01
-1.013727650051234608e-01
-1.011133307827461331e-01
-1.008543285127641437e-01
-1.005957578629450289e-01
-1.003376185010136923e-01
-1.000799100946524467e-01
-9.982263231150077798e-02
-9.956578481915545620e-02
-9.930936728517050782e-02
-9.905337937705702145e-02
-9.879782076228323107e-02
-9.854269110827441891e-02
-9.828799008241295709e-02
-9.803371735203811332e-02
-9.777987258444610641e-02
-9.752645544689002299e-02
-9.727346560657988694e-02
-9.702090273068240955e-02
-9.676876648632108668e-02
-9.651705654057610162e-02
-9.626577256048440834e-02
-9.601491421303944007e-02
-9.576448116519126197e-02
-9.551447308384643231e-02
-9.526488963586807190e-02
-9.501573048807566979e-02
-9.476699530724509712e-02
-9.451868376010856554e-02
-9.427079551335466878e-02
-9.402333023362816067e-02
-9.377628758752999671e-02
-9.352966724161740353e-02
-9.328346886240358737e-02
-9.303769211635791458e-02
-9.279233666990567564e-02
-9.254740218942827945e-02
-9.230288834126294806e-02
-9.205879479170282764e-02
-9.181512120699683588e-02
-9.157186725334981459e-02
-9.132903259692223830e-02
-9.108661690383028364e-02
-9.084461984014578773e-02
-9.060304107189623424e-02
-9.036188026506461468e-02
-9.012113708558940062e-02
-8.988081119936454366e-02
-8.964090227223947549e-02
-8.940140997001888579e-02
-8.916233395846281939e-02
-8.892367390328657917e-02
-8.868542947016073985e-02
-8.844760032471099542e-02
-8.821018613251817297e-02
-8.797318655911812169e-02
-8.773660127000185160e-02
-8.750042993061524221e-02
-8.726467220635908406e-02
-8.702932776258916203e-02
-8.679439626461600554e-02
-8.655987737770494406e-02
-8.632577076707600994e-02
-8.609207609790400784e-02
-8.585879303531832041e-02
-8.562592124440290831e-02
-8.539346039019625467e-02
-8.516141013769143453e-02
-8.492977015183583722e-02
-8.469854009753131907e-02
-8.446771963963399521e-02
-8.423730844295440612e-02
-8.400730617225721231e-02
-8.377771249226130534e-02
-8.354852706763968295e-02
-8.331974956301951840e-02
-8.309137964298195234e-02
-8.286341697206210666e-02
-8.263586121474905677e-02
-8.240871203548583157e-02
-8.218196909866920530e-02
-8.195563206864972527e-02
-8.172970060973180906e-02
-8.150417438617341137e-02
-8.127905306218620451e-02
-8.105433630193535632e-02
-8.083002376953971058e-02
-8.060611512907145393e-02
-8.038261004455624081e-02
-8.015950817997309630e-02
-7.993680919925442996e-02
-7.971451276628585547e-02
-7.949261854490620449e-02
-7.927112619890747114e-02
-7.905003539203485363e-02
-7.882934578798650449e-02
-7.860905705041364155e-02
-7.838916884292040921e-02
-7.816968082906390614e-02
-7.795059267235403266e-02
-7.773190403625353240e-02
-7.751361458417779793e-02
-7.729572397949509288e-02
-7.707823188552614946e-02
-7.686113796554436273e-02
-7.664444188277563796e-02
-7.642814330039840454e-02
-7.621224188154347712e-02
-7.599673728929401406e-02
-7.578162918668557291e-02
-7.556691723670592997e-02
-7.535260110229503872e-02
-7.513868044634502974e-02
-7.492515493170021079e-02
-7.471202422115683084e-02
-7.449928797746316333e-02
-7.428694586331942296e-02
-7.407499754137773784e-02
-7.386344267424203858e-02
-7.365228092446800268e-02
-7.344151195456302683e-02
-7.323113542698624079e-02
-7.302115100414832694e-02
-7.281155834841149255e-02
-7.260235712208945591e-02
-7.239354698744744632e-02
-7.218512760670199591e-02
-7.197709864202096741e-02
-7.176945975552349866e-02
-7.156221060928001643e-02
-7.135535086531200055e-02
-7.114888018559210880e-02
-7.094279823204396873e-02
-7.073710466654230256e-02
-7.053179915091267738e-02
-7.032688134693154680e-02
-7.012235091632622319e-02
-6.991820752077475276e-02
-6.971445082190586007e-02
-6.951108048129894801e-02
-6.930809616048401456e-02
-6.910549752094156950e-02
-6.890328422410259279e-02
-6.870145593134845130e-02
-6.850001230401094043e-02
-6.829895300337211761e-02
-6.809827769066424674e-02
-6.789798602706977049e-02
-6.769807767372135188e-02
-6.749855229170161064e-02
-6.729940954204320647e-02
-6.710064908572871412e-02
-6.690227058369067892e-02
-6.670427369681139473e-02
-6.650665808592295947e-02
-6.630942341180710853e-02
-6.611256933519536749e-02
-6.591609551676870515e-02
-6.572000161715767230e-02
-6.552428729694233234e-02
-6.532895221665210861e-02
-6.513399603676575667e-02
-6.493941841771132262e-02
-6.474521901986615702e-02
-6.455139750355667894e-02
-6.435795352905844535e-02
-6.416488675659605401e-02
-6.397219684634311565e-02
-6.377988345842212914e-02
-6.358794625290445368e-02
-6.339638488981022557e-02
-6.320519902910838594e-02
-6.301438833071650036e-02
-6.282395245450073107e-02
-6.263389106027579534e-02
-6.244420380780495855e-02
-6.225489035679984684e-02
-6.206595036692046791e-02
-6.187738349777510000e-02
-6.168918940892033353e-02
-6.150136775986086990e-02
-6.131391821004952836e-02
-6.112684041888715586e-02
-6.094013404572266868e-02
-6.075379874985280954e-02
-6.056783419052218925e-02
-6.038224002692328674e-02
-6.019701591819622694e-02
-6.001216152342883636e-02
-5.982767650165649043e-02
-5.964356051186220364e-02
-5.945981321297637290e-02
-5.927643426387682601e-02
-5.909342332338870379e-02
-5.891078005028450165e-02
-5.872850410328385451e-02
-5.854659514105355067e-02
-5.836505282220745550e-02
-5.818387680530650446e-02
-5.800306674885851582e-02
-5.782262231131821140e-02
-5.764254315108710558e-02
-5.746282892651353308e-02
-5.728347929589243381e-02
-5.710449391746540843e-02
-5.692587244942055175e-02
-5.674761454989253606e-02
-5.656971987696237519e-02
-5.639218808865744531e-02
-5.621501884295138085e-02
-5.603821179776410227e-02
-5.586176661096162177e-02
-5.568568294035599470e-02
-5.550996044370538202e-02
-5.533459877871380744e-02
-5.515959760303119214e-02
-5.498495657425322980e-02
-5.481067534992143525e-02
-5.463675358752291544e-02
-5.446319094449038334e-02
-5.428998707820206771e-02
-5.411714164598173393e-02
-5.394465430509845505e-02
-5.377252471276665335e-02
-5.360075252614596858e-02
-5.342933740234130646e-02
-5.325827899840259588e-02
-5.308757697132484438e-02
-5.291723097804797854e-02
-5.274724067545693423e-02
-5.257760572038135821e-02
-5.240832576959571221e-02
-5.223940047981909945e-02
-5.207082950771531327e-02
-5.190261250989262193e-02
-5.173474914290376175e-02
-5.156723906324593015e-02
-5.140008192736059134e-02
-5.123327739163348327e-02
-5.106682511239449274e-02
-5.090072474591769008e-02
-5.073497594842112796e-02
-5.056957837606682743e-02
-5.040453168496067393e-02
-5.023983553115245193e-02
-5.007548957063560902e-02
-4.991149345934728365e-02
-4.974784685316820804e-02
-4.958454940792267340e-02
-4.942160077937837043e-02
-4.925900062324637535e-02
-4.909674859518105283e-02
-4.893484435078003514e-02
-4.877328754558406254e-02
-4.861207783507695557e-02
-4.845121487468550397e-02
-4.829069831977950145e-02
-4.813052782567151661e-02
-4.797070304761690690e-02
-4.781122364081370063e-02
-4.765208926040262472e-02
-4.749329956146685489e-02
-4.733485419903206426e-02
-4.717675282806635395e-02
-4.701899510348007960e-02
-4.686158068012586525e-02
-4.670450921279844375e-02
-4.654778035623471227e-02
-4.639139376511349638e-02
-4.623534909405557086e-02
-4.607964599762352093e-02
-4.592428413032177692e-02
-4.576926314659638534e-02
-4.561458270083502270e-02
-4.546024244736687758e-02
-4.530624204046265063e-02
-4.515258113433435333e-02
-4.499925938313529411e-02
-4.484627644096000204e-02
-4.469363196184416437e-02
-4.454132559976448774e-02
-4.438935700863865658e-02
-4.423772584232521510e-02
-4.408643175462360897e-02
-4.393547439927391468e-02
-4.378485342995690199e-02
-4.363456850029386741e-02
-4.348461926384666887e-02
-4.333500537411749676e-02
-4.318572648454886698e-02
-4.303678224852357931e-02
-4.288817231936454394e-02
-4.273989635033474677e-02
-4.259195399463716614e-02
-4.244434490541472427e-02
-4.229706873575012072e-02
-4.215012513866580462e-02
-4.200351376712385676e-02
-4.185723427402601032e-02
-4.171128631221340116e-02
-4.156566953446658857e-02
-4.142038359350545818e-02
-4.127542814198914556e-02
-4.113080283251591140e-02
-4.098650731762307903e-02
-4.084254124978692335e-02
-4.069890428142269173e-02
-4.055559606488434721e-02
-4.041261625246461708e-02
-4.026996449639482639e-02
-4.012764044884490483e-02
-3.998564376192319247e-02
-3.984397408767637733e-02
-3.970263107808951614e-02
-3.956161438508577766e-02
-3.942092366052647734e-02
-3.928055855621092468e-02
-3.914051872387640935e-02
-3.900080381519801381e-02
-3.886141348178859950e-02
-3.872234737519866105e-02
-3.858360514691633325e-02
-3.844518644836717597e-02
-3.830709093091416023e-02
-3.816931824585755723e-02
-3.803186804443488972e-02
-3.789473997782076553e-02
-3.775793369712684283e-02
-3.762144885340169137e-02
-3.748528509763081329e-02
-3.734944208073639332e-02
-3.721391945357730574e-02
-3.707871686694898944e-02
-3.694383397158342019e-02
-3.680927041814890943e-02
-3.667502585725009034e-02
-3.654109993942777912e-02
-3.640749231515895412e-02
-3.627420263485656854e-02
-3.614123054886948794e-02
-3.600857570748248332e-02
-3.587623776091598132e-02
-3.574421635932609198e-02
-3.561251115280443524e-02
-3.548112179137816180e-02
-3.535004792500969634e-02
-3.521928920359675835e-02
-3.508884527697222339e-02
-3.495871579490406056e-02
-3.482890040709519380e-02
-3.469939876318341165e-02
-3.457021051274127704e-02
-3.444133530527608567e-02
-3.431277279022966475e-02
-3.418452261697834532e-02
-3.405658443483282338e-02
-3.392895789303813914e-02
-3.380164264077348268e-02
-3.367463832715214544e-02
-3.354794460122138833e-02
-3.342156111196242785e-02
-3.329548750829021408e-02
-3.316972343905341680e-02
-3.304426855303427280e-02
-3.291912249894857201e-02
-3.279428492544543550e-02
-3.266975548110728766e-02
-3.254553381444978688e-02
-3.242161957392162425e-02
-3.229801240790449585e-02
-3.217471196471296396e-02
-3.205171789259442933e-02
-3.192902983972890907e-02
-3.180664745422901590e-02
-3.168457038413981242e-02
-3.156279827743879718e-02
-3.144133078203565496e-02
-3.132016754577226364e-02
-3.119930821642253119e-02
-3.107875244169236439e-02
-3.095849986921947114e-02
-3.083855014657330487e-02
-3.071890292125493971e-02
-3.059955784069702187e-02
-3.048051455226356843e-02
-3.036177270324992572e-02
-3.024333194088263052e-02
-3.012519191231936150e-02
-3.000735226464874492e-02
-2.988981264489027831e-02
-2.977257269999429579e-02
-2.965563207684173211e-02
-2.953899042224410534e-02
-2.942264738294336074e-02
-2.930660260561181868e-02
-2.919085573685199428e-02
-2.907540642319651758e-02
-2.896025431110802253e-02
-2.884539904697907414e-02
-2.873084027713197416e-02
-2.861657764781871949e-02
-2.850261080522083906e-02
-2.838893939544936268e-02
-2.827556306454460586e-02
-2.816248145847611781e-02
-2.804969422314254265e-02
-2.793720100437156392e-02
-2.782500144791969984e-02
-2.771309519947224437e-02
-2.760148190464313186e-02
-2.749016120897487467e-02
-2.737913275793836532e-02
-2.726839619693280717e-02
-2.715795117128557909e-02
-2.704779732625217994e-02
-2.693793430701602043e-02
-2.682836175868833634e-02
-2.671907932630813998e-02
-2.661008665484199814e-02
-2.650138338918397313e-02
-2.639296917415548047e-02
-2.628484365450522303e-02
-2.617700647490898633e-02
-2.606945727996958298e-02
-2.596219571421668967e-02
-2.585522142210679511e-02
-2.574853404802299531e-02
-2.564213323627491381e-02
-2.553601863109857331e-02
-2.543018987665631586e-02
-2.532464661703659470e-02
-2.521938849625391527e-02
-2.511441515824868256e-02
-2.500972624688713175e-02
-2.490532140596111652e-02
-2.480120027918805356e-02
-2.469736251021075260e-02
-2.459380774259735739e-02
-2.449053561984113406e-02
-2.438754578536041218e-02
-2.428483788249840430e-02
-2.418241155452316091e-02
-2.408026644462734830e-02
-2.397840219592816541e-02
-2.387681845146725004e-02
-2.377551485421048119e-02
-2.367449104704789573e-02
-2.357374667279353228e-02
-2.347328137418536187e-02
-2.337309479388507277e-02
-2.327318657447799422e-02
-2.317355635847293330e-02
-2.307420378830210908e-02
-2.297512850632093748e-02
-2.287633015480794452e-02
-2.277780837596461022e-02
-2.267956281191530268e-02
-2.258159310470703521e-02
-2.248389889630942468e-02
-2.238647982861449379e-02
-2.228933554343661555e-02
-2.219246568251228083e-02
-2.209586988750003589e-02
-2.199954779998029505e-02
-2.190349906145528172e-02
-2.180772331334878897e-02
-2.171222019700610670e-02
-2.161698935369389327e-02
-2.152203042459999507e-02
-2.142734305083332860e-02
-2.133292687342372429e-02
-2.123878153332185714e-02
-2.114490667139899346e-02
-2.105130192844694229e-02
-2.095796694517785067e-02
-2.086490136222414818e-02
-2.077210482013829712e-02
-2.067957695939272658e-02
-2.058731742037964857e-02
-2.049532584341096780e-02
-2.040360186871806661e-02
-2.031214513645171124e-02
-2.022095528668187495e-02
-2.013003195939764775e-02
-2.003937479450702136e-02
-1.994898343183677814e-02
-1.985885751113233497e-02
-1.976899667205763225e-02
-1.967940055419491879e-02
-1.959006879704466159e-02
-1.950100104002535154e-02
-1.941219692247342019e-02
-1.932365608364301421e-02
-1.923537816270587050e-02
-1.914736279875121558e-02
-1.905960963078554005e-02
-1.897211829773248065e-02
-1.888488843843266068e-02
-1.879791969164358242e-02
-1.871121169603938775e-02
-1.862476409021077139e-02
-1.853857651266478668e-02
-1.845264860182475181e-02
-1.836697999603000703e-02
-1.828157033353582442e-02
-1.819641925251321360e-02
-1.811152639104881418e-02
-1.802689138714467371e-02
-1.794251387871812972e-02
-1.785839350360162933e-02
-1.777452989954261819e-02
-1.769092270420330459e-02
-1.760757155516055883e-02
-1.752447608990571545e-02
-1.744163594584446225e-02
-1.735905076029660432e-02
-1.727672017049596345e-02
-1.719464381359016997e-02
-1.711282132664056210e-02
-1.703125234662193621e-02
-1.694993651042243574e-02
-1.686887345484340203e-02
-1.678806281659914537e-02
-1.670750423231683393e-02
-1.662719733853628562e-02
-1.654714177170985706e-02
-1.646733716820220073e-02
-1.638778316429014698e-02
-1.630847939616250977e-02
-1.622942549991995137e-02
-1.615062111157476027e-02
-1.607206586705071591e-02
-1.599375940218288744e-02
-1.591570135271751230e-02
-1.583789135431175679e-02
-1.576032904253358777e-02
-1.568301405286156441e-02
-1.560594602068471511e-02
-1.552912458130229802e-02
-1.545254936992365886e-02
-1.537622002166804183e-02
-1.530013617156444558e-02
-1.522429745455138039e-02
-1.514870350547672766e-02
-1.507335395909758548e-02
-1.499824845008002755e-02
-1.492338661299896091e-02
-1.484876808233791950e-02
-1.477439249248893582e-02
-1.470025947775227548e-02
-1.462636867233631580e-02
-1.455271971035731852e-02
-1.447931222583930325e-02
-1.440614585271378714e-02
-1.433322022481964449e-02
-1.426053497590290021e-02
-1.418808973961657380e-02
-1.411588414952042597e-02
-1.404391783908085813e-02
-1.397219044167059832e-02
-1.390070159056866310e-02
-1.382945091896000366e-02
-1.375843805993545201e-02
-1.368766264649147121e-02
-1.361712431152989344e-02
-1.354682268785785230e-02
-1.347675740818752091e-02
-1.340692810513586034e-02
-1.333733441122453983e-02
-1.326797595887967141e-02
-1.319885238043156522e-02
-1.312996330811466023e-02
-1.306130837406716157e-02
-1.299288721033098511e-02
-1.292469944885149026e-02
-1.285674472147722673e-02
-1.278902265995983216e-02
-1.272153289595378753e-02
-1.265427506101613787e-02
-1.258724878660642983e-02
-1.252045370408635255e-02
-1.245388944471965617e-02
-1.238755563967188986e-02
-1.232145192001013467e-02
-1.225557791670290816e-02
-1.218993326061989547e-02
-1.212451758253167873e-02
-1.205933051310965898e-02
-1.199437168292569189e-02
-1.192964072245199930e-02
-1.186513726206090205e-02
-1.180086093202454937e-02
-1.173681136251480614e-02
-1.167298818360298571e-02
-1.160939102525957410e-02
-1.154601951735411726e-02
-1.148287328965494521e-02
-1.141995197182890144e-02
-1.135725519344123885e-02
-1.129478258395525889e-02
-1.123253377273221096e-02
-1.117050838903100446e-02
-1.110870606200794510e-02
-1.104712642071660131e-02
-1.098576909410752672e-02
-1.092463371102797565e-02
-1.086371990022180420e-02
-1.080302729032908693e-02
-1.074255550988601621e-02
-1.068230418732461079e-02
-1.062227295097243653e-02
-1.056246142905246412e-02
-1.050286924968279502e-02
-1.044349604087635962e-02
-1.038434143054080792e-02
-1.032540504647813141e-02
-1.026668651638453639e-02
-1.020818546785016469e-02
-1.014990152835878491e-02
-1.009183432528766404e-02
-1.003398348590726387e-02
-9.976348637380947834e-03
-9.918929406764837031e-03
-9.861725421007510109e-03
-9.804736306949704897e-03
-9.747961691324188299e-03
-9.691401200755367720e-03
-9.635054461759157488e-03
-9.578921100742677011e-03
-9.523000744003950677e-03
-9.467293017731741311e-03
-9.411797548005251812e-03
-9.356513960793823304e-03
-9.301441881956777277e-03
-9.246580937243040893e-03
-9.191930752290987383e-03
-9.137490952628132476e-03
-9.083261163670820412e-03
-9.029241010724055674e-03
-8.975430118981192473e-03
-8.921828113523617293e-03
-8.868434619320589296e-03
-8.815249261228853481e-03
-8.762271663992474147e-03
-8.709501452242513972e-03
-8.656938250496720028e-03
-8.604581683159343367e-03
-8.552431374520809426e-03
-8.500486948757405778e-03
-8.448748029931087838e-03
-8.397214241989159680e-03
-8.345885208763944435e-03
-8.294760553972610820e-03
-8.243839901216768948e-03
-8.193122873982289917e-03
-8.142609095638976210e-03
-8.092298189440233838e-03
-8.042189778522867635e-03
-7.992283485906746462e-03
-7.942578934494478812e-03
-7.893075747071208112e-03
-7.843773546304213737e-03
-7.794671954742714119e-03
-7.745770594817525008e-03
-7.697069088840722065e-03
-7.648567059005423156e-03
-7.600264127385450083e-03
-7.552159915934980768e-03
-7.504254046488344557e-03
-7.456546140759607623e-03
-7.409035820342360461e-03
-7.361722706709370942e-03
-7.314606421212234769e-03
-7.267686585081143888e-03
-7.220962819424531741e-03
-7.174434745228728920e-03
-7.128101983357714236e-03
-7.081964154552768641e-03
-7.036020879432113538e-03
-6.990271778490680064e-03
-6.944716472099688419e-03
-6.899354580506411941e-03
-6.854185723833814553e-03
-6.809209522080186469e-03
-6.764425595118892659e-03
-6.719833562698003353e-03
-6.675433044439929749e-03
-6.631223659841174213e-03
-6.587205028271898334e-03
-6.543376768975673989e-03
-6.499738501069106042e-03
-6.456289843541459378e-03
-6.413030415254389154e-03
-6.369959834941561760e-03
-6.327077721208271451e-03
-6.284383692531184465e-03
-6.241877367257888873e-03
-6.199558363606630026e-03
-6.157426299665923718e-03
-6.115480793394169334e-03
-6.073721462619360162e-03
-6.032147925038693938e-03
-5.990759798218181671e-03
-5.949556699592351006e-03
-5.908538246463851569e-03
-5.867704056003056855e-03
-5.827053745247775390e-03
-5.786586931102795373e-03
-5.746303230339588029e-03
-5.706202259595906032e-03
-5.666283635375374966e-03
-5.626546974047181085e-03
-5.586991891845663645e-03
-5.547618004869900310e-03
-5.508424929083400104e-03
-5.469412280313635903e-03
-5.430579674251729584e-03
-5.391926726452034822e-03
-5.353453052331712085e-03
-5.315158267170402503e-03
-5.277041986109800263e-03
-5.239103824153222393e-03
-5.201343396165277431e-03
-5.163760316871428280e-03
-5.126354200857561987e-03
-5.089124662569653214e-03
-5.052071316313275912e-03
-5.015193776253266782e-03
-4.978491656413279454e-03
-4.941964570675342130e-03
-4.905612132779499368e-03
-4.869433956323365384e-03
-4.833429654761672162e-03
-4.797598841405913833e-03
-4.761941129423843608e-03
-4.726456131839112951e-03
-4.691143461530813616e-03
-4.656002731233010138e-03
-4.621033553534370335e-03
-4.586235540877689996e-03
-4.551608305559429711e-03
-4.517151459729336696e-03
-4.482864615389920045e-03
-4.448747384396076025e-03
-4.414799378454600624e-03
-4.381020209123715967e-03
-4.347409487812663523e-03
-4.313966825781223591e-03
-4.280691834139222635e-03
-4.247584123846126491e-03
-4.214643305710545976e-03
-4.181868990389739880e-03
-4.149260788389205583e-03
-4.116818310062136076e-03
-4.084541165608999297e-03
-4.052428965077035060e-03
-4.020481318359746779e-03
-3.988697835196461719e-03
-3.957078125171823585e-03
-3.925621797715267772e-03
-3.894328462100592452e-03
-3.863197727445388287e-03
-3.832229202710599539e-03
-3.801422496699994116e-03
-3.770777218059631012e-03
-3.740292975277401902e-03
-3.709969376682491649e-03
-3.679806030444838366e-03
-3.649802544574671116e-03
-3.619958526921923138e-03
-3.590273585175761308e-03
-3.560747326864034494e-03
-3.531379359352715842e-03
-3.502169289845417054e-03
-3.473116725382823736e-03
-3.444221272842130314e-03
-3.415482538936543029e-03
-3.386900130214704017e-03
-3.358473653060119711e-03
-3.330202713690654740e-03
-3.302086918157915232e-03
-3.274125872346735338e-03
-3.246319181974590459e-03
-3.218666452591003539e-03
-3.191167289577015540e-03
-3.163821298144587398e-03
-3.136628083335992866e-03
-3.109587250023289427e-03
-3.082698402907667768e-03
-3.055961146518910987e-03
-3.029375085214776591e-03
-3.002939823180373734e-03
-2.976654964427602901e-03
-2.950520112794524901e-03
-2.924534871944727259e-03
-2.898698845366759133e-03
-2.873011636373451298e-03
-2.847472848101343258e-03
-2.822082083510032285e-03
-2.796838945381518570e-03
-2.771743036319611504e-03
-2.746793958749266153e-03
-2.721991314915915387e-03
-2.697334706884863594e-03
-2.672823736540608404e-03
-2.648458005586162411e-03
-2.624237115542437347e-03
-2.600160667747520270e-03
-2.576228263356048192e-03
-2.552439503338510725e-03
-2.528793988480547081e-03
-2.505291319382299889e-03
-2.481931096457701356e-03
-2.458712919933758994e-03
-2.435636389849898161e-03
-2.412701106057203986e-03
-2.389906668217755235e-03
-2.367252675803887488e-03
-2.344738728097453279e-03
-2.322364424189132109e-03
-2.300129362977679313e-03
-2.278033143169170584e-03
-2.256075363276302884e-03
-2.234255621617595167e-03
-2.212573516316678878e-03
-2.191028645301521232e-03
-2.169620606303640249e-03
-2.148348996857372701e-03
-2.127213414299078311e-03
-2.106213455766340909e-03
-2.085348718197216865e-03
-2.064618798329422803e-03
-2.044023292699519850e-03
-2.023561797642148188e-03
-2.003233909289169230e-03
-1.983039223568888905e-03
-1.962977336205216309e-03
-1.943047842716816515e-03
-1.923250338416308044e-03
-1.903584418409402877e-03
-1.884049677594041476e-03
-1.864645710659574651e-03
-1.845372112085857377e-03
-1.826228476142417647e-03
-1.807214396887564609e-03
-1.788329468167488678e-03
-1.769573283615404795e-03
-1.750945436650638669e-03
-1.732445520477708233e-03
-1.714073128085442412e-03
-1.695827852246047616e-03
-1.677709285514167748e-03
-1.659717020225984956e-03
-1.641850648498238870e-03
-1.624109762227314135e-03
-1.606493953088268534e-03
-1.589002812533854385e-03
-1.571635931793576371e-03
-1.554392901872696893e-03
-1.537273313551233830e-03
-1.520276757382997990e-03
-1.503402823694550538e-03
-1.486651102584223309e-03
-1.470021183921083182e-03
-1.453512657343889293e-03
-1.437125112260080606e-03
-1.420858137844715563e-03
-1.404711323039402630e-03
-1.388684256551265313e-03
-1.372776526851832808e-03
-1.356987722175986800e-03
-1.341317430520854717e-03
-1.325765239644695163e-03
-1.310330737065810037e-03
-1.295013510061410449e-03
-1.279813145666472245e-03
-1.264729230672618620e-03
-1.249761351626955692e-03
-1.234909094830898306e-03
-1.220172046339025118e-03
-1.205549791957863208e-03
-1.191041917244722338e-03
-1.176648007506478051e-03
-1.162367647798343917e-03
-1.148200422922668069e-03
-1.134145917427683984e-03
-1.120203715606248691e-03
-1.106373401494608732e-03
-1.092654558871096514e-03
-1.079046771254872639e-03
-1.065549621904617267e-03
-1.052162693817209997e-03
-1.038885569726430771e-03
-1.025717832101615034e-03
-1.012659063146295222e-03
-9.997088447968676371e-04
-9.868667587211903472e-04
-9.741323863172217596e-04
-9.615053087116112642e-04
-9.489851067582749178e-04
-9.365713610369898840e-04
-9.242636518519420363e-04
-9.120615592302614176e-04
-8.999646629205721197e-04
-8.879725423914973858e-04
-8.760847768301509427e-04
-8.643009451406450305e-04
-8.526206259425342469e-04
-8.410433975692931108e-04
-8.295688380667447280e-04
-8.181965251914738446e-04
-8.069260364092528020e-04
-7.957569488934207631e-04
-7.846888395232483023e-04
-7.737212848823147877e-04
-7.628538612568221220e-04
-7.520861446339373226e-04
-7.414177107000864209e-04
-7.308481348392307977e-04
-7.203769921311514333e-04
-7.100038573496876212e-04
-6.997283049609579007e-04
-6.895499091215885785e-04
-6.794682436768818617e-04
-6.694828821590052392e-04
-6.595933977851322922e-04
-6.497993634555638805e-04
-6.401003517518529060e-04
-6.304959349348823478e-04
-6.209856849429226970e-04
-6.115691733896914516e-04
-6.022459715623651238e-04
-5.930156504195705381e-04
-5.838777805893767808e-04
-5.748319323672268673e-04
-5.658776757138825287e-04
-5.570145802533196669e-04
-5.482422152705997403e-04
-5.395601497097371382e-04
-5.309679521715192840e-04
-5.224651909113013680e-04
-5.140514338367972854e-04
-5.057262485058089917e-04
-4.974892021239625799e-04
-4.893398615423943769e-04
-4.812777932554068976e-04
-4.733025633981181326e-04
-4.654137377440591182e-04
-4.576108817027429391e-04
-4.498935603172240258e-04
-4.422613382615942445e-04
-4.347137798384789861e-04
-4.272504489764795336e-04
-4.198709092275829027e-04
-4.125747237645561788e-04
-4.053614553782881619e-04
-3.982306664750961543e-04
-3.911819190740150210e-04
-3.842147748040320408e-04
-3.773287949012846774e-04
-3.705235402062399190e-04
-3.637985711608062887e-04
-3.571534478054349594e-04
-3.505877297761616162e-04
-3.441009763016080955e-04
-3.376927461999581115e-04
-3.313625978758738934e-04
-3.251100893173698887e-04
-3.189347780926591442e-04
-3.128362213469284008e-04
-3.068139757990923718e-04
-3.008675977384838904e-04
-2.949966430214957564e-04
-2.892006670681878332e-04
-2.834792248588289859e-04
-2.778318709303876266e-04
-2.722581593729852352e-04
-2.667576438262725218e-04
-2.613298774757736600e-04
-2.559744130491589079e-04
-2.506908028124594959e-04
-2.454785985662370860e-04
-2.403373516416796142e-04
-2.352666128966355501e-04
-2.302659327115976319e-04
-2.253348609856094622e-04
-2.204729471321057756e-04
-2.156797400746988773e-04
-2.109547882428751463e-04
-2.062976395676407169e-04
-2.017078414770807492e-04
-1.971849408918446758e-04
-1.927284842205661251e-04
-1.883380173551930188e-04
-1.840130856662375465e-04
-1.797532339979559927e-04
-1.755580066634255642e-04
-1.714269474395528322e-04
-1.673595995619810172e-04
-1.633555057199061753e-04
-1.594142080508100618e-04
-1.555352481350860672e-04
-1.517181669905669499e-04
-1.479625050669604129e-04
-1.442678022401706764e-04
-1.406335978065131745e-04
-1.370594304768289100e-04
-1.335448383704706285e-04
-1.300893590091871323e-04
-1.266925293108778423e-04
-1.233538855832241941e-04
-1.200729635172025317e-04
-1.168492981804574902e-04
-1.136824240105412234e-04
-1.105718748080226481e-04
-1.075171837294404826e-04
-1.045178832801222231e-04
-1.015735053068423196e-04
-9.868358099032418639e-05
-9.584764083758771306e-05
-9.306521467412281568e-05
-9.033583163589099276e-05
-8.765902016115675638e-05
-8.503430798212420504e-05
-8.246122211639497421e-05
-7.993928885822269566e-05
-7.746803376956499566e-05
-7.504698167093185285e-05
-7.267565663201071887e-05
-7.035358196206718210e-05
-6.808028020011881623e-05
-6.585527310486214249e-05
-6.367808164434995435e-05
-6.154822598541587393e-05
-5.946522548282110886e-05
-5.742859866813149341e-05
-5.543786323829921330e-05
-5.349253604394419299e-05
-5.159213307732815905e-05
-4.973616945999899766e-05
-4.792415943009774228e-05
-4.615561632931917231e-05
-4.443005258949912762e-05
-4.274697971882811227e-05
-4.110590828766284887e-05
-3.950634791392383037e-05
-3.794780724806476785e-05
-3.642979395758673438e-05
-3.495181471108121626e-05
-3.351337516178457530e-05
-3.211397993061110479e-05
-3.075313258865277992e-05
-2.943033563911014424e-05
-2.814509049863135734e-05
-2.689689747803361312e-05
-2.568525576236952722e-05
-2.450966339030923703e-05
-2.336961723280588460e-05
-2.226461297100110112e-05
-2.119414507333359588e-05
-2.015770677181079882e-05
-1.915479003739008508e-05
-1.818488555442908662e-05
-1.724748269414469752e-05
-1.634206948702673548e-05
-1.546813259414687259e-05
-1.462515727729176398e-05
-1.381262736785110587e-05
-1.303002523438509297e-05
-1.227683174878143226e-05
-1.155252625091722495e-05
-1.085658651172083207e-05
-1.018848869452778688e-05
-9.547707314614202370e-06
-8.933715196775016696e-06
-8.345983430807510855e-06
-7.783981324746224958e-06
-7.247176355674313328e-06
-6.735034117927762688e-06
-6.247018268480224755e-06
-5.782590469279464506e-06
-5.341210326280163955e-06
-4.922335324885170707e-06
-4.525420761477590357e-06
-4.149919670687253159e-06
-3.795282747987705314e-06
-3.460958267171727357e-06
-3.146391992193176689e-06
-2.851027082789768527e-06
-2.574303993224271926e-06
-2.315660363379378451e-06
-2.074530901329302661e-06
-1.850347256372703173e-06
-1.642537881343712873e-06
-1.450527882818821297e-06
-1.273738857591685342e-06
-1.111588713484256683e-06
-9.634914721909055030e-07
-8.288570513799037744e-07
-7.070910226841448212e-07
-5.975943414514143676e-07
-4.997630431363215324e-07
-4.129878999184410503e-07
-3.366540293959837115e-07
-2.701404448443772126e-07
-2.128195332584149251e-07
-1.640564427530250605e-07
-1.232083541379695845e-07
-8.962360133190437211e-08
-6.264058948527219285e-08
-4.158643401388431128e-08
-2.577519976293452150e-08
-1.450553895070972139e-08
-7.057365483760789195e-09
-2.686840211545819519e-09
-6.179625051839349793e-10
0.000000000000000000e+00
2.960227989417599670e-11
6.500348359482348852e-10
2.769659131309661188e-09
7.212071999940929493e-09
1.475225921563189734e-08
2.613334140230379672e-08
4.207485192251338995e-08
6.327769153311780884e-08
9.042742143848011620e-08
1.241966056781678568e-07
1.652465592129407335e-07
2.142287001676956383e-07
2.717856254854538906e-07
3.385519859233394173e-07
4.151552109990383118e-07
5.022161188923567868e-07
6.003494362710729544e-07
7.101642463188145173e-07
8.322643786446022523e-07
9.672487515116351685e-07
1.115711674482877139e-06
1.278243117859412249e-06
1.455428953999666555e-06
1.647851174626340894e-06
1.856088087471451539e-06
2.080714495021187260e-06
2.322301857652836717e-06
2.581418443086519393e-06
2.858629463772460887e-06
3.154497203590198742e-06
3.469581135038103418e-06
3.804438027924629565e-06
4.159622050434890537e-06
4.535684863334511395e-06
4.933175707970906134e-06
5.352641488655367123e-06
5.794626849936448980e-06
6.259674249215185805e-06
6.748324025104712386e-06
7.261114461889681556e-06
7.798581850402118922e-06
8.361260545600807478e-06
8.949683021108718558e-06
9.564379920936885639e-06
1.020588010860638012e-05
1.087471071385147695e-05
1.157139717707856072e-05
1.229646329173421055e-05
1.305043124472171767e-05
1.383382165499837274e-05
1.464715361046980194e-05
1.549094470328702923e-05
1.636571106365094299e-05
1.727196739220864143e-05
1.821022699113130527e-05
1.918100179394901727e-05
2.018480239421158233e-05
2.122213807304631068e-05
2.229351682567204317e-05
2.339944538692333034e-05
2.454042925584504713e-05
2.571697271939785671e-05
2.692957887532791036e-05
2.817874965424074964e-05
2.946498584091623664e-05
3.078878709490782267e-05
3.215065197045844427e-05
3.355107793576223203e-05
3.499056139160932867e-05
3.646959768943970853e-05
3.798868114882874973e-05
3.954830507444018526e-05
4.114896177245827113e-05
4.279114256653195509e-05
4.447533781324846091e-05
4.620203691715217873e-05
4.797172834533581040e-05
4.978489964161812216e-05
5.164203744031993943e-05
5.354362747966700663e-05
5.549015461481978658e-05
5.748210283055739264e-05
5.951995525362440174e-05
6.160419416474836808e-05
6.373530101035029761e-05
6.591375641395507627e-05
6.814004018730691393e-05
7.041463134121530318e-05
7.273800809612345614e-05
7.511064789242428486e-05
7.753302740052683904e-05
8.000562253067626387e-05
8.252890844254695644e-05
8.510335955461172585e-05
8.772944955328762138e-05
9.040765140187855388e-05
9.313843734931555101e-05
9.592227893869358893e-05
9.875964701563019472e-05
1.016510117364291364e-04
1.045968425760742185e-04
1.075976083360512720e-04
1.106537771519962657e-04
1.137658165011891219e-04
1.169341932098912984e-04
1.201593734605230310e-04
1.234418227987063240e-04
1.267820061401520059e-04
1.301803877774168432e-04
1.336374313865266875e-04
1.371536000334600859e-04
1.407293561805136319e-04
1.443651616925441781e-04
1.480614778430812699e-04
1.518187653203380706e-04
1.556374842330939445e-04
1.595180941164768594e-04
1.634610539376391307e-04
1.674668221013189174e-04
1.715358564553100772e-04
1.756686142958333030e-04
1.798655523728011178e-04
1.841271268949990056e-04
1.884537935351756049e-04
1.928460074350323971e-04
1.973042232101440327e-04
2.018288949547767156e-04
2.064204762466359240e-04
2.110794201515341453e-04
2.158061792279689463e-04
2.206012055316357756e-04
2.254649506198666325e-04
2.303978655559826242e-04
2.354004009135953206e-04
2.404730067808189074e-04
2.456161327644276944e-04
2.508302279939481115e-04
2.561157411256732115e-04
2.614731203466265667e-04
2.669028133784650180e-04
2.724052674813060709e-04
2.779809294575189709e-04
2.836302456554354941e-04
2.893536619730192124e-04
2.951516238614806031e-04
3.010245763288233660e-04
3.069729639433526843e-04
3.129972308371317159e-04
3.190978207093734110e-04
3.252751768297972024e-04
3.315297420419375022e-04
3.378619587663886110e-04
3.442722690040278337e-04
3.507611143391682856e-04
3.573289359426838336e-04
3.639761745750916462e-04
3.707032705895746774e-04
3.775106639349797033e-04
3.843987941587738324e-04
3.913681004099425244e-04
3.984190214418766572e-04
4.055519956151920494e-04
4.127674609005305508e-04
4.200658548813244325e-04
4.274476147565064586e-04
4.349131773432018521e-04
4.424629790793859450e-04
4.500974560264866977e-04
4.578170438719846697e-04
4.656221779319485890e-04
4.735132931535595375e-04
4.814908241176034777e-04
4.895552050409132010e-04
4.977068697787985670e-04
5.059462518274479570e-04
5.142737843262787161e-04
5.226899000602797888e-04
5.311950314623252976e-04
5.397896106154375989e-04
5.484740692550572764e-04
5.572488387712511192e-04
5.661143502109173891e-04
5.750710342799645247e-04
5.841193213454430079e-04
5.932596414376737617e-04
6.024924242523516105e-04
6.118180991526000600e-04
6.212370951710391963e-04
6.307498410117926523e-04
6.403567650524958754e-04
6.500582953462839039e-04
6.598548596237305709e-04
6.697468852947912861e-04
6.797347994507238087e-04
6.898190288659630494e-04
7.000000000000001013e-04
