1.703698592764631536e+00 1.455524072550420600e+00 -4.022634135175336412e-01 0.000000000000000000e+00
-9.377926923848209362e-02 1.132791978722735848e+00 2.898111051231897495e-01 0.000000000000000000e+00
1.296262640267751731e+00 -1.978979220079716050e+00 -1.258895073460026603e+00 0.000000000000000000e+00
1.411365043130253794e+00 1.780131347260536512e-01 -3.270606990210075393e-01 0.000000000000000000e+00
-2.389568688663757379e-01 2.180675477058315881e-01 1.731140911897490198e-01 0.000000000000000000e+00
4.558066766890512267e-01 1.024701205393389936e+00 1.720896157753728728e+00 0.000000000000000000e+00
1.272972586213282353e+00 -2.534812296487088390e-01 -8.895266408360970323e-02 0.000000000000000000e+00
9.169904909668323834e-01 -9.349113335391046054e-01 -1.108333375031122170e+00 0.000000000000000000e+00
-2.200707354633956447e-01 5.349789446894954725e-01 -5.257746802482111265e-02 0.000000000000000000e+00
9.834469624886382766e-01 1.620311893505415601e-01 4.694030185077822104e-01 0.000000000000000000e+00
-1.587852389736015557e-01 -1.681256988744816647e-02 -2.073448709343674728e-02 0.000000000000000000e+00
3.887565660970822567e-01 4.127395084828725663e-02 -6.864650845041098126e-01 0.000000000000000000e+00
-3.748376721998646355e-01 6.765860521370638259e-02 -5.315745952382436995e-02 0.000000000000000000e+00
-3.227184393427836029e-01 -7.485729243050078807e-01 1.030105015586220807e+00 0.000000000000000000e+00
1.160872710052625045e+00 -1.430829327703029563e-01 -5.155607015486205480e-01 0.000000000000000000e+00
-4.816153447421784861e-01 4.302237117167930225e-01 -3.594103275210270843e-01 0.000000000000000000e+00
6.015759188092614229e-01 -1.789977037961032247e+00 1.112233239340417512e+00 0.000000000000000000e+00
9.075997340659284207e-01 -1.140095066501820575e+00 5.613506680216973077e-01 0.000000000000000000e+00
4.014649455374771914e-01 -1.025080081242685903e+00 -6.465647910132547027e-01 0.000000000000000000e+00
8.536955892382220856e-01 6.152210397970616640e-01 1.435472216964010228e-01 0.000000000000000000e+00
-6.642365798094014562e-02 -5.676642874190100663e-02 -8.141090907788438302e-02 0.000000000000000000e+00
1.140427981144799263e-01 2.502569569778225200e-01 -2.117279980924937077e-01 0.000000000000000000e+00
-1.759842800030824994e-01 -5.059182595704204977e-02 -1.032927471112954770e-01 0.000000000000000000e+00
-3.797844426620223257e-01 -9.029202945182145390e-01 1.550840720892094626e-01 0.000000000000000000e+00
-1.358476871583748080e-01 -1.335101148382845382e-01 -3.095358147670272397e-01 0.000000000000000000e+00
1.454976177685740439e-02 9.770214152691179821e-02 -6.107072243199315187e-01 0.000000000000000000e+00
1.413515616620454260e-02 2.215611863545490778e-01 7.808043795470755999e-01 0.000000000000000000e+00
2.894346268188516258e-01 -6.849275766172143731e-01 7.356003911980523169e-01 0.000000000000000000e+00
-1.217445940085010309e-01 -2.942678194770478872e-01 -1.077430378614259443e-01 0.000000000000000000e+00
-3.584162372141284636e-01 4.154607334712037692e-02 5.734557919718993313e-01 0.000000000000000000e+00
-1.209593566786507868e+00 -8.110813299386354647e-01 2.575874141109346649e+00 0.000000000000000000e+00
-1.005284758300473008e-01 -1.260124995853731722e+00 2.861825267480559987e+00 0.000000000000000000e+00
-5.400298078047417460e-01 6.069781561423623906e-01 1.036534665496564145e+00 0.000000000000000000e+00
6.859490524592215532e-01 2.648287383437246678e-01 4.706579331494689100e-01 0.000000000000000000e+00
3.789750837032133668e-01 -1.643313489371670100e+00 8.165917578924364317e-01 0.000000000000000000e+00
1.935611396145318561e-02 -5.512553826051746347e-02 -1.984826761360380248e-02 0.000000000000000000e+00
1.799705263258953927e-02 1.154965315416026789e-01 2.105683262769847686e-01 0.000000000000000000e+00
9.071668906702143320e-02 -6.338605495456293808e-03 -5.717189339435188589e-02 0.000000000000000000e+00
-2.618241651022607530e-01 -5.484717660290304719e-01 -4.871064410474451600e-01 0.000000000000000000e+00
-4.426762231571963468e-01 8.269352767366623669e-02 -2.929042275455194244e-01 0.000000000000000000e+00
2.271308120444418266e-01 -6.581607527289526360e-02 -2.242329126459287614e-01 0.000000000000000000e+00
-5.213122169820968987e-02 7.196278132902120817e-01 7.486353053543158831e-01 0.000000000000000000e+00
4.711366060656427268e-01 -4.819478777797589486e-02 2.526819406677384694e-01 0.000000000000000000e+00
-2.665785395202234231e-01 5.123573671917776018e-01 -1.543812142511549919e-02 0.000000000000000000e+00
3.204267772910032730e-02 -4.447762785522055839e-01 -8.637769660361011015e-02 0.000000000000000000e+00
-1.063908607658535566e+00 -2.002083769453658402e+00 1.856299203762489913e+00 0.000000000000000000e+00
-7.256446511633936058e-01 9.310465222490057480e-01 2.922823426095025656e+00 0.000000000000000000e+00
-6.804048443013311909e-01 8.972127334763895234e-01 -1.773628100274828590e-01 0.000000000000000000e+00
4.189467072044141815e-01 -1.674903286126894209e-01 2.823522666883324650e-01 0.000000000000000000e+00
-1.020744229044701967e+00 -6.156423691265560105e-01 2.201657346422499495e-01 0.000000000000000000e+00
-1.148156439052915090e+00 -3.575498516041900054e-01 1.845680614592262181e+00 0.000000000000000000e+00
-1.230557175173623730e+00 1.916024426264164027e-01 8.643625219338457732e-01 0.000000000000000000e+00
-1.515631171466287341e+00 -3.402057443019708693e-01 2.586337777462969445e+00 0.000000000000000000e+00
9.455864791291481719e-01 -1.398531733960884482e+00 1.370901206632257008e+00 0.000000000000000000e+00
3.905132440250114190e-02 -8.645509513200201335e-01 -1.129786632612826830e-01 0.000000000000000000e+00
9.883466899087278712e-01 1.191630463670242834e+00 -2.523335521412426452e-01 0.000000000000000000e+00
