1.249234739522397941e-01 1.973623645198296916e-02 1.254124642826884850e-01 9.746887488091382501e-02
2.005371617640072657e-02 7.028255584531144240e-02 4.992237642956050270e-02 4.953448988366490613e-02
6.322701851507916970e-02 6.368927547876482298e-02 4.578229973053993263e-02 5.244957334830863127e-02
-8.098536220685101927e-01 -6.262197832387474961e-01 -7.974165455439263805e-01 -7.762453921391383460e-01
2.744193320039506334e-02 1.821544353333665045e-02 5.141367756186557281e-02 8.071019384743527425e-03
2.565693334392715741e-03 3.164646739615212256e-02 1.108479564298053832e-02 1.043628789417641589e-02
5.600824561071854335e-02 7.775908324635094626e-03 2.413985686771472072e-02 4.352119496626385975e-02
-5.885926991519951912e-02 -9.639329616402375622e-02 -1.498815135156483791e-02 -4.807226063868541566e-02
-1.236208162743619721e-03 7.035193887757987263e-02 2.702837932196960891e-02 4.687764139391462082e-02
2.896104483380159689e-01 1.781330616765087749e-01 2.793036141638919334e-01 2.750474318142888674e-01
-1.153764876761914637e-02 -1.178970992991856814e-03 2.678531982257925659e-03 -2.655400076333078174e-02
1.940526268595577086e-02 5.046286115700193697e-02 -1.609507017788636141e-02 1.816715583808325984e-02
-1.898249097675486219e-02 7.777494475313256883e-02 -2.965423209015491390e-02 3.049726638677296986e-02
5.923144356744181049e-03 -5.347650416542237828e-02 -2.362560034992045033e-02 -5.440559814149742435e-02
-2.393254081744733419e-03 -4.239633722274310790e-02 -1.520052714511799241e-02 -1.320576849486060356e-02
8.420213650863075938e-02 -9.249937231955190908e-03 2.899978728095847780e-02 2.451251102066609455e-02
1.623517945378655236e-02 5.582640331719068705e-03 3.433695962317193096e-02 4.462067531914448715e-02
1.925848354473111423e-03 1.408198983224689949e-02 2.733807935922372145e-03 7.821918605322414342e-03
-8.544456291334212583e-04 -2.336389975429731258e-03 2.919451231293002103e-04 3.252247891659398871e-04
-3.244353737972800744e-02 -1.046744837107673604e-02 -2.986186412822944281e-02 -3.030816423222459227e-02
-1.335090293198608336e-03 3.090115843650875771e-03 -4.953319647958864813e-03 5.343793860225154457e-03
-2.188587444454603848e-03 -6.424264734887219497e-03 7.286662408848426642e-03 -2.973122855491894256e-03
4.582981385635509497e-03 -3.467455624658366542e-02 4.383960580525439465e-03 -1.946724332647686850e-02
5.096133596603213967e-04 1.204821476065254249e-02 4.769568697053860884e-03 4.400724491976509833e-03
-2.045381714425684172e-03 -1.914143378453414535e-02 4.061264670303793567e-03 1.599806793915078962e-02
-2.650944178820009711e-02 -2.379078363738329482e-02 8.650791360097220828e-03 1.823097338609880325e-02
-6.625282203539251125e-03 7.928840299952677473e-02 -1.961215043919803391e-02 -2.083145965294880275e-02
-9.393472597356185283e-04 2.444668244691061698e-02 -5.952026661831810728e-04 -6.399460195914807858e-03
2.460440508945116456e-04 5.874057197613968828e-03 2.742002641765162174e-04 -2.014431237100447469e-04
1.151974437170659449e-02 3.212602952991402971e-02 -1.501410066954561584e-04 2.968533178456199406e-02
7.742420825670309759e-04 -4.621719012488056944e-02 8.833212561575320976e-04 1.862458333981700798e-03
1.253874048883669989e-04 -7.688163051386659452e-02 1.072900153787192945e-03 3.217315864032982420e-03
-5.580759049206782119e-04 -1.500253172906046428e-02 2.801782176165779070e-03 2.436953688645659977e-04
2.827713957092234387e-04 1.080814712103961295e-02 2.051830985673824825e-03 -2.537695362196112914e-04
8.598793536285889161e-01 8.683983086422880637e-01 8.523095896358413581e-01 8.634207147088596157e-01
1.435285313294029186e-04 3.482713437751548680e-03 4.795156630138973299e-04 3.362644839724737689e-04
