-3.631982273850842269e+00 -3.270921631367914806e+00 4.479960465590162144e+00 0.000000000000000000e+00
3.372746158065381000e-02 -2.175550019480895880e+00 -3.963523725738536729e+00 0.000000000000000000e+00
3.151007204348033497e+00 2.232479511474577460e+00 -5.355016578431891716e+00 0.000000000000000000e+00
2.906580581997123547e-01 -2.280410685124492520e+00 1.413712115277361292e-01 0.000000000000000000e+00
1.082677337275531171e+00 -7.077615179682168467e-01 -2.712849620360185954e-01 0.000000000000000000e+00
-8.394829822200836622e-01 2.748144036018398406e+00 -6.157503696210237187e+00 0.000000000000000000e+00
-7.366613456981906116e-02 4.899960141245887080e-01 2.829485735500151256e-01 0.000000000000000000e+00
4.391509540205910334e+00 1.051426902670838381e-01 -1.914389667552824026e+00 0.000000000000000000e+00
-2.370260757463320989e+00 1.093803890312718297e+00 -2.130339673715839321e+00 0.000000000000000000e+00
1.299814956914183695e+00 4.021392353236387662e-01 -2.311885580308955301e+00 0.000000000000000000e+00
7.884117419305651797e-01 4.593998888709387440e-01 7.240972388416482275e-01 0.000000000000000000e+00
2.790837751030076586e+00 -2.306108474894052129e+00 2.962538744592207340e+00 0.000000000000000000e+00
-1.705213949884172964e+00 1.041354246836153408e+00 -9.275857812537812164e-01 0.000000000000000000e+00
-1.898883721491920751e+00 -5.553846272277954688e-01 -6.577919846994912056e+00 0.000000000000000000e+00
3.828301239802138767e-01 -2.286259518132321311e+00 -1.506305639961673881e+00 0.000000000000000000e+00
-4.199968513014826210e-01 -6.931138686620228473e-01 1.803417120938205054e+00 0.000000000000000000e+00
-4.901180954124629174e+00 3.743494162870191211e+00 9.316789458184551620e+00 0.000000000000000000e+00
-3.372382358264391478e+00 2.363115646089163080e-02 4.871266511212581030e+00 0.000000000000000000e+00
1.626846901120259314e+00 -3.830373422123723337e+00 5.608070792504426194e+00 0.000000000000000000e+00
-3.630283687299544204e-01 1.014656719550566466e+00 -1.416457752482615184e+00 0.000000000000000000e+00
-7.815797944847113765e-02 8.224488610574441916e-01 -7.946629029293456048e-01 0.000000000000000000e+00
-3.041132550905309984e-01 -2.583759520631522033e+00 3.528613729977006397e+00 0.000000000000000000e+00
1.571884059941725642e+00 -5.758780472672210271e-01 1.279275989114418310e+00 0.000000000000000000e+00
-3.724965152034196869e+00 -1.247246766792409867e+00 -7.635641237011885352e-01 0.000000000000000000e+00
2.203520911708215235e-01 -1.425735880597865712e+00 9.092101812743345057e-01 0.000000000000000000e+00
4.843143417066537726e-01 9.910932040244513352e-01 -3.039845577958935063e-01 0.000000000000000000e+00
-4.453615611879360614e+00 3.392417502679554886e+00 9.415590505660825116e+00 0.000000000000000000e+00
-2.177179229478571065e-01 3.764829920289951559e+00 2.494313147657667429e+00 0.000000000000000000e+00
2.936028814253824226e+00 -5.019126608480311447e+00 -3.223306177612409229e+00 0.000000000000000000e+00
3.793322537421014662e+00 -1.683082340345670280e+00 3.154911997816479907e+00 0.000000000000000000e+00
-4.030937331621017528e+00 -1.312119948139965242e+00 6.155747774777857728e+00 0.000000000000000000e+00
3.273510719371378386e+00 4.204149125402537379e+00 3.085347178170344318e+00 0.000000000000000000e+00
-2.394931176247182270e-02 2.015298689349136474e+00 1.126011585534971937e+00 0.000000000000000000e+00
-2.903752358329144023e+00 -2.287329026281986977e+00 1.675751030613831238e+00 0.000000000000000000e+00
1.083398335899024983e-01 2.093170232872784364e+00 -4.808560362469656901e+00 0.000000000000000000e+00
