-4.000000000000000222e-01
-3.997631547014581788e-01
-3.995263795433027232e-01
-3.992896745255337665e-01
-3.990530396481509756e-01
-3.988164749111546281e-01
-3.985799803145446130e-01
-3.983435558583210967e-01
-3.981072015424838018e-01
-3.978709173670328947e-01
-3.976347033319683755e-01
-3.973985594372902996e-01
-3.971624856829985006e-01
-3.969264820690930340e-01
-3.966905485955739552e-01
-3.964546852624413753e-01
-3.962188920696949612e-01
-3.959831690173349905e-01
-3.957475161053613522e-01
-3.955119333337742127e-01
-3.952764207025733501e-01
-3.950409782117588198e-01
-3.948056058613306218e-01
-3.945703036512889783e-01
-3.943350715816335006e-01
-3.940999096523644107e-01
-3.938648178634817087e-01
-3.936297962149855056e-01
-3.933948447068755239e-01
-3.931599633391519300e-01
-3.929251521118146684e-01
-3.926904110248639057e-01
-3.924557400782994199e-01
-3.922211392721212664e-01
-3.919866086063294452e-01
-3.917521480809241785e-01
-3.915177576959050776e-01
-3.912834374512724200e-01
-3.910491873470260948e-01
-3.908150073831662685e-01
-3.905808975596926635e-01
-3.903468578766053909e-01
-3.901128883339045617e-01
-3.898789889315901758e-01
-3.896451596696620112e-01
-3.894114005481202345e-01
-3.891777115669648457e-01
-3.889440927261959557e-01
-3.887105440258132871e-01
-3.884770654658169509e-01
-3.882436570462070025e-01
-3.880103187669835529e-01
-3.877770506281463248e-01
-3.875438526296954844e-01
-3.873107247716309764e-01
-3.870776670539529674e-01
-3.868446794766612351e-01
-3.866117620397558352e-01
-3.863789147432368232e-01
-3.861461375871042545e-01
-3.859134305713579627e-01
-3.856807936959980587e-01
-3.854482269610244871e-01
-3.852157303664374144e-01
-3.849833039122365630e-01
-3.847509475984220995e-01
-3.845186614249939683e-01
-3.842864453919523915e-01
-3.840542994992969805e-01
-3.838222237470279574e-01
-3.835902181351453222e-01
-3.833582826636491858e-01
-3.831264173325392708e-01
-3.828946221418156881e-01
-3.826628970914785488e-01
-3.824312421815278529e-01
-3.821996574119633783e-01
-3.819681427827852915e-01
-3.817366982939935371e-01
-3.815053239455883372e-01
-3.812740197375693030e-01
-3.810427856699367122e-01
-3.808116217426903982e-01
-3.805805279558306387e-01
-3.803495043093571004e-01
-3.801185508032699500e-01
-3.798876674375691320e-01
-3.796568542122548129e-01
-3.794261111273267706e-01
-3.791954381827850051e-01
-3.789648353786296830e-01
-3.787343027148608599e-01
-3.785038401914782025e-01
-3.782734478084819885e-01
-3.780431255658720513e-01
-3.778128734636486685e-01
-3.775826915018115071e-01
-3.773525796803607335e-01
-3.771225379992962923e-01
-3.768925664586183499e-01
-3.766626650583266844e-01
-3.764328337984213513e-01
-3.762030726789023505e-01
-3.759733816997699041e-01
-3.757437608610236790e-01
-3.755142101626637863e-01
-3.752847296046902814e-01
-3.750553191871032754e-01
-3.748259789099024908e-01
-3.745967087730880940e-01
-3.743675087766600296e-01
-3.741383789206185195e-01
-3.739093192049631753e-01
-3.736803296296942190e-01
-3.734514101948116505e-01
-3.732225609003155253e-01
-3.729937817462056771e-01
-3.727650727324822166e-01
-3.725364338591450886e-01
-3.723078651261944594e-01
-3.720793665336300515e-01
-3.718509380814520315e-01
-3.716225797696603439e-01
-3.713942915982551551e-01
-3.711660735672362432e-01
-3.709379256766036637e-01
-3.707098479263574720e-01
-3.704818403164977236e-01
-3.702539028470242521e-01
-3.700260355179371685e-01
-3.697982383292364172e-01
-3.695705112809221649e-01
-3.693428543729941338e-01
-3.691152676054524906e-01
-3.688877509782972353e-01
-3.686603044915284233e-01
-3.684329281451458882e-01
-3.682056219391496854e-01
-3.679783858735398705e-01
-3.677512199483164990e-01
-3.675241241634794043e-01
-3.672970985190286974e-01
-3.670701430149643230e-01
-3.668432576512864474e-01
-3.666164424279947931e-01
-3.663896973450895267e-01
-3.661630224025706482e-01
-3.659364176004382130e-01
-3.657098829386920547e-01
-3.654834184173322287e-01
-3.652570240363587906e-01
-3.650306997957718513e-01
-3.648044456955711334e-01
-3.645782617357568034e-01
-3.643521479163288057e-01
-3.641261042372873069e-01
-3.639001306986320294e-01
-3.636742273003631398e-01
-3.634483940424806381e-01
-3.632226309249845797e-01
-3.629969379478747982e-01
-3.627713151111514045e-01
-3.625457624148142877e-01
-3.623202798588637252e-01
-3.620948674432993841e-01
-3.618695251681214309e-01
-3.616442530333298100e-01
-3.614190510389247435e-01
-3.611939191849058428e-01
-3.609688574712733300e-01
-3.607438658980272050e-01
-3.605189444651675235e-01
-3.602940931726941187e-01
-3.600693120206071018e-01
-3.598446010089064173e-01
-3.596199601375921762e-01
-3.593953894066642674e-01
-3.591708888161226354e-01
-3.589464583659674468e-01
-3.587220980561987016e-01
-3.584978078868162332e-01
-3.582735878578200972e-01
-3.580494379692102935e-01
-3.578253582209870443e-01
-3.576013486131500163e-01
-3.573774091456993207e-01
-3.571535398186350130e-01
-3.569297406319572041e-01
-3.567060115856656721e-01
-3.564823526797604170e-01
-3.562587639142416052e-01
-3.560352452891092367e-01
-3.558117968043631452e-01
-3.555884184600033859e-01
-3.553651102560300146e-01
-3.551418721924430866e-01
-3.549187042692424354e-01
-3.546956064864281721e-01
-3.544725788440002412e-01
-3.542496213419588091e-01
-3.540267339803035984e-01
-3.538039167590347756e-01
-3.535811696781523406e-01
-3.533584927376563489e-01
-3.531358859375466341e-01
-3.529133492778232517e-01
-3.526908827584862571e-01
-3.524684863795357614e-01
-3.522461601409714871e-01
-3.520239040427935451e-01
-3.518017180850019909e-01
-3.515796022675969357e-01
-3.513575565905781573e-01
-3.511355810539457112e-01
-3.509136756576995975e-01
-3.506918404018400381e-01
-3.504700752863667002e-01
-3.502483803112796945e-01
-3.500267554765790767e-01
-3.498052007822649578e-01
-3.495837162283370603e-01
-3.493623018147954951e-01
-3.491409575416403732e-01
-3.489196834088716948e-01
-3.486984794164892376e-01
-3.484773455644931683e-01
-3.482562818528834869e-01
-3.480352882816602489e-01
-3.478143648508232877e-01
-3.475935115603726588e-01
-3.473727284103084179e-01
-3.471520154006306758e-01
-3.469313725313391550e-01
-3.467107998024340221e-01
-3.464902972139152215e-01
-3.462698647657829754e-01
-3.460495024580368950e-01
-3.458292102906772025e-01
-3.456089882637038979e-01
-3.453888363771170367e-01
-3.451687546309164523e-01
-3.449487430251022557e-01
-3.447288015596743915e-01
-3.445089302346330262e-01
-3.442891290499778822e-01
-3.440693980057091261e-01
-3.438497371018267024e-01
-3.436301463383307775e-01
-3.434106257152211295e-01
-3.431911752324978138e-01
-3.429717948901608859e-01
-3.427524846882104015e-01
-3.425332446266461939e-01
-3.423140747054683741e-01
-3.420949749246768867e-01
-3.418759452842718982e-01
-3.416569857842531310e-01
-3.414380964246207517e-01
-3.412192772053747603e-01
-3.410005281265152122e-01
-3.407818491880419409e-01
-3.405632403899550020e-01
-3.403447017322544510e-01
-3.401262332149403433e-01
-3.399078348380125125e-01
-3.396895066014710696e-01
-3.394712485053159590e-01
-3.392530605495473472e-01
-3.390349427341649569e-01
-3.388168950591689543e-01
-3.385989175245593397e-01
-3.383810101303361684e-01
-3.381631728764992739e-01
-3.379454057630487118e-01
-3.377277087899845376e-01
-3.375100819573068622e-01
-3.372925252650154082e-01
-3.370750387131102865e-01
-3.368576223015916082e-01
-3.366402760304593733e-01
-3.364229998997133597e-01
-3.362057939093537340e-01
-3.359886580593804961e-01
-3.357715923497937016e-01
-3.355545967805931840e-01
-3.353376713517789987e-01
-3.351208160633512012e-01
-3.349040309153099026e-01
-3.346873159076548254e-01
-3.344706710403861361e-01
-3.342540963135037790e-01
-3.340375917270079209e-01
-3.338211572808983396e-01
-3.336047929751750907e-01
-3.333884988098381741e-01
-3.331722747848878119e-01
-3.329561209003236710e-01
-3.327400371561458625e-01
-3.325240235523544419e-01
-3.323080800889495201e-01
-3.320922067659308197e-01
-3.318764035832985071e-01
-3.316606705410525269e-01
-3.314450076391931010e-01
-3.312294148777198410e-01
-3.310138922566329689e-01
-3.307984397759324846e-01
-3.305830574356184992e-01
-3.303677452356906796e-01
-3.301525031761493034e-01
-3.299373312569942596e-01
-3.297222294782257146e-01
-3.295071978398433910e-01
-3.292922363418474552e-01
-3.290773449842378517e-01
-3.288625237670148027e-01
-3.286477726901779195e-01
-3.284330917537274241e-01
-3.282184809576633167e-01
-3.280039403019857081e-01
-3.277894697866943208e-01
-3.275750694117892658e-01
-3.273607391772706543e-01
-3.271464790831384861e-01
-3.269322891293925393e-01
-3.267181693160329803e-01
-3.265041196430597537e-01
-3.262901401104730814e-01
-3.260762307182725750e-01
-3.258623914664584564e-01
-3.256486223550307257e-01
-3.254349233839894939e-01
-3.252212945533344834e-01
-3.250077358630658608e-01
-3.247942473131835706e-01
-3.245808289036877792e-01
-3.243674806345782091e-01
-3.241542025058550269e-01
-3.239409945175182326e-01
-3.237278566695678816e-01
-3.235147889620038075e-01
-3.233017913948260658e-01
-3.230888639680347119e-01
-3.228760066816298568e-01
-3.226632195356112232e-01
-3.224505025299789773e-01
-3.222378556647330639e-01
-3.220252789398736493e-01
-3.218127723554004560e-01
-3.216003359113136506e-01
-3.213879696076132331e-01
-3.211756734442993144e-01
-3.209634474213715616e-01
-3.207512915388302521e-01
-3.205392057966752750e-01
-3.203271901949067413e-01
-3.201152447335245399e-01
-3.199033694125286154e-01
-3.196915642319191342e-01
-3.194798291916960964e-01
-3.192681642918592799e-01
-3.190565695324088513e-01
-3.188450449133448106e-01
-3.186335904346672687e-01
-3.184222060963759482e-01
-3.182108918984709600e-01
-3.179996478409523597e-01
-3.177884739238202583e-01
-3.175773701470743782e-01
-3.173663365107148859e-01
-3.171553730147417260e-01
-3.169444796591551206e-01
-3.167336564439546809e-01
-3.165229033691406291e-01
-3.163122204347129651e-01
-3.161016076406718001e-01
-3.158910649870168008e-01
-3.156805924737482449e-01
-3.154701901008660214e-01
-3.152598578683702968e-01
-3.150495957762607935e-01
-3.148394038245376780e-01
-3.146292820132009505e-01
-3.144192303422506662e-01
-3.142092488116866589e-01
-3.139993374215089839e-01
-3.137894961717176967e-01
-3.135797250623128529e-01
-3.133700240932942860e-01
-3.131603932646621069e-01
-3.129508325764162602e-01
-3.127413420285569123e-01
-3.125319216210837858e-01
-3.123225713539970472e-01
-3.121132912272966964e-01
-3.119040812409827890e-01
-3.116949413950551584e-01
-3.114858716895138602e-01
-3.112768721243589498e-01
-3.110679426995905383e-01
-3.108590834152083482e-01
-3.106502942712124904e-01
-3.104415752676030760e-01
-3.102329264043801049e-01
-3.100243476815433552e-01
-3.098158390990929933e-01
-3.096074006570290194e-01
-3.093990323553514887e-01
-3.091907341940602350e-01
-3.089825061731553135e-01
-3.087743482926367800e-01
-3.085662605525047453e-01
-3.083582429527589319e-01
-3.081502954933995064e-01
-3.079424181744264133e-01
-3.077346109958398190e-01
-3.075268739576395016e-01
-3.073192070598255166e-01
-3.071116103023978638e-01
-3.069040836853567655e-01
-3.066966272087018885e-01
-3.064892408724333439e-01
-3.062819246765511871e-01
-3.060746786210555292e-01
-3.058675027059460927e-01
-3.056603969312230440e-01
-3.054533612968863276e-01
-3.052463958029361102e-01
-3.050395004493721696e-01
-3.048326752361945613e-01
-3.046259201634033409e-01
-3.044192352309985639e-01
-3.042126204389800637e-01
-3.040060757873479513e-01
-3.037996012761021714e-01
-3.035931969052428903e-01
-3.033868626747698305e-01
-3.031805985846831586e-01
-3.029744046349828190e-01
-3.027682808256689784e-01
-3.025622271567414145e-01
-3.023562436282001831e-01
-3.021503302400453395e-01
-3.019444869922769392e-01
-3.017387138848948158e-01
-3.015330109178990803e-01
-3.013273780912896771e-01
-3.011218154050667728e-01
-3.009163228592300898e-01
-3.007109004537797947e-01
-3.005055481887158875e-01
-3.003002660640384236e-01
-3.000950540797472366e-01
-2.998899122358423819e-01
-2.996848405323239151e-01
-2.994798389691918916e-01
-2.992749075464462005e-01
-2.990700462640867863e-01
-2.988652551221137599e-01
-2.986605341205272324e-01
-2.984558832593269817e-01
-2.982513025385130634e-01
-2.980467919580854774e-01
-2.978423515180444459e-01
-2.976379812183895801e-01
-2.974336810591211577e-01
-2.972294510402390677e-01
-2.970252911617434211e-01
-2.968212014236340512e-01
-2.966171818259110693e-01
-2.964132323685744197e-01
-2.962093530516242690e-01
-2.960055438750603951e-01
-2.958018048388828536e-01
-2.955981359430916444e-01
-2.953945371876869896e-01
-2.951910085726685562e-01
-2.949875500980364551e-01
-2.947841617637907419e-01
-2.945808435699315275e-01
-2.943775955164585345e-01
-2.941744176033719294e-01
-2.939713098306716565e-01
-2.937682721983578826e-01
-2.935653047064303856e-01
-2.933624073548892208e-01
-2.931595801437343884e-01
-2.929568230729661105e-01
-2.927541361425840538e-01
-2.925515193525883295e-01
-2.923489727029789931e-01
-2.921464961937561555e-01
-2.919440898249195393e-01
-2.917417535964693109e-01
-2.915394875084054704e-01
-2.913372915607280733e-01
-2.911351657534368975e-01
-2.909331100865321096e-01
-2.907311245600137095e-01
-2.905292091738818083e-01
-2.903273639281361285e-01
-2.901255888227767810e-01
-2.899238838578038213e-01
-2.897222490332173606e-01
-2.895206843490171211e-01
-2.893191898052032696e-01
-2.891177654017758059e-01
-2.889164111387347855e-01
-2.887151270160800420e-01
-2.885139130338116309e-01
-2.883127691919296076e-01
-2.881116954904340277e-01
-2.879106919293247246e-01
-2.877097585086018094e-01
-2.875088952282652266e-01
-2.873081020883151426e-01
-2.871073790887512800e-01
-2.869067262295738052e-01
-2.867061435107827183e-01
-2.865056309323780748e-01
-2.863051884943597081e-01
-2.861048161967276737e-01
-2.859045140394820272e-01
-2.857042820226228796e-01
-2.855041201461499534e-01
-2.853040284100633595e-01
-2.851040068143632089e-01
-2.849040553590495017e-01
-2.847041740441220159e-01
-2.845043628695809179e-01
-2.843046218354262078e-01
-2.841049509416579411e-01
-2.839053501882759512e-01
-2.837058195752802936e-01
-2.835063591026710239e-01
-2.833069687704482531e-01
-2.831076485786117036e-01
-2.829083985271615420e-01
-2.827092186160977128e-01
-2.825101088454203824e-01
-2.823110692151292733e-01
-2.821120997252246076e-01
-2.819132003757062188e-01
-2.817143711665743844e-01
-2.815156120978287158e-01
-2.813169231694694905e-01
-2.811183043814965976e-01
-2.809197557339102036e-01
-2.807212772267100309e-01
-2.805228688598962461e-01
-2.803245306334687936e-01
-2.801262625474278400e-01
-2.799280646017731633e-01
-2.797299367965048189e-01
-2.795318791316228624e-01
-2.793338916071273492e-01
-2.791359742230181129e-01
-2.789381269792952089e-01
-2.787403498759586928e-01
-2.785426429130086756e-01
-2.783450060904449352e-01
-2.781474394082674717e-01
-2.779499428664764515e-01
-2.777525164650718748e-01
-2.775551602040535748e-01
-2.773578740834216072e-01
-2.771606581031760275e-01
-2.769635122633168911e-01
-2.767664365638440316e-01
-2.765694310047575599e-01
-2.763724955860574206e-01
-2.761756303077437802e-01
-2.759788351698163611e-01
-2.757821101722753299e-01
-2.755854553151206310e-01
-2.753888705983524865e-01
-2.751923560219705078e-01
-2.749959115859749725e-01
-2.747995372903657141e-01
-2.746032331351430100e-01
-2.744069991203065273e-01
-2.742108352458564324e-01
-2.740147415117926699e-01
-2.738187179181154063e-01
-2.736227644648243640e-01
-2.734268811519197095e-01
-2.732310679794014430e-01
-2.730353249472696198e-01
-2.728396520555240734e-01
-2.726440493041648594e-01
-2.724485166931920332e-01
-2.722530542226057060e-01
-2.720576618924056000e-01
-2.718623397025918820e-01
-2.716670876531644963e-01
-2.714719057441236094e-01
-2.712767939754689439e-01
-2.710817523472006663e-01
-2.708867808593187765e-01
-2.706918795118233301e-01
-2.704970483047141605e-01
-2.703022872379913788e-01
-2.701075963116549294e-01
-2.699129755257049235e-01
-2.697184248801411943e-01
-2.695239443749638530e-01
-2.693295340101728441e-01
-2.691351937857683896e-01
-2.689409237017501009e-01
-2.687467237581182000e-01
-2.685525939548726870e-01
-2.683585342920136174e-01
-2.681645447695408246e-01
-2.679706253874544197e-01
-2.677767761457543472e-01
-2.675829970444407180e-01
-2.673892880835134211e-01
-2.671956492629724012e-01
-2.670020805828178245e-01
-2.668085820430496913e-01
-2.666151536436678349e-01
-2.664217953846723108e-01
-2.662285072660631746e-01
-2.660352892878404818e-01
-2.658421414500040658e-01
-2.656490637525539822e-01
-2.654560561954903419e-01
-2.652631187788130895e-01
-2.650702515025221695e-01
-2.648774543666175818e-01
-2.646847273710993265e-01
-2.644920705159675700e-01
-2.642994838012220904e-01
-2.641069672268629431e-01
-2.639145207928901837e-01
-2.637221444993038677e-01
-2.635298383461038285e-01
-2.633376023332901772e-01
-2.631454364608628582e-01
-2.629533407288220381e-01
-2.627613151371674949e-01
-2.625693596858992285e-01
-2.623774743750174054e-01
-2.621856592045220258e-01
-2.619939141744129230e-01
-2.618022392846901525e-01
-2.616106345353537699e-01
-2.614190999264038862e-01
-2.612276354578402238e-01
-2.610362411296628937e-01
-2.608449169418720071e-01
-2.606536628944675638e-01
-2.604624789874493418e-01
-2.602713652208175077e-01
-2.600803215945720614e-01
-2.598893481087130586e-01
-2.596984447632403326e-01
-2.595076115581539389e-01
-2.593168484934539331e-01
-2.591261555691404261e-01
-2.589355327852131405e-01
-2.587449801416722428e-01
-2.585544976385176774e-01
-2.583640852757496109e-01
-2.581737430533677657e-01
-2.579834709713723639e-01
-2.577932690297632390e-01
-2.576031372285406684e-01
-2.574130755677042637e-01
-2.572230840472543023e-01
-2.570331626671906733e-01
-2.568433114275134321e-01
-2.566535303282226343e-01
-2.564638193693181134e-01
-2.562741785507999248e-01
-2.560846078726682351e-01
-2.558951073349228222e-01
-2.557056769375637417e-01
-2.555163166805909936e-01
-2.553270265640046888e-01
-2.551378065878048274e-01
-2.549486567519911873e-01
-2.547595770565639350e-01
-2.545705675015231817e-01
-2.543816280868686497e-01
-2.541927588126005055e-01
-2.540039596787187492e-01
-2.538152306852233253e-01
-2.536265718321143448e-01
-2.534379831193916965e-01
-2.532494645470553252e-01
-2.530610161151055082e-01
-2.528726378235419125e-01
-2.526843296723646493e-01
-2.524960916615738293e-01
-2.523079237911692863e-01
-2.521198260611512976e-01
-2.519317984715195302e-01
-2.517438410222740952e-01
-2.515559537134151591e-01
-2.513681365449424998e-01
-2.511803895168561729e-01
-2.509927126291562338e-01
-2.508051058818426826e-01
-2.506175692749155748e-01
-2.504301028083746883e-01
-2.502427064822202452e-01
-2.500553802964521899e-01
-2.498681242510704670e-01
-2.496809383460750764e-01
-2.494938225814660460e-01
-2.493067769572434311e-01
-2.491198014734072042e-01
-2.489328961299572818e-01
-2.487460609268937195e-01
-2.485592958642165728e-01
-2.483726009419257863e-01
-2.481859761600213043e-01
-2.479994215185032103e-01
-2.478129370173715318e-01
-2.476265226566262134e-01
-2.474401784362671997e-01
-2.472539043562945460e-01
-2.470677004167083357e-01
-2.468815666175084578e-01
-2.466955029586949122e-01
-2.465095094402677267e-01
-2.463235860622269568e-01
-2.461377328245725749e-01
-2.459519497273044697e-01
-2.457662367704227524e-01
-2.455805939539274507e-01
-2.453950212778185092e-01
-2.452095187420958722e-01
-2.450240863467596231e-01
-2.448387240918097618e-01
-2.446534319772462884e-01
-2.444682100030691196e-01
-2.442830581692783110e-01
-2.440979764758739456e-01
-2.439129649228559127e-01
-2.437280235102242121e-01
-2.435431522379788716e-01
-2.433583511061199467e-01
-2.431736201146473819e-01
-2.429889592635611217e-01
-2.428043685528612494e-01
-2.426198479825477927e-01
-2.424353975526206961e-01
-2.422510172630799041e-01
-2.420667071139254722e-01
-2.418824671051574560e-01
-2.416982972367758276e-01
-2.415141975087805037e-01
-2.413301679211715400e-01
-2.411462084739489919e-01
-2.409623191671128040e-01
-2.407785000006629483e-01
-2.405947509745994528e-01
-2.404110720889223451e-01
-2.402274633436316253e-01
-2.400439247387272379e-01
-2.398604562742091828e-01
-2.396770579500775711e-01
-2.394937297663322917e-01
-2.393104717229733447e-01
-2.391272838200007855e-01
-2.389441660574146142e-01
-2.387611184352148030e-01
-2.385781409534013242e-01
-2.383952336119742055e-01
-2.382123964109335024e-01
-2.380296293502791594e-01
-2.378469324300111210e-01
-2.376643056501294704e-01
-2.374817490106342355e-01
-2.372992625115253329e-01
-2.371168461528027904e-01
-2.369344999344665803e-01
-2.367522238565167858e-01
-2.365700179189533792e-01
-2.363878821217762771e-01
-2.362058164649855352e-01
-2.360238209485812089e-01
-2.358418955725632427e-01
-2.356600403369315810e-01
-2.354782552416863073e-01
-2.352965402868274492e-01
-2.351148954723549511e-01
-2.349333207982687577e-01
-2.347518162645689521e-01
-2.345703818712555344e-01
-2.343890176183285046e-01
-2.342077235057877793e-01
-2.340264995336334142e-01
-2.338453457018654646e-01
-2.336642620104838752e-01
-2.334832484594886182e-01
-2.333023050488797212e-01
-2.331214317786572399e-01
-2.329406286488211186e-01
-2.327598956593713020e-01
-2.325792328103078732e-01
-2.323986401016308601e-01
-2.322181175333401792e-01
-2.320376651054358308e-01
-2.318572828179178702e-01
-2.316769706707862975e-01
-2.314967286640411126e-01
-2.313165567976822046e-01
-2.311364550717096844e-01
-2.309564234861235799e-01
-2.307764620409238632e-01
-2.305965707361104233e-01
-2.304167495716833713e-01
-2.302369985476427072e-01
-2.300573176639884310e-01
-2.298777069207204871e-01
-2.296981663178388755e-01
-2.295186958553436796e-01
-2.293392955332348715e-01
-2.291599653515123680e-01
-2.289807053101762246e-01
-2.288015154092264969e-01
-2.286223956486631570e-01
-2.284433460284860939e-01
-2.282643665486954188e-01
-2.280854572092911592e-01
-2.279066180102732597e-01
-2.277278489516416649e-01
-2.275491500333964578e-01
-2.273705212555376387e-01
-2.271919626180652074e-01
-2.270134741209790807e-01
-2.268350557642793419e-01
-2.266567075479659910e-01
-2.264784294720390001e-01
-2.263002215364983416e-01
-2.261220837413440432e-01
-2.259440160865761604e-01
-2.257660185721946378e-01
-2.255880911981994474e-01
-2.254102339645905895e-01
-2.252324468713681749e-01
-2.250547299185321204e-01
-2.248770831060823705e-01
-2.246995064340189807e-01
-2.245219999023420343e-01
-2.243445635110514202e-01
-2.241671972601471385e-01
-2.239899011496292169e-01
-2.238126751794977387e-01
-2.236355193497525928e-01
-2.234584336603937516e-01
-2.232814181114212981e-01
-2.231044727028352603e-01
-2.229275974346355826e-01
-2.227507923068222095e-01
-2.225740573193952243e-01
-2.223973924723546269e-01
-2.222207977657004174e-01
-2.220442731994325125e-01
-2.218678187735509677e-01
-2.216914344880558663e-01
-2.215151203429470972e-01
-2.213388763382246605e-01
-2.211627024738885838e-01
-2.209865987499389228e-01
-2.208105651663756219e-01
-2.206346017231986256e-01
-2.204587084204080172e-01
-2.202828852580038244e-01
-2.201071322359859639e-01
-2.199314493543544635e-01
-2.197558366131092955e-01
-2.195802940122505431e-01
-2.194048215517781786e-01
-2.192294192316921186e-01
-2.190540870519924188e-01
-2.188788250126791346e-01
-2.187036331137522105e-01
-2.185285113552116187e-01
-2.183534597370573593e-01
-2.181784782592895433e-01
-2.180035669219080874e-01
-2.178287257249129361e-01
-2.176539546683041726e-01
-2.174792537520817970e-01
-2.173046229762458093e-01
-2.171300623407961261e-01
-2.169555718457328031e-01
-2.167811514910558957e-01
-2.166068012767653761e-01
-2.164325212028611611e-01
-2.162583112693432785e-01
-2.160841714762118393e-01
-2.159101018234667602e-01
-2.157361023111080134e-01
-2.155621729391355990e-01
-2.153883137075496279e-01
-2.152145246163500170e-01
-2.150408056655367106e-01
-2.148671568551097644e-01
-2.146935781850692615e-01
-2.145200696554150910e-01
-2.143466312661472528e-01
-2.141732630172657748e-01
-2.139999649087707123e-01
-2.138267369406620100e-01
-2.136535791129396400e-01
-2.134804914256036301e-01
-2.133074738786540081e-01
-2.131345264720907740e-01
-2.129616492059138444e-01
-2.127888420801233027e-01
-2.126161050947191489e-01
-2.124434382497013829e-01
-2.122708415450699215e-01
-2.120983149808248203e-01
-2.119258585569661346e-01
-2.117534722734938368e-01
-2.115811561304078159e-01
-2.114089101277081828e-01
-2.112367342653949653e-01
-2.110646285434681080e-01
-2.108925929619275552e-01
-2.107206275207733903e-01
-2.105487322200056410e-01
-2.103769070596242241e-01
-2.102051520396291395e-01
-2.100334671600204428e-01
-2.098618524207981340e-01
-2.096903078219622130e-01
-2.095188333635125688e-01
-2.093474290454493125e-01
-2.091760948677724719e-01
-2.090048308304819913e-01
-2.088336369335778431e-01
-2.086625131770600550e-01
-2.084914595609286547e-01
-2.083204760851836423e-01
-2.081495627498249623e-01
-2.079787195548526146e-01
-2.078079465002666826e-01
-2.076372435860671384e-01
-2.074666108122538988e-01
-2.072960481788270193e-01
-2.071255556857865554e-01
-2.069551333331324516e-01
-2.067847811208646802e-01
-2.066144990489832689e-01
-2.064442871174882732e-01
-2.062741453263796376e-01
-2.061040736756573066e-01
-2.059340721653213635e-01
-2.057641407953718082e-01
-2.055942795658086408e-01
-2.054244884766317780e-01
-2.052547675278412753e-01
-2.050851167194371882e-01
-2.049155360514194890e-01
-2.047460255237880944e-01
-2.045765851365430599e-01
-2.044072148896844410e-01
-2.042379147832121822e-01
-2.040686848171262280e-01
-2.038995249914266616e-01
-2.037304353061135109e-01
-2.035614157611866926e-01
-2.033924663566462343e-01
-2.032235870924921084e-01
-2.030547779687243981e-01
-2.028860389853430757e-01
-2.027173701423480578e-01
-2.025487714397394001e-01
-2.023802428775171580e-01
-2.022117844556812760e-01
-2.020433961742317264e-01
-2.018750780331685368e-01
-2.017068300324917351e-01
-2.015386521722013213e-01
-2.013705444522972399e-01
-2.012025068727794908e-01
-2.010345394336481850e-01
-2.008666421349032116e-01
-2.006988149765445706e-01
-2.005310579585723174e-01
-2.003633710809864521e-01
-2.001957543437869469e-01
-2.000282077469737740e-01
-1.998607312905469613e-01
-1.996933249745065642e-01
-1.995259887988525271e-01
-1.993587227635847947e-01
-1.991915268687034501e-01
-1.990244011142085212e-01
-1.988573455000999246e-01
-1.986903600263776881e-01
-1.985234446930417840e-01
-1.983565995000922955e-01
-1.981898244475291948e-01
-1.980231195353523987e-01
-1.978564847635619628e-01
-1.976899201321579425e-01
-1.975234256411402822e-01
-1.973570012905089543e-01
-1.971906470802639588e-01
-1.970243630104054067e-01
-1.968581490809332146e-01
-1.966920052918473272e-01
-1.965259316431478276e-01
-1.963599281348347159e-01
-1.961939947669079920e-01
-1.960281315393675727e-01
-1.958623384522135136e-01
-1.956966155054458700e-01
-1.955309626990646144e-01
-1.953653800330696355e-01
-1.951998675074610445e-01
-1.950344251222388692e-01
-1.948690528774030539e-01
-1.947037507729535710e-01
-1.945385188088904205e-01
-1.943733569852137133e-01
-1.942082653019233385e-01
-1.940432437590193238e-01
-1.938782923565016414e-01
-1.937134110943703746e-01
-1.935485999726254958e-01
-1.933838589912669215e-01
-1.932191881502947073e-01
-1.930545874497089087e-01
-1.928900568895094703e-01
-1.927255964696963364e-01
-1.925612061902695904e-01
-1.923968860512292600e-01
-1.922326360525752897e-01
-1.920684561943076241e-01
-1.919043464764263185e-01
-1.917403068989314563e-01
-1.915763374618229264e-01
-1.914124381651007289e-01
-1.912486090087649193e-01
-1.910848499928154975e-01
-1.909211611172524359e-01
-1.907575423820757066e-01
-1.905939937872853374e-01
-1.904305153328813560e-01
-1.902671070188637625e-01
-1.901037688452325014e-01
-1.899405008119875726e-01
-1.897773029191290872e-01
-1.896141751666569619e-01
-1.894511175545711412e-01
-1.892881300828716806e-01
-1.891252127515586356e-01
-1.889623655606319785e-01
-1.887995885100915983e-01
-1.886368815999376336e-01
-1.884742448301700291e-01
-1.883116782007888401e-01
-1.881491817117939280e-01
-1.879867553631854038e-01
-1.878243991549632674e-01
-1.876621130871275189e-01
-1.874998971596781028e-01
-1.873377513726150190e-01
-1.871756757259383508e-01
-1.870136702196480705e-01
-1.868517348537440947e-01
-1.866898696282264791e-01
-1.865280745430952791e-01
-1.863663495983504392e-01
-1.862046947939919317e-01
-1.860431101300197843e-01
-1.858815956064340524e-01
-1.857201512232346807e-01
-1.855587769804216136e-01
-1.853974728779949344e-01
-1.852362389159546430e-01
-1.850750750943007394e-01
-1.849139814130331405e-01
-1.847529578721519017e-01
-1.845920044716570785e-01
-1.844311212115486431e-01
-1.842703080918264846e-01
-1.841095651124907140e-01
-1.839488922735413590e-01
-1.837882895749783640e-01
-1.836277570168017015e-01
-1.834672945990113990e-01
-1.833069023216074844e-01
-1.831465801845899577e-01
-1.829863281879587356e-01
-1.828261463317139013e-01
-1.826660346158554549e-01
-1.825059930403833686e-01
-1.823460216052976146e-01
-1.821861203105982208e-01
-1.820262891562852425e-01
-1.818665281423586522e-01
-1.817068372688183386e-01
-1.815472165356644130e-01
-1.813876659428969029e-01
-1.812281854905157530e-01
-1.810687751785209076e-01
-1.809094350069124502e-01
-1.807501649756903805e-01
-1.805909650848546988e-01
-1.804318353344053216e-01
-1.802727757243423046e-01
-1.801137862546657031e-01
-1.799548669253754896e-01
-1.797960177364715528e-01
-1.796372386879540040e-01
-1.794785297798228707e-01
-1.793198910120780976e-01
-1.791613223847196568e-01
-1.790028238977475483e-01
-1.788443955511618833e-01
-1.786860373449625783e-01
-1.785277492791495779e-01
-1.783695313537229377e-01
-1.782113835686827130e-01
-1.780533059240288762e-01
-1.778952984197613441e-01
-1.777373610558801720e-01
-1.775794938323854155e-01
-1.774216967492770192e-01
-1.772639698065549552e-01
-1.771063130042192513e-01
-1.769487263422699352e-01
-1.767912098207070071e-01
-1.766337634395303835e-01
-1.764763871987401478e-01
-1.763190810983362999e-01
-1.761618451383188400e-01
-1.760046793186876846e-01
-1.758475836394428893e-01
-1.756905581005845096e-01
-1.755336027021124901e-01
-1.753767174440268029e-01
-1.752199023263274758e-01
-1.750631573490145643e-01
-1.749064825120880129e-01
-1.747498778155477661e-01
-1.745933432593939072e-01
-1.744368788436264639e-01
-1.742804845682453529e-01
-1.741241604332505744e-01
-1.739679064386421836e-01
-1.738117225844201807e-01
-1.736556088705845380e-01
-1.734995652971352276e-01
-1.733435918640722773e-01
-1.731876885713957426e-01
-1.730318554191055680e-01
-1.728760924072017258e-01
-1.727203995356842436e-01
-1.725647768045531494e-01
-1.724092242138084430e-01
-1.722537417634500689e-01
-1.720983294534780272e-01
-1.719429872838924012e-01
-1.717877152546931629e-01
-1.716325133658802293e-01
-1.714773816174536558e-01
-1.713223200094134979e-01
-1.711673285417597001e-01
-1.710124072144922347e-01
-1.708575560276111294e-01
-1.707027749811164397e-01
-1.705480640750081101e-01
-1.703934233092860850e-01
-1.702388526839504479e-01
-1.700843521990011986e-01
-1.699299218544383372e-01
-1.697755616502617804e-01
-1.696212715864715836e-01
-1.694670516630678303e-01
-1.693129018800504093e-01
-1.691588222374193207e-01
-1.690048127351745921e-01
-1.688508733733162792e-01
-1.686970041518443264e-01
-1.685432050707586782e-01
-1.683894761300594178e-01
-1.682358173297465731e-01
-1.680822286698200607e-01
-1.679287101502799084e-01
-1.677752617711260885e-01
-1.676218835323587120e-01
-1.674685754339776678e-01
-1.673153374759829559e-01
-1.671621696583746042e-01
-1.670090719811526681e-01
-1.668560444443170920e-01
-1.667030870478678484e-01
-1.665501997918049648e-01
-1.663973826761284969e-01
-1.662446357008383890e-01
-1.660919588659345858e-01
-1.659393521714171704e-01
-1.657868156172861429e-01
-1.656343492035415033e-01
-1.654819529301831682e-01
-1.653296267972111933e-01
-1.651773708046256339e-01
-1.650251849524264347e-01
-1.648730692406135678e-01
-1.647210236691870611e-01
-1.645690482381469699e-01
-1.644171429474932389e-01
-1.642653077972258402e-01
-1.641135427873447739e-01
-1.639618479178501509e-01
-1.638102231887418880e-01
-1.636586686000199298e-01
-1.635071841516843316e-01
-1.633557698437351768e-01
-1.632044256761723544e-01
-1.630531516489958643e-01
-1.629019477622057344e-01
-1.627508140158020200e-01
-1.625997504097846658e-01
-1.624487569441536439e-01
-1.622978336189089821e-01
-1.621469804340507359e-01
-1.619961973895788221e-01
-1.618454844854932684e-01
-1.616948417217940470e-01
-1.615442690984812690e-01
-1.613937666155548234e-01
-1.612433342730147101e-01
-1.610929720708609847e-01
-1.609426800090936471e-01
-1.607924580877126697e-01
-1.606423063067180246e-01
-1.604922246661097396e-01
-1.603422131658878702e-01
-1.601922718060523609e-01
-1.600424005866031563e-01
-1.598925995075403395e-01
-1.597428685688639105e-01
-1.595932077705738694e-01
-1.594436171126701329e-01
-1.592940965951527843e-01
-1.591446462180218235e-01
-1.589952659812772229e-01
-1.588459558849189546e-01
-1.586967159289470464e-01
-1.585475461133615538e-01
-1.583984464381624213e-01
-1.582494169033496212e-01
-1.581004575089231812e-01
-1.579515682548831290e-01
-1.578027491412294647e-01
-1.576540001679621328e-01
-1.575053213350811332e-01
-1.573567126425865492e-01
-1.572081740904783531e-01
-1.570597056787564616e-01
-1.569113074074209302e-01
-1.567629792764718144e-01
-1.566147212859090865e-01
-1.564665334357326354e-01
-1.563184157259425722e-01
-1.561703681565389246e-01
-1.560223907275216371e-01
-1.558744834388906542e-01
-1.557266462906460591e-01
-1.555788792827878797e-01
-1.554311824153160326e-01
-1.552835556882305179e-01
-1.551359991015313911e-01
-1.549885126552186521e-01
-1.548410963492922732e-01
-1.546937501837522266e-01
-1.545464741585985402e-01
-1.543992682738312694e-01
-1.542521325294503587e-01
-1.541050669254557803e-01
-1.539580714618475621e-01
-1.538111461386257317e-01
-1.536642909557902892e-01
-1.535175059133411513e-01
-1.533707910112784012e-01
-1.532241462496020390e-01
-1.530775716283120647e-01
-1.529310671474083949e-01
-1.527846328068910853e-01
-1.526382686067601913e-01
-1.524919745470156573e-01
-1.523457506276574558e-01
-1.521995968486856143e-01
-1.520535132101001885e-01
-1.519074997119010950e-01
-1.517615563540883616e-01
-1.516156831366619884e-01
-1.514698800596220030e-01
-1.513241471229683777e-01
-1.511784843267011125e-01
-1.510328916708201796e-01
-1.508873691553256624e-01
-1.507419167802175053e-01
-1.505965345454956805e-01
-1.504512224511602159e-01
-1.503059804972111668e-01
-1.501608086836484779e-01
-1.500157070104721213e-01
-1.498706754776821248e-01
-1.497257140852785162e-01
-1.495808228332612955e-01
-1.494360017216303793e-01
-1.492912507503858510e-01
-1.491465699195277106e-01
-1.490019592290559303e-01
-1.488574186789704823e-01
-1.487129482692714222e-01
-1.485685479999587499e-01
-1.484242178710324378e-01
-1.482799578824924303e-01
-1.481357680343388106e-01
-1.479916483265716065e-01
-1.478475987591907626e-01
-1.477036193321962232e-01
-1.475597100455880717e-01
-1.474158708993663081e-01
-1.472721018935309323e-01
-1.471284030280818611e-01
-1.469847743030191500e-01
-1.468412157183428546e-01
-1.466977272740529470e-01
-1.465543089701493162e-01
-1.464109608066320733e-01
-1.462676827835012461e-01
-1.461244749007567512e-01
-1.459813371583986441e-01
-1.458382695564268694e-01
-1.456952720948414826e-01
-1.455523447736424281e-01
-1.454094875928297892e-01
-1.452667005524034549e-01
-1.451239836523635640e-01
-1.449813368927099499e-01
-1.448387602734427793e-01
-1.446962537945619132e-01
-1.445538174560674627e-01
-1.444114512579593446e-01
-1.442691552002376143e-01
-1.441269292829022164e-01
-1.439847735059532063e-01
-1.438426878693905564e-01
-1.437006723732142943e-01
-1.435587270174243368e-01
-1.434168518020208227e-01
-1.432750467270035855e-01
-1.431333117923727916e-01
-1.429916469981283023e-01
-1.428500523442702286e-01
-1.427085278307984872e-01
-1.425670734577131615e-01
-1.424256892250141404e-01
-1.422843751327015072e-01
-1.421431311807752340e-01
-1.420019573692353487e-01
-1.418608536980817680e-01
-1.417198201673146307e-01
-1.415788567769337980e-01
-1.414379635269393809e-01
-1.412971404173312684e-01
-1.411563874481095715e-01
-1.410157046192742070e-01
-1.408750919308252580e-01
-1.407345493827626137e-01
-1.405940769750863850e-01
-1.404536747077964609e-01
-1.403133425808929524e-01
-1.401730805943757763e-01
-1.400328887482450158e-01
-1.398927670425005598e-01
-1.397527154771425195e-01
-1.396127340521708116e-01
-1.394728227675854915e-01
-1.393329816233865037e-01
-1.391932106195739038e-01
-1.390535097561476641e-01
-1.389138790331078122e-01
-1.387743184504542648e-01
-1.386348280081871609e-01
-1.384954077063063616e-01
-1.383560575448119501e-01
-1.382167775237038987e-01
-1.380775676429822352e-01
-1.379384279026468763e-01
-1.377993583026979607e-01
-1.376603588431353498e-01
-1.375214295239591544e-01
-1.373825703451692637e-01
-1.372437813067657886e-01
-1.371050624087486458e-01
-1.369664136511178909e-01
-1.368278350338734684e-01
-1.366893265570154614e-01
-1.365508882205437868e-01
-1.364125200244585001e-01
-1.362742219687595457e-01
-1.361359940534469792e-01
-1.359978362785207728e-01
-1.358597486439809265e-01
-1.357217311498274404e-01
-1.355837837960603420e-01
-1.354459065826795761e-01
-1.353080995096852257e-01
-1.351703625770771799e-01
-1.350326957848555498e-01
-1.348950991330202243e-01
-1.347575726215713421e-01
-1.346201162505087645e-01
-1.344827300198325748e-01
-1.343454139295427452e-01
-1.342081679796393034e-01
-1.340709921701221663e-01
-1.339338865009914725e-01
-1.337968509722470833e-01
-1.336598855838890820e-01
-1.335229903359174408e-01
-1.333861652283321875e-01
-1.332494102611332665e-01
-1.331127254343207333e-01
-1.329761107478945326e-01
-1.328395662018547474e-01
-1.327030917962012668e-01
-1.325666875309342019e-01
-1.324303534060534693e-01
-1.322940894215591523e-01
-1.321578955774511399e-01
-1.320217718737295431e-01
-1.318857183103942510e-01
-1.317497348874453744e-01
-1.316138216048828302e-01
-1.314779784627067016e-01
-1.313422054609168776e-01
-1.312065025995134693e-01
-1.310708698784963933e-01
-1.309353072978657051e-01
-1.307998148576213493e-01
-1.306643925577633814e-01
-1.305290403982917735e-01
-1.303937583792065535e-01
-1.302585465005076382e-01
-1.301234047621951662e-01
-1.299883331642689988e-01
-1.298533317067292192e-01
-1.297184003895757998e-01
-1.295835392128087682e-01
-1.294487481764280412e-01
-1.293140272804337576e-01
-1.291793765248257786e-01
-1.290447959096041874e-01
-1.289102854347689564e-01
-1.287758451003201132e-01
-1.286414749062576024e-01
-1.285071748525814794e-01
-1.283729449392916888e-01
-1.282387851663883138e-01
-1.281046955338712712e-01
-1.279706760417406164e-01
-1.278367266899962940e-01
-1.277028474786383594e-01
-1.275690384076667572e-01
-1.274352994770815706e-01
-1.273016306868827163e-01
-1.271680320370702499e-01
-1.270345035276441159e-01
-1.269010451586043697e-01
-1.267676569299509837e-01
-1.266343388416839855e-01
-1.265010908938032919e-01
-1.263679130863090139e-01
-1.262348054192010682e-01
-1.261017678924795382e-01
-1.259688005061443128e-01
-1.258359032601955030e-01
-1.257030761546330255e-01
-1.255703191894569359e-01
-1.254376323646671787e-01
-1.253050156802638371e-01
-1.251724691362468278e-01
-1.250399927326162064e-01
-1.249075864693719035e-01
-1.247752503465140023e-01
-1.246429843640424473e-01
-1.245107885219572802e-01
-1.243786628202584454e-01
-1.242466072589460124e-01
-1.241146218380199118e-01
-1.239827065574802129e-01
-1.238508614173268324e-01
-1.237190864175598676e-01
-1.235873815581792212e-01
-1.234557468391849766e-01
-1.233241822605770643e-01
-1.231926878223555538e-01
-1.230612635245203618e-01
-1.229299093670715853e-01
-1.227986253500091274e-01
-1.226674114733330850e-01
-1.225362677370433612e-01
-1.224051941411400390e-01
-1.222741906856230354e-01
-1.221432573704924474e-01
-1.220123941957481917e-01
-1.218816011613903239e-01
-1.217508782674187884e-01
-1.216202255138336547e-01
-1.214896429006348533e-01
-1.213591304278224536e-01
-1.212286880953963863e-01
-1.210983159033567069e-01
-1.209680138517033737e-01
-1.208377819404364284e-01
-1.207076201695558154e-01
-1.205775285390616042e-01
-1.204475070489537114e-01
-1.203175556992322343e-01
-1.201876744898970895e-01
-1.200578634209483325e-01
-1.199281224923859079e-01
-1.197984517042098851e-01
-1.196688510564201946e-01
-1.195393205490169058e-01
-1.194098601819999356e-01
-1.192804699553693809e-01
-1.191511498691251447e-01
-1.190218999232673103e-01
-1.188927201177958082e-01
-1.187636104527107078e-01
-1.186345709280119398e-01
-1.185056015436995736e-01
-1.183767022997735258e-01
-1.182478731962338797e-01
-1.181191142330805799e-01
-1.179904254103136679e-01
-1.178618067279330744e-01
-1.177332581859388966e-01
-1.176047797843310511e-01
-1.174763715231095934e-01
-1.173480334022744681e-01
-1.172197654218257584e-01
-1.170915675817633672e-01
-1.169634398820873639e-01
-1.168353823227977067e-01
-1.167073949038944514e-01
-1.165794776253775145e-01
-1.164516304872469793e-01
-1.163238534895027765e-01
-1.161961466321449893e-01
-1.160685099151735067e-01
-1.159409433385884397e-01
-1.158134469023896912e-01
-1.156860206065773583e-01
-1.155586644511513439e-01
-1.154313784361117312e-01
-1.153041625614584509e-01
-1.151770168271915723e-01
-1.150499412333110261e-01
-1.149229357798168677e-01
-1.147960004667090556e-01
-1.146691352939876313e-01
-1.145423402616525393e-01
-1.144156153697038492e-01
-1.142889606181414913e-01
-1.141623760069655213e-01
-1.140358615361758976e-01
-1.139094172057726617e-01
-1.137830430157557582e-01
-1.136567389661252564e-01
-1.135305050568810870e-01
-1.134043412880233193e-01
-1.132782476595518839e-01
-1.131522241714668364e-01
-1.130262708237681352e-01
-1.129003876164558218e-01
-1.127745745495298407e-01
-1.126488316229902614e-01
-1.125231588368370006e-01
-1.123975561910701554e-01
-1.122720236856896286e-01
-1.121465613206955175e-01
-1.120211690960877249e-01
-1.118958470118663340e-01
-1.117705950680312754e-01
-1.116454132645826186e-01
-1.115203016015202803e-01
-1.113952600788443575e-01
-1.112702886965547533e-01
-1.111453874546515508e-01
-1.110205563531346806e-01
-1.108957953920042122e-01
-1.107711045712600761e-01
-1.106464838909023279e-01
-1.105219333509309260e-01
-1.103974529513459119e-01
-1.102730426921472301e-01
-1.101487025733349501e-01
-1.100244325949090024e-01
-1.099002327568694565e-01
-1.097761030592162290e-01
-1.096520435019494172e-01
-1.095280540850689238e-01
-1.094041348085748322e-01
-1.092802856724670729e-01
-1.091565066767457154e-01
-1.090327978214106902e-01
-1.089091591064620529e-01
-1.087855905318997618e-01
-1.086620920977238586e-01
-1.085386638039342877e-01
-1.084153056505311186e-01
-1.082920176375142818e-01
-1.081687997648838329e-01
-1.080456520326397302e-01
-1.079225744407820153e-01
-1.077995669893106329e-01
-1.076766296782256660e-01
-1.075537625075270176e-01
-1.074309654772147571e-01
-1.073082385872888428e-01
-1.071855818377493302e-01
-1.070629952285961362e-01
-1.069404787598293438e-01
-1.068180324314488838e-01
-1.066956562434548256e-01
-1.065733501958470997e-01
-1.064511142886257616e-01
-1.063289485217907698e-01
-1.062068528953421659e-01
-1.060848274092798943e-01
-1.059628720636040383e-01
-1.058409868583144869e-01
-1.057191717934113512e-01
-1.055974268688945478e-01
-1.054757520847641322e-01
-1.053541474410200629e-01
-1.052326129376623814e-01
-1.051111485746910323e-01
-1.049897543521060850e-01
-1.048684302699074561e-01
-1.047471763280952428e-01
-1.046259925266693480e-01
-1.045048788656298688e-01
-1.043838353449767081e-01
-1.042628619647099492e-01
-1.041419587248295225e-01
-1.040211256253354977e-01
-1.039003626662277913e-01
-1.037796698475065005e-01
-1.036590471691715282e-01
-1.035384946312229576e-01
-1.034180122336607194e-01
-1.032975999764848829e-01
-1.031772578596953788e-01
-1.030569858832922625e-01
-1.029367840472754925e-01
-1.028166523516451103e-01
-1.026965907964010605e-01
-1.025765993815434124e-01
-1.024566781070720967e-01
-1.023368269729871688e-01
-1.022170459792885872e-01
-1.020973351259763934e-01
-1.019776944130505458e-01
-1.018581238405110861e-01
-1.017386234083579588e-01
-1.016191931165912332e-01
-1.014998329652108261e-01
-1.013805429542168346e-01
-1.012613230836091616e-01
-1.011421733533878903e-01
-1.010230937635529513e-01
-1.009040843141044141e-01
-1.007851450050422093e-01
-1.006662758363664062e-01
-1.005474768080769216e-01
-1.004287479201738525e-01
-1.003100891726571020e-01
-1.001915005655267532e-01
-1.000729820987827368e-01
-9.995453377242512205e-02
-9.983615558645382582e-02
-9.971784754086894520e-02
-9.959960963567038306e-02
-9.948144187085822265e-02
-9.936334424643239460e-02
-9.924531676239296829e-02
-9.912735941873987433e-02
-9.900947221547318211e-02
-9.889165515259280836e-02
-9.877390823009885024e-02
-9.865623144799121058e-02
-9.853862480626997267e-02
-9.842108830493506710e-02
-9.830362194398654940e-02
-9.818622572342437793e-02
-9.806889964324859432e-02
-9.795164370345915694e-02
-9.783445790405610742e-02
-9.771734224503939026e-02
-9.760029672640907483e-02
-9.748332134816509176e-02
-9.736641611030749655e-02
-9.724958101283624756e-02
-9.713281605575138644e-02
-9.701612123905285767e-02
-9.689949656274073064e-02
-9.678294202681493597e-02
-9.666645763127554303e-02
-9.655004337612246856e-02
-9.643369926135580972e-02
-9.631742528697546935e-02
-9.620122145298153071e-02
-9.608508775937392443e-02
-9.596902420615271989e-02
-9.585303079331783382e-02
-9.573710752086936338e-02
-9.562125438880721140e-02
-9.550547139713147504e-02
-9.538975854584205716e-02
-9.527411583493904101e-02
-9.515854326442235722e-02
-9.504304083429206129e-02
-9.492760854454811159e-02
-9.481224639519054975e-02
-9.469695438621932027e-02
-9.458173251763450640e-02
-9.446658078943599712e-02
-9.435149920162390347e-02
-9.423648775419814216e-02
-9.412154644715876872e-02
-9.400667528050574151e-02
-9.389187425423910216e-02
-9.377714336835879516e-02
-9.366248262286488990e-02
-9.354789201775731700e-02
-9.343337155303613195e-02
-9.331892122870129314e-02
-9.320454104475284218e-02
-9.309023100119073746e-02
-9.297599109801502060e-02
-9.286182133522562221e-02
-9.274772171282263944e-02
-9.263369223080598902e-02
-9.251973288917572646e-02
-9.240584368793181014e-02
-9.229202462707428167e-02
-9.217827570660308556e-02
-9.206459692651829119e-02
-9.195098828681982916e-02
-9.183744978750775501e-02
-9.172398142858202708e-02
-9.161058321004268701e-02
-9.149725513188967929e-02
-9.138399719412307332e-02
-9.127080939674279969e-02
-9.115769173974892781e-02
-9.104464422314137440e-02
-9.093166684692023660e-02
-9.081875961108541728e-02
-9.070592251563699970e-02
-9.059315556057491448e-02
-9.048045874589923099e-02
-9.036783207160987985e-02
-9.025527553770691658e-02
-9.014278914419029953e-02
-9.003037289106007035e-02
-8.991802677831617352e-02
-8.980575080595867843e-02
-8.969354497398751569e-02
-8.958140928240275469e-02
-8.946934373120431216e-02
-8.935734832039228526e-02
-8.924542304996657682e-02
-8.913356791992727013e-02
-8.902178293027429579e-02
-8.891006808100772318e-02
-8.879842337212746906e-02
-8.868684880363363054e-02
-8.857534437552611051e-02
-8.846391008780500609e-02
-8.835254594047022014e-02
-8.824125193352183594e-02
-8.813002806695978408e-02
-8.801887434078412009e-02
-8.790779075499480233e-02
-8.779677730959187243e-02
-8.768583400457527488e-02
-8.757496083994507907e-02
-8.746415781570121561e-02
-8.735342493184375390e-02
-8.724276218837262453e-02
-8.713216958528788303e-02
-8.702164712258948776e-02
-8.691119480027748034e-02
-8.680081261835180528e-02
-8.669050057681253196e-02
-8.658025867565959099e-02
-8.647008691489303789e-02
-8.635998529451283101e-02
-8.624995381451901200e-02
-8.613999247491152533e-02
-8.603010127569044041e-02
-8.592028021685568784e-02
-8.581052929840733701e-02
-8.570084852034530465e-02
-8.559123788266968791e-02
-8.548169738538038964e-02
-8.537222702847749312e-02
-8.526282681196092894e-02
-8.515349673583076651e-02
-8.504423680008693642e-02
-8.493504700472950808e-02
-8.482592734975839821e-02
-8.471687783517369008e-02
-8.460789846097532818e-02
-8.449898922716334027e-02
-8.439015013373769858e-02
-8.428138118069845863e-02
-8.417268236804555104e-02
-8.406405369577903131e-02
-8.395549516389884392e-02
-8.384700677240505828e-02
-8.373858852129761887e-02
-8.363024041057655344e-02
-8.352196244024183425e-02
-8.341375461029351679e-02
-8.330561692073151780e-02
-8.319754937155592056e-02
-8.308955196276665567e-02
-8.298162469436379252e-02
-8.287376756634726171e-02
-8.276598057871713265e-02
-8.265826373147332207e-02
-8.255061702461592710e-02
-8.244304045814485060e-02
-8.233553403206017585e-02
-8.222809774636183344e-02
-8.212073160104989278e-02
-8.201343559612428447e-02
-8.190620973158506402e-02
-8.179905400743217592e-02
-8.169196842366570344e-02
-8.158495298028554943e-02
-8.147800767729179716e-02
-8.137113251468436337e-02
-8.126432749246334519e-02
-8.115759261062865937e-02
-8.105092786918036141e-02
-8.094433326811839580e-02
-8.083780880744283193e-02
-8.073135448715360041e-02
-8.062497030725077063e-02
-8.051865626773427320e-02
-8.041241236860416364e-02
-8.030623860986038642e-02
-8.020013499150301095e-02
-8.009410151353198171e-02
-7.998813817594732645e-02
-7.988224497874901742e-02
-7.977642192193711013e-02
-7.967066900551152131e-02
-7.956498622947234811e-02
-7.945937359381949339e-02
-7.935383109855304040e-02
-7.924835874367291977e-02
-7.914295652917918700e-02
-7.903762445507180046e-02
-7.893236252135080178e-02
-7.882717072801614933e-02
-7.872204907506788474e-02
-7.861699756250595250e-02
-7.851201619033042201e-02
-7.840710495854122386e-02
-7.830226386713841358e-02
-7.819749291612194952e-02
-7.809279210549187333e-02
-7.798816143524812949e-02
-7.788360090539078739e-02
-7.777911051591977765e-02
-7.767469026683515576e-02
-7.757034015813688010e-02
-7.746606018982499231e-02
-7.736185036189945075e-02
-7.725771067436029704e-02
-7.715364112720747569e-02
-7.704964172044105608e-02
-7.694571245406095494e-02
-7.684185332806726942e-02
-7.673806434245990238e-02
-7.663434549723893707e-02
-7.653069679240431800e-02
-7.642711822795608678e-02
-7.632360980389417404e-02
-7.622017152021867692e-02
-7.611680337692951215e-02
-7.601350537402673524e-02
-7.591027751151029068e-02
-7.580711978938024787e-02
-7.570403220763653740e-02
-7.560101476627922867e-02
-7.549806746530825230e-02
-7.539519030472366379e-02
-7.529238328452542151e-02
-7.518964640471356708e-02
-7.508697966528804502e-02
-7.498438306624892469e-02
-7.488185660759613671e-02
-7.477940028932973660e-02
-7.467701411144968271e-02
-7.457469807395601669e-02
-7.447245217684868301e-02
-7.437027642012775108e-02
-7.426817080379315150e-02
-7.416613532784495366e-02
-7.406416999228308817e-02
-7.396227479710761055e-02
-7.386044974231846527e-02
-7.375869482791572174e-02
-7.365701005389932443e-02
-7.355539542026930111e-02
-7.345385092702562402e-02
-7.335237657416834867e-02
-7.325097236169739179e-02
-7.314963828961283665e-02
-7.304837435791462774e-02
-7.294718056660280670e-02
-7.284605691567731800e-02
-7.274500340513821717e-02
-7.264402003498546256e-02
-7.254310680521909582e-02
-7.244226371583907531e-02
-7.234149076684544266e-02
-7.224078795823814236e-02
-7.214015529001722993e-02
-7.203959276218266372e-02
-7.193910037473449925e-02
-7.183867812767265326e-02
-7.173832602099720901e-02
-7.163804405470811099e-02
-7.153783222880538695e-02
-7.143769054328900914e-02
-7.133761899815903307e-02
-7.123761759341538935e-02
-7.113768632905813349e-02
-7.103782520508720999e-02
-7.093803422150268823e-02
-7.083831337830449881e-02
-7.073866267549271114e-02
-7.063908211306725582e-02
-7.053957169102818836e-02
-7.044013140937546713e-02
-7.034076126810913376e-02
-7.024146126722913275e-02
-7.014223140673553347e-02
-7.004307168662826655e-02
-6.994398210690738749e-02
-6.984496266757285465e-02
-6.974601336862470968e-02
-6.964713421006291094e-02
-6.954832519188748619e-02
-6.944958631409842154e-02
-6.935091757669573087e-02
-6.925231897967938643e-02
-6.915379052304942986e-02
-6.905533220680581952e-02
-6.895694403094859704e-02
-6.885862599547770690e-02
-6.876037810039321851e-02
-6.866220034569506248e-02
-6.856409273138329430e-02
-6.846605525745787235e-02
-6.836808792391883827e-02
-6.827019073076613653e-02
-6.817236367799983654e-02
-6.807460676561986890e-02
-6.797691999362630300e-02
-6.787930336201906945e-02
-6.778175687079822376e-02
-6.768428051996371042e-02
-6.758687430951559882e-02
-6.748953823945383346e-02
-6.739227230977844207e-02
-6.729507652048939692e-02
-6.719795087158673963e-02
-6.710089536307042857e-02
-6.700390999494050537e-02
-6.690699476719692840e-02
-6.681014967983972541e-02
-6.671337473286886866e-02
-6.661666992628441364e-02
-6.652003526008629097e-02
-6.642347073427455617e-02
-6.632697634884915372e-02
-6.623055210381015301e-02
-6.613419799915748465e-02
-6.603791403489121803e-02
-6.594170021101128376e-02
-6.584555652751773736e-02
-6.574948298441053718e-02
-6.565347958168972486e-02
-6.555754631935524490e-02
-6.546168319740716668e-02
-6.536589021584542081e-02
-6.527016737467007668e-02
-6.517451467388105102e-02
-6.507893211347842710e-02
-6.498341969346214941e-02
-6.488797741383225959e-02
-6.479260527458870211e-02
-6.469730327573154638e-02
-6.460207141726070912e-02
-6.450690969917628748e-02
-6.441181812147818431e-02
-6.431679668416648288e-02
-6.422184538724112768e-02
-6.412696423070214646e-02
-6.403215321454951148e-02
-6.393741233878327823e-02
-6.384274160340336346e-02
-6.374814100840986431e-02
-6.365361055380268362e-02
-6.355915023958190468e-02
-6.346476006574745810e-02
-6.337044003229939937e-02
-6.327619013923768687e-02
-6.318201038656237611e-02
-6.308790077427338383e-02
-6.299386130237079329e-02
-6.289989197085453509e-02
-6.280599277972467864e-02
-6.271216372898115454e-02
-6.261840481862401830e-02
-6.252471604865322830e-02
-6.243109741906882615e-02
-6.233754892987076329e-02
-6.224407058105909524e-02
-6.215066237263375953e-02
-6.205732430459481863e-02
-6.196405637694221008e-02
-6.187085858967597551e-02
-6.177773094279612881e-02
-6.168467343630262140e-02
-6.159168607019550185e-02
-6.149876884447472158e-02
-6.140592175914033612e-02
-6.131314481419228996e-02
-6.122043800963063165e-02
-6.112780134545531263e-02
-6.103523482166638842e-02
-6.094273843826380349e-02
-6.085031219524760643e-02
-6.075795609261774866e-02
-6.066567013037427875e-02
-6.057345430851715506e-02
-6.048130862704641925e-02
-6.038923308596201578e-02
-6.029722768526401405e-02
-6.020529242495234468e-02
-6.011342730502707010e-02
-6.002163232548812788e-02
-5.992990748633558740e-02
-5.983825278756937927e-02
-5.974666822918955900e-02
-5.965515381119608496e-02
-5.956370953358899878e-02
-5.947233539636825189e-02
-5.938103139953389287e-02
-5.928979754308587313e-02
-5.919863382702424820e-02
-5.910754025134896256e-02
-5.901651681606006478e-02
-5.892556352115750629e-02
-5.883468036664134260e-02
-5.874386735251151820e-02
-5.865312447876808166e-02
-5.856245174541098442e-02
-5.847184915244027503e-02
-5.838131669985591188e-02
-5.829085438765793659e-02
-5.820046221584629365e-02
-5.811014018442105244e-02
-5.801988829338214360e-02
-5.792970654272962955e-02
-5.783959493246345479e-02
-5.774955346258366790e-02
-5.765958213309022029e-02
-5.756968094398316055e-02
-5.747984989526244703e-02
-5.739008898692812138e-02
-5.730039821898013502e-02
-5.721077759141853653e-02
-5.712122710424328426e-02
-5.703174675745441985e-02
-5.694233655105188779e-02
-5.685299648503575748e-02
-5.676372655940595952e-02
-5.667452677416255635e-02
-5.658539712930548554e-02
-5.649633762483480953e-02
-5.640734826075047281e-02
-5.631842903705253089e-02
-5.622957995374092133e-02
-5.614080101081570656e-02
-5.605209220827683109e-02
-5.596345354612434347e-02
-5.587488502435820209e-02
-5.578638664297844857e-02
-5.569795840198502740e-02
-5.560960030137800103e-02
-5.552131234115732089e-02
-5.543309452132302168e-02
-5.534494684187506869e-02
-5.525686930281350356e-02
-5.516886190413827773e-02
-5.508092464584943976e-02
-5.499305752794694802e-02
-5.490526055043083720e-02
-5.481753371330107261e-02
-5.472987701655770282e-02
-5.464229046020066538e-02
-5.455477404423002274e-02
-5.446732776864571246e-02
-5.437995163344779698e-02
-5.429264563863622078e-02
-5.420540978421103939e-02
-5.411824407017219035e-02
-5.403114849651973611e-02
-5.394412306325362116e-02
-5.385716777037390102e-02
-5.377028261788051322e-02
-5.368346760577352023e-02
-5.359672273405286652e-02
-5.351004800271860068e-02
-5.342344341177067413e-02
-5.333690896120913544e-02
-5.325044465103394298e-02
-5.316405048124513838e-02
-5.307772645184267307e-02
-5.299147256282660257e-02
-5.290528881419686441e-02
-5.281917520595352106e-02
-5.273313173809651699e-02
-5.264715841062590079e-02
-5.256125522354162388e-02
-5.247542217684374177e-02
-5.238965927053219895e-02
-5.230396650460704400e-02
-5.221834387906822833e-02
-5.213279139391580053e-02
-5.204730904914971895e-02
-5.196189684477002524e-02
-5.187655478077667082e-02
-5.179128285716970426e-02
-5.170608107394908393e-02
-5.162094943111484452e-02
-5.153588792866695134e-02
-5.145089656660544603e-02
-5.136597534493028694e-02
-5.128112426364150878e-02
-5.119634332273907684e-02
-5.111163252222303277e-02
-5.102699186209332799e-02
-5.094242134235001107e-02
-5.085792096299304038e-02
-5.077349072402245755e-02
-5.068913062543821402e-02
-5.060484066724035834e-02
-5.052062084942884196e-02
-5.043647117200372038e-02
-5.035239163496493808e-02
-5.026838223831254365e-02
-5.018444298204648851e-02
-5.010057386616682817e-02
-5.001677489067350019e-02
-4.993304605556656700e-02
-4.984938736084597311e-02
-4.976579880651176707e-02
-4.968228039256390727e-02
-4.959883211900243533e-02
-4.951545398582729574e-02
-4.943214599303855789e-02
-4.934890814063615239e-02
-4.926574042862014169e-02
-4.918264285699046334e-02
-4.909961542574717980e-02
-4.901665813489023554e-02
-4.893377098441968609e-02
-4.885095397433546899e-02
-4.876820710463764669e-02
-4.868553037532616368e-02
-4.860292378640106853e-02
-4.852038733786231961e-02
-4.843792102970995161e-02
-4.835552486194392985e-02
-4.827319883456429594e-02
-4.819094294757100827e-02
-4.810875720096410152e-02
-4.802664159474354100e-02
-4.794459612890936834e-02
-4.786262080346153497e-02
-4.778071561840008946e-02
-4.769888057372499018e-02
-4.761711566943627183e-02
-4.753542090553389970e-02
-4.745379628201791544e-02
-4.737224179888827741e-02
-4.729075745614502030e-02
-4.720934325378810942e-02
-4.712799919181758640e-02
-4.704672527023340267e-02
-4.696552148903561374e-02
-4.688438784822415717e-02
-4.680332434779909540e-02
-4.672233098776037291e-02
-4.664140776810803829e-02
-4.656055468884204990e-02
-4.647977174996244243e-02
-4.639905895146918119e-02
-4.631841629336230781e-02
-4.623784377564178066e-02
-4.615734139830763444e-02
-4.607690916135983444e-02
-4.599654706479842231e-02
-4.591625510862334947e-02
-4.583603329283466449e-02
-4.575588161743232574e-02
-4.567580008241636791e-02
-4.559578868778675631e-02
-4.551584743354353951e-02
-4.543597631968665507e-02
-4.535617534621616542e-02
-4.527644451313200813e-02
-4.519678382043424564e-02
-4.511719326812282937e-02
-4.503767285619779404e-02
-4.495822258465910493e-02
-4.487884245350679674e-02
-4.479953246274084172e-02
-4.472029261236126763e-02
-4.464112290236803282e-02
-4.456202333276119282e-02
-4.448299390354069210e-02
-4.440403461470657925e-02
-4.432514546625880569e-02
-4.424632645819742693e-02
-4.416757759052238053e-02
-4.408889886323372892e-02
-4.401029027633142354e-02
-4.393175182981549909e-02
-4.385328352368591392e-02
-4.377488535794272356e-02
-4.369655733258587249e-02
-4.361829944761540928e-02
-4.354011170303129230e-02
-4.346199409883355624e-02
-4.338394663502216642e-02
-4.330596931159716445e-02
-4.322806212855850178e-02
-4.315022508590623390e-02
-4.307245818364030532e-02
-4.299476142176075766e-02
-4.291713480026755623e-02
-4.283957831916074960e-02
-4.276209197844027532e-02
-4.268467577810619584e-02
-4.260732971815845566e-02
-4.253005379859710333e-02
-4.245284801942209030e-02
-4.237571238063347207e-02
-4.229864688223119312e-02
-4.222165152421529510e-02
-4.214472630658575025e-02
-4.206787122934258633e-02
-4.199108629248576863e-02
-4.191437149601533185e-02
-4.183772683993124131e-02
-4.176115232423354556e-02
-4.168464794892218217e-02
-4.160821371399721358e-02
-4.153184961945858428e-02
-4.145555566530633590e-02
-4.137933185154044069e-02
-4.130317817816092640e-02
-4.122709464516775835e-02
-4.115108125256097815e-02
-4.107513800034053725e-02
-4.099926488850648421e-02
-4.092346191705877739e-02
-4.084772908599745150e-02
-4.077206639532247184e-02
-4.069647384503388005e-02
-4.062095143513163448e-02
-4.054549916561576983e-02
-4.047011703648625142e-02
-4.039480504774312086e-02
-4.031956319938632960e-02
-4.024439149141593314e-02
-4.016928992383186903e-02
-4.009425849663419972e-02
-4.001929720982286970e-02
-3.994440606339792754e-02
-3.986958505735933161e-02
-3.979483419170711661e-02
-3.972015346644124784e-02
-3.964554288156176692e-02
-3.957100243706863224e-02
-3.949653213296187848e-02
-3.942213196924147095e-02
-3.934780194590745128e-02
-3.927354206295977090e-02
-3.919935232039847839e-02
-3.912523271822353210e-02
-3.905118325643496674e-02
-3.897720393503274761e-02
-3.890329475401691633e-02
-3.882945571338743129e-02
-3.875568681314432717e-02
-3.868198805328756928e-02
-3.860835943381719926e-02
-3.853480095473317546e-02
-3.846131261603553259e-02
-3.838789441772423594e-02
-3.831454635979932022e-02
-3.824126844226075073e-02
-3.816806066510856910e-02
-3.809492302834273370e-02
-3.802185553196328616e-02
-3.794885817597017791e-02
-3.787593096036345752e-02
-3.780307388514307643e-02
-3.773028695030908319e-02
-3.765757015586143619e-02
-3.758492350180017705e-02
-3.751234698812525720e-02
-3.743984061483672521e-02
-3.736740438193453945e-02
-3.729503828941874155e-02
-3.722274233728928294e-02
-3.715051652554621220e-02
-3.707836085418948768e-02
-3.700627532321914409e-02
-3.693425993263514673e-02
-3.686231468243753723e-02
-3.679043957262626702e-02
-3.671863460320138467e-02
-3.664689977416284855e-02
-3.657523508551070029e-02
-3.650364053724489133e-02
-3.643211612936547023e-02
-3.636066186187239535e-02
-3.628927773476570140e-02
-3.621796374804535368e-02
-3.614671990171139382e-02
-3.607554619576378019e-02
-3.600444263020254748e-02
-3.593340920502766100e-02
-3.586244592023916239e-02
-3.579155277583700306e-02
-3.572072977182123160e-02
-3.564997690819180637e-02
-3.557929418494876900e-02
-3.550868160209207092e-02
-3.543813915962176070e-02
-3.536766685753779671e-02
-3.529726469584021364e-02
-3.522693267452897681e-02
-3.515667079360412783e-02
-3.508647905306561815e-02
-3.501635745291350327e-02
-3.494630599314772074e-02
-3.487632467376833301e-02
-3.480641349477528457e-02
-3.473657245616862399e-02
-3.466680155794830964e-02
-3.459710080011438316e-02
-3.452747018266679596e-02
-3.445790970560559663e-02
-3.438841936893073659e-02
-3.431899917264227134e-02
-3.424964911674014539e-02
-3.418036920122440037e-02
-3.411115942609500851e-02
-3.404201979135199757e-02
-3.397295029699533286e-02
-3.390395094302504908e-02
-3.383502172944111847e-02
-3.376616265624356183e-02
-3.369737372343235837e-02
-3.362865493100754277e-02
-3.356000627896906646e-02
-3.349142776731697108e-02
-3.342291939605122886e-02
-3.335448116517186756e-02
-3.328611307467885250e-02
-3.321781512457222529e-02
-3.314958731485193738e-02
-3.308142964551803733e-02
-3.301334211657048351e-02
-3.294532472800931061e-02
-3.287737747983449088e-02
-3.280950037204604514e-02
-3.274169340464395256e-02
-3.267395657762824090e-02
-3.260628989099887548e-02
-3.253869334475589792e-02
-3.247116693889926659e-02
-3.240371067342901618e-02
-3.233632454834511200e-02
-3.226900856364758874e-02
-3.220176271933641865e-02
-3.213458701541162255e-02
-3.206748145187317961e-02
-3.200044602872112454e-02
-3.193348074595540875e-02
-3.186658560357608083e-02
-3.179976060158309220e-02
-3.173300573997649143e-02
-3.166632101875623689e-02
-3.159970643792237022e-02
-3.153316199747484283e-02
-3.146668769741370331e-02
-3.140028353773891001e-02
-3.133394951845050458e-02
-3.126768563954843844e-02
-3.120149190103276016e-02
-3.113536830290342464e-02
-3.106931484516047698e-02
-3.100333152780387208e-02
-3.093741835083365158e-02
-3.087157531424977730e-02
-3.080580241805228742e-02
-3.074009966224114376e-02
-3.067446704681638450e-02
-3.060890457177797147e-02
-3.054341223712594283e-02
-3.047799004286026042e-02
-3.041263798898095894e-02
-3.034735607548800715e-02
-3.028214430238143628e-02
-3.021700266966121512e-02
-3.015193117732737488e-02
-3.008692982537988087e-02
-3.002199861381877125e-02
-2.995713754264400785e-02
-2.989234661185562886e-02
-2.982762582145359609e-02
-2.976297517143794771e-02
-2.969839466180864557e-02
-2.963388429256572434e-02
-2.956944406370915282e-02
-2.950507397523896222e-02
-2.944077402715512132e-02
-2.937654421945766134e-02
-2.931238455214654759e-02
-2.924829502522181823e-02
-2.918427563868343511e-02
-2.912032639253143637e-02
-2.905644728676578387e-02
-2.899263832138651575e-02
-2.892889949639359387e-02
-2.886523081178705291e-02
-2.880163226756686165e-02
-2.873810386373305131e-02
-2.867464560028559067e-02
-2.861125747722451096e-02
-2.854793949454977747e-02
-2.848469165226143185e-02
-2.842151395035942898e-02
-2.835840638884381051e-02
-2.829536896771453827e-02
-2.823240168697164695e-02
-2.816950454661510533e-02
-2.810667754664494811e-02
-2.804392068706113364e-02
-2.798123396786370704e-02
-2.791861738905262319e-02
-2.785607095062792721e-02
-2.779359465258957398e-02
-2.773118849493760515e-02
-2.766885247767198255e-02
-2.760658660079274435e-02
-2.754439086429985237e-02
-2.748226526819334478e-02
-2.742020981247318342e-02
-2.735822449713940299e-02
-2.729630932219197226e-02
-2.723446428763092592e-02
-2.717268939345622233e-02
-2.711098463966790315e-02
-2.704935002626593366e-02
-2.698778555325034509e-02
-2.692629122062110275e-02
-2.686486702837824481e-02
-2.680351297652173309e-02
-2.674222906505160577e-02
-2.668101529396782468e-02
-2.661987166327042451e-02
-2.655879817295937403e-02
-2.649779482303470796e-02
-2.643686161349638464e-02
-2.637599854434444571e-02
-2.631520561557885649e-02
-2.625448282719964818e-02
-2.619383017920678611e-02
-2.613324767160030843e-02
-2.607273530438017697e-02
-2.601229307754642991e-02
-2.595192099109902908e-02
-2.589161904503801265e-02
-2.583138723936333897e-02
-2.577122557407505316e-02
-2.571113404917311010e-02
-2.565111266465755491e-02
-2.559116142052834247e-02
-2.553128031678551443e-02
-2.547146935342903609e-02
-2.541172853045893867e-02
-2.535205784787518749e-02
-2.529245730567781722e-02
-2.523292690386679665e-02
-2.517346664244216048e-02
-2.511407652140387053e-02
-2.505475654075196151e-02
-2.499550670048640219e-02
-2.493632700060722379e-02
-2.487721744111439509e-02
-2.481817802200794731e-02
-2.475920874328784577e-02
-2.470030960495412861e-02
-2.464148060700675769e-02
-2.458272174944577115e-02
-2.452403303227113085e-02
-2.446541445548287494e-02
-2.440686601908096526e-02
-2.434838772306543650e-02
-2.428997956743625744e-02
-2.423164155219345930e-02
-2.417337367733701087e-02
-2.411517594286694335e-02
-2.405704834878322207e-02
-2.399899089508588518e-02
-2.394100358177489452e-02
-2.388308640885028825e-02
-2.382523937631202821e-02
-2.376746248416015256e-02
-2.370975573239462314e-02
-2.365211912101547465e-02
-2.359455265002267585e-02
-2.353705631941625798e-02
-2.347963012919618980e-02
-2.342227407936250255e-02
-2.336498816991516153e-02
-2.330777240085420490e-02
-2.325062677217959450e-02
-2.319355128389136850e-02
-2.313654593598948872e-02
-2.307961072847399334e-02
-2.302274566134484418e-02
-2.296595073460207595e-02
-2.290922594824565742e-02
-2.285257130227561981e-02
-2.279598679669193190e-02
-2.273947243149462491e-02
-2.268302820668366762e-02
-2.262665412225908779e-02
-2.257035017822086112e-02
-2.251411637456901191e-02
-2.245795271130351586e-02
-2.240185918842439727e-02
-2.234583580593162838e-02
-2.228988256382524388e-02
-2.223399946210520561e-02
-2.217818650077154827e-02
-2.212244367982424062e-02
-2.206677099926331390e-02
-2.201116845908873340e-02
-2.195563605930053730e-02
-2.190017379989868743e-02
-2.184478168088322195e-02
-2.178945970225410270e-02
-2.173420786401136784e-02
-2.167902616615497921e-02
-2.162391460868497151e-02
-2.156887319160131350e-02
-2.151390191490403989e-02
-2.145900077859310903e-02
-2.140416978266856257e-02
-2.134940892713036581e-02
-2.129471821197854997e-02
-2.124009763721308036e-02
-2.118554720283399515e-02
-2.113106690884125616e-02
-2.107665675523490156e-02
-2.102231674201489320e-02
-2.096804686918126576e-02
-2.091384713673398801e-02
-2.085971754467309466e-02
-2.080565809299854407e-02
-2.075166878171037788e-02
-2.069774961080856138e-02
-2.064390058029312580e-02
-2.059012169016403992e-02
-2.053641294042133150e-02
-2.048277433106497625e-02
-2.042920586209499845e-02
-2.037570753351137035e-02
-2.032227934531412664e-02
-2.026892129750322916e-02
-2.021563339007871260e-02
-2.016241562304054574e-02
-2.010926799638875981e-02
-2.005619051012332010e-02
-2.000318316424426479e-02
-1.995024595875155918e-02
-1.989737889364523449e-02
-1.984458196892525603e-02
-1.979185518459165849e-02
-1.973919854064441412e-02
-1.968661203708354721e-02
-1.963409567390902999e-02
-1.958164945112089370e-02
-1.952927336871910710e-02
-1.947696742670370143e-02
-1.942473162507464546e-02
-1.937256596383197041e-02
-1.932047044297564506e-02
-1.926844506250569716e-02
-1.921648982242210243e-02
-1.916460472272488516e-02
-1.911278976341402105e-02
-1.906104494448953440e-02
-1.900937026595139745e-02
-1.895776572779964142e-02
-1.890623133003423509e-02
-1.885476707265520968e-02
-1.880337295566253397e-02
-1.875204897905623919e-02
-1.870079514283629063e-02
-1.864961144700272647e-02
-1.859849789155551200e-02
-1.854745447649467499e-02
-1.849648120182018768e-02
-1.844557806753208476e-02
-1.839474507363032807e-02
-1.834398222011495230e-02
-1.829328950698592623e-02
-1.824266693424328109e-02
-1.819211450188698564e-02
-1.814163220991707112e-02
-1.809122005833350630e-02
-1.804087804713631893e-02
-1.799060617632548473e-02
-1.794040444590102798e-02
-1.789027285586292440e-02
-1.784021140621119828e-02
-1.779022009694582185e-02
-1.774029892806682634e-02
-1.769044789957418401e-02
-1.764066701146791566e-02
-1.759095626374800048e-02
-1.754131565641446622e-02
-1.749174518946728166e-02
-1.744224486290646067e-02
-1.739281467673203449e-02
-1.734345463094394760e-02
-1.729416472554222081e-02
-1.724494496052686107e-02
-1.719579533589789613e-02
-1.714671585165526702e-02
-1.709770650779900147e-02
-1.704876730432910298e-02
-1.699989824124559581e-02
-1.695109931854842794e-02
-1.690237053623762364e-02
-1.685371189431318292e-02
-1.680512339277513700e-02
-1.675660503162342690e-02
-1.670815681085808385e-02
-1.665977873047910437e-02
-1.661147079048651970e-02
-1.656323299088027085e-02
-1.651506533166038557e-02
-1.646696781282686733e-02
-1.641894043437974043e-02
-1.637098319631895282e-02
-1.632309609864452879e-02
-1.627527914135646833e-02
-1.622753232445480268e-02
-1.617985564793947284e-02
-1.613224911181051005e-02
-1.608471271606791084e-02
-1.603724646071170643e-02
-1.598985034574183783e-02
-1.594252437115833282e-02
-1.589526853696119485e-02
-1.584808284315044821e-02
-1.580096728972604087e-02
-1.575392187668799709e-02
-1.570694660403631690e-02
-1.566004147177103151e-02
-1.561320647989208367e-02
-1.556644162839949941e-02
-1.551974691729328219e-02
-1.547312234657345631e-02
-1.542656791623996798e-02
-1.538008362629284496e-02
-1.533366947673208552e-02
-1.528732546755772088e-02
-1.524105159876969207e-02
-1.519484787036802856e-02
-1.514871428235273036e-02
-1.510265083472382523e-02
-1.505665752748125766e-02
-1.501073436062505366e-02
-1.496488133415521671e-02
-1.491909844807177109e-02
-1.487338570237466302e-02
-1.482774309706392027e-02
-1.478217063213954283e-02
-1.473666830760155672e-02
-1.469123612344990816e-02
-1.464587407968462665e-02
-1.460058217630570872e-02
-1.455536041331318212e-02
-1.451020879070699481e-02
-1.446512730848717281e-02
-1.442011596665371438e-02
-1.437517476520664902e-02
-1.433030370414592122e-02
-1.428550278347155873e-02
-1.424077200318356155e-02
-1.419611136328195571e-02
-1.415152086376668915e-02
-1.410700050463778617e-02
-1.406255028589525023e-02
-1.401817020753910389e-02
-1.397386026956929685e-02
-1.392962047198585511e-02
-1.388545081478877695e-02
-1.384135129797809186e-02
-1.379732192155374432e-02
-1.375336268551576209e-02
-1.370947358986414691e-02
-1.366565463459891959e-02
-1.362190581972003330e-02
-1.357822714522751231e-02
-1.353461861112135491e-02
-1.349108021740158883e-02
-1.344761196406816205e-02
-1.340421385112110057e-02
-1.336088587856040441e-02
-1.331762804638609785e-02
-1.327444035459813231e-02
-1.323132280319653034e-02
-1.318827539218129369e-02
-1.314529812155244837e-02
-1.310239099130994234e-02
-1.305955400145379988e-02
-1.301678715198402447e-02
-1.297409044290063866e-02
-1.293146387420359214e-02
-1.288890744589291093e-02
-1.284642115796859503e-02
-1.280400501043066873e-02
-1.276165900327908345e-02
-1.271938313651386175e-02
-1.267717741013500710e-02
-1.263504182414254030e-02
-1.259297637853641454e-02
-1.255098107331665408e-02
-1.250905590848325720e-02
-1.246720088403625165e-02
-1.242541599997558539e-02
-1.238370125630128618e-02
-1.234205665301335055e-02
-1.230048219011180451e-02
-1.225897786759659776e-02
-1.221754368546775806e-02
-1.217617964372528193e-02
-1.213488574236919713e-02
-1.209366198139945163e-02
-1.205250836081607144e-02
-1.201142488061905482e-02
-1.197041154080842953e-02
-1.192946834138414354e-02
-1.188859528234622459e-02
-1.184779236369466922e-02
-1.180705958542950344e-02
-1.176639694755067696e-02
-1.172580445005821752e-02
-1.168528209295212339e-02
-1.164482987623241712e-02
-1.160444779989905188e-02
-1.156413586395205195e-02
-1.152389406839141733e-02
-1.148372241321717058e-02
-1.144362089842926658e-02
-1.140358952402772616e-02
-1.136362829001255105e-02
-1.132373719638376554e-02
-1.128391624314132105e-02
-1.124416543028524187e-02
-1.120448475781552627e-02
-1.116487422573220027e-02
-1.112533383403521703e-02
-1.108586358272459736e-02
-1.104646347180034301e-02
-1.100713350126247651e-02
-1.096787367111095278e-02
-1.092868398134579262e-02
-1.088956443196699778e-02
-1.085051502297459253e-02
-1.081153575436852830e-02
-1.077262662614882939e-02
-1.073378763831549405e-02
-1.069501879086854831e-02
-1.065632008380794533e-02
-1.061769151713370593e-02
-1.057913309084583184e-02
-1.054064480494434561e-02
-1.050222665942920214e-02
-1.046387865430042224e-02
-1.042560078955800940e-02
-1.038739306520198268e-02
-1.034925548123229871e-02
-1.031118803764898006e-02
-1.027319073445202673e-02
-1.023526357164146125e-02
-1.019740654921723680e-02
-1.015961966717937939e-02
-1.012190292552788556e-02
-1.008425632426277960e-02
-1.004667986338401639e-02
-1.000917354289161676e-02
-9.971737362785584174e-03
-9.934371323065937717e-03
-9.897075423732634020e-03
-9.859849664785697368e-03
-9.822694046225122558e-03
-9.785608568050937345e-03
-9.748593230263094891e-03
-9.711648032861616014e-03
-9.674772975846502449e-03
-9.637968059217776745e-03
-9.601233282975393801e-03
-9.564568647119376169e-03
-9.527974151649723847e-03
-9.491449796566457653e-03
-9.454995581869534219e-03
-9.418611507558976095e-03
-9.382297573634783283e-03
-9.346053780096978333e-03
-9.309880126945514409e-03
-9.273776614180417530e-03
-9.237743241801684227e-03
-9.201780009809338787e-03
-9.165886918203336106e-03
-9.130063966983698737e-03
-9.094311156150426678e-03
-9.058628485703540748e-03
-9.023015955642997576e-03
-8.987473565968819716e-03
-8.952001316681007168e-03
-8.916599207779582481e-03
-8.881267239264498820e-03
-8.846005411135782204e-03
-8.810813723393430899e-03
-8.775692176037463987e-03
-8.740640769067841570e-03
-8.705659502484584464e-03
-8.670748376287692669e-03
-8.635907390477187001e-03
-8.601136545053024093e-03
-8.566435840015228231e-03
-8.531805275363795946e-03
-8.497244851098749788e-03
-8.462754567220048124e-03
-8.428334423727711772e-03
-8.393984420621740730e-03
-8.359704557902154082e-03
-8.325494835568911928e-03
-8.291355253622035085e-03
-8.257285812061523553e-03
-8.223286510887398149e-03
-8.189357350099617239e-03
-8.155498329698199905e-03
-8.121709449683147883e-03
-8.087990710054481988e-03
-8.054342110812160588e-03
-8.020763651956204499e-03
-7.987255333486613720e-03
-7.953817155403407335e-03
-7.920449117706545444e-03
-7.887151220396050599e-03
-7.853923463471919331e-03
-7.820765846934172455e-03
-7.787678370782771808e-03
-7.754661035017735606e-03
-7.721713839639064714e-03
-7.688836784646779082e-03
-7.656029870040837945e-03
-7.623293095821262119e-03
-7.590626461988051604e-03
-7.558029968541225482e-03
-7.525503615480744722e-03
-7.493047402806628406e-03
-7.460661330518878268e-03
-7.428345398617511655e-03
-7.396099607102491272e-03
-7.363923955973836200e-03
-7.331818445231545571e-03
-7.299783074875639335e-03
-7.267817844906078462e-03
-7.235922755322883766e-03
-7.204097806126053515e-03
-7.172342997315606788e-03
-7.140658328891506292e-03
-7.109043800853771106e-03
-7.077499413202401231e-03
-7.046025165937414882e-03
-7.014621059058774762e-03
-6.983287092566499953e-03
-6.952023266460589587e-03
-6.920829580741063615e-03
-6.889706035407883872e-03
-6.858652630461068572e-03
-6.827669365900618584e-03
-6.796756241726552121e-03
-6.765913257938832755e-03
-6.735140414537477832e-03
-6.704437711522488220e-03
-6.673805148893882135e-03
-6.643242726651622278e-03
-6.612750444795727732e-03
-6.582328303326198497e-03
-6.551976302243051921e-03
-6.521694441546252441e-03
-6.491482721235818272e-03
-6.461341141311748547e-03
-6.431269701774062347e-03
-6.401268402622723244e-03
-6.371337243857748585e-03
-6.341476225479139237e-03
-6.311685347486913414e-03
-6.281964609881033820e-03
-6.252314012661519538e-03
-6.222733555828370566e-03
-6.193223239381604253e-03
-6.163783063321185036e-03
-6.134413027647131131e-03
-6.105113132359442536e-03
-6.075883377458135733e-03
-6.046723762943176893e-03
-6.017634288814583364e-03
-5.988614955072355146e-03
-5.959665761716507852e-03
-5.930786708747009389e-03
-5.901977796163876237e-03
-5.873239023967107529e-03
-5.844570392156720612e-03
-5.815971900732682526e-03
-5.787443549695008883e-03
-5.758985339043700552e-03
-5.730597268778774012e-03
-5.702279338900195435e-03
-5.674031549407982170e-03
-5.645853900302134215e-03
-5.617746391582667184e-03
-5.589709023249548984e-03
-5.561741795302796096e-03
-5.533844707742407651e-03
-5.506017760568400997e-03
-5.478260953780743174e-03
-5.450574287379450662e-03
-5.422957761364522594e-03
-5.395411375735975450e-03
-5.367935130493778004e-03
-5.340529025637945001e-03
-5.313193061168477310e-03
-5.285927237085390543e-03
-5.258731553388652606e-03
-5.231606010078279981e-03
-5.204550607154272666e-03
-5.177565344616646276e-03
-5.150650222465368716e-03
-5.123805240700455600e-03
-5.097030399321908663e-03
-5.070325698329741781e-03
-5.043691137723924599e-03
-5.017126717504471860e-03
-4.990632437671384432e-03
-4.964208298224677927e-03
-4.937854299164320254e-03
-4.911570440490327892e-03
-4.885356722202700841e-03
-4.859213144301454713e-03
-4.833139706786557417e-03
-4.807136409658025432e-03
-4.781203252915857890e-03
-4.755340236560071272e-03
-4.729547360590634353e-03
-4.703824625007562744e-03
-4.678172029810855580e-03
-4.652589575000529339e-03
-4.627077260576551929e-03
-4.601635086538940697e-03
-4.576263052887693909e-03
-4.550961159622827178e-03
-4.525729406744310145e-03
-4.500567794252158423e-03
-4.475476322146372012e-03
-4.450454990426965657e-03
-4.425503799093909001e-03
-4.400622748147217655e-03
-4.375811837586890754e-03
-4.351071067412943909e-03
-4.326400437625347629e-03
-4.301799948224116661e-03
-4.277269599209250137e-03
-4.252809390580763668e-03
-4.228419322338627766e-03
-4.204099394482856307e-03
-4.179849607013450159e-03
-4.155669959930423200e-03
-4.131560453233747675e-03
-4.107521086923436593e-03
-4.083551860999489955e-03
-4.059652775461923373e-03
-4.035823830310707357e-03
-4.012065025545856652e-03
-3.988376361167371258e-03
-3.964757837175264185e-03
-3.941209453569508546e-03
-3.917731210350118218e-03
-3.894323107517092333e-03
-3.870985145070445204e-03
-3.847717323010149942e-03
-3.824519641336219123e-03
-3.801392100048653615e-03
-3.778334699147466863e-03
-3.755347438632631544e-03
-3.732430318504161102e-03
-3.709583338762055538e-03
-3.686806499406328728e-03
-3.664099800436953786e-03
-3.641463241853943288e-03
-3.618896823657298100e-03
-3.596400545847031234e-03
-3.573974408423116235e-03
-3.551618411385566113e-03
-3.529332554734381303e-03
-3.507116838469574380e-03
-3.484971262591119324e-03
-3.462895827099029145e-03
-3.440890531993304278e-03
-3.418955377273957732e-03
-3.397090362940962619e-03
-3.375295488994332817e-03
-3.353570755434068327e-03
-3.331916162260181290e-03
-3.310331709472646555e-03
-3.288817397071477130e-03
-3.267373225056672582e-03
-3.245999193428232912e-03
-3.224695302186171130e-03
-3.203461551330461649e-03
-3.182297940861117044e-03
-3.161204470778137751e-03
-3.140181141081535912e-03
-3.119227951771286807e-03
-3.098344902847402146e-03
-3.077531994309883230e-03
-3.056789226158741334e-03
-3.036116598393952173e-03
-3.015514111015527889e-03
-2.994981764023468915e-03
-2.974519557417786963e-03
-2.954127491198457744e-03
-2.933805565365493837e-03
-2.913553779918895241e-03
-2.893372134858673232e-03
-2.873260630184804390e-03
-2.853219265897300426e-03
-2.833248041996161773e-03
-2.813346958481399707e-03
-2.793516015352991242e-03
-2.773755212610947221e-03
-2.754064550255268945e-03
-2.734444028285966822e-03
-2.714893646703018300e-03
-2.695413405506434656e-03
-2.676003304696216323e-03
-2.656663344272374144e-03
-2.637393524234885999e-03
-2.618193844583762732e-03
-2.599064305319004342e-03
-2.580004906440622539e-03
-2.561015647948593904e-03
-2.542096529842931014e-03
-2.523247552123632567e-03
-2.504468714790710707e-03
-2.485760017844142449e-03
-2.467121461283939502e-03
-2.448553045110101432e-03
-2.430054769322639516e-03
-2.411626633921531634e-03
-2.393268638906788631e-03
-2.374980784278410938e-03
-2.356763070036408964e-03
-2.338615496180761026e-03
-2.320538062711478399e-03
-2.302530769628560649e-03
-2.284593616932018619e-03
-2.266726604621831058e-03
-2.248929732698008374e-03
-2.231203001160551001e-03
-2.213546410009468914e-03
-2.195959959244741296e-03
-2.178443648866378989e-03
-2.160997478874381560e-03
-2.143621449268759416e-03
-2.126315560049492175e-03
-2.109079811216589811e-03
-2.091914202770052758e-03
-2.074818734709890557e-03
-2.057793407036083259e-03
-2.040838219748641272e-03
-2.023953172847564163e-03
-2.007138266332862339e-03
-1.990393500204514984e-03
-1.973718874462533374e-03
-1.957114389106916208e-03
-1.940580044137674110e-03
-1.924115839554787349e-03
-1.907721775358265466e-03
-1.891397851548108676e-03
-1.875144068124326522e-03
-1.858960425086899921e-03
-1.842846922435838197e-03
-1.826803560171141568e-03
-1.810830338292819574e-03
-1.794927256800852916e-03
-1.779094315695251352e-03
-1.763331514976014883e-03
-1.747638854643152832e-03
-1.732016334696646334e-03
-1.716463955136505147e-03
-1.700981715962728838e-03
-1.685569617175326730e-03
-1.670227658774280392e-03
-1.654955840759599148e-03
-1.639754163131282999e-03
-1.624622625889340834e-03
-1.609561229033754657e-03
-1.594569972564533790e-03
-1.579648856481677801e-03
-1.564797880785195579e-03
-1.550017045475069561e-03
-1.535306350551308638e-03
-1.520665796013912809e-03
-1.506095381862890747e-03
-1.491595108098224889e-03
-1.477164974719924126e-03
-1.462804981727988457e-03
-1.448515129122426338e-03
-1.434295416903220641e-03
-1.420145845070380037e-03
-1.406066413623904528e-03
-1.392057122563802353e-03
-1.378117971890056815e-03
-1.364248961602676372e-03
-1.350450091701661023e-03
-1.336721362187018791e-03
-1.323062773058733413e-03
-1.309474324316813130e-03
-1.295956015961257941e-03
-1.282507847992075652e-03
-1.269129820409250434e-03
-1.255821933212790311e-03
-1.242584186402695282e-03
-1.229416579978972936e-03
-1.216319113941607879e-03
-1.203291788290607916e-03
-1.190334603025973046e-03
-1.177447558147710861e-03
-1.164630653655805963e-03
-1.151883889550266160e-03
-1.139207265831091451e-03
-1.126600782498288992e-03
-1.114064439551844254e-03
-1.101598236991764611e-03
-1.089202174818050062e-03
-1.076876253030707763e-03
-1.064620471629723186e-03
-1.052434830615103702e-03
-1.040319329986849313e-03
-1.028273969744966957e-03
-1.016298749889442540e-03
-1.004393670420283217e-03
-9.925587313374887709e-04
-9.807939326410665751e-04
-9.690992743310023177e-04
-9.574747564073030461e-04
-9.459203788699688687e-04
-9.344361417190066160e-04
-9.230220449544025187e-04
-9.116780885761634071e-04
-9.004042725842893898e-04
-8.892005969787870803e-04
-8.780670617596431429e-04
-8.670036669268641914e-04
-8.560104124804503341e-04
-8.450872984204079678e-04
-8.342343247467241905e-04
-8.234514914594055074e-04
-8.127387985584518101e-04
-8.020962460438693870e-04
-7.915238339156457697e-04
-7.810215621737871382e-04
-7.705894308182936010e-04
-7.602274398491712295e-04
-7.499355892664077722e-04
-7.397138790700093008e-04
-7.295623092599759236e-04
-7.194808798363134953e-04
-7.094695907990101981e-04
-6.995284421480718866e-04
-6.896574338834986695e-04
-6.798565660052962928e-04
-6.701258385134530472e-04
-6.604652514079748958e-04
-6.508748046888618386e-04
-6.413544983561194051e-04
-6.319043324097364280e-04
-6.225243068497184366e-04
-6.132144216760654310e-04
-6.039746768887830491e-04
-5.948050724878602320e-04
-5.857056084733024007e-04
-5.766762848451095552e-04
-5.677171016032871165e-04
-5.588280587478244594e-04
-5.500091562787266797e-04
-5.412603941959941026e-04
-5.325817724996316071e-04
-5.239732911896291100e-04
-5.154349502659915988e-04
-5.069667497287190733e-04
-4.985686895778166294e-04
-4.902407698132741840e-04
-4.819829904350968327e-04
-4.737953514432845215e-04
-4.656778528378420208e-04
-4.576304946187597896e-04
-4.496532767860425442e-04
-4.417461993396903930e-04
-4.339092622797078897e-04
-4.261424656060857643e-04
-4.184458093188287331e-04
-4.108192934179366877e-04
-4.032629179034141818e-04
-3.957766827752522707e-04
-3.883605880334553453e-04
-3.810146336780234600e-04
-3.737388197089609515e-04
-3.665331461262591461e-04
-3.593976129299223808e-04
-3.523322201199507097e-04
-3.453369676963481444e-04
-3.384118556591064991e-04
-3.315568840082298938e-04
-3.247720527437183828e-04
-3.180573618655758148e-04
-3.114128113737943296e-04
-3.048384012683778843e-04
-2.983341315493264791e-04
-2.919000022166439085e-04
-2.855360132703225833e-04
-2.792421647103662981e-04
-2.730184565367750529e-04
-2.668648887495524797e-04
-2.607814613486912603e-04
-2.547681743341951351e-04
-2.488250277060640499e-04
-2.429520214643014471e-04
-2.371491556089004148e-04
-2.314164301398644226e-04
-2.257538450571934974e-04
-2.201614003608908920e-04
-2.146390960509500197e-04
-2.091869321273741875e-04
-2.038049085901633953e-04
-1.984930254393207872e-04
-1.932512826748400479e-04
-1.880796802967243757e-04
-1.829782183049737435e-04
-1.779468966995911058e-04
-1.729857154805705536e-04
-1.680946746479150143e-04
-1.632737742016245421e-04
-1.585230141417019018e-04
-1.538423944681414825e-04
-1.492319151809461033e-04
-1.446915762801157912e-04
-1.402213777656531211e-04
-1.358213196375528619e-04
-1.314914018958176427e-04
-1.272316245404474635e-04
-1.230419875714448179e-04
-1.189224909888046916e-04
-1.148731347925296189e-04
-1.108939189826196132e-04
-1.069848435590769380e-04
-1.031459085218969717e-04
-9.937711387108205902e-05
-9.567845960663218631e-05
-9.204994572854950847e-05
-8.849157223682970223e-05
-8.500333913147493600e-05
-8.158524641248522332e-05
-7.823729407986252933e-05
-7.495948213360286957e-05
-7.175181057370826336e-05
-6.861427940017869717e-05
-6.554688861301598702e-05
-6.254963821221648729e-05
-5.962252819778203434e-05
-5.676555856971262818e-05
-5.397872932800990866e-05
-5.126204047267055540e-05
-4.861549200369625571e-05
-4.603908392108700280e-05
-4.353281622484426712e-05
-4.109668891496507390e-05
-3.873070199145092746e-05
-3.643485545430182781e-05
-3.420914930351907598e-05
-3.205358353910003601e-05
-2.996815816104603944e-05
-2.795287316935709642e-05
-2.600772856403433183e-05
-2.413272434507544173e-05
-2.232786051248160180e-05
-2.059313706625281204e-05
-1.892855400639003468e-05
-1.733411133289130122e-05
-1.580980904575761455e-05
-1.435564714498897466e-05
-1.297162563058618623e-05
-1.165774450254760433e-05
-1.041400376087407091e-05
-9.240403405565585963e-06
-8.136943436622784772e-06
-7.103623854044355280e-06
-6.140444657830975960e-06
-5.247405847982644270e-06
-4.424507424499829468e-06
-3.671749387381554501e-06
-2.989131736628328011e-06
-2.376654472240150423e-06
-1.834317594217322222e-06
-1.362121102559200297e-06
-9.600649972661274853e-07
-6.281492783381032575e-07
-3.663739457752621330e-07
-1.747389995772938330e-07
-5.324443974437427574e-08
0.000000000000000000e+00
2.067647917364948649e-08
1.096030784358345931e-07
2.686700640630684357e-07
4.978774360553510872e-07
7.972251944124841697e-07
1.166713339134822643e-06
1.606341870222210018e-06
2.116110787674645871e-06
2.696020091491765978e-06
3.346069781674258129e-06
4.066259858221799182e-06
4.856590321134387865e-06
5.717061170411495631e-06
6.647672406054140613e-06
7.648424028061835767e-06
8.719316036434578553e-06
9.860348431171671860e-06
1.107152121227447094e-05
1.235283437974231851e-05
1.370428793357521454e-05
1.512588187377229678e-05
1.661761620033524743e-05
1.817949091326324994e-05
1.981150601255629923e-05
2.151366149821336870e-05
2.328595737023647430e-05
2.512839362862462667e-05
2.704097027337782922e-05
2.902368730449488593e-05
3.107654472197814816e-05
3.319954252582645379e-05
3.539268071603980621e-05
3.765595929261685015e-05
3.998937825556026225e-05
4.239293760486872792e-05
4.486663734054223358e-05
4.741047746257926815e-05
5.002445797098283351e-05
5.270857886575144565e-05
5.546284014688511135e-05
5.828724181438212299e-05
6.118178386824584837e-05
6.414646630847461377e-05
6.718128913506843272e-05
7.028625234802543499e-05
7.346135594734930685e-05
7.670659993303823227e-05
8.002198430509219770e-05
8.340750906350918382e-05
8.686317420829321571e-05
9.038897973944228761e-05
9.398492565695641308e-05
9.765101196083339659e-05
1.013872386510775750e-04
1.051936057276867933e-04
1.090701131906610788e-04
1.130167610399980462e-04
1.170335492757023710e-04
1.211204778977717630e-04
1.252775469062061950e-04
1.295047563010031462e-04
1.338021060821676311e-04
1.381695962496971560e-04
1.426072268035917480e-04
1.471149977438486966e-04
1.516929090704733144e-04
1.563409607834629993e-04
1.610591528828177513e-04
1.658474853685346702e-04
1.707059582406194752e-04
1.756345714990693201e-04
1.806333251438842051e-04
1.857022191750611214e-04
1.908412535926060593e-04
1.960504283965160642e-04
2.013297435867911092e-04
2.066791991634279958e-04
2.120987951264330937e-04
2.175885314758032587e-04
2.231484082115384366e-04
2.287784253336353477e-04
2.344785828421005786e-04
2.402488807369309036e-04
2.460893190181262687e-04
2.519998976856830959e-04
2.579806167396085409e-04
2.640314761798989718e-04
2.701524760065544969e-04
2.763436162195713214e-04
2.826048968189569265e-04
2.889363178047075174e-04
2.953378791768231483e-04
3.018095809353000245e-04
3.083514230801457355e-04
3.149634056113564864e-04
3.216455285289323315e-04
3.283977918328691509e-04
3.352201955231750219e-04
3.421127395998459328e-04
3.490754240628818838e-04
3.561082489122787006e-04
3.632112141480447315e-04
3.703843197701758025e-04
3.776275657786719135e-04
3.849409521735287277e-04
3.923244789547549187e-04
3.997781461223461497e-04
4.073019536763024208e-04
4.148959016166191781e-04
4.225599899433055292e-04
4.302942186563569202e-04
4.380985877557733513e-04
4.459730972415501061e-04
4.539177471136966171e-04
4.619325373722081140e-04
4.700174680170847051e-04
4.781725390483214573e-04
4.863977504659281284e-04
4.946931022698998395e-04
5.030585944602364822e-04
5.114942270369332317e-04
5.199999999999999544e-04
