1.843926176261212468e-02 9.882572285403234957e-02 2.702386638269571595e-02 6.601692132069569841e-03
-6.115029390239819229e-02 2.018883895553786334e-01 -6.598023540972694501e-02 -6.175395601490596409e-02
-6.413850675589993777e-02 5.802890097056012664e-02 -6.315513783153414717e-02 -6.477061789790403146e-02
-5.039326552436727003e-01 -8.657014250743020334e-01 -5.252021218522932022e-01 -4.838598953420447657e-01
5.039306658452383236e-03 1.808343180193006106e-01 3.538051648712592367e-02 -1.362288369882130867e-02
-1.869253096389300595e-04 -5.327687118946560219e-01 -8.885316812221599747e-04 -2.533763696079827099e-04
-1.536258801925202699e-02 -7.303875741829735091e-01 -8.305669129317738708e-03 -2.184298567151532477e-02
-1.526680126241519719e-03 -8.860759949349450437e-02 -1.606000057457757091e-03 -4.355036314021676347e-03
-6.049177291359592035e-03 -4.822737456012480273e-01 7.310147506452424615e-03 -8.114085853015040595e-03
8.365186041267014261e-02 3.411084611962658109e-01 1.069483375491860344e-01 6.860060659956912499e-02
-4.318817694171206423e-02 9.495029772133580792e-01 -4.008482258761514316e-02 -2.733444874314011619e-02
-3.157798324744293117e-02 -4.528756772853981261e-02 -3.220100868016284590e-02 -2.133969333794272227e-02
-2.117752307857964644e-02 2.836878695398947769e-01 -5.386901711612113175e-02 1.815012596567883163e-02
-2.178271382792584809e-03 8.950903157529976895e-01 -1.830358303636281381e-02 4.274285192896354335e-03
-1.382542632841676777e-02 8.789972718615217673e-01 -5.065473816609045166e-03 -8.059134451079863481e-03
-1.715411087373486243e-02 -5.008844868969317687e-01 -1.819394011045261106e-02 -2.168856860685053345e-02
-9.687970388026712065e-03 -6.761887133143797968e-01 -1.929726948776688822e-02 4.473101386595956797e-03
-1.547318547923448584e-03 -2.530926622419396033e-01 3.646601665395821090e-03 5.538929390559665933e-03
9.302432012535666317e-04 -5.547526669200841809e-02 -1.581436924570467362e-03 1.519004043194716047e-03
1.108972893988491304e-02 -4.438549284528892080e-02 -6.839023027571666802e-05 1.612727491317844652e-02
-2.213361854367418280e-02 -5.467372938972689944e-01 -2.564532093076177244e-02 -3.458927180459686612e-02
2.468411956628685511e-02 4.669913522258983818e-02 2.509125010883306306e-02 1.675624217950544281e-02
2.500958243882525633e-02 -1.779026702772463775e-01 4.708630065355556837e-02 1.820923520435502319e-03
1.291165197671384490e-02 -4.402342080911534339e-01 2.480186648026738716e-03 5.785482043260237184e-03
-8.974675111742658196e-03 -4.424681730797095369e-01 3.583112242734678987e-04 -1.101005504853569406e-02
1.743263049865961811e-02 -1.326241385607249690e-01 -1.145526493801618528e-02 4.446403854575642356e-02
1.995589845823422803e-02 1.035469892120666202e-01 3.105075047453870196e-02 9.138948062903828884e-03
2.716934357424594104e-03 -1.428376692460346931e-01 -2.019066272383629457e-03 -5.587358635747996516e-03
1.273342795798493299e-03 1.080869979022391902e-02 3.263454927800779615e-03 -1.689372428127500214e-03
-1.476525032636299972e-02 -8.056462465846854215e-01 -1.041595525235109454e-01 1.363061826147377031e-02
7.135228526074843813e-03 5.537878161025391321e-01 -1.776518061994603048e-02 2.117757038054357555e-02
9.362508681536430011e-03 7.446033358721697581e-01 -2.052920095403809597e-03 6.027042386816949815e-03
4.734583285257554230e-03 1.852286809432488468e-01 -9.849399042433093499e-04 1.583115001717483317e-03
-1.337653153409001927e-03 7.473292886003246593e-02 -1.037556426491892392e-03 -1.719997439448228693e-03
-3.615147584002796621e-03 -2.393967387792683699e-03 -1.660656827114317946e-03 -4.209806712395444683e-03
3.115579432975482121e-03 9.632802295116427160e-02 3.910290513844338900e-03 6.320908323638227411e-03
-4.705513892080834260e-03 -9.731871433949934591e-03 -4.668379764274012411e-03 -2.852657217991660943e-03
-9.521720481601353425e-03 1.962142993932480817e-02 -1.791435621070980311e-02 -5.959574122971156296e-03
2.807755229939368213e-03 7.453483127269200370e-02 5.989322748731207291e-04 2.866318792754340983e-03
-3.413029865691086240e-03 6.881434103131101043e-02 -2.092114747915124751e-04 -9.951551155430449214e-04
1.307235022435777189e-02 4.705151957524444928e-02 1.258328529128271978e-02 -3.894453925020302520e-03
-1.938379070693940776e-03 4.060017806462878909e-02 -1.248370073215490650e-02 -3.270973751781675043e-03
-9.913205912488731730e-05 1.064330570181395430e-01 5.612769280130547322e-05 1.485930043491706654e-03
-6.821485039366151359e-04 4.154260614078975067e-03 -1.458271471687450083e-03 2.642022691636859710e-04
4.365329301059384104e-02 3.198726739267212515e-01 9.490217289769731224e-02 2.683031349687631240e-02
2.591010922768322011e-02 -3.357178061951877623e-01 2.111596687349276413e-02 1.715322533976992858e-03
8.668078034536563781e-03 -3.117198871954838246e-01 3.403302817778008915e-03 -1.981207984049854209e-03
-6.591821261344166238e-04 -5.768985864837183897e-02 2.159168619104145925e-03 -1.987254233335233877e-03
1.051053511664346019e-03 -9.563486148762789796e-03 1.302470106562175767e-03 3.673211203804871428e-04
1.773817738823688095e-02 8.517112901577175155e-01 9.418551134640160138e-02 2.760878660211762980e-02
2.946676359040789617e-02 4.717097189479120267e-01 4.027290251415793776e-02 1.543843565758518110e-02
2.474829315166504617e-02 2.925127263733173777e-02 1.248098156125460045e-02 4.228975882303476208e-03
5.642515719884944048e-03 -6.187431714124125293e-02 3.618372899976074475e-03 -2.083439819939969517e-03
8.845183793200483979e-05 -8.688012457294136404e-02 -4.991084035171955424e-03 -1.526508845586749263e-03
-1.411366980684003458e-03 -1.168147068637548358e-04 -4.237149995992284257e-04 -2.978145576463669952e-04
9.058891168076154132e-01 9.463361061548095643e-01 9.040587449986851043e-01 9.081910252646944182e-01
3.794985804823802940e-04 1.455568303349293567e-03 6.326753172523971736e-04 4.440157460524482504e-04
