4.705386661102547996e-02 -9.595728254448037120e+00 -4.357512526306744904e-02 -1.993647647962705216e-01
-1.958426946126894386e-01 8.363015235233643097e+00 -1.440562705485033332e-02 1.622655883392636333e-01
-2.088482133827821996e-01 2.063622104097145638e+00 -1.672568113962161207e-01 -2.575904083362078323e-01
-8.295880580871881627e-01 1.419198284783588093e+01 -7.227928754704364689e-01 -3.656905236072425236e-01
4.709919959005524903e-02 -7.611637887448340578e+00 4.110807397071496866e-02 3.129359537881669096e-01
1.250996811739350789e-02 -6.802712128767844035e+00 6.524262845027625768e-02 -2.398708072979816031e-03
2.795036141541158703e-02 -2.045913224836667865e+01 -4.948918351608837529e-01 -1.263822253462763667e+00
-1.094037532571487809e-01 -1.880788016538684992e+00 -1.883161039904541201e-01 -3.676596399570813412e-01
3.977012254451810225e-02 -5.759598818708301593e+00 1.571587746873150393e-01 -2.194252269753611817e-01
5.153599566145137256e-01 -1.084561114368825407e+01 4.905124505721740191e-01 1.618186699954270447e-01
-5.831348743360555142e-02 1.833462217535959837e+01 5.622128531417203146e-01 1.702112663383521962e+00
1.289272180948604352e-02 -2.717476922302237696e-01 1.150680914553418033e-01 5.184196498118255336e-01
4.272936641570063143e-02 1.479892215229123309e+01 3.210264806892551559e-02 -2.881882429477967689e-01
3.993813528721487649e-02 6.221103453521713789e+00 -2.284691968723472355e-01 5.243619423633393284e-01
-7.874724845509634141e-02 1.022052766036396321e+01 -1.665296469352268161e-01 -2.155350014350946308e-01
-2.587266299673562919e-02 8.248858185618601624e-03 -5.535053398309723871e-01 -7.186246657691375272e-01
5.630642794947313123e-02 -1.766254370947834218e+00 -9.214965312133552300e-02 3.051853451995276689e-01
4.236758849003063182e-02 1.855927004060225372e+00 4.806340858451360609e-02 1.825435858010064361e-01
1.457923019129706704e-02 1.395363275687539151e+00 -2.148033512434859016e-02 4.733636725678668222e-01
-9.575832485266234928e-02 4.019822488359170443e+00 -1.126648173458901919e-01 1.864239679360429891e-02
5.199937832828019357e-02 -6.959386386116818812e+00 -2.827674686548025118e-01 -8.890199203970539088e-01
5.715262468546616903e-02 5.973880842902077326e-01 -1.982720449636417998e-02 -1.972414633172196452e-01
1.356675617878163043e-01 -8.728062985906380078e+00 1.888400036306087937e-01 2.300972890918203673e-01
5.926555371433862851e-02 -5.306161042397249616e+00 1.064910687419410862e-01 2.101284366381833690e-01
-8.763007217893645229e-02 -2.496832592922796579e+00 8.368859111681570262e-02 -3.458331998491733783e-01
1.262677485267105215e-01 -2.547405047211438678e+00 8.095475820798760935e-01 2.451445201648446703e-01
8.854110325510232415e-02 1.305566474455252646e+00 1.285539609292952745e-01 -5.969467487745242495e-01
-5.522452071829626191e-02 -1.925244728604241118e+00 -1.602306868587923816e-01 -2.943165461099523927e-01
-3.037771785124607216e-02 -1.121870368478555591e+00 2.169557642701494538e-02 -6.457645777006759680e-01
-6.038840433706543775e-02 -2.215263650394597938e+00 -1.429193147394205721e-01 -8.552878226977405074e-01
6.880094449206791696e-02 3.596723483755075446e+00 -4.413851253035865063e-02 8.397198646948914047e-02
7.279644284260430864e-02 1.979542659255173476e+00 1.875295119864162086e-02 5.139452833577049518e-01
7.520239285299060161e-03 2.696309373310001867e-01 5.836120488881102464e-02 9.679705419653517051e-02
-3.989486999872865480e-04 1.138076162620234588e-01 -6.303884313081467572e-02 8.378045285957702593e-02
7.748557885847540821e-03 -5.626598670444851180e-01 1.431849067963425134e-02 -4.894071516107482978e-03
-2.050744490916411172e-02 9.464089401874846708e-01 4.635387649986991154e-02 1.492104991317522167e-01
-1.673879730888060482e-02 -1.291323702739549106e-01 2.635487652555703643e-03 2.197153563843647767e-02
1.682759686538609634e-04 1.634008725895153225e+00 -3.678848038359294054e-02 -3.429208206474720910e-02
2.702579086692085200e-02 3.727092186173670552e-01 -1.475002074067625901e-02 6.125470958038085889e-02
-1.189778187513855674e-02 9.420503251111982390e-01 -2.411504099467800394e-02 -4.667058762359731217e-02
6.599381829100373076e-02 7.498668495193414607e-01 -1.729497683314345502e-01 6.472208784200267351e-02
-2.638264640075366207e-02 -3.251237436545260095e-01 -3.212015212096316907e-02 1.494728506052770134e-01
1.826161434662884608e-02 4.845195963555752883e-01 5.733234649481555589e-02 1.191971915221748390e-01
9.626724507958005217e-03 2.265621108363949920e-01 -9.233430196170143434e-03 1.843407579015861608e-01
2.145415354973201627e-01 1.857844726986801920e+00 3.254873909184983205e-01 9.371237665900786773e-01
2.470432671785446899e-02 -1.373654699853350092e+00 1.719593719593411896e-01 7.935541768071052715e-02
-6.917983401317538694e-02 -8.987138271251373656e-01 4.080924711278142991e-02 -2.670081783152309374e-01
6.767818383750512368e-04 -1.430093273890162830e-01 -3.290848303621204951e-02 -2.997583568527362186e-02
9.277530737498193569e-03 -7.426567581949458652e-02 4.519686315877228383e-02 -6.358697538990851217e-02
4.143634577009740194e-02 3.113373933365290114e+00 2.534171756220662264e-01 9.769845613924497130e-01
3.679387348600567792e-02 7.982036566520854803e-01 2.031157384903611307e-01 8.038522467593530729e-01
2.438524445986783862e-02 8.397589508872316255e-02 1.566574661960096204e-01 1.121122886908610394e-01
-2.375171209498496555e-02 1.096025872897512521e-01 7.460365232720769790e-02 8.771595463898421152e-02
1.707440441780696400e-02 1.121886199298360864e-02 2.513654400517183196e-02 -1.139855071066413761e-01
1.222974198276988167e-02 -1.970491200543886545e-01 3.526927350262047678e-03 4.673507433990313487e-02
2.256813507651946604e-01 2.679685709783819370e+00 2.457751798740492322e-01 2.675664101151822849e-01
5.052208962455752121e-03 2.110329413541037549e-02 1.128980138257240293e-02 1.996037914005115502e-02
