3.289646899502198796e+00 -2.175808515838320911e+00 -1.405383749563309248e+00 0.000000000000000000e+00
5.600990307719687644e-01 -1.635602569143148055e-01 1.534823888700092842e-01 0.000000000000000000e+00
-4.524838659662321905e-01 5.136568714202128794e-01 3.864795300979291248e-01 0.000000000000000000e+00
4.564716773483227241e-01 2.943567519315958836e-01 -2.503086479368185624e-01 0.000000000000000000e+00
-4.798329418435108851e-01 4.838623308236720266e-01 5.477167611032408567e-01 0.000000000000000000e+00
2.463542578964247998e+00 -1.126456963083318108e+00 -1.406558306017034576e+00 0.000000000000000000e+00
2.533700280099250968e+00 -1.498723386732341067e+00 -1.143085937417605669e+00 0.000000000000000000e+00
-8.207980503496572489e-01 2.613883749586252137e-01 1.742151049044454725e-01 0.000000000000000000e+00
-1.412490738033808646e-01 1.553993471676297367e-01 -9.104339094245413044e-02 0.000000000000000000e+00
1.004134740427175432e+00 -1.185676731471822176e+00 -7.263814984117030749e-01 0.000000000000000000e+00
-5.421027106584253019e-01 5.087157140597304839e-01 4.333335095828152461e-01 0.000000000000000000e+00
-5.722010239783591468e-01 8.679503054611227564e-02 3.445270632608331274e-02 0.000000000000000000e+00
-2.785596532937952841e-01 9.401339033543973378e-02 3.705278709593124928e-03 0.000000000000000000e+00
-1.162273348488848113e+00 5.814443699849781710e-01 -1.771424230874387162e-01 0.000000000000000000e+00
1.385920619105948486e-02 -5.633917836458787187e-01 1.029607471273595760e-02 0.000000000000000000e+00
1.669283389611088061e-02 2.160255360330208263e-01 -1.962570822437588736e-01 0.000000000000000000e+00
1.270911206751360378e+00 -9.902819534395608247e-01 4.463472789685713100e-03 0.000000000000000000e+00
1.085214172225856588e+00 -5.639228040005578313e-01 -5.441949793860770823e-01 0.000000000000000000e+00
6.232527744375263579e-01 9.432839032829886117e-01 -1.315567228530591715e+00 0.000000000000000000e+00
-4.499676318705361777e-03 3.955116456604430564e-01 3.795220612911313629e-01 0.000000000000000000e+00
-2.207357910375796761e-01 2.278002473956241836e-01 1.551892748365637509e-01 0.000000000000000000e+00
-1.861597725834149841e-01 3.774325469019810392e-02 7.430980250120740316e-03 0.000000000000000000e+00
-1.268657886276033653e-01 2.428952203235368659e-02 5.300610221969671854e-02 0.000000000000000000e+00
-1.566389177113793219e+00 3.043311009752918683e-01 -3.572674053645879394e-02 0.000000000000000000e+00
-6.281439706089948505e-01 2.443261084348704315e-01 -1.024190391848844341e-02 0.000000000000000000e+00
-3.861645194135215342e-01 -1.070661413211672353e-01 2.760629960468005129e-01 0.000000000000000000e+00
1.790455568687362664e+00 -1.311533242595719795e+00 -5.867704847061474549e-01 0.000000000000000000e+00
8.278462084398946486e-02 -6.794383474451617388e-01 -7.259862820677818185e-01 0.000000000000000000e+00
-7.855843625079393655e-02 -6.504363920964484347e-03 -7.675433111142055953e-01 0.000000000000000000e+00
-1.912149583829862165e-01 1.828148015663330073e-01 2.579307713961687121e-01 0.000000000000000000e+00
1.947406342463332551e+00 -1.619201285775975441e+00 -9.644931195870859453e-01 0.000000000000000000e+00
7.121402880231280097e-01 -7.740425096324754506e-01 -1.905870728729732733e+00 0.000000000000000000e+00
8.388121032198471161e-01 4.256492174618852764e-01 -2.393543498965477329e-02 0.000000000000000000e+00
-6.619758053007588350e-01 1.343158237320438153e-02 -7.229048381133192924e-01 0.000000000000000000e+00
1.147092928465198503e+00 -8.377334046462315831e-01 2.138238433038422148e-01 0.000000000000000000e+00
2.268424401728443562e-01 -1.524969609618370414e-01 -1.396308202227918016e-01 0.000000000000000000e+00
2.409460651480716253e-01 8.630297793116002703e-02 4.142227896994554737e-02 0.000000000000000000e+00
1.694990212326074885e-01 -4.112975001533859809e-02 5.914624941959939486e-02 0.000000000000000000e+00
-8.553335520985293483e-01 -5.227404367259066431e-01 -3.007915298492105927e-01 0.000000000000000000e+00
-2.894374875490435817e-01 2.857013278532188338e-01 2.804555764025795095e-01 0.000000000000000000e+00
-2.977708332977614947e-01 -1.371726744672011611e-01 -2.038129752673825124e-01 0.000000000000000000e+00
2.276700237228312051e+00 -1.503349967076695881e+00 -9.149189357590913341e-01 0.000000000000000000e+00
-4.187098305462652603e-01 -5.985943150282786451e-01 -6.981044029049691124e-01 0.000000000000000000e+00
-2.107653011758438832e-01 -1.069934895285359788e+00 1.347700005751328312e-01 0.000000000000000000e+00
-2.298602839747580229e-01 1.820230115185839381e-01 1.849492198874745086e-01 0.000000000000000000e+00
-8.351773177044415908e-01 -9.844130537042786733e-01 4.720123138811495311e-02 0.000000000000000000e+00
-1.354312785625116922e-01 -3.335002035339118542e-02 -1.275220862669765642e+00 0.000000000000000000e+00
-1.748884452476636042e+00 8.905819582523653022e-01 1.083792037073278536e+00 0.000000000000000000e+00
-1.670857289615264474e+00 7.836756709847777502e-01 4.086608940767074566e-02 0.000000000000000000e+00
-7.549143130948717806e-01 3.338430051850997948e-01 1.027690390279397681e+00 0.000000000000000000e+00
-1.218266227242473132e+00 1.615956920259517648e+00 8.144808124254168114e-01 0.000000000000000000e+00
1.921727816665961402e-02 6.448377168225022382e-01 -6.418045104434085824e-01 0.000000000000000000e+00
5.912046690498496959e-01 -1.044805906985649457e+00 1.914079459805928973e+00 0.000000000000000000e+00
2.561010872137430283e+00 -1.836061031118722653e+00 8.868903339824228960e-01 0.000000000000000000e+00
-8.843184955910085021e-01 2.597983233290659388e+00 -1.425955532432340300e+00 0.000000000000000000e+00
4.685369311181546426e-01 1.867465518637062283e-01 3.949717397683040754e-01 0.000000000000000000e+00
