-6.348336131705942798e-01 -1.971041065377788781e-01 1.382892704800970859e-02 1.009253267708654755e+00
-2.920358260673224793e-01 6.992564209830745559e-02 2.987169647930990393e-02 -3.842866568755272105e-01
6.859676260792138547e-02 7.515865218994177699e-02 1.159971409027782396e-01 3.800550772251701237e-02
1.096876783830557311e+00 4.184308773131011350e-01 6.583645797224185747e-02 -1.748129568953416646e+00
-1.028816399645123614e+00 -3.620698099434382922e-01 -1.552474511318031325e-01 1.925092487400205110e-01
-1.083376931508698293e-01 -1.044733914269452002e-01 -1.029187749997111934e-01 4.303602271852889349e-01
1.577382896710490590e+00 4.022794125162423295e-01 5.851161448696673428e-01 2.296682778601367936e+00
-1.812293518691798777e-02 -4.936467014762077610e-02 -1.359157170759465183e-01 1.655425863791505359e-01
2.355238657141599246e-02 -2.492335051216916786e-01 -2.838169554577213427e-01 5.416258155895657955e-01
-7.430408598040376678e-01 -1.502830136635259217e-01 1.244420672621181778e-01 1.589716656181693999e+00
-2.116921081925953629e+00 -6.017477695063437881e-01 -8.594872589080797542e-01 -3.429425416908479463e+00
-1.015787923089522538e-01 -1.049218221010772556e-01 -1.621678458265006506e-02 -5.215158743952299503e-01
1.663315649952888720e+00 5.067613974846763014e-01 1.959298305780417526e-01 -7.037548104696633722e-01
-2.606080207184766073e-01 -1.579686756973855410e-03 5.214237655591072440e-02 -1.152945609243021474e+00
2.636312565813848097e-01 1.561142360172049770e-01 1.382920652011963569e-01 -6.362949678108497098e-01
8.150466275444293585e-01 2.288726913242483674e-02 2.224506321944056397e-01 1.168700343026005894e+00
-1.217089143934371176e-01 -1.209848407487748856e-01 -2.286728221576236064e-01 4.738259666146122373e-01
-2.055097442098187677e-01 -2.013674541291871345e-01 -2.342365481796988558e-01 -2.079912805446125501e-02
-4.547265666252847671e-02 2.678876503214307897e-02 -6.199002829411912052e-02 2.499873508624066432e-01
2.474473721871384146e-01 -2.184468886231558105e-02 -1.198357890244268475e-01 -6.709630098089857109e-01
1.244953588923518373e+00 4.403906907363962508e-01 5.754039744509724663e-01 2.031117002964126339e+00
6.989125807288323888e-02 9.953031712712623325e-02 5.098185107823138829e-02 3.713591607412806139e-01
-1.417409213018759662e+00 -6.657811302463114700e-01 -5.959048027251011570e-01 2.326225424375280570e-01
-1.862248794231869398e-01 -6.759017681344750561e-02 -5.060196251535969969e-02 4.559396422126402726e-01
2.514682139672361205e-01 1.481306281840261141e-01 1.124516974903618793e-01 7.742170132269816651e-01
-8.020469799018316026e-01 -1.881484771805966572e-01 -5.087882256713847084e-01 -7.126317465420810571e-01
-1.787292332618972690e-01 -3.101288126136359513e-01 -1.143820181859130092e-01 -8.479684561333700188e-01
1.244262703048179819e-01 1.440406734164055846e-01 1.880911169602714206e-01 -1.066911673951947137e-01
2.587662691136582982e-03 2.078471625245208176e-02 5.179840793898021767e-02 -2.593089773484881788e-01
1.044311806398034559e+00 2.855482827497787812e-01 1.703991649131203490e-02 5.000262864403222096e-01
-5.177221461969890859e-01 -6.256306264727681810e-02 -2.116996637632462264e-02 -8.142166518774494044e-01
-2.421515423326260352e-01 -2.188269869308365201e-02 -5.431365100252653899e-02 -7.538645168400404106e-01
-1.900068329578499249e-01 1.432740934642781627e-03 -3.753622614461493701e-02 -1.584563334023692815e-01
-6.642888074492314665e-03 -1.220267078306526420e-02 6.799788539875784021e-03 -3.664988213416068841e-01
-4.138557939195081775e-02 6.390900093517083540e-03 1.885613254871859601e-02 9.809704696027993220e-02
-2.392063073309226018e-01 -8.807206741115329585e-02 -1.161391039324404517e-01 -3.924268149477760370e-01
-1.447154676172161814e-02 -2.345767997981589373e-02 -1.445025330500803937e-02 -8.325774649588332799e-02
5.255166372376647299e-01 3.291557638216212056e-01 3.402710867333103018e-01 1.519515604700594213e-01
-4.580011909289209010e-02 -2.335319952031553181e-02 -2.267486701793383630e-02 -1.506917281503944994e-01
3.545022645595983374e-02 1.064010501822690996e-02 5.588921324384242724e-03 -1.195548706455102916e-01
-4.155684965783222606e-02 -2.631890966434902723e-01 -7.440954009870343056e-02 -4.363333224406482080e-02
8.159889086303495631e-02 1.017110713534872535e-01 4.679468009674386808e-02 2.837211271068776908e-01
-2.406027583209396220e-02 -3.005604416343168883e-02 -3.982826599848107024e-02 3.412076543011186014e-02
8.138347559306063905e-03 -9.712720967140181516e-03 -8.108963594681781531e-03 1.016816615495101939e-01
-1.208879709940701375e+00 -6.304070705409655639e-01 -4.027997933304925393e-01 -9.830491598962576294e-01
6.424971538573924501e-02 -1.685264895968578980e-01 -1.003243165078269716e-01 2.440417252311815055e-01
1.023138790424787392e-01 -2.168132537373737567e-02 1.022853778373602335e-02 3.576957148146319154e-01
9.557713562969222254e-02 -5.378092484326343903e-03 3.047761545647095782e-02 8.345639712124022780e-02
3.419568259027314094e-02 -4.727020259733719088e-03 -1.277303788227318604e-02 1.849636200767072747e-01
-7.374084471989394984e-01 -1.391088072685665589e-01 -3.533108155409194207e-01 -1.445739021230596499e+00
-4.152234297626730131e-01 -1.498229397166774834e-01 -9.954340916828963159e-02 -3.862102270977831320e-01
-9.895324922334861051e-02 -2.340724023328356884e-02 -7.333240248299863207e-02 6.559824792091661916e-02
-9.231031711537412976e-03 -5.040725668916751223e-03 -3.559780179747577822e-02 -1.451964286585656350e-01
6.104294267708038763e-02 -4.623829721321207065e-03 2.854348557511129925e-02 5.793892926145974287e-02
-2.236834083614580582e-05 -6.687547223540230013e-02 2.014172641844032274e-02 -1.366919908546692375e-01
1.464155911349094841e-01 1.911470168822293134e-02 -2.711120049011857963e-02 -2.159882999798673486e-01
1.850357514453390001e-02 9.772427755860622553e-03 1.050978607648847020e-02 2.665013194055392692e-02
