3.457403024752103704e-02 -5.251571853850863114e+00 1.304072039345566925e+00 3.857946668929936040e-02
-4.298741823038989551e-01 1.420384708021870779e+00 5.273414776999338915e-01 -4.764488288658694781e-01
-4.635296550887249012e-01 -9.737786439175657449e-01 2.700673869375879721e-01 -4.576073774839419794e-01
-1.581754867978237278e-01 7.504602159123209937e+00 -1.546263218724944988e+00 -1.450228775122545943e-01
-1.001067244673606998e-02 -2.345256735260605296e+00 1.508693860297102507e+00 -5.418956393050625153e-02
-5.058921812676829555e-03 -1.612354259130648337e+00 -1.117725105960331033e-01 2.259630467125043479e-02
-3.914537452645560633e-01 -3.995860451202581043e+00 -3.017505019126864862e+00 -2.700821108184742192e-01
3.872339685863875891e-01 1.297782774210661572e+00 -8.276561171860377097e-01 2.943760415576589518e-01
-5.155631360674223229e-02 -2.036509950825092119e+00 -9.204409527864916285e-01 3.847736055075662298e-02
3.342489477190229152e-01 -5.146274442589650278e+00 1.046103181116865510e+00 3.047222017144238793e-01
1.062057797111401747e-01 3.955035995924693903e+00 3.074336732980257114e+00 -1.061654548939551801e-01
-4.341907966740563007e-02 -2.960696434026210966e-02 6.738150979734651713e-01 1.066961821399721594e-01
1.217437320886204238e-01 4.564616851450365331e+00 -2.026864404588828439e+00 1.236505028392244632e-01
-1.009488632811048059e-02 1.213747622266014181e+00 1.706562034860605870e+00 -1.710203993764557451e-01
-1.150420106196853309e-02 2.180096588900951815e+00 4.072902203785616626e-02 -2.269834211447629979e-02
-2.009872231921145946e-01 -4.597219800261060030e+00 -2.504125470508389739e+00 1.359488920723870564e-01
-8.286134361141639371e-02 -1.101905768772554861e+00 -2.662403932889349178e+00 2.594069551166283127e-01
5.019322259522367158e-02 2.106951634756981662e-02 -2.915450662962363326e-01 1.780404179151589272e-01
4.388539117333167816e-03 1.102443442517186956e+00 -2.229116932307250720e-01 3.540536264742003003e-02
-1.828556737113992692e-01 1.752018513479261852e+00 -3.412485114948564657e-01 -1.651839730979857424e-01
2.546335791978289742e-01 -1.589290566855500408e+00 -1.231774813433958116e+00 3.831726252852555858e-01
-3.201084349921966277e-02 -3.360496993164945323e-01 -1.921505942630059582e-01 -1.205472635460291403e-01
-4.954200636004658653e-01 -3.525980374809341455e+00 5.081277885361537017e-01 -4.912156872684032005e-01
2.034346827287053516e-02 -1.180200564962142096e+00 -3.711170289146259460e-02 1.380961306104222519e-02
6.010625352199963634e-02 -8.600916388492385600e-02 -1.209536675114295301e+00 1.060873623395230392e-01
6.499243935952359053e-03 2.239061816493811641e+00 2.229994029167633229e+00 -8.413389520823544299e-02
3.022300860999854732e-02 -3.669030247285689494e-01 2.344882659733711350e+00 -2.822266344017532180e-01
-8.065465688718803650e-02 -4.711133658401092106e-01 3.144480692309656877e-01 -1.442696262556801279e-01
2.128813382220096084e-03 -1.214637877187162207e+00 3.365224011314214003e-01 -2.016640201994224224e-02
-1.779391634571346192e-01 2.447055031254468105e-01 -1.316592594116581472e+00 2.901205768620174208e-01
2.279889521698820753e-01 3.264683513108708635e+00 2.322111089355988867e+00 4.982753463040610065e-01
9.603043599223967663e-02 3.065648347030306198e+00 1.108124310020975223e+00 3.206579266212069568e-01
2.622187042656084002e-02 8.529890428237953959e-01 5.677782650803031572e-02 9.615691015305466438e-02
1.353542850600633618e-02 1.317499464511859841e-01 5.063579311210764100e-02 -8.608825413564530349e-03
2.521645148222403932e-02 -2.442538696999727865e-01 3.450913677120517886e-02 2.173901119264313314e-02
-6.420957039266611543e-02 2.607557557060269371e-01 2.158904061955676523e-01 -8.771236954097774707e-02
7.019302462776592921e-03 8.766797057574327035e-02 1.323242071041552670e-02 2.395641511353035005e-02
2.479673465470004778e-01 8.930934549963056579e-01 7.484507369421011802e-02 2.588495000342468932e-01
-1.170996426964405340e-02 7.110408328558914803e-05 3.027367598645164803e-01 -1.324636862003712723e-02
-7.818444398765195258e-03 2.670518523992992943e-01 1.777900758359093891e-02 -3.465534883609650008e-03
-6.577583645301142423e-02 -6.720659123702817928e-01 -8.528460622638140975e-01 -7.334532296419582487e-02
-2.359149079096452273e-02 5.032470062639260444e-02 -5.816886809443939654e-01 6.330090537080740321e-02
2.048479248682195941e-02 1.511804385828160457e-01 -5.815975729307884534e-02 2.765981218929879776e-02
-2.732601359792967421e-03 3.722407179395217369e-01 -1.043933156514658261e-01 2.350182171818059051e-03
2.711429860440773831e-01 5.030395517747905387e-01 1.056474204342006562e+00 -6.560123305505816127e-03
-6.102046695995867048e-02 -1.457608642032993895e+00 -1.037414160472729607e+00 -6.045967594963364000e-02
-2.854635666946021486e-02 -1.698229172333363124e+00 -4.907040749738281749e-01 -9.559139984308874516e-02
-1.459356682391024784e-02 -4.377498278003736365e-01 -6.290628411175591683e-02 -2.803107328809654325e-02
-1.445753742501387773e-04 -1.420816691312265512e-02 -2.741119666372815455e-02 -1.606908169601961589e-03
4.109222011318361401e-01 3.238296878540821933e+00 1.841242362710018288e+00 1.768998280762290598e-01
2.047471171690864455e-01 2.284997676423289104e+00 6.810290047971547800e-01 3.402484304606997467e-01
1.085644688711269734e-01 8.040338472455326180e-01 -1.299598658138729212e-01 1.987525833555578436e-01
6.759482216962298118e-02 -1.038578474836344689e-01 -6.887244362711236745e-02 6.679900444540681770e-02
-3.812300848965277655e-03 -2.337174508333417222e-01 -5.265625903902647342e-02 -2.396797335859052192e-02
-1.366682692792969833e-02 -1.359490132248986072e-01 3.371727390909820543e-02 -8.735417769760861484e-03
-6.621234993615962572e-02 1.373697317274619856e+00 -5.202115625152982092e-01 -6.916009742034678887e-02
5.008389607177515107e-03 1.218866239441093909e-02 1.057705452384392723e-02 3.780686304271389016e-03
