-4.705520620370662321e-03 -6.396437850114877754e-02 2.301515949195529487e-01 -1.089503339127854270e-02
1.656309613421270699e-01 1.166480883443156147e-01 -2.408056382205803203e-02 1.570333315714823597e-01
1.689688218686775656e-01 1.485332717269189085e-01 2.692733512260861994e-01 1.668128721622931798e-01
-2.341396258314376588e-02 9.819893843790339361e-02 -6.517751557019035857e-01 -4.708340014638323634e-03
1.424003673967742800e-01 6.486846828426490186e-02 7.452130702358209513e-01 1.298857934839846573e-01
9.197037998687773719e-02 1.481751690258922283e-01 3.906502779914062806e-01 8.975975447817442776e-02
1.712454318153771859e-01 1.981688477914678170e-01 4.632964383156963351e-01 2.290342274889383967e-01
-1.542001300447407575e-01 -1.935930604091965490e-01 -5.421248192755658835e-01 -1.460430530935915572e-01
2.069858154669159678e-01 2.665460327601036905e-01 7.236643550470842623e-01 1.961506506545144801e-01
-3.858091908878935605e-02 -1.573207567807949347e-01 6.634871786968625784e-01 -7.178893760154415882e-02
2.720373067295334124e-03 3.043898597788086136e-02 -3.357924474923930092e-01 -9.490477785479187189e-02
-3.583522578479547693e-03 9.955614620676445092e-02 4.632667647994566096e-01 -6.301654777927295781e-03
1.028046572690745064e-01 2.768832531518273798e-01 4.438228383472220262e-01 1.459626878146610962e-01
-4.138849305207137341e-03 -4.032514240045692588e-02 -6.125963652629846656e-01 2.979854269384900334e-02
-1.162324059696481227e-01 -1.817221806250022276e-01 -6.441401045107122414e-01 -1.075279854166874688e-01
3.940286615985849616e-02 2.415573190015791738e-01 5.771300811833350863e-01 3.275485511818937434e-02
-3.715333699210912610e-03 1.454742308677664520e-01 -4.649435749023611564e-02 6.410647010075917751e-03
-1.593763002990128408e-02 -7.102421442598094714e-03 1.773807715558928244e-02 -1.661896112178105900e-02
-1.236296030132949531e-03 -2.447968286842494567e-02 -9.700821114133995060e-02 -8.066922127273744303e-03
1.452875652244167703e-03 5.763952119453230605e-02 -3.001957557816001820e-01 2.513439788772518779e-02
-3.291134797101441523e-02 -5.981157392825453556e-02 1.429077331509416293e-01 3.261733798764298448e-02
2.470092887299824014e-02 -4.584453166005308944e-02 -2.135789584309550904e-01 1.900387525681564507e-02
1.847182510073084316e-01 2.068167993149611084e-02 -6.212992147498304085e-01 1.425229890307444236e-01
5.559872810082672201e-02 8.740553641645176786e-02 3.446051105913761070e-01 5.056572592272727540e-02
1.082294919627602159e-02 -1.569935879327177819e-02 2.229110627861190519e-01 -2.610413517376543313e-02
-3.738265767767842696e-02 -1.638983106301303838e-01 -1.075928080958910016e-01 -5.849188731213396386e-02
3.520284921776289933e-02 -4.353761624639418404e-02 3.647170987094359162e-01 1.529062521498823768e-02
6.421631487667334159e-03 2.148317939961386092e-02 5.256160501867568335e-02 9.943335504053837925e-03
1.486382527353002914e-03 5.047744865476466725e-02 1.142182110326648292e-01 9.936869864465590341e-03
-2.783251583372409188e-02 6.871959627142554261e-02 -9.595644162033809543e-01 -3.195727073371859572e-02
-3.494737749643386793e-02 -1.418128336502697540e-01 -6.057859100361255855e-01 -2.931141181824505754e-02
-1.976915842000573353e-02 -1.569454856944332288e-01 -1.849597518647512207e-01 -4.547940671218464459e-02
-4.382446237726683735e-03 -5.143679141521284581e-02 -1.131400198355587694e-01 -1.953446641261759320e-02
-1.232269031811894511e-03 -1.644394181547187417e-02 4.255513464283211533e-03 -1.560704651640570928e-03
4.643781343521627414e-03 -5.545590954637125841e-03 4.813351427275142091e-02 -8.394473560991780325e-04
-2.716175284310635984e-02 -2.233276977460574297e-02 -5.848720740217266956e-02 -4.230954364952014407e-02
-6.327064455921870001e-03 9.003706229230579172e-03 3.767721632907561347e-02 -3.845158428049234509e-03
1.843650720173578561e-02 6.590050837039940212e-02 2.496491885430484614e-01 2.891716061774461666e-02
-9.971842795870405896e-03 4.058518058123614103e-03 -3.070522906648887052e-02 1.320423633575408540e-03
-9.897570099876240590e-03 -1.537263938900206017e-02 -5.958593809674017638e-02 -8.773659038068957333e-03
8.803837436700952257e-02 1.348740903273363267e-01 7.478971175299453655e-02 9.926629357162509992e-02
-1.542966469588874512e-02 1.140947374899670130e-03 -1.405171972684771675e-01 -3.993330791930684021e-03
-1.279284387935494816e-03 -9.699494718820200756e-03 -2.940622252480751264e-02 -1.203444115004698167e-03
-2.926442768185211207e-04 -1.718257600845710109e-02 -3.172389124887442513e-02 -2.242935984890073731e-03
1.406940774638387737e-02 -3.825112020707160942e-02 5.459672106897314192e-01 2.593877722373550548e-02
-8.294754122939493324e-03 5.079095144515149984e-02 3.240980460455055168e-01 -1.209525172175925090e-02
5.031387410916778047e-03 7.394987196375402139e-02 1.020331773061970981e-01 1.130104167783740898e-02
-2.389010850692430132e-04 2.326029802534373969e-02 4.071981501990265540e-02 8.789219470575395515e-03
2.111958556447496305e-03 4.167693338102601563e-03 -5.429443657504862131e-03 7.957710178065520445e-04
-4.009161096126245827e-02 -2.252849671700168921e-01 -5.224862902303704093e-01 -1.608322134171433215e-02
-2.847613382348279654e-02 -1.471144630988272806e-01 -3.101799279459220848e-01 -3.806860528141591676e-02
-2.994419835714717815e-03 -2.014483872416272803e-02 -6.978460780803807939e-02 -3.112823349762992159e-02
-3.572910635555273662e-03 1.226295637298496777e-02 2.501493998280771014e-02 -1.605452604294238181e-02
2.325253064043693307e-03 8.463681958693403118e-03 9.100306457799356430e-03 -1.583881726323298905e-03
-1.277959174035794843e-03 -6.888410693222338232e-03 3.041050959295854561e-03 -2.100066972185690717e-03
-2.900894992631175909e-02 -1.744322311746854259e-02 -1.518749943498092225e-01 -2.722953637562691015e-02
7.911546964906152578e-04 1.438398882947039504e-03 1.964257190407717440e-03 8.003422465754676200e-04
