2.478021974617699436e-03 4.383566946130068587e-02 -2.271287369824792624e-03 -1.072939838024644654e-03
-2.371107031626605577e-01 -2.274749671063733825e-01 -2.383922071280749344e-01 -2.340236771487023970e-01
-2.375259903875577838e-01 -2.462229167553351417e-01 -2.384365537358850151e-01 -2.369547513280353401e-01
9.895933018355007604e-03 -3.347406230324789789e-02 2.483112998541753269e-02 1.620176183737509490e-02
4.673877629614797691e-03 -1.203279979977933678e-02 6.633231551044088681e-04 1.225144038613346087e-03
3.125792991665168885e-03 -8.340218555147327351e-04 2.227087068750910337e-03 3.180559733480220475e-03
-1.600143754665160900e-01 -1.659213770065859350e-01 -1.480630662284689869e-01 -1.737361330598899967e-01
1.522066974276192197e-01 1.595136694612429018e-01 1.575495305237355481e-01 1.504646250379695904e-01
5.960411309174601380e-03 2.465662702315629673e-03 3.078141422495239699e-03 7.492739031852546638e-03
9.077847981780962083e-03 1.679414261339928771e-02 -8.470001332516075010e-03 2.778353667257593695e-03
-5.555293677640187056e-02 -6.714223518434003779e-02 -8.364224407196019229e-02 -3.704721013174189226e-02
-5.672001342592225548e-02 -5.903306823248843926e-02 -6.785734035507340334e-02 -5.506271055605405085e-02
-2.055655311147125408e-02 -6.521606234602739249e-02 -3.392887125162391548e-03 -1.836790892308659551e-02
-5.898685356422822545e-03 -1.298344363153258740e-02 6.040113911516931111e-03 -8.337530510159507635e-03
-1.448600211442829799e-03 5.317202764717698926e-03 1.772338698065034635e-04 -1.020616203037810754e-03
-3.202014606452086021e-04 -2.751142910386306095e-02 -1.600834774268422578e-03 -7.096129177763255136e-03
2.905015934868471206e-03 2.756384222292318498e-02 2.765358525933181433e-03 6.558185438137298373e-03
4.170955407056864406e-03 2.635712874487827762e-03 5.283471174711257268e-03 4.398032079899860669e-03
1.029724290852018775e-03 -3.654471115944746273e-04 2.331757536466028125e-03 9.869475874856314945e-04
-2.194306770631898607e-04 4.856313399346445792e-03 8.111504035924865796e-03 2.895477699072612765e-03
-1.720179206044018111e-02 -5.416184782816468868e-03 7.194933686242688253e-03 -2.645400236807438077e-02
1.251004698627766754e-02 1.350136024717163430e-02 2.069224464862046142e-02 1.205691208431580730e-02
1.233027967356439825e-02 7.145919448053250633e-02 -7.663969238589363187e-03 1.612311431289237262e-02
-1.362752686243362543e-04 -4.063202095102802502e-03 -1.730593395556589975e-03 -5.645500863459829155e-04
2.333981604000029408e-03 9.491546855988408637e-03 -8.768321475592477654e-03 3.436117495684287704e-03
4.302031441681397617e-04 3.167922534396405698e-02 -1.012261648173029549e-03 8.860627665726594770e-03
1.824755903454877703e-03 -2.284690231706942853e-02 -5.481907302018473871e-04 -2.679734399913424880e-03
-2.062550573231347606e-03 4.202771698615936913e-04 -6.124210164266674639e-04 -2.587018771616822477e-03
-1.100951551039619503e-03 2.239321683978223732e-03 -2.250668876374872784e-03 -1.294069111229978475e-03
-2.031396706187182932e-03 2.852723042545401988e-02 -1.873663272375564182e-03 -1.880950115071167161e-03
-7.619678917617639380e-04 2.268333157398672029e-02 -4.482931336619033758e-04 3.004831876340263719e-03
3.454273572788268964e-04 1.089772458956694834e-03 2.828085017614445640e-03 6.531723280405743459e-04
-3.393611097629589679e-05 -1.332635512667046385e-03 1.331587814722701157e-03 -3.584635643905653701e-04
1.754311814324421848e-04 3.352024249879015372e-03 -5.387847056196465312e-05 -3.940558965996876495e-04
1.136758885386963264e-03 -3.789146268411425211e-04 -2.288806252855324352e-04 5.694770501024973286e-04
-1.783601294077360663e-03 -4.566846611579578052e-03 -8.146438368659913998e-03 -2.564164621463582705e-04
-1.204494185390786454e-03 -1.489719726257429655e-03 -3.094005777820985070e-03 -1.201974165070826550e-03
-1.170539099202520111e-02 -2.802022011025440129e-02 -6.268756945512210521e-03 -1.384249344015531236e-02
-5.096395974979600618e-04 -2.019766723019178478e-03 2.147945816890151072e-03 -6.853317098856614997e-04
1.122497383707343754e-04 8.472953802117766386e-04 5.380477511511133626e-04 1.731910636929290259e-04
-8.385566250899423313e-04 -1.121982463755250015e-02 -1.131303301328601130e-03 -3.845206571408466001e-03
3.294152023968488496e-04 6.074369547500235722e-03 1.597437268122225973e-03 1.367398811388476076e-03
2.677494950676650998e-04 -5.525109493524360538e-04 -3.841304126077638159e-04 4.185086028154760829e-04
2.879941701537658272e-04 -8.482509469173726835e-04 7.870324365524816734e-04 4.130106765780627853e-04
1.356598450930834865e-03 -1.375603063062069698e-02 5.528632967902735729e-03 1.334312070922161197e-03
2.133049169366241227e-03 -8.021523316684930904e-03 3.447398367924625617e-03 1.014916385510988839e-03
3.208887834540985473e-04 -1.083183186096903228e-04 -1.529524272535498497e-03 1.439088287629175511e-04
7.526735258528427508e-05 7.091844540547675990e-04 -6.578204632253503714e-04 1.843116689406176789e-04
-1.214898947657014339e-04 -1.328738106088689364e-03 5.482720954381459233e-04 4.532679551763063586e-04
1.004172949227305489e-03 7.346008844967610862e-03 2.825046226789584836e-03 2.812999738172727859e-03
1.061272362039011874e-03 4.850353623420178284e-03 4.287075173166510211e-03 3.957915981332549293e-03
3.206314833976708911e-04 1.227283471007561966e-03 8.615763656503183654e-04 8.350240021903765353e-04
-3.209069244611839622e-04 -5.607560954569157374e-04 -1.328422889133040741e-03 -5.510715693881340638e-04
3.179818476243129188e-04 -1.947255296450567386e-04 -1.212098012915940881e-03 3.075598764051834522e-04
1.552364154227409143e-04 -4.379335124821137626e-04 -6.338271279014984216e-04 2.308983244159457104e-04
-8.411289812345873473e-02 -8.797822169604747888e-02 -8.370443847265723880e-02 -8.330880117218583680e-02
5.439937284219675812e-05 1.392317689712393276e-04 8.847489555703906983e-05 7.484820716231604129e-05
