8.498472675608567117e-01 -3.590720455972862268e+00 -2.432720903330941375e+00 0.000000000000000000e+00
7.288622035564637502e-02 -1.450306065355995822e+00 -8.016533744815905749e-01 0.000000000000000000e+00
2.504481408956360955e+00 4.564585723803655792e-01 2.849523296618281076e+00 0.000000000000000000e+00
1.954580403383589182e+00 2.582966477909759417e-01 1.244304625284875288e+00 0.000000000000000000e+00
-7.977686434045014319e-02 -3.094534912581583530e-01 -2.441147649995052127e-01 0.000000000000000000e+00
-3.723035779495740827e-01 -7.022601557847747422e-01 9.556238073546142742e-01 0.000000000000000000e+00
-1.038703966430655212e+00 -2.569455007788005396e+00 -1.997987494208683046e+00 0.000000000000000000e+00
4.224613783685472468e-01 8.230768085233290954e-01 1.746968616928475715e+00 0.000000000000000000e+00
-5.114882410237573396e-01 2.553292803921500820e-01 9.192593211430164502e-01 0.000000000000000000e+00
1.963090604304422504e+00 1.272682314833275263e-01 1.270005921725030573e+00 0.000000000000000000e+00
-8.422895589270505690e-02 6.215979587780409710e-02 2.035247097066005852e-03 0.000000000000000000e+00
-5.222970829308359875e-01 6.661192166835190331e-01 8.433328138721392087e-01 0.000000000000000000e+00
-4.963895407202418286e-01 2.025174535639188700e-01 5.157433331677975241e-01 0.000000000000000000e+00
-2.951135213283345160e-01 1.705737912437141901e+00 6.695886724188158112e-01 0.000000000000000000e+00
2.243150555667204060e-01 1.162713208069734439e+00 3.771949010557020254e-01 0.000000000000000000e+00
-2.629444845869622904e-01 -4.396992843060382877e-02 6.144014944690711494e-02 0.000000000000000000e+00
2.088541931574535493e+00 1.356385646107028276e+00 2.199092923072567540e+00 0.000000000000000000e+00
-1.916400707927248925e+00 1.044885551320946293e+00 5.270640533159530738e-01 0.000000000000000000e+00
3.630347202016618868e-01 1.555408182800526729e-01 1.615896735953085805e+00 0.000000000000000000e+00
1.320334053223598092e+00 -1.431354359284923994e-01 1.016725810528450014e+00 0.000000000000000000e+00
-3.910950598962756319e-02 8.389648215422218502e-02 5.905017591763016271e-02 0.000000000000000000e+00
-4.119767699128839000e-01 2.952244142600760624e-01 2.884991720010370853e-01 0.000000000000000000e+00
-1.785533834909606710e-01 -8.063629512539463237e-03 1.495261969733121254e-01 0.000000000000000000e+00
2.793579364192357861e-01 1.482567514796646835e+00 4.891060018433140422e-01 0.000000000000000000e+00
6.235433618799526151e-02 4.413939753474815375e-01 2.980041830686866455e-01 0.000000000000000000e+00
-9.045978275870555918e-02 4.906192022401757447e-01 1.523376644930043156e-01 0.000000000000000000e+00
-3.539505499501073849e-01 1.197033365594000420e+00 -4.003069634809936495e-01 0.000000000000000000e+00
6.255621506683122224e-01 1.661471418577016301e+00 -6.706690737686846759e-01 0.000000000000000000e+00
3.145654440705002441e-01 5.272208858886414662e-01 8.583127056152357603e-01 0.000000000000000000e+00
-3.222673594203381287e-01 -5.018464811020734162e-01 1.928188957813626592e-01 0.000000000000000000e+00
-2.655056532746632669e+00 2.367200530459492303e+00 1.723618602228170760e+00 0.000000000000000000e+00
-3.497636988644231337e+00 2.292260203868302870e+00 -5.896939152662302730e-01 0.000000000000000000e+00
1.972230750561007606e-01 7.632889469260054627e-01 -1.606551062131040819e-01 0.000000000000000000e+00
1.641862178181407117e+00 2.970251602460182716e-01 1.384323809407786987e+00 0.000000000000000000e+00
-1.692199347356422301e+00 -1.633013205664193723e+00 -3.831877098642738066e-01 0.000000000000000000e+00
1.503108812152266320e-02 -6.288184095752763492e-02 4.129990240505161843e-03 0.000000000000000000e+00
2.618402484208933734e-01 -1.214873624946161690e-01 -1.175015449723803979e-01 0.000000000000000000e+00
1.290312494121334252e-01 -1.955299973430228433e-01 -1.986508629790047498e-01 0.000000000000000000e+00
7.194121510679684084e-01 6.755867985264601971e-01 5.039845422801517705e-01 0.000000000000000000e+00
3.966794303901289287e-01 -7.660355963013154579e-01 2.527446557473980171e-01 0.000000000000000000e+00
3.173997610160397276e-01 2.709773344302226494e-01 8.004143822538625774e-02 0.000000000000000000e+00
-6.022848334751912391e-01 6.561374003713376091e-01 -1.494428600464007939e+00 0.000000000000000000e+00
1.195483261030989786e+00 1.762770142710005983e+00 -3.602137818318189022e-01 0.000000000000000000e+00
9.992117574644623357e-01 4.824733480381331319e-01 -2.191223652473505562e-02 0.000000000000000000e+00
5.958887902210949772e-01 -3.597243591774938465e-01 -8.080622973233979600e-01 0.000000000000000000e+00
-1.957346021921507528e+00 2.940846414524741714e+00 4.915951792946131604e-01 0.000000000000000000e+00
-3.742720508545888336e+00 3.108152964144623276e+00 -9.367568914523151102e-01 0.000000000000000000e+00
-8.074918309640738423e-02 9.539477355263272784e-01 4.040477881420621031e-01 0.000000000000000000e+00
3.994544504493909298e-01 6.109757241965751984e-01 8.708517331455293276e-01 0.000000000000000000e+00
-1.062871838636307992e-01 5.960535594596950981e-02 1.289919250402009165e+00 0.000000000000000000e+00
1.846186506000863758e+00 1.779880161751245637e+00 1.416144708114405848e+00 0.000000000000000000e+00
-1.440212727785575186e+00 1.562568164119233494e+00 -2.864080057611038566e+00 0.000000000000000000e+00
2.836573956881316416e+00 -4.384164055914319125e-01 -1.695669245184495910e+00 0.000000000000000000e+00
-2.507040119913857446e+00 -4.063192057918098010e-01 -8.673885685149574920e-01 0.000000000000000000e+00
-7.831716678677602683e-01 -7.217048150930298334e-02 1.323059194920521264e+00 0.000000000000000000e+00
3.908889369351367105e-01 -7.194026472839919195e-02 6.827878323639655633e-01 0.000000000000000000e+00
