-6.129684908345907068e-01 -2.623733364351067188e+00 -3.994185167464671782e+00 0.000000000000000000e+00
-5.594810013457383047e-01 -1.089441151084145520e+00 -2.057336796335638596e+00 0.000000000000000000e+00
-3.351097700917329836e-01 1.680531387250757902e+00 -1.308170461014286079e-01 0.000000000000000000e+00
1.680928394076599108e+00 2.395506210429382499e+00 6.509486885445868731e-01 0.000000000000000000e+00
-3.322490370889021882e-01 -2.980549294640253977e-01 -8.711006960409496402e-01 0.000000000000000000e+00
3.059163582734136799e+00 1.542557092908543481e+00 9.115735403417888350e-01 0.000000000000000000e+00
-1.527727751505745912e+00 -7.435387601665156554e-01 -1.587137544680553125e+00 0.000000000000000000e+00
8.757880160729858421e-01 1.262333025105583539e+00 4.521070408191764367e-02 0.000000000000000000e+00
6.342398600756303795e-01 -6.121108073495434843e-01 6.744721785216403753e-02 0.000000000000000000e+00
2.036462494378432186e+00 2.026049588745433283e+00 1.941644654905739786e+00 0.000000000000000000e+00
-2.137053303695930495e-01 -2.566809988152979338e-02 -2.426057788668245507e-01 0.000000000000000000e+00
4.720659220808782197e-01 7.779245618968058107e-01 1.214887316806626677e-01 0.000000000000000000e+00
4.858388241519594475e-01 -4.013647402103847073e-01 1.034948320840790165e-01 0.000000000000000000e+00
1.574469543149027428e+00 7.042884043533351734e-01 2.363941405491436498e+00 0.000000000000000000e+00
1.295635260989087101e+00 2.470661833210246738e-01 1.372903612142503338e+00 0.000000000000000000e+00
-5.440266385715433195e-01 -2.024998256359177295e-01 2.408166315279177405e-01 0.000000000000000000e+00
-1.970081341133925967e+00 1.392478800509137304e+00 8.751667314900241079e-01 0.000000000000000000e+00
-1.555920411566252604e+00 8.543484089423261096e-01 2.713896990777601825e+00 0.000000000000000000e+00
-1.137500418463782276e-01 1.318733134817435815e+00 7.066221822474617609e-01 0.000000000000000000e+00
1.027025159893294015e+00 1.582139124207641023e+00 5.527158497508133372e-01 0.000000000000000000e+00
-8.347959022095598203e-02 6.000899313319176670e-02 1.273190633766333735e-01 0.000000000000000000e+00
3.735711111515672977e-02 2.632010612269019556e-01 1.681429911708339775e-01 0.000000000000000000e+00
1.903238192690578368e-01 -7.435214572705001190e-02 -4.057243278680879787e-04 0.000000000000000000e+00
5.954456928970102148e-01 3.748780995194178622e-01 1.178293000864253148e+00 0.000000000000000000e+00
-8.508095699316061897e-03 7.577657469472401375e-02 5.582814931247078727e-01 0.000000000000000000e+00
1.373721154022522484e-01 8.352697071709404286e-02 -2.811402784434385849e-01 0.000000000000000000e+00
1.272133310122662841e-01 -2.137800265230031249e-01 1.147092929539976325e+00 0.000000000000000000e+00
-8.417573288497194328e-01 9.063360740831832851e-01 1.729666778214239198e+00 0.000000000000000000e+00
1.280772449024261794e+00 8.339689619791850195e-01 3.205192410807113923e-01 0.000000000000000000e+00
2.096120993218565653e-01 -9.872878936460470767e-01 -7.852381377531207907e-01 0.000000000000000000e+00
1.455271066504206567e+00 3.316607237180155376e+00 3.916863324989353412e+00 0.000000000000000000e+00
8.128683697306284817e-01 -1.764156323050587449e+00 3.002249687049167726e+00 0.000000000000000000e+00
1.832947645156702832e+00 9.099561240395217521e-01 9.461023293726430472e-01 0.000000000000000000e+00
6.641162677835700245e-01 7.277764686105540060e-01 1.569240064556683523e+00 0.000000000000000000e+00
4.271174509624567350e-03 -5.318250008430814857e-01 -8.181579460870348486e-01 0.000000000000000000e+00
7.912472808846922334e-02 7.636023643489586732e-02 1.716196624942874505e-01 0.000000000000000000e+00
-3.243372919448211933e-01 -1.735971331087702851e-01 2.588751927694412647e-01 0.000000000000000000e+00
-2.439248811363053937e-01 3.690618389779189851e-02 -8.607706272656100513e-03 0.000000000000000000e+00
1.352115763187009823e-01 1.170102876985396750e-01 -1.581677398484151453e-01 0.000000000000000000e+00
-8.139924644913049123e-01 -1.036551897161308855e-01 -9.781797169440598072e-01 0.000000000000000000e+00
3.264187832588756888e-01 7.717320527833054777e-02 -1.303919926398717788e-01 0.000000000000000000e+00
8.196230798058228295e-01 -1.547058748340891521e+00 7.673274395863393105e-01 0.000000000000000000e+00
-4.561344395975513444e-01 1.872365790565655219e+00 3.515973559763829748e-01 0.000000000000000000e+00
6.210846148526697474e-01 4.557592989782522364e-01 2.971760419879425630e-01 0.000000000000000000e+00
-3.299847445607508867e-01 -5.592397331796185034e-01 -6.365730341909229262e-01 0.000000000000000000e+00
-1.290986037236809381e+00 2.330611508839997459e+00 3.154474899895265860e+00 0.000000000000000000e+00
-1.337869021889229737e+00 -3.893891215151602525e-01 2.224292453853990104e+00 0.000000000000000000e+00
8.721751613965290639e-01 -6.586504064894271870e-02 -9.415960695869370900e-01 0.000000000000000000e+00
5.818894600579834764e-01 -7.926164953322352158e-01 6.952558742791844493e-01 0.000000000000000000e+00
8.421632391260225337e-01 -4.567629780780229076e-01 4.597132080653372477e-02 0.000000000000000000e+00
-2.556430026991630911e+00 1.397148542969332219e+00 2.589124031499372425e+00 0.000000000000000000e+00
-2.503710012764726933e+00 -2.198444535548677692e+00 2.565764199315486493e+00 0.000000000000000000e+00
-1.962580596443374903e+00 1.295551390789281720e+00 5.858057119299171500e-01 0.000000000000000000e+00
-1.307460562754935829e+00 -1.115268209512523256e+00 3.784353753771415030e-01 0.000000000000000000e+00
-3.570669580361642281e-01 1.263852879113021466e+00 5.666114526910905058e-02 0.000000000000000000e+00
5.066724358091653224e-01 3.044129023553186486e-01 7.522525036972610435e-01 0.000000000000000000e+00
