1.670144601182152577e+00 -3.426212336972751071e+00 1.427313745368047115e+00 0.000000000000000000e+00
2.173555086373886169e+00 -8.919511822488535024e-01 -2.037207942004542804e+00 0.000000000000000000e+00
1.799670205674832824e+00 5.448192848233571750e-01 3.753785767932916961e+00 0.000000000000000000e+00
1.435725976211627009e+00 1.941633428415268092e-01 1.095084200402207886e+00 0.000000000000000000e+00
5.805378537641342485e-01 -4.475200247127706366e-01 -5.321564239319562795e-01 0.000000000000000000e+00
-3.994902709336491942e+00 2.569563054140466374e+00 1.839688523268962594e+00 0.000000000000000000e+00
-4.343791447119587090e-01 -1.288700145473977487e+00 -6.248726386484649425e-02 0.000000000000000000e+00
-8.690553859436628281e-01 -8.892409335272938309e-01 2.075641307047195738e+00 0.000000000000000000e+00
-1.122046026948760877e+00 3.675544315384673966e-02 6.502889344826378037e-01 0.000000000000000000e+00
-3.881861901389317637e+00 3.720631623023140655e+00 1.148620043954407199e+00 0.000000000000000000e+00
-2.121940741590562160e-02 -2.022381140500771890e-01 -5.330064294487259213e-02 0.000000000000000000e+00
-1.519141356395131481e+00 -2.021798285604975154e-01 8.044380133047941417e-01 0.000000000000000000e+00
-3.608903465634918928e-01 1.896101503499532381e-01 -7.434053941789177389e-02 0.000000000000000000e+00
-2.459913271914600852e+00 2.674511363210051229e+00 -2.330846347982326039e-01 0.000000000000000000e+00
-1.654626133928736254e+00 1.596878398013575673e+00 4.241423651957498264e-01 0.000000000000000000e+00
7.499255944777477589e-01 -8.036317724328173595e-02 -1.140496204494241717e+00 0.000000000000000000e+00
3.593185415599717381e+00 1.478608556995988144e+00 3.697476875844158961e+00 0.000000000000000000e+00
-1.801399859769711176e+00 5.919543157906015374e-01 -1.493685843021268056e+00 0.000000000000000000e+00
-7.099537897368113359e-01 1.153821843607401254e+00 1.810686193941511091e+00 0.000000000000000000e+00
1.216613675987168464e-01 1.518906461359921467e+00 1.648291110746475274e+00 0.000000000000000000e+00
-1.361145392340657179e-01 -4.694797520769566045e-03 2.629763655659613994e-02 0.000000000000000000e+00
-8.281718487423188613e-01 3.080185072775256175e-02 1.466937007360708534e-01 0.000000000000000000e+00
9.253168979100470648e-02 5.641991736022537729e-02 -2.435422974293252052e-01 0.000000000000000000e+00
-1.267728779606142719e+00 5.683212245143062225e-01 -3.887359335688478912e-01 0.000000000000000000e+00
-5.398123610996889699e-02 -3.289239278909923681e-02 7.853909284236852695e-02 0.000000000000000000e+00
8.374664912646734294e-02 -5.683575398439234538e-01 3.361459632639736128e-01 0.000000000000000000e+00
3.183388347420144648e-01 1.032957364964692593e+00 6.239692305369711756e-01 0.000000000000000000e+00
-2.379332818631082258e+00 -4.012527513747279895e-01 8.666539052623252193e-01 0.000000000000000000e+00
-1.034105044833031339e+00 -2.332454281772547433e-01 5.440251515124360226e-01 0.000000000000000000e+00
-5.339210284021849162e-01 -1.672079367211978806e-01 1.177488457860285664e-01 0.000000000000000000e+00
-4.326046202145676034e+00 4.842082518243129741e+00 3.717667117913701635e-01 0.000000000000000000e+00
9.523569082913502237e-02 3.852080155765846836e+00 -2.711825011991479073e+00 0.000000000000000000e+00
-3.318244001364175855e+00 1.639630055561393851e+00 4.518201003183935915e-01 0.000000000000000000e+00
-2.803304768312499640e+00 1.527018332051339300e+00 -5.741852999890806331e-01 0.000000000000000000e+00
-1.154227525532768084e+00 -3.322098623091857550e-01 -2.962095011432160363e-01 0.000000000000000000e+00
-1.000673768113577583e-01 1.833978485796986524e-01 -1.451906275561561837e-03 0.000000000000000000e+00
5.166939570361820389e-01 2.426491697390905505e-02 -1.476476350591195141e-01 0.000000000000000000e+00
1.692630419807252262e-01 3.840910918403874635e-02 -1.559710150498330450e-01 0.000000000000000000e+00
-4.716089027916257059e-01 -1.245740948939598969e+00 -3.343468951149611290e-01 0.000000000000000000e+00
5.712795842190886431e-01 -7.031589453782463028e-01 1.474911420181502786e-01 0.000000000000000000e+00
-1.653686516892121650e-01 1.849711901486891796e-01 3.476278154505424989e-01 0.000000000000000000e+00
-1.187536472795996501e+00 1.613892078770662986e+00 -6.482412150446607013e-01 0.000000000000000000e+00
-7.860775027642650237e-01 -1.317733351911261730e+00 1.556250955049500950e+00 0.000000000000000000e+00
-1.022612514101373327e+00 -4.624295905316731514e-01 -5.999909126430402057e-02 0.000000000000000000e+00
7.298896001964969571e-01 -9.190248177849136280e-01 -5.465603576437125799e-01 0.000000000000000000e+00
-1.419123792334270551e+00 4.503412522069449864e+00 -1.619498305777230529e+00 0.000000000000000000e+00
9.851165755753303888e-01 1.261382286365639205e+00 -6.615460519590435906e-01 0.000000000000000000e+00
7.080647919622257147e-01 -1.037836408172648106e+00 -8.091865390040512418e-01 0.000000000000000000e+00
-2.601038037169211004e-01 -1.652181751353439365e+00 -1.223241899784878184e+00 0.000000000000000000e+00
3.409522318314152090e-01 3.773921181102293243e-01 -5.046516709820960678e-01 0.000000000000000000e+00
2.003520006272173415e+00 2.497770616167524604e+00 2.196026026893065364e+00 0.000000000000000000e+00
-2.919836454663849779e+00 1.875515729239768614e+00 -4.388779529314795091e+00 0.000000000000000000e+00
1.783499904537355185e+00 1.744892850316067445e+00 1.999112382787021358e-01 0.000000000000000000e+00
-7.832192529208865661e-01 1.762470309066084928e+00 -2.898415708375529309e+00 0.000000000000000000e+00
-1.847411681861439892e+00 1.583247898878774595e+00 9.081757793228633080e-01 0.000000000000000000e+00
8.214171218214045833e-01 1.892667352141292891e+00 1.759596640450690197e+00 0.000000000000000000e+00
