2.749670044756163945e-01 -2.226781757487726221e+00 1.467961148894255885e+00 0.000000000000000000e+00
-1.385244029268540178e+00 -1.137167661463295287e+00 1.130021911730548112e+00 0.000000000000000000e+00
2.485224953060438668e+00 -8.459787515924647172e-01 -2.323405443002942494e+00 0.000000000000000000e+00
-8.717400327248356895e-01 -6.446805951701928272e-01 1.513096786039112018e-01 0.000000000000000000e+00
-7.593866996652636203e-01 -4.627911230639829010e-01 9.406826696985526315e-02 0.000000000000000000e+00
1.474940278084975409e+00 4.902702387738328560e-01 -3.460971942915678778e-01 0.000000000000000000e+00
1.441901231935249494e-01 -9.152547796814489711e-01 3.529236646557386559e-01 0.000000000000000000e+00
9.579768560837793601e-01 -8.546828205569260983e-02 -1.554577892743109091e+00 0.000000000000000000e+00
1.136072760514671875e+00 4.069978133938729203e-01 -8.390857575384551570e-01 0.000000000000000000e+00
9.913752953071438556e-01 1.285206858036174626e+00 -2.492022235023588550e+00 0.000000000000000000e+00
-2.927778979732344466e-01 -1.187503630858446069e-01 -2.027894187403445625e-01 0.000000000000000000e+00
2.586483007591016681e-01 -1.659434720586318024e-01 -6.127668420763998647e-01 0.000000000000000000e+00
2.930935912066838234e-01 -2.790900788964882639e-02 4.029228317682745919e-01 0.000000000000000000e+00
5.808033810986948930e-01 7.130918644796888639e-01 -5.732813888998339324e-01 0.000000000000000000e+00
8.430934778897716253e-01 -5.918917333166566763e-01 -1.092059100186145854e-01 0.000000000000000000e+00
-8.873398912123744431e-01 -3.796956118402380342e-01 6.016555765104932840e-01 0.000000000000000000e+00
2.262170740021796966e+00 -6.047102560151612627e-01 -2.632626545500328596e+00 0.000000000000000000e+00
1.106945255205541434e+00 -1.356176067236533722e+00 -1.707848296081203587e+00 0.000000000000000000e+00
1.204038141591021960e+00 -1.612394776032139099e+00 -1.877834581111489820e+00 0.000000000000000000e+00
-6.138439754632503131e-01 -6.069984390225632298e-01 4.327424246816092279e-01 0.000000000000000000e+00
-2.896866182896531625e-02 5.992614287733763478e-02 -1.582798796590732526e-01 0.000000000000000000e+00
-4.448302465418495742e-03 -2.885926721050765045e-02 -3.207067983922069765e-02 0.000000000000000000e+00
-6.694880196743124845e-02 -5.015442790594255157e-02 3.937356025290241757e-01 0.000000000000000000e+00
2.303122916854612179e-01 7.053080506977952302e-01 -9.137618380156449227e-01 0.000000000000000000e+00
-6.865762689323534618e-02 1.740862295985122210e-01 -1.568703423505538042e-01 0.000000000000000000e+00
2.936761615631736655e-01 3.905300015976851530e-02 -2.682802855298087666e-02 0.000000000000000000e+00
9.088892729385571467e-01 7.259003852483973951e-01 -2.032672533421661765e+00 0.000000000000000000e+00
5.878332355676604282e-01 -7.679109969587286089e-02 -1.723376827417881563e+00 0.000000000000000000e+00
-3.302114484459297006e-01 1.196180699623560911e-01 -1.288951518352735581e+00 0.000000000000000000e+00
1.078675731533542681e+00 6.804515539296147608e-01 -1.106905988311214895e+00 0.000000000000000000e+00
1.629590768778672150e+00 2.121073046018542296e+00 -1.095290854043960982e+00 0.000000000000000000e+00
1.819713006782836262e-01 1.539978925788154207e+00 -2.292520902671650429e+00 0.000000000000000000e+00
1.577176463427783393e+00 2.569146820458208857e+00 -1.924429285063833595e+00 0.000000000000000000e+00
5.443160845781400692e-01 -3.534912488249473961e-02 -2.307313938405589404e+00 0.000000000000000000e+00
5.916152653024883135e-01 -1.283873812635192846e-01 -8.848047431896330361e-02 0.000000000000000000e+00
8.485651627817357434e-02 1.005928511596108493e-01 1.233188862980970704e-02 0.000000000000000000e+00
-6.244429682291812583e-02 7.647868064351399930e-02 2.891705779427128920e-01 0.000000000000000000e+00
-2.440357820358902419e-01 1.248887822641915613e-01 -1.981106752065153187e-01 0.000000000000000000e+00
6.311938824223956024e-02 2.426953130134572312e-01 -7.165962199391555654e-01 0.000000000000000000e+00
-2.054350203809075515e-01 2.012986683229977258e-01 7.696223065525262808e-01 0.000000000000000000e+00
2.892756884572325604e-01 1.204870240001742199e-01 -4.162320019177565694e-02 0.000000000000000000e+00
1.546047715205347596e-02 6.874797598419853939e-01 -1.363038702562750171e+00 0.000000000000000000e+00
-3.508129119816950636e-01 -1.178804157906113037e+00 1.104361837130936275e+00 0.000000000000000000e+00
-7.672637170998841682e-01 -2.854666916193288051e-01 -1.353014238476537012e-01 0.000000000000000000e+00
-2.016821838919748422e-01 -1.935652052293851677e-01 5.802781292510672539e-01 0.000000000000000000e+00
6.296920713345992571e-01 2.418345878205176991e+00 -1.140751112366735320e+00 0.000000000000000000e+00
-8.569669846862896234e-01 9.557241489959215075e-01 -1.411845698335029597e+00 0.000000000000000000e+00
6.464276179903386543e-01 1.090586620588521072e+00 -1.106584718113971189e+00 0.000000000000000000e+00
3.397436748948953200e-01 -2.439035968573715962e+00 -5.947849893966254964e-01 0.000000000000000000e+00
-3.398570035561259139e-01 -5.355027887483630039e-03 9.085691607934061331e-02 0.000000000000000000e+00
1.554214736001962471e+00 -7.512717223464652205e-01 -1.478161597139415973e+00 0.000000000000000000e+00
-1.247530332163968858e-01 -1.965500742475666307e+00 7.600350229223984400e-01 0.000000000000000000e+00
7.952129845303899103e-01 -5.674940920286375423e-01 -1.791405907723657043e+00 0.000000000000000000e+00
1.067878058854945245e+00 -7.220068242513785206e-01 -1.297201725778277304e+00 0.000000000000000000e+00
7.939889675598761354e-01 -2.176897754108424454e+00 -1.057266533930624863e+00 0.000000000000000000e+00
-8.580954339036603873e-01 -5.299011641617809021e-01 -8.889208723469185780e-02 0.000000000000000000e+00
