-7.756266530021324046e-01 1.754172401770285772e+00 2.740277602202524587e+00 0.000000000000000000e+00
2.478510369554423332e-01 6.630032851466317600e-01 6.688081426999732404e-01 0.000000000000000000e+00
8.959795675008777605e-02 2.858887917962512626e-01 -8.436345987842422955e-01 0.000000000000000000e+00
-4.501523350036851778e-01 -3.502587693756692433e-01 -2.008666770598490914e-01 0.000000000000000000e+00
3.789748775467569608e-01 1.076494993047187182e-01 1.338014211002874765e-01 0.000000000000000000e+00
1.296516108699870551e-01 1.074228747578296783e+00 3.162261422779021336e-01 0.000000000000000000e+00
-6.338673433317911776e-01 4.890207897453492381e-01 1.959795142461740136e+00 0.000000000000000000e+00
2.362851763072207067e-01 -8.770158817354302139e-01 -8.797076468503421953e-01 0.000000000000000000e+00
-4.173889309695366090e-01 -3.022537504144899856e-01 -9.649384461262904000e-02 0.000000000000000000e+00
2.614689140697042946e-01 -1.073199501687230439e+00 -1.581079779262948848e-01 0.000000000000000000e+00
2.723320592887344960e-01 -4.759972923976655418e-02 -6.665322490535877976e-03 0.000000000000000000e+00
1.755999454282697325e-01 -8.542014338403667306e-01 -6.336396766111564993e-01 0.000000000000000000e+00
-2.001893195431287409e-01 -7.403300202711364519e-02 -2.457163549804366465e-01 0.000000000000000000e+00
3.309453726498644555e-01 -2.567235528567323732e-01 -8.735478231964195484e-01 0.000000000000000000e+00
-6.468815786083700892e-02 -5.994154704918359666e-01 -4.520115938027572944e-01 0.000000000000000000e+00
-2.344683734371444742e-02 -2.218574120369384561e-01 6.990255830393699021e-02 0.000000000000000000e+00
-6.054766513541504080e-01 5.744741113062636906e-01 -6.777871896886967784e-01 0.000000000000000000e+00
-4.180071878847881339e-01 -1.072262355179062654e+00 8.551225984783070722e-01 0.000000000000000000e+00
-9.886073865808934213e-01 -8.803851821661600185e-01 1.702864405088916899e-01 0.000000000000000000e+00
-3.978859126169916882e-01 -4.292031916882464437e-01 -2.079557918158847218e-01 0.000000000000000000e+00
9.604078156833209534e-02 -5.292321669198305628e-02 -3.596175349501633950e-02 0.000000000000000000e+00
3.326079129656776823e-02 -3.684708753399454917e-01 -2.054330215667533599e-01 0.000000000000000000e+00
-3.539308270192034755e-02 5.013264849670923812e-03 -1.199496005250764163e-01 0.000000000000000000e+00
-1.022592074320999855e-01 -5.837140289137404681e-01 -6.244274092224633144e-01 0.000000000000000000e+00
-6.305262277951918792e-02 -2.982416184957733529e-01 -3.837873879033992797e-01 0.000000000000000000e+00
-3.791569321362716662e-03 -2.504590622459640023e-02 -1.628863518667637844e-01 0.000000000000000000e+00
-1.786482952185753093e-01 1.063657148511788775e-01 -6.355001961564193946e-01 0.000000000000000000e+00
3.066882802838987732e-01 -7.551388421679831875e-02 -6.120705656947366541e-02 0.000000000000000000e+00
-1.087323386110847639e-01 -6.949808875601585223e-01 -2.855411263633943486e-01 0.000000000000000000e+00
-1.417731480587793580e-01 -1.058381242204374656e-01 1.565328276187060441e-01 0.000000000000000000e+00
5.088018110568595098e-01 1.033627725145093379e+00 -1.128039355480422445e+00 0.000000000000000000e+00
7.186469087395215283e-01 -8.313527540910015112e-01 -1.310434868750804727e+00 0.000000000000000000e+00
1.216295001746389159e+00 4.073576823813476050e-02 -1.325206731367824853e+00 0.000000000000000000e+00
1.873167288649989562e-02 -1.125056600584462885e+00 -4.605169575899530909e-01 0.000000000000000000e+00
9.573140118281323052e-02 2.996470992975688863e-01 9.052287398733829260e-01 0.000000000000000000e+00
-8.192314418922155839e-02 3.329917698228487886e-04 -9.436805989454752006e-03 0.000000000000000000e+00
-1.103846313752485930e-01 2.912072426255119528e-01 2.365111376144688193e-01 0.000000000000000000e+00
7.678361622997670333e-02 1.165764973968576269e-03 9.542437516966402467e-02 0.000000000000000000e+00
-4.582955555474731435e-01 -3.656053612773791373e-01 -1.465654495150889303e-01 0.000000000000000000e+00
9.267227024755798903e-02 3.232945534782212249e-01 2.870060130245963848e-01 0.000000000000000000e+00
-2.227578824463177787e-01 -5.211690716344714175e-02 -3.008583516396005630e-01 0.000000000000000000e+00
-1.099113019558019266e-01 -4.724048670454711503e-03 3.762282435262554459e-01 0.000000000000000000e+00
6.319122960875356299e-01 4.918954471889266933e-01 4.711487663207444138e-02 0.000000000000000000e+00
2.032825879533667057e-01 1.873459149822723213e-01 -2.371859309486262224e-01 0.000000000000000000e+00
1.204664051053873641e-01 1.985215583592778998e-01 2.288187316887527745e-01 0.000000000000000000e+00
-1.032323283235440665e-03 -9.127383168448338635e-02 -1.241931257154611501e+00 0.000000000000000000e+00
-3.546799006251598607e-01 -4.401066274570675785e-01 -1.676801908565838939e-01 0.000000000000000000e+00
5.927360258247418301e-01 -3.172644264240707668e-01 -1.955158991023270287e-01 0.000000000000000000e+00
-1.064298087569651940e+00 -7.785378488451993872e-01 3.716193062583224016e-01 0.000000000000000000e+00
4.761026784618601626e-01 -2.171130402844776153e-01 -8.627325786107326033e-01 0.000000000000000000e+00
-3.500851909351498925e-01 2.980803945021492929e-01 -6.743090886641895931e-01 0.000000000000000000e+00
-1.384576534612931953e+00 -5.026774991675740933e-01 1.046457214964495286e+00 0.000000000000000000e+00
-1.419759455075998877e+00 7.811328290245204142e-01 5.158555494354018223e-02 0.000000000000000000e+00
-1.024249051257223542e+00 -5.776071003397456050e-01 1.150685377065203463e+00 0.000000000000000000e+00
-1.409170870845745660e-01 -7.882929678221363076e-03 -3.227529485176023893e-01 0.000000000000000000e+00
-3.576886407375788612e-02 -3.729573306424321388e-01 -2.509864584326986225e-01 0.000000000000000000e+00
