-5.884807592888733341e-01 -1.259596596421746595e+00 -5.385724316958261371e-01
1.759682966635425783e-02 -1.554787584875293172e-02 -9.854116140200741558e-02
-5.624150649567093846e-02 -6.824027769316963477e-02 -7.806532988357925418e-02
6.528484908160063493e-02 2.490666647865913963e-01 5.149362208420910775e-02
-3.154343270159605528e-02 -3.336908637517657650e-02 -1.234491650014583886e-02
1.123120588767859140e-03 -1.891005528589775886e-02 1.785091443118964200e-03
-4.332465400969730263e-02 -2.956487818681370616e-02 -1.469519675985215754e-02
1.005404517273287418e-02 2.837757612162560700e-02 1.314948173276426005e-02
-2.726885962385660819e-03 -5.196832396807623405e-02 -3.338830521434590914e-03
-3.687609749559816021e-04 -4.311904178035868250e-03 -1.955149069902797139e-04
3.282868355750652553e-04 -9.897436135907463142e-04 -6.105209181652787543e-05
-9.690910156555943293e-05 -1.240052515987243118e-03 -9.519086290547259599e-05
1.939393943743890087e-04 -2.165970772751223822e-03 -4.199152473885854001e-04
-3.804525736314008253e-05 1.957313265451602561e-03 -3.229595277863344348e-05
-1.024722046481762983e-04 5.086341882079906812e-03 -1.380319015013131007e-04
-3.228689016901157421e-02 -1.074307144497476003e-02 -2.205949791092463863e-02
-7.942418516523440039e-03 -2.218796499404167982e-02 -2.715948403132373984e-04
2.842749688909741203e-04 -7.328428534357263845e-03 -7.636487157077920945e-04
2.870876709639650498e-05 -8.349296696651044986e-04 -5.672265536175147803e-04
-4.193664555505371289e-02 -8.281354729104045687e-03 -3.080937517809186066e-02
-2.020798992411220601e-02 2.643414854443421058e-02 1.561933673692005031e-02
3.948570270984642916e-03 2.628772587937875521e-02 -6.847946073802829020e-03
1.595328137221629916e-04 5.477455695340305297e-03 -8.607877619154574722e-03
-2.050816736132336088e-03 -3.924289059899242760e-03 -1.847386230412348396e-03
1.301415616967755762e+00 1.985230280566065764e+00 1.285466761782678491e+00
1.592432432998686130e-03 6.114765164376448521e-03 2.999355304537509783e-03
