-7.004908452274603015e+00 -1.054713182967952712e+01 9.373077235484045033e+00 -8.667940391759870522e+00
-3.488268023747846946e-01 -6.043157247069753657e-01 -2.022976927675378400e-01 7.678178116306572099e-02
-6.789355967142360337e-02 8.381067836415174999e-02 -1.035772756712599385e+00 8.349561018933288059e-01
1.428173150749407228e+01 2.696944731248340688e+01 -6.908549268515318431e+01 2.586039223606424287e+01
7.343965548844919033e-02 -1.740920169431882658e-01 1.615318553347547814e+00 -1.031665166380428378e+00
-5.888394897920272431e-02 -3.012769045866674905e-02 -7.767867370425507456e-01 6.971663919959039113e-01
-1.700574512082915490e-01 1.789055051101240856e+00 -5.179886465219015967e+00 -6.077903584853271646e+00
3.315313195174183214e-01 -5.822469651313955108e-01 1.325833980091606357e+01 -6.322762082640835501e+00
-3.616652494472449852e-01 -2.490745909109434442e-01 -1.533690074569843409e+00 8.762175841901447271e-01
-1.084064559604312272e+01 -3.248837903092484680e+01 1.487298051045377463e+02 -3.926104161810607707e+01
3.869941851794369114e+00 -9.329419317417939617e-01 5.013345563637908953e+01 2.384449931938784317e+01
-6.503762074301042695e-01 1.408767905618744543e+00 -4.181443537394674337e+01 1.697736443500869541e+01
-1.926784549744823272e+00 2.230434954734538122e-01 -2.952594165380570956e+01 1.690123517577024614e-01
1.563820390878746691e+00 1.162936137898078703e+00 -4.790631892024736160e+00 -6.239451968182405217e+00
3.994152406126975086e-01 1.477406707590058765e-01 5.839601496185784946e+00 -3.809423077689613191e+00
6.133242364854453177e-01 7.400193458796712198e-01 3.723207761259814119e-01 1.564738838543330290e-01
3.487541638895229612e-01 2.656958612037131351e-01 1.750354794098650801e+00 4.557221483955653518e-01
1.948793348793802505e-01 7.336097966567733941e-02 9.758340318326843565e-01 7.178743189167402505e-01
-1.860893925039936933e-02 2.746861671738814320e-02 -6.398736197374127466e-01 6.527268352181647693e-03
2.115349355745887117e+00 1.985635596997535757e+01 -1.051035569101611742e+02 2.682004343657487766e+01
-5.665548158407279544e+00 -7.856034352714935665e-01 -1.518193236465955351e+02 -2.368618534826838129e+01
7.365320862729256568e-01 -1.404392224091492558e+00 3.329706824485200656e+01 -1.857847881799445133e+01
3.931868593563725423e+00 6.471188183229975577e-03 9.511733985358424093e+01 7.377464938132973771e-01
-6.600984360079676927e-01 -2.201975700239044986e-01 -7.676256200623976511e+00 6.870371869776613849e+00
-2.090629986304126664e+00 -1.614178394295325392e+00 3.799496227846111651e+01 1.257079761255690187e+01
-6.344217074684919133e-01 -1.306204878416480586e+00 6.577563751238287182e+00 -2.630229811890431257e+00
-9.034730684070809703e-01 -7.512100138813206929e-01 -4.178109342592708941e+00 -1.860864651441062279e+00
-5.131805513006001407e-01 -2.092652602328070044e-01 -7.184487140909431524e+00 -1.711666865848764374e-01
2.595930265976137408e-02 -7.299226248637150083e-02 1.002830216998872981e+00 -3.710072943410844815e-01
2.451155531854237180e-01 -7.351330828755661684e-02 -1.159024657585999929e+00 2.724176505383370639e+00
2.710537242741794528e-01 -4.190377253596150320e-02 9.862589601328940470e-01 1.005300309863917496e+00
-5.846787215709650654e-03 -4.218221882254132027e-02 2.972518361830901235e+00 2.595601579065802689e-01
-1.116233864963354569e-02 1.777583980947535641e-02 8.780345955923112289e-01 -3.484866721461992167e-01
3.851021392930684129e-04 1.186161132529649914e-02 -3.230137515347751287e-01 -5.328174093286713875e-02
6.893634959979531018e-01 -4.921397364995053536e+00 7.935369454844767745e+00 -4.433094812976854371e+00
2.422738937318942742e+00 6.273501116690242130e-01 1.207865559674100950e+02 9.422957975535197761e-01
-3.226164471660258881e-01 4.969672579098041720e-01 -1.809553564934946834e+01 6.771303859091956312e+00
-2.035815274491663107e+00 2.049392780370445921e-03 -5.619323843642476390e+01 6.031019788473301446e+00
9.894088411135694150e-01 7.123537729363186299e-01 1.478114071501920535e+01 -5.196568629914558812e+00
3.346751322324835187e-01 1.049189982718277125e-01 -1.187532287276745979e+00 -2.462319094027602517e+00
8.761231489239092174e-02 6.308423917715317852e-01 -3.432905627649928704e+01 2.444406418985057172e+00
4.317300761199177606e-01 4.501700398955773563e-01 -4.443190385783265128e+01 1.151503289093245286e-01
3.458312916507300105e-01 1.344021046252341089e-01 1.417523708548533357e+01 -2.184993396417983291e+00
-3.126629955561990859e-02 3.461660404014316184e-02 4.057825181813277116e-01 7.086137350744547980e-01
-4.863422505457444811e-01 -1.616218520201580244e-01 1.339251680595210559e+01 -5.687314548702333106e+00
-5.085305125860080100e-01 7.822255810565534317e-02 1.448463197422537263e+01 -2.539955035699390962e+00
-2.247097922017204930e-02 6.365524304903315278e-02 -5.862628416003956566e+00 -1.708913978562578428e-01
2.981134793290415169e-02 -7.658017383225357300e-03 -2.702804375092831002e+00 -6.560868637806638315e-02
-6.771409456634916446e-03 -1.804107010044805892e-02 8.173122600546270933e-01 -3.163926555410595531e-02
-1.213128852698828058e-01 -3.522132889746533435e-02 -5.194361335760336873e-01 1.556093048189837624e+00
9.580747054481884850e-02 1.115970597850437507e-01 -1.925066921700535172e+00 9.568772739375588365e-01
-1.268964473579719393e-02 3.398235196095880650e-02 -1.757641140793176016e+00 -1.521560561326226191e-01
2.040435701774682975e-02 4.844658627984353705e-02 3.421818379262285270e-01 -5.256013684097395888e-01
-1.563196663062008107e-02 3.465838150667720219e-04 -2.762977966288699960e-01 -1.189052805248957956e-01
2.047649544555512485e-02 -8.699083063844897934e-04 3.302219270924768857e-01 4.315723568420505585e-03
9.963366512092232119e-01 1.363353322666765122e+00 2.238021052276483597e-02 1.048544454641424650e+00
4.731703744863379607e-03 2.340746070792018400e-03 8.431597155345818551e-02 1.106394717116352018e-02
