3.440461444842538796e+00 -1.076932546017535408e+00 1.441612892805879564e+00 -6.287600948653917499e+00
6.189184014151702939e-01 8.917142272776128198e-02 2.043534952844067998e-01 1.053018013134029429e+00
1.710806394822881882e-01 4.467488530926891355e-01 1.256583075477063494e-01 1.513775271959301172e+00
-1.636368917976708914e+01 4.528889727149199018e+00 -2.302549102064721076e+00 4.128412414998482660e+01
2.102206942484791397e-01 2.137015415674015373e-01 2.895273514466179532e-01 -8.917481455139616431e-01
-1.613652159069501879e-01 1.849230077680074913e-01 -3.141655671625359636e-02 9.649971682495873671e-01
-2.370321515280405578e+00 4.189533658909893710e+00 1.430827279704312449e+00 -5.037014537345685383e+00
-4.268292134589590781e-01 -2.322888496162792915e+00 -2.666285147465124461e-01 -1.636535369572277787e+01
3.936170730013504038e-01 3.612832964656598200e-01 -2.948119759880821200e-02 2.805035841793455109e+00
2.876636223099106004e+01 -6.175149264257103532e+00 9.904682093857384295e-01 -9.920723769752873977e+01
1.680837439875659811e+01 -1.573389959459674614e+01 -3.822866600749071253e+00 7.724892868316608485e+00
-1.722613897859668342e+00 5.075455851902640703e+00 1.255215188798672887e-01 5.788742047582680073e+01
1.413217269472231585e+00 1.346817801401046566e+00 -4.042066640118452403e-01 1.587631774869672796e+01
1.619768378427054456e-01 -1.290252440632234876e+00 4.320078400554794307e-02 -1.295179476492514326e+01
6.554622420359557111e-01 -1.004553974348921130e+00 -1.603270210507823368e-03 -6.904815317601939562e+00
-8.925139815197946636e-02 -3.291753658545523153e-01 1.651965665877423994e-01 -8.212711390908427056e-01
6.631695615500441399e-01 1.863156695072754054e-01 -2.163205368063433609e-01 -2.150463607664776511e+00
-1.305139206438530042e-01 -3.896351510249307371e-02 -2.251441764119656019e-01 3.658484640209404282e-02
3.047009641283260351e-01 -2.399874077974979703e-02 4.057589279290430007e-02 -5.736687730221533277e-02
-1.412705376194008622e+01 2.297944026404040052e+00 7.180194077268406971e-01 8.485801432257738952e+01
-3.544790528300094934e+01 2.186928896620855767e+01 3.772711545456057358e+00 4.058652067503952310e+01
4.355237002936122259e+00 -5.177542727846354609e+00 1.277989158689538662e-01 -7.259788487575063698e+01
-2.860145544840293041e+00 -4.586193794895288889e+00 2.462890870857119552e-01 -6.151464871819238311e+01
-5.214079845300334526e-02 1.638091025637672171e+00 1.541260320944783380e-01 1.106932520451854529e+01
-3.352037802434448821e+00 1.636776074185682717e+00 9.876371589753618618e-02 -2.878146805344407255e+00
-2.621187147854666666e+00 1.786815529229843325e+00 -2.758365884005690716e-01 5.566738033458353385e+00
-8.257888442728207323e-01 -2.363209018821200991e-01 5.142672514053756583e-01 2.343918270109189450e+01
2.314493515501694354e-01 3.202224257017997067e-01 4.844002721531110445e-01 4.839345552640230252e+00
-8.401143129624348838e-01 5.346805014967448422e-02 -1.028312017895857133e-01 9.857307713920372416e-01
-2.506589389242408483e-02 -1.736758085643563265e-01 1.533651562750293906e-01 1.691663772629599105e+00
-6.527385586404282902e-01 6.760505567018069983e-02 -8.917371141991795036e-02 -6.219292688509447942e-01
2.496616493075117238e-01 -5.494474200176740347e-02 -9.561756955970927840e-02 -2.731391480780621439e+00
1.005095637105998252e-01 4.868988362227349986e-03 1.367636171501201980e-02 -6.201818917992428792e-01
4.429925966845951746e-03 5.382576306314029724e-03 -1.378242933993988235e-02 1.920443982931449023e-01
1.034100672913771390e+00 5.078412877090723310e-01 -5.370369422835093998e-01 -1.189021963843716811e+01
1.448888679131835211e+01 -1.032326145193079370e+01 -1.335228244165527656e+00 -7.906240744527667630e+01
-9.768862132379219076e-01 1.983791948389355575e+00 -1.050197150277487057e-01 1.749263026542413613e+01
4.306312202403736578e+00 3.153420384011502264e+00 -5.831176071344745804e-02 9.264817452402148490e+01
-2.150413613197827090e+00 -6.360236470513784823e-01 -1.015830279248771673e-01 4.249009860241044123e+01
-1.247356743967031889e-01 -8.359560718619132302e-01 -1.277346659991130395e-01 2.123288183540338547e+00
4.529829697949849354e+00 -1.792666382919505086e+00 2.194319231546256466e-01 -2.419091483567690659e+01
3.726590298684603120e+00 9.611441630748907006e-02 -2.583978944287756985e-01 -3.608024376073059614e+01
-5.154436744982069385e-01 -3.675729731937870670e-01 -2.582438755426621491e-01 -2.029170340599710798e+01
8.277857505776160529e-01 4.619500640357598886e-03 6.415060373839773233e-02 -2.363517028097334105e+00
-9.411221818483568313e-01 1.054661013954717896e+00 1.352205590829305970e-01 -2.500931704840019698e+00
1.737139348511521186e+00 -1.240748194557868694e-01 8.869397219444200009e-02 -2.194918270774381064e+00
-4.351262810673421910e-01 1.828504723278334687e-01 1.095593332280606624e-01 1.090059946822563752e+01
1.972870285946722868e-01 -4.793658929247576750e-02 -1.503634895400914051e-02 2.679489291898156544e+00
-1.974465323868376254e-01 1.963426252004851769e-03 1.953504660678528904e-02 -6.244748662440546827e-01
3.337767279887950411e-01 2.577708645116352226e-01 1.244047149008210007e-01 -5.758317327783276651e-01
-5.674014570113870004e-01 -7.852726907650321719e-02 -5.859870799077325498e-02 -4.542592347174551626e-01
3.721688970864743817e-01 -6.941806709676258402e-02 -5.702602870367615845e-03 -5.644212342890233547e-01
-5.460985769930224443e-01 -1.339812044507462246e-02 3.067540620646354299e-03 -4.898397911395386273e-01
-7.812449872998895872e-02 -1.831005778830230302e-02 3.007972882283528604e-03 3.205146641927674178e-01
1.498272725072657963e-02 -3.734386780716698884e-03 -1.206207714161383615e-03 3.766436348980829740e-02
-3.241014494289211623e-01 -2.037380584047722432e-02 -3.362114236568379266e-01 1.116186871953626369e-01
1.567356849377147046e-02 4.861567730075682867e-03 1.518741321301263908e-03 5.103511898714786083e-02
