-6.864307050000861832e-01 -2.595383252747135217e+00 3.422061831461083337e+00 0.000000000000000000e+00
5.752716580935152813e+00 1.040764134093544158e+01 -9.582618638920624932e+00 0.000000000000000000e+00
4.594147473077486943e+00 5.187728017389046542e+00 -6.631029821190379536e-01 0.000000000000000000e+00
1.045405466185397758e+00 2.872034119961680010e-01 3.684036553311036410e-01 0.000000000000000000e+00
2.632836990611337136e+00 8.223379618214792686e+00 -7.130057754294204742e+00 0.000000000000000000e+00
1.364091710194623497e+00 1.349549465384537683e+00 -4.910173735989447508e+00 0.000000000000000000e+00
-2.087956703965605065e+00 -5.529514398492268334e+00 2.567925588391215985e+00 0.000000000000000000e+00
-4.163249034975861740e+00 -2.667128996115833428e-01 6.723872823217282857e+00 0.000000000000000000e+00
-7.821436266820201988e-01 -1.982058477767224991e+00 -6.141687836199677619e+00 0.000000000000000000e+00
9.759163745780663479e-01 -3.716528806623833781e+00 -4.529168674173862819e+00 0.000000000000000000e+00
1.468992708829737870e+00 9.824545825692665435e-01 -2.161128820198608302e+00 0.000000000000000000e+00
-4.448397348077609337e+00 -5.310613415597764231e+00 8.164346880556712094e+00 0.000000000000000000e+00
1.151294356912978989e+00 -7.559153439342283232e-01 -5.843712581561445463e-01 0.000000000000000000e+00
-5.345363807757631536e-01 4.138361824152902102e+00 -2.277546275324505043e+00 0.000000000000000000e+00
1.535576456969233838e+00 1.184386835112079872e+00 4.945942878822056521e+00 0.000000000000000000e+00
9.243939154739744257e-01 2.741444695744183591e+00 -7.745984502691320550e+00 0.000000000000000000e+00
-1.735068544560009751e-01 -1.482053206183444161e+00 4.407979114773510787e+00 0.000000000000000000e+00
-2.370711129747729018e+00 -2.141175505085886333e-02 4.448535632077472712e+00 0.000000000000000000e+00
7.976593605018067468e-01 4.404529684182176830e+00 3.052564612109015307e+00 0.000000000000000000e+00
-1.201779242401398884e+00 1.324565318031851291e+00 3.374893735704507236e+00 0.000000000000000000e+00
1.145176329467733956e+00 -2.752328724096731793e+00 -3.536954080924317623e+00 0.000000000000000000e+00
-2.696870762203014138e+00 -5.082499440160877846e+00 6.284735771282258021e+00 0.000000000000000000e+00
1.751998956173213218e+00 1.002982481821263594e+00 2.630719174259412263e+00 0.000000000000000000e+00
-3.655560063990832997e+00 -1.800941725533969251e+00 5.451021695024138580e+00 0.000000000000000000e+00
1.763575201235621392e+00 -7.788871875160374714e-01 -4.085624091519123868e-01 0.000000000000000000e+00
8.092549864902872647e-01 3.378047735949838426e+00 3.496262697280940746e+00 0.000000000000000000e+00
-2.549653437424082458e+00 -8.545300862355116323e+00 8.274491105775219069e+00 0.000000000000000000e+00
-2.458526166277011704e+00 3.863879411192825852e+00 2.047451786459324019e+00 0.000000000000000000e+00
-4.615457666087237065e+00 1.359176441874492269e+00 4.971024970592009318e+00 0.000000000000000000e+00
-2.279864892967000234e+00 1.777950138846664974e+00 -4.757164430420351309e+00 0.000000000000000000e+00
-1.339057436515594057e+00 -9.897751918463969290e+00 6.560168291118991135e+00 0.000000000000000000e+00
-6.802975120678580012e+00 3.225761463775135285e-01 -2.780181051371056200e-01 0.000000000000000000e+00
5.173057087797531040e+00 3.317459514889110839e+00 -4.597332491200424975e+00 0.000000000000000000e+00
8.227757822352228523e-01 -3.986958310015238816e+00 3.014404764516677715e-01 0.000000000000000000e+00
-6.363757795904745329e-01 -1.143320582162442145e+00 -1.576556556415820598e+00 0.000000000000000000e+00
-2.628786172197529747e-01 -1.455518260809982811e+00 -6.940653039911793165e+00 0.000000000000000000e+00
-6.020762539362718435e-01 -2.930721562218081999e+00 3.485740968461803480e-02 0.000000000000000000e+00
-1.867945026195058922e-01 1.494516382715586511e+00 3.138078763504064561e+00 0.000000000000000000e+00
-3.146783700153288343e+00 -5.215483624020052389e+00 3.744326533857831762e+00 0.000000000000000000e+00
1.682315061759721342e+00 2.305801740264531663e+00 2.777490830120624477e+00 0.000000000000000000e+00
1.823641180846736987e+00 -2.429251693218642316e+00 1.997803755896259359e+00 0.000000000000000000e+00
-1.262116558627433660e+00 -8.541938737078668353e+00 7.228152855805880073e+00 0.000000000000000000e+00
4.621865611932322593e-01 3.245996955789046901e+00 1.478428285029895539e+00 0.000000000000000000e+00
-4.070263870900840963e+00 -7.338661434348656698e-01 5.064378316826987358e+00 0.000000000000000000e+00
-5.306161836143699073e-01 1.138273126499347088e+00 -3.399306955760907911e+00 0.000000000000000000e+00
-1.381064668293916498e-01 -1.070258523873266476e+01 6.674979124493780169e+00 0.000000000000000000e+00
4.125791236449381394e+00 -5.452315813895737939e+00 2.555444183211144971e+00 0.000000000000000000e+00
1.041524387529127793e+00 2.564383046404062227e+00 9.580467264789827020e-01 0.000000000000000000e+00
2.072629522391787660e+00 -2.029632330251705863e+00 -2.278946896650429765e-01 0.000000000000000000e+00
1.129644838289284747e+00 3.205953018788236797e+00 -5.402030847059924312e+00 0.000000000000000000e+00
-1.120069698997116614e+00 -2.421062708117727169e+00 1.692638388452858189e+00 0.000000000000000000e+00
7.126742766849882837e-01 -1.783674660849754900e+00 2.311830029875266757e+00 0.000000000000000000e+00
9.813365173841762656e-01 -3.305182248868431483e+00 3.599652941098032244e+00 0.000000000000000000e+00
-2.610224417519360518e+00 2.223582427827874852e+00 -4.722031971514235038e-01 0.000000000000000000e+00
-2.534878113855815740e-01 2.785343677841990218e+00 -7.834058696012685674e-01 0.000000000000000000e+00
2.525170022737004416e+00 3.050022956967537446e-01 -1.256003752883256164e+00 0.000000000000000000e+00
