-1.088621972890889023e+00 -2.666846077393119963e+00 -5.079978764394552648e+00 0.000000000000000000e+00
-4.233981551569073964e+00 9.734882442813752590e+00 8.611155041976951807e+00 0.000000000000000000e+00
-1.065898928890663289e+00 3.066369422010007728e+00 6.867758012473151874e-01 0.000000000000000000e+00
-1.879012882370449944e+00 3.471787571156456642e-01 -6.044036589415123784e-01 0.000000000000000000e+00
-1.195393769725255684e+00 4.733096804670367419e+00 8.382947127757459427e+00 0.000000000000000000e+00
1.494338255998306497e+00 8.270684357841197709e+00 2.019092489126348422e+00 0.000000000000000000e+00
-7.388332758241837883e-01 -4.185633417203496798e+00 -5.273998387397723420e+00 0.000000000000000000e+00
2.052638507866749951e+00 1.405991189449425249e+00 -7.853343536699409100e+00 0.000000000000000000e+00
1.921289375889600581e+00 6.503528674905194595e-01 1.325052060849773561e+00 0.000000000000000000e+00
2.859644104722462998e+00 3.557002940259126333e+00 -6.005665688303341909e+00 0.000000000000000000e+00
1.397593976545985939e+00 -2.001656511987301545e+00 7.469317386528508962e+00 0.000000000000000000e+00
-5.089327442193454232e-01 -1.014376455524476528e+00 -7.343780764283242668e+00 0.000000000000000000e+00
-1.750825192467340807e+00 2.015566513552770611e-01 1.703243760224285364e+00 0.000000000000000000e+00
-1.628983374813156804e+00 3.590310251423356025e+00 4.682984907158037835e+00 0.000000000000000000e+00
-4.996074894845567993e-01 2.973944769015965939e+00 -5.643739455281515660e+00 0.000000000000000000e+00
2.277269394608402386e+00 7.689892361690257694e+00 4.265833250671721366e+00 0.000000000000000000e+00
-2.415721362352110546e+00 -8.638405253408315332e+00 -5.939483066149084500e+00 0.000000000000000000e+00
-1.749499901686843994e-01 -6.250219800288299155e+00 -6.610209051615938414e+00 0.000000000000000000e+00
-1.814563397883032447e+00 -7.557668454724882912e-01 -1.760600762216585347e+00 0.000000000000000000e+00
2.704291012606421241e+00 -5.195706420444846929e-02 -2.029131458471066907e+00 0.000000000000000000e+00
2.656029287740376166e+00 -2.247132458572236757e+00 5.646713351282334870e+00 0.000000000000000000e+00
-3.199730842169608458e+00 -1.802634666969017418e-01 -5.739962672629668639e+00 0.000000000000000000e+00
-2.414836028036776661e+00 -7.558750430101426332e-01 2.226243431975669651e+00 0.000000000000000000e+00
2.528672638294614750e+00 -6.423352323694950350e+00 -3.670632187005224534e+00 0.000000000000000000e+00
2.163141708237090288e+00 1.573948824645122091e+00 3.447072012684997855e+00 0.000000000000000000e+00
8.815975139260172622e-01 2.241670206011398214e+00 -2.732569265825133265e+00 0.000000000000000000e+00
2.494628312627673594e+00 -8.499705532769471716e+00 -9.103278477405361002e+00 0.000000000000000000e+00
1.320630047015068476e+00 7.055845282704383825e-01 1.526738473023319775e+00 0.000000000000000000e+00
-9.274123972815746519e-01 -1.039226878300820278e+00 -5.456459832346459038e+00 0.000000000000000000e+00
4.360297836197351562e-01 9.231855185278449172e-01 3.514161138743479573e-01 0.000000000000000000e+00
7.267538212291396071e+00 -9.014198303027143311e+00 -5.800285440365683165e+00 0.000000000000000000e+00
2.513116313285062464e+00 -8.453291766044831235e+00 7.330404722976654242e+00 0.000000000000000000e+00
-2.196892851749419062e+00 4.522476125665818358e+00 5.900607234587497807e+00 0.000000000000000000e+00
-9.306015736396320293e-01 -1.677867223601787527e+00 -1.205688953256607743e+00 0.000000000000000000e+00
1.227482530249157433e+00 4.576244147612050783e-01 -1.104511890974228416e+00 0.000000000000000000e+00
2.937317549662535221e+00 -6.575131632441293117e-02 2.830514370537600133e+00 0.000000000000000000e+00
-4.652897489815607024e+00 2.343356078319030811e+00 -4.338495345717748641e+00 0.000000000000000000e+00
-2.900167267576250651e+00 -2.247088866577036104e+00 3.114943877060189159e+00 0.000000000000000000e+00
4.125228999172525945e+00 -3.832166529871432470e+00 -8.413846520134773854e+00 0.000000000000000000e+00
1.634470713993229296e+00 2.876233638710892215e-01 -1.310350034318904955e+00 0.000000000000000000e+00
2.731650933666652126e+00 -3.393188694525820281e+00 2.075415890657668072e+00 0.000000000000000000e+00
7.550428888215677814e-01 -7.022269023344944294e+00 -8.918141205759839707e+00 0.000000000000000000e+00
-3.462442415619139680e-01 2.086076504276210830e+00 4.644994149834161590e+00 0.000000000000000000e+00
-2.690113327296487444e+00 -3.480933044706251422e+00 -2.148303009373859318e+00 0.000000000000000000e+00
-1.966425679369270707e+00 4.264073881171185909e-01 1.575972151057930315e+00 0.000000000000000000e+00
3.062452740346548019e+00 -1.097433493991864495e+01 -6.166455448657158556e+00 0.000000000000000000e+00
1.120915252205311852e+00 -2.157597372088833954e+00 2.713467761403414613e+00 0.000000000000000000e+00
6.524594987218300668e-01 -4.367224057500044054e+00 3.838386763591641770e+00 0.000000000000000000e+00
-1.347097071937894519e+00 9.571391861513859345e-01 -2.302236802635326818e+00 0.000000000000000000e+00
3.440053256694064032e+00 4.211161169015049666e+00 3.897220970264731132e+00 0.000000000000000000e+00
-4.018125416259457516e+00 -1.011247572451805787e+01 -2.517124258621187494e+00 0.000000000000000000e+00
-2.425530682581225506e+00 -1.231565858269055846e+00 -1.293087791055967106e-01 0.000000000000000000e+00
-1.247087328163001496e+00 -1.726659508504071683e+00 -3.890287779439377314e+00 0.000000000000000000e+00
-2.330631902632875896e+00 -2.687102385295960794e+00 -2.952426405273449905e+00 0.000000000000000000e+00
6.134174764018737736e-02 6.212829240093569183e-01 -2.178094687892671910e+00 0.000000000000000000e+00
1.048732499823962883e+00 1.211194042191472864e+00 -1.261944504077794127e+00 0.000000000000000000e+00
