4.504406155024267555e+00 2.609130785707999944e+00 6.196724257158310323e-01 0.000000000000000000e+00
-7.622948046375189080e+00 -8.788597032616834781e+00 5.222515225344668721e+00 0.000000000000000000e+00
-1.506719297349511655e-01 -1.531230315844369638e+00 5.002506654867103997e+00 0.000000000000000000e+00
1.166822519496196531e+00 -2.673385878880325084e+00 1.049405497180121660e+00 0.000000000000000000e+00
-7.525379357271789083e+00 -8.013701138374351274e+00 -2.581419035227801917e+00 0.000000000000000000e+00
-6.565610850990970526e+00 -6.553791943842945944e-02 2.332541700674401142e+00 0.000000000000000000e+00
2.469242461816466783e+00 4.945463875587027047e+00 -9.789467759562942017e-01 0.000000000000000000e+00
4.696550759288911969e+00 6.953094781938770730e+00 2.492451375205612774e+00 0.000000000000000000e+00
-6.443890961839601417e+00 3.573500765874374263e+00 -1.341530098111070712e+00 0.000000000000000000e+00
1.102656234383139644e+00 2.085816450190604687e+00 5.401811619278288568e+00 0.000000000000000000e+00
-6.805208949377279382e+00 -6.324897830480131766e+00 -4.641578931120065477e+00 0.000000000000000000e+00
6.876173781519828054e+00 6.744492583930530749e+00 -8.621732154570592721e-01 0.000000000000000000e+00
-7.439151618619312956e-01 -3.424125305430544275e-01 1.696024466059515179e+00 0.000000000000000000e+00
-5.520816668967337471e+00 -7.949320805912140075e-01 -7.648581449313138769e-01 0.000000000000000000e+00
6.159753612585214810e-01 1.256039518693465418e+00 3.660065835282984015e+00 0.000000000000000000e+00
-4.693794123978958233e+00 -6.483059724774864030e+00 5.032818891288933116e+00 0.000000000000000000e+00
7.367149022938596303e+00 6.322807891613078546e+00 2.654999152041980892e+00 0.000000000000000000e+00
5.010087529728856737e+00 5.027427641859552487e+00 -6.962673920012355744e+00 0.000000000000000000e+00
1.014934806618394081e+00 -4.089764718831944701e-01 3.302743539037295228e+00 0.000000000000000000e+00
-4.173864913862821435e-01 1.764791539521911812e+00 -3.978679981148856570e-01 0.000000000000000000e+00
-5.823567303480182034e+00 -4.086523275762742990e+00 -4.406095901953049676e+00 0.000000000000000000e+00
6.172137983172804709e+00 5.319349688831343848e+00 9.538135608656024278e-01 0.000000000000000000e+00
1.996627344630786061e+00 1.330007289360262968e-01 2.897028239332502864e+00 0.000000000000000000e+00
3.680304789258727727e+00 3.130215886694941219e+00 -1.711034384950695264e+00 0.000000000000000000e+00
-2.495727614654697391e+00 -3.618263181575334997e+00 1.974783404344666038e-01 0.000000000000000000e+00
2.645861374447496139e+00 -3.590779245965469713e+00 3.188664795572957456e-01 0.000000000000000000e+00
8.608911848307641890e+00 8.033168164142898249e+00 1.846167181971967608e+00 0.000000000000000000e+00
-1.785345702340235818e-01 -2.066743977913028107e+00 -3.525945811032097144e+00 0.000000000000000000e+00
4.356591487234612536e+00 4.226990157739093590e+00 -4.483294120631255986e-01 0.000000000000000000e+00
-1.226512256033520210e+00 -1.842713245705996372e-01 -5.359489091618554468e-01 0.000000000000000000e+00
6.152520726228150494e+00 6.959741096329071119e+00 -7.041705038850214926e+00 0.000000000000000000e+00
-4.151036994156896753e+00 4.010124958769015535e+00 -5.526493431603102024e+00 0.000000000000000000e+00
-2.712708226324894945e+00 -4.263679125470057341e-01 -4.325234279626716472e+00 0.000000000000000000e+00
7.702844330687292906e-01 1.435960586808910699e+00 2.046650018860556308e+00 0.000000000000000000e+00
7.066578766076517804e-01 1.626757358537762377e+00 -1.005112759163314884e+00 0.000000000000000000e+00
-4.808479228121151472e+00 -1.029858100007131849e+00 -3.444979268466401123e+00 0.000000000000000000e+00
3.413375199887262568e+00 2.761781943522293670e+00 3.239180126797983394e+00 0.000000000000000000e+00
1.700609408751008411e+00 2.832066950755834700e+00 2.206215438819470354e+00 0.000000000000000000e+00
5.453847018549160985e+00 3.454293187422963207e+00 2.716052916961598562e+00 0.000000000000000000e+00
2.533860704778776896e+00 -2.249420243510483974e+00 -3.161866421278370698e+00 0.000000000000000000e+00
-7.874060953920526407e-01 1.287397026318450877e+00 -2.100530178848175833e+00 0.000000000000000000e+00
8.736215899374981220e+00 7.652952792046156638e+00 2.987683544912776767e+00 0.000000000000000000e+00
1.671532379216414066e+00 -4.594745620381265105e+00 -1.779782572843751742e+00 0.000000000000000000e+00
4.862000204717426222e+00 4.291228819961059315e+00 -3.384532570534932727e+00 0.000000000000000000e+00
3.342537112885016759e-01 -1.524070967333481574e+00 1.755373023326580517e+00 0.000000000000000000e+00
6.750866195780447221e+00 6.435068520392015934e+00 -6.795853254462831394e+00 0.000000000000000000e+00
1.037109219204063459e-01 -2.575536823390959462e+00 -1.830186035947539258e+00 0.000000000000000000e+00
1.772486008286456860e+00 -3.169149160093485129e+00 -6.264292947407746226e+00 0.000000000000000000e+00
7.100090463629925575e-01 -5.992438411890559369e-01 2.268362897989653959e+00 0.000000000000000000e+00
-2.591301400561064838e+00 -5.080003853637355959e+00 2.136990614622571893e+00 0.000000000000000000e+00
8.035919614698293856e+00 2.805708109911500436e+00 -4.550501009173970601e+00 0.000000000000000000e+00
2.002472030248472645e+00 -1.389531156371235587e+00 -6.478430310083916899e-01 0.000000000000000000e+00
3.489965058280041443e+00 -5.514946319588803769e-01 2.350706568646681482e+00 0.000000000000000000e+00
4.006217846396896043e+00 -2.258548163274933240e-01 -1.615458386076984998e-01 0.000000000000000000e+00
-7.526959322886104253e-01 1.372201264052520964e+00 3.399082064314486118e+00 0.000000000000000000e+00
-1.554430646062229249e+00 1.017587286801598490e+00 -6.844448623846227653e-01 0.000000000000000000e+00
