-6.531340598282577403e+00 1.312894778421638264e+01 -6.114188536419038478e-01 -4.013086718786106566e+00 -3.457028590635306653e+00 7.555626932340246071e+01 3.352791089099191879e+00
5.809235060074012802e-01 -3.420300753663045867e-01 5.749053140464001066e-01 1.127447063764353885e+00 -2.597099349208399133e+00 5.617844273109118269e+00 -1.779551951814438482e+00
2.007978957010073895e+00 -5.275401218339325071e-01 8.130748692366632779e-01 1.155996341623938717e+00 -1.258308508370009404e+00 -4.087558841149292910e+00 3.731174383310849607e-01
1.633915963218527523e+01 -6.454047906878462015e+01 -1.982932524721719325e+00 7.504216650754893081e+00 1.577580524283390684e+00 -4.218107263904506112e+02 -1.958909295493433333e+01
-1.839420865574272979e+00 5.328709442164504539e-02 -2.793455332642203359e+00 -1.388630248544393264e-01 -4.844339190273577955e+00 1.775051509091639801e+01 -2.603945731391653418e+00
9.072729426609680292e-01 -5.396683185419416384e-01 2.324663780897462118e-01 2.058256077749422430e-01 2.671731869130388737e-01 -3.195927718623069236e+00 -3.540546277683596643e-01
3.058856675380853929e+00 8.844428519746398987e-01 -1.976868297646831252e+00 -5.453768228417603225e+00 1.790264046920017194e+01 -1.127317499355999502e+02 1.345805390947900371e+01
-8.328500615876897939e+00 6.099783539094340234e+00 -3.777641674491238888e+00 -5.718662383655807702e+00 1.067863213022326185e+01 5.789019079604790363e+01 -1.095036545133672323e+00
-1.405286130944280787e+00 -2.945915817074067800e+00 -4.110808389340339652e-01 1.325283172438658785e-01 -1.071195668551723434e+00 4.989192743783284811e+00 -1.291356660734738204e+00
-1.783046394605144513e+01 1.367857247796422371e+02 7.585636375816013022e+00 -3.560116863318992575e+00 1.822830525321246498e+01 7.715784396458190031e+02 4.371552718540781513e+01
-1.106344547635296038e+01 -2.978748749248969041e+00 7.487963459113800013e-01 1.016302459071964570e+01 -6.201620459626796844e+01 7.705835625217948746e+02 -3.793258519955612940e+01
5.760212181911791518e+00 -1.674042673674391679e+01 6.775800425947242189e+00 1.142555166686569201e+01 -2.890632220972906552e+01 -2.107035564053641394e+02 2.948284206019500253e-01
9.246100955763413509e+00 -5.544383947602387508e+00 7.892682338511344042e+00 3.137844679474033338e+00 2.307909190649940356e+01 -2.346031026297442565e+02 7.550998900854001050e+00
1.201690897261104141e+01 5.987605795853399471e+00 1.152629864943088167e+00 -4.917578651365996922e-01 -6.479037780975143157e-01 -1.253987577823304491e+02 5.929404806017214646e+00
-6.216425508468759631e+00 1.746343947896512150e+00 -4.439495549549560827e-01 -8.989657618683125628e-01 -1.491942203334898576e+00 1.899741250266994896e+01 1.466968640204138419e+00
1.180862618763654392e+00 9.311787049801195648e-02 -3.469572800407665358e+00 -7.259865802260143663e-01 6.133324889518236844e+00 -3.556492100799254530e+01 3.425654726854928889e+00
-4.109945104411403705e+00 2.725887770351986816e+00 -1.594203032699480493e+00 -7.340214720059270448e-01 5.044621616318874402e+00 -1.939655661910069284e+01 7.211771409262065502e-01
-2.875968673475236326e+00 2.646675746297846743e+00 4.693716776873479990e-01 9.595239583055326094e-02 -3.079482680393816341e-02 -6.334007938167180995e+00 -1.845100858771382413e-01
-4.026102846124351986e-02 8.404463263643495441e-02 1.134383078354111035e-01 1.993840612839332255e-02 9.906023235894792500e-02 -3.681532670990262934e-01 8.984746450142548635e-02
9.241387910847098652e+00 -1.308455609989730988e+02 -7.901360764978281992e+00 -2.084955919258122847e+00 -3.930468585134401138e+01 -7.193026514463322485e+01 -4.247465943836094482e+01
8.512049668429446214e+00 -3.270210092341319097e-02 -5.685889099881711317e-01 -1.008812423134454761e+01 9.442005089380333516e+01 -1.987376367573178413e+03 4.117592521484903756e+01
8.758529461747270872e+00 1.487427589126169636e+01 -5.396607096771806056e+00 -1.013924951119058449e+01 2.977689197466925108e+01 1.106025756512081415e+02 2.382105771138981698e+00
-2.117661576537770873e+00 9.989795516784313989e+00 -9.012451844153837044e+00 -5.732591684785998787e+00 -3.924687620032366908e+01 3.306798869191190988e+02 -6.707264232207123200e+00
4.679983840098564940e+00 4.561846887318541377e-01 1.781221014136793457e-01 1.021692763059155906e+00 2.694554244511161656e+00 -7.891760843267167047e+01 -2.351409152869956998e+00
-1.896654629879004972e+01 6.797299009550411775e+00 -1.444724825494651199e+00 1.069425097815428938e+00 1.459545028619885443e+01 3.181533679098603784e+02 -1.068860227161761856e+01
-1.860303349313343801e+01 1.040093846641472730e+01 1.105279823365210667e+01 2.232176306056532056e+00 -9.799446650029912220e+00 3.673948446918989248e+02 -3.220650722776738473e+00
1.193659158064268588e+01 -1.105954558236143193e+01 5.316351012714553903e+00 2.221541012012581362e+00 -1.815928330810032776e+01 1.631455187818629042e+02 6.205149829608398448e-01
1.818166509944851938e+01 -8.034351592184703961e+00 -6.722692309744542349e-01 -5.354333129695939553e-01 -3.237788042319768578e-01 3.761491582445056281e+01 7.266751834192497483e-01
-8.807943978053061063e-01 -2.674125692699380608e+00 -3.149422122413561564e-01 -1.308167215576012676e-01 -4.341499288254592193e-01 1.449949471830927372e+00 -2.481614137054924951e-01
2.309399358439980787e+00 2.298767209329442007e+00 2.789696498513238421e+00 -1.041987416634627905e+00 6.584900993557736726e+00 2.729085371360029910e+01 3.629106290029590731e+00
-8.912026405804260865e-01 3.154874414855845632e+00 4.319250421877101065e-01 -2.687697655586634427e-01 1.803496704621079472e+00 5.300661305076878449e+01 5.011953004294185110e-01
-1.987044840033862947e+00 1.762494784554711758e-01 1.134116805409161044e-01 -1.109504949008207619e-01 8.822475994941040289e-01 4.365294119237226056e+01 5.898357163415672844e-01
-9.619738003879231558e-02 1.672781124116867746e+00 2.301047798173970205e-01 -8.461840612786392102e-02 1.045550818997856152e-01 1.345230735808916833e+01 1.581001605980089653e-01
1.005147787087550537e-01 1.505821771282643551e-02 -9.116593530444533355e-02 1.724175618804180132e-02 -2.384345725837227342e-02 2.085710143651354542e+00 9.413926281662013396e-02
-2.068649956143868707e+00 4.697662557099235414e+01 2.779081424246494958e+00 1.655551146170409105e+00 2.476131730739760428e+01 -5.743357216396674403e+01 1.546442703256280282e+01
-7.420290697586935380e-01 1.223854493091901752e+00 6.593396733193799264e-01 3.817179561690525968e+00 -5.410815996817593287e+01 3.411616285702780260e+02 -1.807318658071729800e+01
-1.003799717839501282e+00 -2.603449417484207107e+00 1.620248793484149852e+00 3.297441549479291467e+00 -8.196352109715705936e+00 2.449395433620061624e+01 -2.370312647003560258e+00
-1.078745708572639117e+01 -9.781434222797132705e+00 2.394333580645468196e+00 2.269451337780910904e+00 1.464041429803486594e+01 8.687805536197643050e+02 5.342274688826031515e+00
-6.193393718189744490e+00 -1.505863871048257252e+01 5.739386804465608227e-01 -7.668265205065207812e-01 -2.060645249142429947e+01 -2.267496046916787407e+02 7.383905734479817795e+00
8.436775964562702512e+00 -4.460781343559124146e+00 1.950531610466182952e-02 -3.287862835226926239e-01 -1.426380632603780896e+00 1.072051471956916480e+01 1.307064616990607275e+00
3.082140477294552383e+01 5.620172736965262317e+00 -6.442219185689442185e+00 -9.980344465275226007e-02 3.379641760080269108e+01 -4.816539827470256796e+02 4.894936529915472789e+00
-5.234952450872878416e-01 1.088604838451303003e+01 -3.944813729217313103e+00 -1.026782505751426156e+00 1.787458559409187231e+01 4.590742162221800982e+01 -2.897762930700472861e+00
-3.063356245183940985e+01 8.372325576969402050e+00 2.107578765416094901e-01 5.093529474706168791e-01 -1.015131151134630372e+00 7.747585959623540930e+01 -5.663326862686920427e-01
2.925383768181105681e-02 4.469006246185943887e+00 2.086984699061413262e-01 7.744450474717073929e-02 2.483776719236219233e-03 -8.867209363913991282e+00 2.090598356472927188e-01
-1.232995429407368881e+01 -1.229530131003156868e+01 1.666003147464609535e+00 1.198250518730949121e+00 -2.405709491414592094e+01 -1.676100655402838697e+02 -8.071230047317147438e+00
-6.628573803941817388e-01 5.459808688200646465e+00 5.258086352898350135e-01 7.592384621583700977e-01 5.151612461508427998e+00 -1.801850320373305863e+02 1.970801803774058003e+00
8.174590982869696987e+00 4.786917014464845188e+00 -1.379923698634759055e-01 2.418454616144015690e-01 2.083249159873081346e+00 -6.207140471704337870e+01 -7.439256669272498179e-01
9.594144205845358542e-01 -4.485521183997908778e+00 -2.812865247482245201e-01 -1.916639979279291528e-02 9.195315099741503406e-01 1.120628199867805819e+01 -2.020687480811127479e-01
-1.294195946411230702e-01 1.657673876247835743e-01 1.053810600253968360e-01 -4.174884470593068220e-03 9.377126020023630881e-02 -3.951672808911390611e-01 -7.916699059704022934e-02
4.408858564727328733e-01 -1.952549862421701476e+00 3.063155335105336441e+00 -4.407524163479670243e-01 -6.295652774845367006e+00 -6.520628474976586375e-01 -3.823914732861125820e+00
6.806790341467725547e-01 -4.137029263493743336e+00 7.702852902163030979e-01 1.265236291666134716e-01 -5.699235536191039841e+00 -2.591356650215386992e+01 -1.132747607716336979e+00
3.619456353490649869e-01 -2.285047043364735408e+00 -9.440892151708628333e-02 7.946876976355198019e-02 -1.771941780102765263e+00 -4.433492050053263256e+01 2.866667909654185831e-01
2.928024335003936995e-01 -6.707068383230785358e-02 1.567576692569838670e-01 -7.716550499826924092e-02 -6.380716518190834297e-01 -2.247751527044888320e+01 -2.325080072193472930e-02
6.953719678541439575e-02 -1.262840748245922962e+00 -4.667888010224972850e-02 1.546080988719750193e-02 -3.962430118895426956e-02 -2.154252969138516161e+00 -8.942394067337762487e-02
2.306281645120604185e-01 4.320300149520890920e-01 -3.264048877707763537e-03 4.215796180572377316e-03 5.010189520669011687e-02 7.043398255931768714e-01 -2.548483243835446277e-02
9.893775444896640847e-01 -7.785464481466756181e-01 2.530946456598455185e-01 6.022516010282760179e-01 7.784943021676101749e-01 -3.924877510776078715e+00 -7.223924927716764144e-02
1.805883844788518447e-02 1.278635930617772615e-02 6.978922882502367440e-03 2.469398875537162554e-03 1.097310040794493950e-02 1.672215596153645012e-01 1.074899510242433888e-02
