4.786032457111316640e-02 1.809188621671792008e-01 -2.727538662019191040e-03 1.105579753009570815e-01 7.962603876395399349e-02
2.959692064011708035e-01 9.417972203351003824e-01 3.571028284650198392e-01 -9.954510939550426096e-02 2.473815578868565068e-01
2.949928598112490641e-01 7.116633563093452963e-01 2.250514974925857947e-01 -4.285856973092900396e-02 -5.236815278864598300e-02
-1.642446866741811146e-02 -2.157379144247406622e-02 4.783563837233791027e-02 -2.873132744262794219e-02 -2.599433462884890439e-02
1.572414636787942133e-01 1.539425954910824013e+00 5.368211380063525606e-01 3.258316725651627666e-01 -1.531894753580514745e+00
1.142660817395540485e-01 2.572580728183540000e-01 4.809077930831404668e-01 3.237551229643799433e-02 1.748211010227692652e-01
-1.743025717459955881e-01 -1.236191515915247674e+00 -3.907984708132191676e-01 -6.472341104638317487e-03 -9.429126723253342113e-03
-4.116975045848725312e-01 -1.063413355329839494e+00 -2.911892872120804832e-01 -8.164522018139015042e-03 -6.270854740249036732e-03
4.291763541982357433e-01 9.260704792646679007e-01 3.450905562946751659e-02 2.202438505313886880e-02 -7.434380761567363494e-02
5.321720466688602963e-03 -1.934521684800531022e-02 -1.405998567634509332e-02 3.251782926401663651e-03 2.971515162085640142e-03
6.068026810191922901e-03 5.890617510565316906e-01 1.106030304836648492e-01 5.342225608455988643e-03 4.342347442655800777e-03
1.249105203696020822e-01 4.244639694442790545e-01 4.995914502780612887e-02 2.603511975436788826e-03 -1.564394163366491543e-03
-7.759682183484345463e-02 -1.931506812882764823e+00 -5.240406545026168317e-01 -4.475774455020206655e-02 2.192013096314764931e-01
-1.885998751507430571e-01 -8.227400372044655352e-01 1.761772535300188403e-01 1.039877991314463665e-02 7.351698526093682073e-02
2.283907627547708541e-02 4.964590714458056581e-03 -1.492471524778815617e-01 -9.031727111311019240e-03 -5.515440951696540944e-02
-1.636506943905004507e-01 3.934777786021409485e-02 -9.656814392540186143e-02 1.645889895857234053e-01 -7.799134301124162061e-01
-2.184355532048785353e-01 3.381783067266274645e-01 -2.205182030323641906e-01 2.884176133314649282e-01 3.986743481354272645e-02
-7.178354199270423064e-02 -7.969371588521844130e-01 3.957212011347345793e-01 7.514473130996349171e-02 1.776942368778188647e-02
8.042439873661885730e-02 -4.961847196915579739e-01 7.069753545498586034e-02 -1.407203422248925334e-02 4.512044679302664590e-02
-5.963723066483209547e-04 4.279796359204340525e-03 9.773960540870891417e-04 -1.261083361631010105e-04 -1.057976646314914750e-04
1.078564677475040215e-03 -1.152919822870026312e-01 -1.535744254474782564e-02 -2.861887620097198549e-04 -4.177038706963438633e-04
-1.180097664984089412e-02 -5.475805411190488858e-02 -8.393155592412789197e-04 -1.832579749397156125e-04 3.476607497688969945e-04
3.903498978039621203e-02 6.242559675347452153e-01 1.440875993252894172e-01 -7.521977657489295650e-04 -1.478773093011478620e-02
-1.121792151186240885e-02 -3.707477893968025295e-02 2.573185098020999706e-02 5.280432345601325603e-04 5.230038975919847760e-03
2.162992992730994324e-02 1.640442314197994855e-01 -6.208083509006447065e-02 -2.840528167781844558e-03 -8.148583282907899406e-03
-2.519376917581039182e-02 -1.878972498498990285e-01 2.363909925313407295e-02 -3.920593076441193647e-02 -6.592131979748262760e-02
2.303876283409082015e-01 1.667417879488181931e-01 3.191714354334753700e-01 -4.040536806457575847e-02 -1.728336967259342521e-02
9.947202310525311841e-02 6.473494942894467696e-01 -1.335120968722487977e-01 -8.847799079868955141e-03 -3.591271840581539837e-02
-2.025047540728838052e-02 1.340332588117196799e-01 -6.424473134356983861e-04 4.604505072272436356e-03 -2.891827291933807449e-03
4.303533715358107137e-02 3.143085258248665137e-01 1.489925041772329206e-01 -2.639028073938494146e-01 2.453212822715297392e+00
-3.999102115811811187e-01 -3.574014491041588304e-02 -3.115862997831858605e-01 -2.649861952391099895e-02 2.351063338860411855e-01
-3.932416522686724702e-01 -1.334667754043933119e+00 -3.538564375816486973e-01 7.940022447280247267e-03 2.959507468385283446e-01
-2.452084307650993777e-02 -1.293318670923849778e-01 3.928240457549803111e-03 2.707132570047744713e-02 -1.011532068094041920e-01
-6.826985518050833479e-02 4.734183330508826559e-01 -3.643421149015513283e-01 3.637709001263610131e-03 -6.204301281466093054e-02
-1.128630578142286456e-01 -2.410368840351527209e-01 -1.347085243735326454e-01 -1.631253915337245453e-01 -3.985596586046083467e-02
1.450394238549300441e-02 2.341392642320052481e-02 3.838371703252375922e-02 7.552285716025858124e-03 3.280935898628840192e-02
