1.724732811717140102e-01 -2.295843823120781169e-01 2.060824324789067852e-01 1.903278842838085350e-02 -1.024346788600816183e-02
4.841685584074273407e-02 5.656402482557165712e-02 7.413310199681300006e-02 -9.239878426351655349e-03 2.987407882989345786e-02
1.397059664727891004e-01 1.869245145903645211e-01 9.456562396879020227e-02 1.456302991069063912e-01 1.529584994010729782e-01
-1.128601405175011507e-03 1.983441135278388723e-01 -7.369686824088977906e-03 3.687789654248840865e-02 7.435959984575257753e-02
-1.445643149445112741e-01 1.569651776751102012e-02 -3.214070375249789002e-03 6.605215981216328025e-02 2.931100048720114426e-02
-4.825306964498343731e-03 -1.065504202912515019e-03 -4.924609128248436107e-04 -4.964567228175220670e-02 5.365830027263318591e-03
8.923125312112800689e-02 7.110971873954685663e-02 6.625387819311778781e-02 1.584990560779820923e-01 9.825133248905504324e-02
-2.904128705419106726e-02 -9.162873026554274603e-02 -1.540500331845140458e-02 -2.966371388007571497e-02 -5.371213365032467824e-02
-6.629593067567629561e-02 2.382174233338918423e-03 -5.804671573759190295e-04 -2.921648840514157186e-02 -2.121460047716983155e-02
-3.244913431838594708e-04 -4.336279315415837721e-02 1.102396681162201575e-04 -3.876914870320279788e-03 -1.341290239007850160e-02
-8.537981187261678429e-03 -1.559945382333227659e-03 -2.434558742852713231e-03 -1.789702043668486842e-02 -9.905910222149927336e-03
2.805539617592195389e-03 2.276488955067601516e-02 1.428972823191924924e-03 -3.493191666552791785e-03 9.734767037175351412e-03
5.224092463445462187e-02 -1.176833855635106563e-03 7.484999851851081853e-03 -4.540125188063370842e-02 -1.025129821644554795e-02
1.314120877762708917e-02 -2.560614249984216606e-03 1.245199611435432452e-03 2.589294884100346028e-02 1.391509716470751279e-02
-1.075759859405389651e-03 6.224710048454151767e-04 8.483603523018468096e-05 5.089036938920488140e-02 -2.570782595921458635e-03
5.573117253625436973e-02 -4.333196436861475043e-04 2.917067196481382130e-03 3.628417573489040038e-02 9.840287759002919188e-03
4.912328486308137343e-02 2.400411063105623022e-03 3.727806892885265899e-03 1.094824336592352676e-01 -9.554455534755423862e-04
2.807578359375284549e-03 -2.647528436845347777e-03 2.578211589309986618e-04 -1.051433199415194863e-01 -1.866417741454257095e-02
-1.920680186822831814e-02 -1.957804785249761537e-04 -2.343804632320978243e-06 1.198485389793857436e-02 2.544283991290502422e-03
1.862662158694239345e-05 3.453570591043123722e-03 2.286327361726266452e-06 1.338672016822979485e-04 8.311657780165453147e-04
2.183949468618356926e-05 -1.840906780584058988e-04 6.002080062517643755e-05 2.935110851931405085e-04 5.983216300261169629e-04
-9.224006454756905615e-05 -2.050960188967276832e-03 -5.048919826058212955e-05 4.534392518067247024e-04 -6.498365127870601998e-04
5.808976729344245138e-03 1.074048888946722846e-03 5.290813343912514899e-05 9.322936368174328248e-03 3.233179604827080000e-03
-1.437390215619990808e-04 -9.102868589943441391e-05 -6.301702541893806908e-06 -5.562728658310089891e-03 2.456168559952544295e-04
-1.043154759318279390e-03 6.962041390957858511e-04 -7.397770199989855966e-05 3.509354190349950331e-03 -1.623650255099695627e-03
-7.206453373431376264e-02 -1.446694927932291874e-03 1.588185911000170036e-03 -2.029533498388969015e-02 -5.552373379888453364e-03
5.856560166003221823e-03 -1.250485652518423807e-03 -7.929666813562968875e-05 -5.274621768922782561e-02 -1.064655130035792319e-03
6.043519082142956300e-03 7.504697039027174998e-04 -5.705403410564621747e-05 2.320500703257410979e-02 5.312110921839113820e-03
9.729576087144642393e-05 3.195472929858889088e-04 -5.455734505617482188e-06 -3.150398502346718477e-03 -1.215820746387902274e-04
1.195983502064676962e-01 -1.360081725013628784e-02 3.715223889486862774e-03 2.760240540679825827e-02 -2.390758185431463012e-02
-7.450819552423881831e-02 -4.348924705285583947e-03 2.797409322261523723e-03 5.702841037466044316e-02 -5.389755022026099240e-03
-1.560494173307436228e-02 -1.572901389468528421e-03 -1.271325096080522243e-05 -1.366580022794199323e-01 3.110947901481253552e-04
3.545541970998034031e-02 2.356820302047757387e-03 -7.052873460644537573e-05 -7.708569762618910914e-04 -5.669846751550022823e-03
-8.598234445233998713e-05 1.987279800741426072e-05 5.886527405411789982e-05 -3.641687392713865989e-03 -6.668014034994507178e-04
-8.613467818115809749e-01 -5.756180730885717134e-01 -9.255479362976073432e-01 -6.974449098203874264e-01 -7.150484893811746012e-01
7.854962982222697980e-04 4.541485043531815358e-04 7.885414212442761123e-05 1.685309577270340323e-03 1.740470693269220877e-04
