-8.275891051939515819e+01 -2.773299416977929255e+00 2.577295354760369861e+00 -2.308638842309649775e+00 -2.686506150681785332e+00 -2.083072385068775567e+00 -1.383859915001211638e+00
-5.093027702427524162e+01 2.294168310242281628e-01 1.721499972633587505e-02 1.795148543468526037e-01 1.408193417779368684e-02 -1.347487314356207028e-02 -1.579365648816631953e-02
3.101440358551280596e+01 3.109137188027307763e-01 4.882864451067570055e-01 2.773262543739128394e-01 8.875065863144079303e-01 7.178401111031177395e-01 6.815216152469705246e-01
5.606222091649143380e+01 5.881445912811808618e+00 -2.109097747402493539e+01 3.688383202548283890e+00 1.360350551746208936e+01 2.362624901579819969e+00 -6.321242401720272852e-01
4.729590754055366375e+01 2.612343479133386603e-01 7.998592221070860431e-02 2.309965057994486648e-01 1.286982805579704348e+00 1.022493488037209963e-01 -1.305623998205909797e-02
5.257562420930096181e+00 5.014780359923219633e-02 1.975642880440973137e-01 5.629429382500140966e-02 7.535431679730650867e-01 2.411938444883902355e-01 2.146361426816496554e-01
2.251098243676327115e+02 8.636629509859116149e-01 2.759923376867574163e+00 1.533272520952989826e+00 1.525980161064703022e+00 4.193977533766807930e+00 4.211849602724091923e+00
-2.219938836429536764e+02 -2.340730495429122815e+00 -3.487372528005315608e+00 -1.777210245781430720e+00 -9.014116675026722092e+00 -6.403399113913476270e+00 -6.243731336342531968e+00
-1.206575746985603672e+02 3.522287318439382142e-01 4.096242355898026544e-01 2.777822234720244143e-01 1.452501026051990385e+00 3.444227085500132790e-01 4.642920463669817366e-01
3.768693270115201699e+01 -7.182303578365682561e+00 4.929370784335691269e+01 -2.605658032420304693e+00 -3.383184210575727491e+01 2.423585174686829546e+00 6.860654641089100281e+00
5.260311189108762164e+01 -3.418479677629006730e+00 -5.581209879390048201e+00 -5.457333105317377253e+00 4.058501178390706343e+00 -1.434058540253595382e+01 -1.556054869659122097e+01
2.271137226151811888e+02 5.113956935107834667e+00 7.532160889287609962e+00 3.426211388475881137e+00 2.605285122606701265e+01 1.937641433362711041e+01 1.976925122880306418e+01
-3.107417370074045380e+02 1.938701749844125244e+00 1.646295071207312333e+00 1.906903963464113394e+00 -8.308102990629173235e+00 1.012165610022037754e+00 3.903858621192086265e+00
6.316295320796716624e+02 -6.010441690061674169e-01 -8.281744890143869497e-01 -2.435400366879780787e-01 -3.631029722232764989e+00 1.000130428133714222e-01 -1.725972777543899550e+00
-9.031695809040803624e+01 -2.118246936779002443e-01 -7.737433025817156418e-01 -1.609933432980395485e-01 -4.102434301854393617e+00 -1.151228513412675847e+00 -8.310756798881221430e-01
8.557154324023024117e+00 1.959378658456245592e-01 2.381249129432310152e-01 9.769705814794413246e-02 4.853726543880032551e-01 2.448253482514579082e-01 -1.726670594213012000e-01
1.005238037584248048e+02 6.832680048550269225e-01 3.571053175900835708e-01 1.159555833095240324e-01 -2.095461117982389432e+00 -1.399212315592281153e-02 2.349555618714741778e-01
-2.475425157636776419e+01 1.224827273515858017e-01 2.564696950208830151e-01 4.803368013610841841e-02 -1.951618909992081985e+00 -2.291982076322618411e-02 1.905569650291829564e-01
-8.193604172373197159e+00 2.917692891340278871e-03 -1.265836402888444179e-01 1.251975777622515995e-02 -6.895074897658720614e-01 5.057094342194995429e-02 -8.468888731128994263e-02
1.506002264750665915e+02 5.435378964944671765e+00 -4.201011394656578091e+01 1.009630653149314217e+00 3.993487663187111991e+01 -8.221454925919497114e+00 -8.640399104595307023e+00
-5.907817733976676209e+02 2.070881349141425964e+00 -7.906563562844822535e+00 4.221530508219087707e+00 -1.300261048764528482e+01 1.635745179320634435e+01 1.945009256735548675e+01
-8.309793141037735609e+01 -5.090437274870626361e+00 -8.787523019775939304e+00 -3.057050148537467038e+00 -1.183939388981630714e+01 -2.571078664586354279e+01 -2.771241316374328179e+01
1.082157141519431889e+02 -1.359091290005047803e+00 4.175861237931480119e+00 -1.532491947297898172e+00 1.316703866805864465e+01 2.196118714922468129e+00 -4.432230493285059580e+00
-1.596816021264922014e+01 3.448455206512397453e-01 6.637182181601172237e-01 1.718675048360641666e-01 -7.205768610953526832e+00 2.600461736589716466e+00 1.296501250885541801e+00
-4.331732674352302865e+02 3.562907900669831651e-02 2.196163522130770041e+00 1.465137926165605009e-02 -3.174586673720587271e+01 -1.253168026572336391e+00 2.880204996830325825e+00
1.868832621441492279e+02 8.777553984629631323e-01 -1.695569183204842290e+00 5.356885655063881035e-01 -3.838713967789475490e+00 -1.802653795154890659e+00 -1.634282065290986852e+00
-5.708104384464328405e+02 -1.438035888507826821e+00 3.038287565223973807e-01 8.571606617576404963e-02 2.261986103598552234e+01 6.990739556944587374e-01 9.774747252030910882e-01
2.631726502564955581e+02 -2.788909157363796965e-01 -2.008074286447825152e-02 -8.246209074343137380e-02 1.511745592040542085e+01 -5.020744495641760174e-02 2.021614168235160713e-01
-7.729893332843282394e+00 9.600076818055580663e-02 5.407492923801856533e-01 -2.565723544030520942e-02 4.612245162546368960e+00 -4.434511408085948236e-01 -1.415714874503627985e-01
9.624281924990587100e+00 -4.448744919904014106e-01 -6.896102549227189904e-02 -4.732393459111547962e-01 -8.281005052585994619e-01 2.528939322109292620e-01 -4.650580210258936087e-01
5.884664972677300909e+01 1.081916568407298024e-01 -1.443189940677735428e-01 -6.455004723643133213e-02 -9.706804138097897550e-01 -2.317824841645472755e-01 -1.914259565614762071e-01
3.340804023636462716e+01 2.831102666499466514e-01 -7.796412887600703834e-02 -9.603956995252876938e-04 -5.229241920778937569e-02 -2.143762824392021482e-01 -3.529309835038599297e-01
3.864959345641509003e+01 5.588111268792272934e-02 -7.217876214226268128e-02 1.211595625938655107e-02 6.264545663671116094e-01 -3.558253491833590632e-02 9.563024482887663713e-03
4.714209391516623882e-01 2.205636053545625280e-02 -1.229397438387972996e-01 7.822118726023077895e-04 5.959592421864174927e-01 1.318712915938810570e-02 -1.965498575558999317e-02
-7.032770314199498785e+01 -1.781651745555122179e+00 1.105910243078581523e+01 -1.635908930977949538e-01 -1.810145274506719204e+01 5.412137786482154489e+00 3.595532919106745773e+00
8.992309163162322250e+01 -6.212353454172669931e-01 1.195329468275551932e+01 -1.269101021715337119e+00 1.929417644821995736e+01 -7.520424303676994882e+00 -9.209092390442657816e+00
5.180078510339916420e+01 1.950028223103066782e+00 3.935566159845613754e+00 1.035686937483401682e+00 -1.634424543569708010e+00 1.215303444557788382e+01 1.406864685971702578e+01
2.584019215482568370e+02 -1.056412401792601319e-01 -9.915018218226400393e+00 3.999525538715369422e-01 -3.115476350619389478e+01 -1.859807225369764838e+00 7.454176704351533900e-01
-7.815079599577825320e+01 6.408627471110175389e-01 -1.704242909274047868e+00 2.523601004278042126e-02 1.850064791676661002e+01 5.051460952666495530e-01 -1.352737395689848299e+00
-2.467177824994657875e+00 -1.911724821056062229e-01 -6.783564286375947106e-01 -6.665289865655049661e-02 2.209165419201079228e+00 -1.593423428434328049e+00 -9.651225092470636646e-01
-2.113083829300278893e+01 -4.652421283875545210e-01 5.849890521514755193e+00 1.675474896725788754e-01 1.638472615633075691e+01 2.076102685814696258e+00 3.362198184956390001e+00
4.235759501989911655e+02 1.550442052385675673e+00 5.911430415793663684e-01 -4.952835355448237387e-02 -2.538401517642810745e+00 5.149184638704160655e-01 -1.949213505103988275e+00
2.981446090796143977e+01 -2.064163958028109591e-01 6.268957713029308376e-01 3.888780901159394343e-02 6.542287153976952041e+00 -6.625279575132692056e-02 2.299414194860371907e-02
1.202721076552164092e+00 -1.263256174132726950e-01 -5.256611656050265147e-01 1.250990032549345599e-02 -1.726435912340264611e+00 5.752833680011077977e-01 2.861711412581251501e-01
-9.441244439444403724e+01 4.577942686223364088e-01 -4.282172471966058103e-01 4.856209063936157144e-01 2.473280849591414920e+00 2.495957008330715876e-01 7.652819328979576508e-02
2.419522304750474007e+01 9.493110942698398946e-02 -3.591294783831813220e-01 1.526599897289198093e-01 -6.465002950514066704e+00 -1.751401846995731537e-01 9.760079263559466867e-01
-1.986840107263719517e+02 -7.500836598338276318e-01 2.300466594435526257e-01 1.840313798915431398e-02 -1.223614523552556221e+01 1.954120472750071613e-01 3.273921115801528003e-01
6.621465262929568496e+00 -2.194216776118895762e-02 2.402550810754391364e-01 -1.205296968509941835e-02 -4.098706531733184555e+00 -2.924164298779019511e-02 -2.189580211748003435e-01
-8.890823227938109419e-01 -1.183473885057512165e-02 3.332096889374022153e-01 -1.627175188989707366e-03 1.948898194961445896e-01 -2.014061303796942370e-01 1.348679303143427433e-01
-1.714567663263983377e+01 -3.567232822622571353e-01 -7.633571420098558824e-03 -3.083046271893998269e-01 4.461574577609327408e-01 -3.238938984551807954e-01 7.903197083776555276e-01
-4.114958724308597482e+01 -2.222815547590464846e-01 -4.645051330470241768e-01 -4.756383296416444306e-02 5.513046906096576993e-01 -5.961611256515625401e-02 -4.895837114915803090e-01
-1.045644218087305433e+01 -8.214301853203297143e-02 -4.449020817986928944e-01 8.435713260961555382e-03 1.394364265668368574e+00 6.379125086568182557e-02 -1.786436402223241515e-01
-3.465383391627253218e+01 3.508251733526923655e-04 -5.668130060180784358e-02 5.271694569276674791e-03 5.269723736900191469e-01 7.131274123176767343e-02 1.365362217310686077e-01
2.709479868462749685e-01 1.172867586954741692e-01 -1.307407304591065023e-01 5.755333447598209862e-04 -4.797752908301515795e-01 1.122956522288937886e-01 -1.392481918697647258e-01
5.753930499383286268e-02 -4.299880787183352204e-03 5.760672018823909113e-03 -1.001641612992362762e-03 -4.659368863435884300e-01 4.165126200308721938e-02 9.483143124203766150e-02
1.359844354307781344e+01 2.992652657103421210e-01 -5.736007578939818913e-02 2.700544254220964002e-01 2.041037985141729849e-01 2.426131054614005522e-01 1.914301201344930370e-01
3.267956259463550978e-02 2.213523913584062794e-03 3.943416283297489569e-03 1.572854977958962341e-03 6.309323734036571471e-03 2.122966457845591303e-03 1.978250363365274909e-03
