9.840707989985696402e-01 1.668889635134235550e-01 1.115310769967502225e+00
-1.402519687284687677e+00 5.247216569212401899e-03 5.378048838410309784e-01
-2.068743412303744866e-01 -1.923121212472472252e-01 2.647289565356741314e-01
-4.634804479373062502e-01 -5.094401020842292960e-02 -6.193669048898117202e-01
4.111981686678042869e-01 2.915720808477392442e-02 8.381512323982628354e-01
6.724496282586703844e-01 -5.065262063281295718e-02 -1.691324297335955462e-01
8.685389987794873701e-01 -3.675402573042018672e-01 -3.902734740461601959e-01
2.301470326208845951e-01 2.846557088754179121e-01 2.268645228314764353e-02
-1.368131312133988829e-02 -2.735985999798635770e-01 2.082441871422694990e-01
9.774959831967801327e-02 8.362885833149837772e-03 1.410396675215245255e-01
-2.373223242724235849e-01 2.110172920965677767e-01 9.101573856212284708e-02
-8.112429600690099218e-02 -1.018019851716593510e-01 -4.558180541738251351e-02
-6.125245952201796573e-01 5.379620060610246224e-02 -4.587955390293831925e-01
-3.065604404710851189e-02 -2.995706290695442087e-02 -8.951324748670512477e-02
-1.324577535534171568e-01 6.527865147055893214e-02 4.875649959161984515e-02
1.749061600010971329e+00 3.703052306400144156e-01 -8.326282315107784715e-01
3.469381119639514677e-01 -2.963945822355193993e-01 -7.978437292014806115e-01
6.727534967383822506e-01 3.637437546317764253e-02 -4.437389968797543216e-01
1.308160654919509336e-01 -3.580445342788874941e-01 -4.353431298975680153e-01
-7.403670515998877523e-03 -8.585148439866450033e-04 -1.153198741234406563e-02
2.523808136626294260e-02 -3.112045783915157529e-02 -8.771731622176415916e-03
8.742263199705153573e-03 7.850885794777417645e-03 5.368777586527154026e-03
7.005587160037951566e-02 -5.901586272363741267e-03 1.040597278196524478e-01
4.134791551737494741e-03 -4.910038288098821091e-03 -6.747460405481199228e-03
4.545328132777590527e-04 2.848097418049267901e-03 1.988864689537136674e-02
-4.687597099606572448e-01 5.171769504474010154e-02 3.101259846594075498e-01
-8.510429349267818744e-02 1.518037511481171165e-01 1.844630571989909484e-01
-1.424359675293833671e-01 1.829652369303222045e-02 1.298632901777112825e-01
-3.572653706352532654e-02 1.441120251620298665e-01 1.185216244980390743e-01
1.264223949545950632e+00 -7.895541529072531289e-03 -1.166841241275987207e+00
3.954392299522875853e-01 7.691416071248946551e-01 -2.953048289994219533e-01
-3.685004741024695829e-02 1.597439236300609300e-01 -2.373001422859515736e-02
1.363907137169147535e-02 1.664239132945761757e-01 -1.591053337875727447e-01
-2.172004499086879759e-01 -2.644122886620291490e-01 8.468666294047612342e-02
-8.373986787316622937e-01 -1.978664417473131321e-01 -6.602249073618151609e-01
4.063462883744981685e-02 1.144377560200338095e-01 9.127054239208429176e-02
