-3.090415034583994247e-01 9.641569251332832158e-03 1.062528211988086779e+00
-1.001456812009729358e+00 1.248586942551461076e+00 -5.029639050895984287e-01
-9.021514508063193105e-01 8.338954161349202421e-01 -4.461841430221512583e-01
1.233268411116780483e-01 1.283745698398535140e-01 -5.108119237891637354e-01
-1.606328177852191841e+00 1.951377100191169500e+00 8.831078952119852943e-01
1.574099506979181329e-01 4.121337643896275660e-01 4.117482078579030175e-02
4.061181078218419338e-01 -1.678341730902626949e+00 1.888618355761807199e-01
7.412527997565474536e-01 -9.097639903324399313e-01 3.063216802720026277e-01
-1.545866980111334499e-01 1.647329033254456787e+00 2.779528395206811719e-01
-2.459311581991892662e-02 -4.815201127461998798e-02 1.034272451571906781e-01
-5.520366926594608842e-03 5.408923944425629848e-01 1.528982566236929130e-02
-2.001352714197871530e-01 2.711937410197896026e-01 -8.623912837944414100e-02
1.531833737516076765e-01 -3.015759040784785072e-01 -9.312455437591620200e-01
2.181220513598710609e-01 -3.169271250101666215e-01 -2.507074867184997391e-01
-5.821906609924512588e-02 1.469434789321855395e-01 -2.796075494541074707e-02
5.608339041758347854e-01 -9.992813922020725714e-01 5.293383336219086299e-01
-3.942818758531436985e-02 -1.631663880254968557e+00 -1.252951295294170153e-01
-4.040562712874627704e-02 -6.685311827198960888e-01 -5.635911945465976736e-01
1.881002622885732944e-01 -7.706564445755678117e-01 8.019882659129345948e-02
1.631397674345716779e-03 4.966090040421941229e-03 -8.115325216014721357e-03
-4.461832029893962083e-03 -4.726017177940522451e-02 -3.067407739653128969e-03
1.775262770298468781e-02 -2.633224892858833030e-02 8.938059451504096198e-03
2.873010056774238583e-02 -6.325188323414798752e-02 1.937161746889770053e-01
5.803824006646819342e-03 -6.219369812398786029e-02 1.240796838154627733e-02
-2.628174087889531552e-02 -4.315351455876392794e-02 5.360220307532481687e-02
-1.789403185657687245e-01 7.274833521745893705e-01 -2.362293011949495036e-01
-1.051452759302783924e-01 1.030087995591522088e+00 -9.051884614628473436e-02
-4.007491264393465286e-02 3.743502436955585821e-01 1.139162963045762533e-01
-4.891862319679117499e-02 2.559765380073620866e-01 -1.907415104191766825e-02
1.764127389174716232e+00 -2.116306790500015467e+00 1.772879961487999756e-01
-3.756408078669757344e-01 -2.747922795072108570e+00 -1.297425010737474349e-01
-9.918542558619987404e-02 -2.425888569471513545e+00 -2.555710603493890898e-01
1.461814011319686676e-02 -2.912133280764899745e-01 2.994371357854231502e-02
9.374025847334913411e-03 -8.449051118638245539e-02 -6.040037781661791033e-02
3.964602881634201603e-01 -3.013866003576502473e-01 -7.183638291977828549e-01
4.530269300484170841e-02 7.174648376135660255e-02 3.186840548429017289e-02
