2.334215423876947471e-01 5.185699643121439717e-01 2.813568747307295184e-02
-5.010106272347643330e-02 -8.336048118285076525e-01 9.493039014027147005e-01
8.385531644496551085e-01 1.761047716975137345e-01 8.739220835775893814e-01
-1.821765827845659991e-01 -3.535370008704326605e-01 -3.353198262066980906e-02
9.912045510653488822e-01 -2.897159415576633923e-01 1.980882804287714016e+00
-8.213497451742912681e-01 1.194977692728086627e+00 5.860340057100088540e-01
-1.296171070248733348e-01 1.527705246927889282e-01 -9.485398086754548430e-01
-8.287727609865536138e-01 -2.885905308917884049e-02 -7.834597335185956579e-01
7.125900283232219357e-01 -1.254747257331545685e+00 1.373335629975940053e+00
5.282647731385320400e-02 9.570115741335460946e-02 1.447635698512477614e-02
7.690509818024485189e-02 -2.716486210198094248e-02 2.712741990144858506e-01
2.616114444539088257e-01 -1.193074401150140407e-01 2.162772881067686059e-01
-5.032865339163247187e-01 -6.234684040774760572e-01 -5.649456448433384792e-03
-3.608044406384287583e-01 9.822441948386517740e-01 -4.909869490944333559e-01
6.005274395782225216e-01 -5.365281491248435897e-01 -2.597185375413567088e-01
7.072312618772907955e-01 1.328193949155760389e+00 1.535896974160313178e-01
-4.317666051598757493e-01 -1.018663668748347462e+00 1.269546813112741868e-01
5.107355041977433840e-01 4.034052857222081290e-01 -8.286367739319212833e-02
-3.639950612479654346e-01 6.181126546675581590e-01 3.670274697463864200e-02
-4.685704788583816907e-03 -9.064465479502709089e-03 -1.309712067105998261e-03
-4.800026101122335104e-03 -4.378807058105104247e-03 -2.510275290689535990e-02
-2.736767465939158456e-02 2.182610856750605982e-02 -1.946806691650228294e-02
3.946008051505402875e-02 1.621688800968574262e-01 -5.011118365853960838e-02
-9.358673261500062568e-02 5.884158247069977421e-02 3.164222302415235083e-02
6.064759627488637561e-02 -2.197736742858873993e-01 4.931188277692312438e-02
-3.993333661405737978e-01 -1.376725017069693191e-01 8.814610323433043348e-02
1.356942579793007919e-01 8.049265053924510305e-01 4.092415697776657924e-02
-1.504276882271351756e-01 -1.281346618703157504e-02 2.492825198564550815e-02
1.213707033608651814e-01 -2.236439897887525785e-01 -7.104852336344532997e-03
-5.190376697148103569e-01 1.830398431522641589e+00 -2.657121806986277868e+00
-7.080536207927256021e-01 4.262080444745474650e-01 -8.320758268959479453e-01
1.375323333273997806e-02 -6.096586198143820468e-02 -4.032425246121471019e-01
8.559795393708688471e-02 3.357914937840459357e-01 -9.270393094178831783e-02
-1.853260505689793003e-01 -1.489614249625751674e-01 -4.723219357696988724e-02
-5.098893374131469036e-02 -3.644597023655603008e-01 -2.096904303008298720e-01
5.966917982080481575e-02 9.968679155444484796e-02 5.940569851825843600e-02
