1.140274561383282509e-01 1.344809517427042023e+00 -4.517300615887862025e-01
2.812533875173357512e-01 -9.326948744952218151e-01 1.203621365396559673e-01
1.286801455306159914e-01 9.027537585454811220e-01 5.198018353253469614e-01
-1.334796772390943187e-01 -6.790463541635796130e-01 1.686528664875743544e-01
-1.993328421541749274e+00 1.872658750183499032e-01 -1.015683987893893914e+00
-2.841423448485391398e-02 1.167574890711681856e+00 7.792349851051544318e-02
-3.154610990619693967e-01 -1.388646113586303743e-01 -5.707848008915326066e-01
-2.621512512574624143e-01 -8.779263831158191644e-01 -4.445710655121407062e-01
2.496921522370101065e-01 8.635874319065449667e-01 6.881014908519630935e-02
4.301844433204073115e-02 1.112448410749311556e-01 -2.724467053136565495e-02
-4.118501883731183477e-02 1.914916786432281914e-01 1.434322984330156370e-01
6.297739722477231628e-02 1.755922178543832535e-01 1.132221899081905514e-01
2.038340298498556358e+00 1.242692435990190747e+00 1.922546830221440461e-01
1.774852339878142948e-01 3.010482367989776864e-01 -2.316551275078394256e-01
1.187606899069483940e-01 -2.354305666381906470e-01 -4.774793864164281199e-02
-4.701233565010709547e-01 7.575251399451273571e+00 5.615813626461528818e-01
1.668096450376630457e+00 1.490751453524538750e+00 -4.420806014006873896e-01
1.238679259691987999e+00 -2.657702301709334414e+00 1.753739806115620081e-01
1.115117226955386620e-01 -9.814910125072041636e-01 -1.376874026824070063e-01
-3.981676332822620124e-03 -7.983602261018945406e-03 1.733123578667092584e-03
1.613476342688489190e-02 -4.439099933138558780e-03 -1.007997858322019075e-02
-1.911033818140190710e-03 -1.442671171263859749e-02 -9.299590975121533806e-03
-4.179875219497058980e-01 9.367070688797406175e-02 -3.050303990104284713e-02
-7.350818104009603296e-03 -5.854745967796549933e-02 5.772283397579579950e-03
-7.389107094508899631e-02 -2.725792291075511756e-02 3.468079228990612189e-02
8.971327676715327160e-01 -2.900641141439784576e+00 1.651173043257028739e-01
-3.699554525969814267e-01 2.938494777737916674e-01 8.685160000553862614e-02
-5.007082040178656435e-01 1.188306869250402187e+00 -3.926905277321197929e-02
-4.286663733935443948e-02 1.215371498710102471e-01 3.937157626176569086e-02
7.964725152345061288e-01 -5.468173303724136680e+00 1.431339334693615628e+00
1.120358197292660174e-01 -6.109830715357198905e+00 2.584887440102509593e-02
-7.201291623264078900e-01 -1.856824732420808699e+00 6.010013221769780478e-02
-5.388931091001651907e-01 6.976510234604389460e-01 -1.372575085296263986e-04
-2.325446609041675605e-01 1.932572820740269814e-01 -2.589241281011455884e-02
-6.787028341121083275e-02 -9.467105035693073045e-01 4.161917008245868410e-01
4.580610321854894362e-02 8.247997534285511634e-02 3.293504238864497502e-02
