-2.035854810257502034e+00 -8.047039348844607920e-01 5.896903244100847319e-01
-4.076421904856160627e-01 1.779731040604004833e-01 -6.025092878330302881e-02
1.152361516590341139e+00 -1.174652884380693874e-01 -1.459988092136297544e+00
1.038014191620798110e+00 2.909367107447556333e-01 -1.925381152620080083e-01
2.229638415590366129e+00 4.460548965265765387e-01 1.670271558129943879e+00
1.979504753806746731e+00 4.615329404307277894e-02 -2.672654725995121106e-01
1.538628594075179601e+00 5.108489079332107635e-04 1.206323123629250704e-02
-1.424257753698142004e+00 1.039218674421073796e-01 8.808612880537204370e-01
4.906558605680059415e+00 1.665857089482403464e-01 8.058453188172475246e-01
-1.756987353857293876e-01 -4.286365521995080807e-02 2.597924421257277391e-02
-6.932274191994544088e-01 -3.362202892177641560e-03 8.497268904585828647e-03
4.051604034844553115e-01 -2.480703302808909966e-02 -2.015068554199574979e-01
-1.287721484517557080e+00 -3.568177613870876508e-02 -2.997186995501116558e-01
-1.151465364700600347e+00 2.125273831861787532e-02 -1.617667312488946518e-01
-6.452101523219679891e-01 -1.296997115642383250e-02 2.302936262501151243e-01
4.335492059850884483e-02 -4.273721637793286843e-01 -5.188295770820352537e-01
-4.802335385470860807e+00 1.423270429311812024e-01 1.758929587638799141e+00
-2.672564209880304631e+00 1.628567561832130750e-01 2.075399916594896088e-01
1.315187658464742337e-01 -6.969178224346012085e-02 5.644260582822667738e-01
7.824276006836029806e-03 2.269470425572908505e-03 -1.139735500674410144e-03
5.439055389828341414e-02 -5.417961833699457344e-07 -4.254957544240415071e-03
-2.863808327465066500e-02 1.665442705069857150e-03 1.658367768256460706e-02
5.504095247935478774e-01 -8.414876337288707334e-03 2.590604979600187943e-02
-4.984168920947710385e-02 5.432094490336595487e-04 -3.293619426977924952e-02
-7.766381955871964893e-02 -5.696988597805230717e-03 5.401786147656973888e-03
-1.493758187290895822e+00 2.226677102821431747e-02 2.500548425356137194e-01
1.849346427283465211e+00 1.520193086502286475e-02 -2.639896127944339477e-01
1.537367668896531425e+00 -2.192625692000532353e-02 -1.257635550623642171e-02
2.006927296668981897e-01 1.166226044354862733e-02 -1.091998693012868754e-01
1.042795014028389033e+00 -7.212305820213272822e-01 -1.819385106718029332e+00
-1.305778406035329242e+00 -1.401343830336712962e-02 -5.956988251204923257e-01
-1.747933745893968771e+00 6.817980269613754807e-02 -5.663227644617233048e-02
-1.863236272727420761e+00 -5.225459370566377937e-02 3.990290273886796246e-01
-4.558116817324053271e-01 1.944546399252630037e-02 -1.139322306008754837e-01
9.307072839258334618e-01 7.389324766715076320e-01 -7.207293073168854480e-01
1.230694747452700799e-01 2.622187061118673793e-02 3.946915821315405415e-02
