-2.662226947766077045e-01 5.341700722917164246e-01 0.000000000000000000e+00
-2.834288463849630180e-01 -3.678804802822271264e-02 0.000000000000000000e+00
9.288312592301569692e-01 7.370446234220191517e-01 0.000000000000000000e+00
4.896531938075476265e-01 1.508425708752557659e-01 0.000000000000000000e+00
-9.979037344988327118e-02 -8.326261836436786579e-02 0.000000000000000000e+00
-2.842881297727531953e-01 -8.037773733330715042e-02 0.000000000000000000e+00
1.472791605618207489e-01 2.732544941474330802e-01 0.000000000000000000e+00
5.053985891309976664e-01 6.330071482328458732e-01 0.000000000000000000e+00
6.656543994115673990e-02 4.674472700764596006e-02 0.000000000000000000e+00
6.846933430342379001e-01 -9.090999509643935550e-01 0.000000000000000000e+00
-3.166993068251387940e-03 -3.067636129981811052e-02 0.000000000000000000e+00
9.200065584770955596e-02 3.123131643310957939e-01 0.000000000000000000e+00
-1.587819414388445816e-02 2.679878661379040197e-02 0.000000000000000000e+00
6.942971675574174939e-02 -6.029064763290229445e-01 0.000000000000000000e+00
3.986129723098706390e-01 -4.099350032916774245e-01 0.000000000000000000e+00
-2.969165047801624810e-02 -5.092063146055098716e-02 0.000000000000000000e+00
-5.715517132236417330e-01 -5.301496767518050213e-01 0.000000000000000000e+00
-3.695205453730938672e-01 -5.295664330285384386e-02 0.000000000000000000e+00
9.027474961652411090e-02 1.468431976207734246e+00 0.000000000000000000e+00
6.504994975672619972e-01 4.635561635299745298e-01 0.000000000000000000e+00
4.093842523089292248e-04 1.062639243860856973e-02 0.000000000000000000e+00
-1.961675280663501345e-02 3.482089158921233135e-02 0.000000000000000000e+00
1.969945381217733105e-02 1.174339883577808254e-02 0.000000000000000000e+00
2.631885973259484590e-01 -6.808270598312665678e-01 0.000000000000000000e+00
-6.054871122301901110e-02 -1.094767797680441107e-01 0.000000000000000000e+00
-4.559980406171165040e-02 7.536562581622434365e-02 0.000000000000000000e+00
-8.752499088610312672e-01 -2.534454785415065081e-01 0.000000000000000000e+00
-6.808056465241552058e-01 5.079775397868157823e-04 0.000000000000000000e+00
-1.477736657416509232e-02 7.745173026199816402e-01 0.000000000000000000e+00
-3.333017922498969499e-02 3.089430731284651191e-02 0.000000000000000000e+00
7.322896928575108877e-01 4.234051609146974315e-01 0.000000000000000000e+00
-2.091481203023464186e-01 -1.259737935530649056e+00 0.000000000000000000e+00
-2.029074523445300315e-01 -8.559654831339540138e-02 0.000000000000000000e+00
-5.401471948035934112e-01 -7.754552721896423861e-01 0.000000000000000000e+00
3.252288238146510135e-01 3.123977395314525562e-02 0.000000000000000000e+00
