-1.347241158905416840e-02 -9.363169039048216229e-04 -1.581512397202030906e-01 -4.756731059428488673e-02 0.000000000000000000e+00
-1.868943495148274025e-04 2.854723570568063612e-02 -9.936527760289792788e-02 -2.176366884963905693e-02 0.000000000000000000e+00
-1.650738615796733949e-02 -1.606043404545293984e-01 -3.919922958637270943e-02 3.451448575373447514e-02 0.000000000000000000e+00
-9.564416595687623424e-03 4.967045881789948492e-02 -1.183996546284893647e-01 5.185199686703144406e-02 0.000000000000000000e+00
1.287829381998242600e-03 2.051445523806084276e-02 -5.199649107661825920e-02 -9.988962786471131811e-03 0.000000000000000000e+00
4.410728065874703480e-02 1.716288110166541009e-02 -5.622645566485023200e-02 -1.253021378658675522e-01 0.000000000000000000e+00
-6.231387452604328359e-02 6.454225799195741076e-02 -7.835171155507035523e-02 -2.474760680254418574e-02 0.000000000000000000e+00
-2.959707558410702710e-02 -9.442846291778556056e-02 -4.576146756782822726e-03 3.541263733567191069e-02 0.000000000000000000e+00
3.727088598667546888e-03 -4.224268751448972264e-03 -3.145573353197044647e-02 2.354844814212750381e-02 0.000000000000000000e+00
-1.337582875812841632e-01 -1.097951088766712519e-02 -6.134157031752568434e-02 -9.067846361518849818e-02 0.000000000000000000e+00
1.004215973163018411e-04 6.848580001191435784e-03 -2.109443595862995832e-02 -2.931787674910127720e-03 0.000000000000000000e+00
-3.685040232914407743e-02 -3.750488505358635927e-02 3.418217078080072746e-02 2.852585204716411027e-02 0.000000000000000000e+00
1.486545056672931506e-02 -5.065807566969750958e-03 1.502221935213932102e-02 1.593916682920534442e-02 0.000000000000000000e+00
5.915835603423456879e-02 4.737091659465173660e-02 7.905134232117376827e-03 -1.067530284288615294e-01 0.000000000000000000e+00
-1.675930758561197387e-01 -3.078283727104428463e-02 1.242653401035901002e-02 -1.332852210491475564e-01 0.000000000000000000e+00
-4.582836266696983796e-02 9.222046830327169931e-02 -5.241715712801060800e-02 7.413213794161052986e-03 0.000000000000000000e+00
-3.847530949558845142e-02 -1.569455061548118147e-01 1.455542099641671770e-02 4.917131964599206866e-03 0.000000000000000000e+00
6.818610499742494557e-02 1.705739517640881830e-01 -5.201353325223025820e-02 3.167316888942936504e-02 0.000000000000000000e+00
-5.835539912079570901e-02 -1.545514511803053326e-01 -9.107316193754627642e-03 6.520099420645142363e-02 0.000000000000000000e+00
-2.768689025716544738e-02 4.904169757574843719e-02 -1.145735259897246033e-01 4.194090399009406389e-02 0.000000000000000000e+00
-1.947175047897656535e-03 -1.039577719039424739e-02 1.380663206611896284e-03 2.025075859538957683e-03 0.000000000000000000e+00
-4.096517614791760770e-02 -3.945711599138265226e-03 5.899883795876527393e-02 2.047084233614306081e-02 0.000000000000000000e+00
2.212533347066317213e-02 2.127353735286909020e-02 4.013111056202758181e-02 1.954609189146235340e-02 0.000000000000000000e+00
6.711856303048287231e-02 3.959105682426957568e-02 5.914307959947239651e-02 -1.030166932915081296e-01 0.000000000000000000e+00
-4.518328403822981232e-02 8.049771846854444912e-02 -1.796622251798363212e-02 2.259100785487117707e-02 0.000000000000000000e+00
-1.823426743984864484e-01 -4.697465561524714894e-02 4.222633858479949570e-02 -1.547097477561571455e-01 0.000000000000000000e+00
-5.374665726121735654e-02 -8.399511559095937385e-02 4.589130649197854100e-02 1.191874548040266352e-02 0.000000000000000000e+00
1.039273950651678630e-01 1.395139288955101753e-01 2.609059819342390493e-02 -1.690597550944454575e-02 0.000000000000000000e+00
-5.957918890684637397e-02 -9.408127802959095898e-02 2.086945244170627500e-03 8.425363461157342471e-02 0.000000000000000000e+00
-9.376553129882083532e-03 2.401303379294595763e-03 -3.948946262956165576e-02 1.419733500350642275e-02 0.000000000000000000e+00
6.609203713493473631e-02 2.820740730923583517e-02 2.031143282542281422e-02 -1.572959122725909042e-01 0.000000000000000000e+00
-1.552306638942021200e-01 -7.907586232367508350e-02 -4.866557794115407287e-02 -4.118885323458593151e-02 0.000000000000000000e+00
-1.027235489989389121e-02 1.091289698019970861e-01 1.143601702941583233e-02 -9.740220727313074478e-02 0.000000000000000000e+00
-1.074927355313731459e-01 -3.332217296402992246e-02 -7.319476192200156939e-02 -1.013429479232647173e-01 0.000000000000000000e+00
-7.826873167662738717e-02 9.431747710103804971e-02 -3.834041184852939738e-02 -1.759174211700211682e-02 0.000000000000000000e+00
