-1.023266430144071482e+00 -3.506483484600196876e-01 0.000000000000000000e+00
-3.313763118245452444e-01 7.404100139864615293e-02 0.000000000000000000e+00
-3.584342198261538659e-01 -2.716973778621833424e-01 0.000000000000000000e+00
-1.875940980826886484e-01 -8.333577997887413602e-01 0.000000000000000000e+00
-4.072457349367295323e-03 1.250899955078547121e-01 0.000000000000000000e+00
3.814399698071169187e-01 7.976250246458889137e-01 0.000000000000000000e+00
1.091191902997114271e-01 -7.519406850901748651e-01 0.000000000000000000e+00
1.426059392284241278e-01 -9.451506656458044664e-02 0.000000000000000000e+00
-8.192259107000599699e-03 -2.556039191753289863e-01 0.000000000000000000e+00
4.626995406558013224e-01 7.246675768689818664e-01 0.000000000000000000e+00
4.359993008157898170e-02 3.906371486279697908e-02 0.000000000000000000e+00
1.091084254094303180e-01 -1.210535512794297663e-01 0.000000000000000000e+00
2.035116342246382284e-02 -6.058850563955314045e-02 0.000000000000000000e+00
3.009302739294683060e-01 3.694112254614005386e-01 0.000000000000000000e+00
4.062917373769088791e-01 -1.591940225190962566e-01 0.000000000000000000e+00
1.488268457367849726e-02 -8.463810913492365862e-02 0.000000000000000000e+00
1.535861454397250137e-01 -1.011688015934163021e+00 0.000000000000000000e+00
1.084972855574196871e+00 -9.712509852118967890e-01 0.000000000000000000e+00
1.042822153075335760e-02 5.751273667675063095e-01 0.000000000000000000e+00
-1.458351603776510963e-01 4.511630953453005799e-01 0.000000000000000000e+00
-7.958223726994367864e-03 -2.147952558670613091e-03 0.000000000000000000e+00
1.541639758781799749e-02 -1.562299573190571167e-01 0.000000000000000000e+00
3.472780786115903240e-02 1.456446978033036112e-02 0.000000000000000000e+00
-1.343185262854772188e-01 -2.319314420626355719e-02 0.000000000000000000e+00
-9.331562198509747719e-02 2.955401006623587304e-02 0.000000000000000000e+00
-1.861232206917041720e-01 -6.613709565539604984e-02 0.000000000000000000e+00
2.784318046013572329e-02 -6.914114487398557163e-01 0.000000000000000000e+00
9.620385262002287274e-02 -1.908115914632423360e-01 0.000000000000000000e+00
1.808186383564148458e-01 5.434336554807627229e-01 0.000000000000000000e+00
1.744061550805167671e-01 5.252828254942714103e-01 0.000000000000000000e+00
7.747891297924011100e-01 2.848863584957689876e-01 0.000000000000000000e+00
-2.311169995311899983e-01 -8.583659558565708281e-01 0.000000000000000000e+00
1.153261958231735607e+00 5.692238325026661716e-01 0.000000000000000000e+00
1.416343327709876643e-01 7.894446101247916125e-01 0.000000000000000000e+00
9.136290121202097492e-01 -9.170138481064384894e-01 0.000000000000000000e+00
