-2.947551339331201614e+00 3.373965410465015857e+00 3.268036360544317454e+00 -5.258492667256949721e-02 -2.848616036784006766e+00 -3.652398605667817932e+00 0.000000000000000000e+00
4.401453987284534186e+00 -5.811047810147321968e+00 -1.024932343202233653e+01 3.388646670914062131e+00 5.416189989224064583e+00 4.840469392710542884e+00 0.000000000000000000e+00
-4.278074586765169052e+00 -2.230230877947456392e-01 -4.632837861591565520e+00 -6.830582241095672913e+00 5.504775007817519494e+00 -3.733680245259444419e+00 0.000000000000000000e+00
-2.102951832349791328e+00 1.883357360411404002e+00 -9.029983588609677980e-01 -1.890079541386993744e+00 -1.504850157370664632e-01 -3.882895998959085215e+00 0.000000000000000000e+00
4.467247454382150096e+00 -7.509728651344073747e+00 -8.822705070898942736e+00 -2.438231122433843989e+00 2.832200470190941566e+00 5.073507451438878491e+00 0.000000000000000000e+00
-3.015698708807121875e+00 -8.378713712778493417e+00 -6.499562888239411862e+00 -2.757642517089628487e-01 2.696013379208350269e+00 4.965009978471136343e+00 0.000000000000000000e+00
-3.044693241766293745e+00 -2.648293195147910062e+00 2.172069548822348928e+00 -1.767123197057890449e+00 -4.353792708927293198e+00 -3.082316824412089318e+00 0.000000000000000000e+00
-2.605015972076096364e+00 -1.614366293247427198e+00 3.340790798102996728e+00 -1.515503476418213813e+00 5.213871922148513249e+00 -6.167268033277272465e+00 0.000000000000000000e+00
1.877236591456643566e+00 -6.399406955174543832e+00 -3.169917448807562543e+00 2.146772924667297744e+00 -1.987780188710825069e+00 4.616601445169835394e+00 0.000000000000000000e+00
-5.511657964571586632e+00 -8.352744200878417402e+00 -7.331752625073352903e+00 -4.669385829406127897e+00 -4.773562348202993633e+00 -1.381850464015711433e+00 0.000000000000000000e+00
2.348296433435941299e+00 -2.908211969409178366e+00 -1.368427646245125695e+00 -2.558971663749384895e+00 2.277453781484560513e-01 3.251002649033034153e+00 0.000000000000000000e+00
-7.338687001494451634e-01 9.304017156764659013e-01 6.670518411902905953e+00 7.842090343691718868e-01 1.272066333519904724e+00 -2.920549998958290594e+00 0.000000000000000000e+00
1.308700010078944542e+00 -9.452421605015696171e-01 4.406920920788905960e-01 2.556746198900512468e+00 -4.194568118017030223e-01 3.614754641047517314e+00 0.000000000000000000e+00
2.896469390785429088e+00 -6.017918907387633354e+00 -2.533071448855748642e+00 -1.262193165577139287e-01 -4.441236499472867583e-01 7.092235195614462917e+00 0.000000000000000000e+00
-2.712003506357962390e+00 1.587590997288656380e+00 4.825457603141932950e+00 4.242112328599064952e+00 -5.179678441310818116e+00 1.711713926285405585e-01 0.000000000000000000e+00
3.138281623920919472e+00 8.438982064846308750e-01 -6.890635886562642476e+00 -2.683885845429358485e-01 2.883519885855567289e+00 2.204982868176056154e+00 0.000000000000000000e+00
-2.694235451480015087e+00 1.611247781589499883e+00 5.204453747718373435e+00 6.100331312923425564e+00 -4.266856800525712146e+00 1.779748228514696828e+00 0.000000000000000000e+00
2.638557426756855673e+00 5.748914760028078774e+00 6.415700071266032367e+00 -6.161642471400086141e-01 -2.586013271242424416e+00 5.871535809206511303e+00 0.000000000000000000e+00
-6.801151363384035919e-01 -2.598364114384217327e-01 3.253141412696559098e-01 -5.285514682757540328e+00 3.459908768309203353e+00 1.745506496746542346e+00 0.000000000000000000e+00
-1.392145341361896049e+00 -9.805462213269158234e-01 1.304824843433038062e+00 1.239135046336300172e-01 1.884753685318733663e+00 -1.493707693612448928e+00 0.000000000000000000e+00
4.400868488246602594e-01 1.599684914630954857e+00 -4.502093262308437538e-01 -9.862558947169594026e-01 8.289283303750799581e-01 3.749587081408644051e-01 0.000000000000000000e+00
2.082695156169235839e-01 4.668413100843570085e+00 6.581703015877208074e+00 2.313983057022737988e+00 -2.027377325609399428e+00 -7.902920036555377559e-01 0.000000000000000000e+00
1.327340875365595974e+00 8.107700301062510384e-01 1.353282154509457769e+00 3.746657497793931757e+00 1.443394325778415421e+00 -3.640338493126864527e-01 0.000000000000000000e+00
3.567936259281499822e+00 3.278968224443654100e-01 5.882336872046791676e+00 -7.306233542035803774e-01 -4.341585235121760533e+00 4.421827856072380492e+00 0.000000000000000000e+00
8.555205204384138673e-01 1.405416123927475391e+00 3.841711826429879961e-01 4.028101712986960070e-01 1.499366206949299452e+00 2.283523236235931009e+00 0.000000000000000000e+00
1.085625856070797646e+00 3.146719763767970690e+00 2.272634831206871819e+00 3.540045368970159423e+00 -3.881416887579811625e+00 1.951873146356751798e+00 0.000000000000000000e+00
-6.966836444952883234e+00 6.260265619894533451e+00 7.450880215231499903e+00 7.287906321487285233e+00 -4.325842535271370082e+00 2.811846036988563835e+00 0.000000000000000000e+00
1.953901717981547215e+00 2.084055021874445135e+00 1.784186112329395169e+00 -3.234936608766584953e+00 5.236301857822207140e+00 3.588774147056746688e+00 0.000000000000000000e+00
-3.948546973214265843e-01 2.686327946744286432e+00 2.857987097442557189e+00 -7.969232822970186980e-01 7.629855349263949815e-01 -1.392779695466742407e+00 0.000000000000000000e+00
1.806245395947463805e+00 9.522626562488459845e-01 -3.288554876004930350e+00 2.696567869110499949e+00 6.164651963578934302e-01 3.564769204344747866e+00 0.000000000000000000e+00
-2.369295807537565857e+00 7.670274315189431036e+00 6.501113212225113180e+00 -1.356389074653943316e+00 -6.357073299793507104e+00 -8.956610469104587580e+00 0.000000000000000000e+00
-8.229061638014653068e-01 2.563436260178989734e+00 1.244979280826733481e+00 -7.545341133704387637e+00 7.418277785756662190e+00 -6.897672574006690205e+00 0.000000000000000000e+00
1.932535680146213464e+00 -1.391532440398435266e+00 -2.329152804146610745e+00 2.066559769350055475e+00 1.134969591036408820e+00 -9.392748337907483314e-02 0.000000000000000000e+00
1.019607596015735390e-01 -3.368472076652577307e+00 1.599137765873295813e-01 -1.079305181082953258e+00 -3.498270398509299994e+00 -6.520086096485600783e-04 0.000000000000000000e+00
8.491385811248432225e-02 -1.611894720090202293e-01 -1.692126961886086134e+00 -1.493272224230642431e+00 -1.759840355248576849e+00 5.647563681182842243e-01 0.000000000000000000e+00
-2.264150708504014953e-01 4.097739745193166527e+00 -1.623633066245797396e+00 9.161449893585154047e-01 2.131087230156681667e+00 -2.794961762881200684e+00 0.000000000000000000e+00
1.191280484548897650e-01 6.455812141853570552e+00 3.896755923478127936e+00 1.149250513651616679e+00 -2.105357850275954235e+00 -1.351921580352332786e+00 0.000000000000000000e+00
8.181699659878282072e-01 6.844403171183418566e-01 1.855275235913147691e+00 5.052149630315853734e+00 2.880432363911589633e+00 -3.526865970537129247e+00 0.000000000000000000e+00
3.483919822309846648e+00 4.755013406730753012e+00 5.636172296348796351e+00 1.963075385937289308e-01 -3.818048215799372702e+00 -1.200988037923058416e+00 0.000000000000000000e+00
2.469857947339985316e+00 2.631790853823511078e+00 8.600572979071035018e-01 1.120384636863370531e+00 -2.494827366461077833e+00 2.297457988986376876e+00 0.000000000000000000e+00
-2.137261500953752336e+00 1.634231280273422904e+00 1.946527474238800792e+00 3.154602385453102453e+00 2.211380966970088180e-01 6.679016051327292258e-01 0.000000000000000000e+00
-7.608317167395528990e+00 5.954657159397059196e+00 7.313179577719811419e+00 6.280123928381115661e+00 -5.962355251195440076e+00 5.006147448737012340e+00 0.000000000000000000e+00
6.788248330291128951e-01 3.135961763710553463e+00 4.619258460527759375e-03 -1.738672996463213050e+00 6.924000698698635325e+00 -9.128552967260364359e-02 0.000000000000000000e+00
1.543726058623421382e+00 3.286085621878858110e+00 3.670191976947242196e+00 1.812849341051016250e+00 -4.211721766252572330e+00 -6.558325631759864827e-01 0.000000000000000000e+00
1.915743762268589556e+00 1.865533071987147462e+00 -8.428711512732690592e-01 3.259733368815237675e+00 1.084325357614730034e+00 2.524339193914467039e+00 0.000000000000000000e+00
4.996678567539934335e+00 5.871491686326026915e+00 5.687083385475698805e+00 -1.151774664177826812e+00 -6.596634888030882493e+00 -7.822829512415307107e+00 0.000000000000000000e+00
-3.553410509528266203e+00 4.510365720090967478e+00 1.468887869301838345e+00 1.633988125321532703e+00 7.814523546808371357e+00 -5.726100525003293917e+00 0.000000000000000000e+00
3.557106771893066899e+00 1.155245436616063603e+00 9.613974101025887231e-01 1.735023400543689531e+00 -1.159336839003853648e+00 1.225522858626414635e+00 0.000000000000000000e+00
-2.505116416478795904e-01 2.402331111947013209e+00 1.538471361537939730e+00 1.573201122405349928e+00 -1.509580421653403226e+00 7.330159762639230081e-01 0.000000000000000000e+00
1.771511072511065654e+00 2.721198648251395569e-01 -2.712760554575804228e+00 4.211803394758334984e-01 2.706318544193544895e+00 1.200052190220858073e+00 0.000000000000000000e+00
3.543283397877402763e+00 8.470288916774826760e+00 3.066740911360211985e+00 2.905243769397358289e+00 -8.075942805169097127e+00 -1.077080680069556706e+00 0.000000000000000000e+00
-4.590666924826384054e+00 4.543439176196987894e+00 3.191694518310072226e+00 6.880227503010826418e+00 5.656833678203412319e+00 1.813920044729186554e+00 0.000000000000000000e+00
-2.064121630003330932e+00 7.953774174588535972e-01 2.892642959016162862e+00 5.188996861000374494e+00 -4.951701136942526782e-01 -2.266316985593291866e-01 0.000000000000000000e+00
7.002844397146426036e-01 4.408349085910699294e+00 2.996436518996703047e+00 -3.432038262592900235e+00 1.440105674372482714e+00 -5.554959595365897007e-01 0.000000000000000000e+00
-2.877654370425557051e+00 1.257109944332628571e+00 4.969503713263270228e-01 -1.514577624106331566e+00 2.237182696626024203e+00 -1.113418946628435657e+00 0.000000000000000000e+00
-3.316928564235147037e-01 -5.762850527141661905e-01 1.357832643623549940e+00 -1.019263053715240286e+00 1.528520344280679844e+00 -8.268854088987847017e-01 0.000000000000000000e+00
