-8.636797182072386558e-01 9.428222612317541662e-01 0.000000000000000000e+00
-4.223813505077760322e-01 3.087859588835531466e-01 0.000000000000000000e+00
3.356585722585407883e-01 -6.648019633458365774e-02 0.000000000000000000e+00
-5.981115636691261006e-01 3.713247249723312660e-01 0.000000000000000000e+00
-2.184555728587229684e-01 -2.856165611040825062e-03 0.000000000000000000e+00
-1.854281239711290385e-01 1.253083296412907277e+00 0.000000000000000000e+00
4.565225558015644780e-01 3.801815001613581546e-01 0.000000000000000000e+00
1.316438538981314077e-01 1.393756347094779746e-01 0.000000000000000000e+00
-1.483998320557390893e-01 3.993664183172377924e-01 0.000000000000000000e+00
3.934557048639272248e-01 5.672311592456937834e-01 0.000000000000000000e+00
-9.507981142137449104e-02 -5.244511113354394932e-02 0.000000000000000000e+00
1.223919101435909512e-01 7.167186008771668504e-02 0.000000000000000000e+00
-2.626581224182089960e-02 1.739577083215908537e-01 0.000000000000000000e+00
1.368095890251718183e-01 4.058020941595059106e-01 0.000000000000000000e+00
5.253749534030627277e-01 -4.160450260498163022e-01 0.000000000000000000e+00
2.003848815091364699e-01 -2.569988929224721955e-02 0.000000000000000000e+00
7.572906003454193957e-01 1.570205314896128357e+00 0.000000000000000000e+00
1.490055670575882951e+00 -9.354897811595849211e-01 0.000000000000000000e+00
9.080639815744615539e-01 -7.198993373966828813e-01 0.000000000000000000e+00
-8.561697826237457676e-01 -4.759930433801538574e-01 0.000000000000000000e+00
-2.295460061717201697e-03 6.565290164343145097e-04 0.000000000000000000e+00
1.714617232604826735e-01 -1.934820770568287940e-02 0.000000000000000000e+00
-3.333512885083576849e-02 -7.193620366669621624e-02 0.000000000000000000e+00
2.722149839574371510e-01 -3.986077868032665283e-01 0.000000000000000000e+00
-6.152106786880883610e-02 8.191670967853040275e-02 0.000000000000000000e+00
2.066106000065943971e-01 -1.104192163470162497e-01 0.000000000000000000e+00
5.921307023453062923e-01 1.384419389209849083e+00 0.000000000000000000e+00
1.085107191934429283e+00 -3.972189797822578416e-01 0.000000000000000000e+00
3.247372131628915026e-01 -3.682359864857215337e-01 0.000000000000000000e+00
-3.613404408004635693e-01 1.140770681562628952e-01 0.000000000000000000e+00
6.446142267933334669e-01 1.460543866795057655e+00 0.000000000000000000e+00
1.238119210140015802e+00 5.617734976602064556e-01 0.000000000000000000e+00
1.568324300520427261e-01 4.361503118933549722e-02 0.000000000000000000e+00
5.046966395669330030e-01 8.498631461559402744e-01 0.000000000000000000e+00
7.511061740263039743e-01 -1.660229780293098478e-01 0.000000000000000000e+00
