9.018108950635144172e-01 -1.311646218498539185e-01 0.000000000000000000e+00
4.219444257284452049e-01 -2.344049711870489772e-02 0.000000000000000000e+00
4.542010790321871494e-01 -2.295762654552844506e-01 0.000000000000000000e+00
-2.048759544327954651e-01 -5.136432555709019576e-01 0.000000000000000000e+00
4.888163834144157449e-02 2.487485654734839305e-02 0.000000000000000000e+00
2.283157524540787298e-01 2.149022104925897847e-01 0.000000000000000000e+00
3.212290784557260137e-01 3.593027730821660159e-01 0.000000000000000000e+00
2.410750672306146147e-01 -1.998685747896454257e-01 0.000000000000000000e+00
-1.268222380147411843e-01 -2.628086373229937545e-01 0.000000000000000000e+00
-6.681269442839867789e-01 -9.484740547040898528e-01 0.000000000000000000e+00
-7.116860953468281958e-02 1.816292119160833191e-02 0.000000000000000000e+00
9.803086734410970671e-02 -1.307333954864112746e-01 0.000000000000000000e+00
-3.151332885577388943e-02 -9.712542448792850502e-02 0.000000000000000000e+00
-2.816247532678139431e-01 1.420175221111932840e-01 0.000000000000000000e+00
-3.455484370251256099e-01 -4.934895528944620580e-01 0.000000000000000000e+00
-7.105973577510256434e-02 1.681761342038653739e-01 0.000000000000000000e+00
-1.376511370115559262e-02 3.614819826226450261e-01 0.000000000000000000e+00
-7.795840652641011781e-01 -8.550298236186796297e-01 0.000000000000000000e+00
3.345469600909680707e-01 1.812817424964459079e-01 0.000000000000000000e+00
-6.028556711890769443e-02 2.745849923964353151e-02 0.000000000000000000e+00
7.796904438137631545e-03 1.335318642302796071e-03 0.000000000000000000e+00
2.994369783392301920e-02 -6.518668577316910628e-02 0.000000000000000000e+00
2.500397906566963202e-02 3.127178221889474058e-02 0.000000000000000000e+00
-2.909164575506217876e-01 -5.672708011298859682e-03 0.000000000000000000e+00
-5.347338873576061580e-02 -8.329394716436634705e-02 0.000000000000000000e+00
3.002060329460081584e-02 -1.314024700686956164e-03 0.000000000000000000e+00
-1.056758754583063953e-01 3.584535776952947339e-01 0.000000000000000000e+00
-5.534056983032236143e-01 -7.286251438088720001e-02 0.000000000000000000e+00
9.262922539134052502e-02 8.153077739524529355e-02 0.000000000000000000e+00
9.243787849118860131e-03 3.060412569043525211e-01 0.000000000000000000e+00
-1.011395225351919835e+00 7.064145953801794775e-01 0.000000000000000000e+00
-2.424817244487204038e-01 -2.867062972022649814e-01 0.000000000000000000e+00
-1.029962330928386960e+00 2.642465936177201269e-01 0.000000000000000000e+00
-1.209036608753618403e+00 5.726045178331214958e-01 0.000000000000000000e+00
-3.065603671418545284e-01 5.395731657320207431e-01 0.000000000000000000e+00
