-2.362027990270266109e+00 -2.742273712314407419e+00 0.000000000000000000e+00
-1.314215478568911410e-01 -6.383493268411566390e-01 0.000000000000000000e+00
-3.871928339498758587e-01 6.403396102456730965e-01 0.000000000000000000e+00
-9.526641303785529091e-01 5.431204263151271361e-01 0.000000000000000000e+00
4.518675883441161112e-01 1.816375408221497512e-01 0.000000000000000000e+00
-1.838091129844324323e+00 -4.755181944974318231e-01 0.000000000000000000e+00
-1.856185167148371118e+00 -1.337102433726259365e+00 0.000000000000000000e+00
7.111091117041540288e-01 5.533557428071766982e-01 0.000000000000000000e+00
6.176827940395319683e-01 -6.056839099212140143e-01 0.000000000000000000e+00
-1.000167134612062414e+00 9.963763214150568315e-01 0.000000000000000000e+00
2.793231726886860056e-01 2.164709114308572824e-01 0.000000000000000000e+00
4.665902858640074702e-01 7.646886892684098824e-02 0.000000000000000000e+00
4.282664226071915548e-01 -2.957607183778749871e-01 0.000000000000000000e+00
-8.265140315810916294e-02 2.765237051936528800e-01 0.000000000000000000e+00
-1.147311406125014338e-01 3.192166718369075507e-01 0.000000000000000000e+00
-5.761202944256723496e-02 8.751410214134636156e-02 0.000000000000000000e+00
-1.058079959366393652e+00 8.369308504826407091e-01 0.000000000000000000e+00
1.310170333295615608e+00 -5.303646111315756251e-01 0.000000000000000000e+00
-1.188544787780576151e+00 -9.494341260478620370e-01 0.000000000000000000e+00
-1.484668905391654858e+00 2.727483172126586863e-01 0.000000000000000000e+00
-5.177361008184736685e-02 -8.802869891551907879e-04 0.000000000000000000e+00
-2.634630780737280409e-01 -3.472600874721583075e-01 0.000000000000000000e+00
-7.174793764027324883e-02 1.288124759054983526e-01 0.000000000000000000e+00
1.549975795065456630e-01 -1.950873944584703146e-01 0.000000000000000000e+00
3.574756451604041985e-01 1.426754273713624066e-01 0.000000000000000000e+00
-1.627524793302494166e-01 -6.515408455092033257e-01 0.000000000000000000e+00
-1.076074573823035535e-01 2.199663978631001271e-01 0.000000000000000000e+00
-4.940397256163632789e-01 -7.714142394913204859e-01 0.000000000000000000e+00
1.267591407106207768e-01 -2.071919430990561417e-01 0.000000000000000000e+00
1.275859006132494811e-01 3.017409294077169624e-01 0.000000000000000000e+00
-1.298918777036225158e+00 8.397189951191680324e-01 0.000000000000000000e+00
-2.692291521814345057e+00 2.750066848128005059e+00 0.000000000000000000e+00
-1.068643547469678490e+00 1.344886482297017016e+00 0.000000000000000000e+00
1.850318705972085809e+00 1.060080334224184240e+00 0.000000000000000000e+00
-9.256467141529154397e-01 -5.395005090081664845e-01 0.000000000000000000e+00
