-3.945861266836213410e+00 1.065513812908381208e+00 2.575032451379819953e+00 -1.586475749999427753e+00 -2.382283885336096141e+00 8.945019211369669154e-01 0.000000000000000000e+00
-5.263918450354161394e+00 2.532768419373451874e+00 -8.284534469661766209e+00 8.134492214873388249e+00 -8.034279277365095950e+00 8.690250709641522686e-01 0.000000000000000000e+00
1.364638054387324217e+00 -4.158939998981479924e+00 -3.428409463450857064e+00 1.447993707557287735e+00 -1.711143122360958113e+00 3.276732238651755225e+00 0.000000000000000000e+00
-6.458521608190864072e+00 -1.386526029042365993e+00 -4.154136010298750570e+00 -3.790226913013780008e-01 6.189800843231297200e+00 3.872090768141438488e+00 0.000000000000000000e+00
-3.170169296291608596e+00 2.393510144636744386e+00 -6.068197357307964168e+00 5.012394548375072922e+00 -6.166066419610924498e+00 -2.287155958950346069e+00 0.000000000000000000e+00
-6.289307213293707122e+00 -7.529127365530814409e+00 5.063469370916249268e+00 7.116738985569392106e+00 -1.177153530273826298e+00 -5.809525160523578258e+00 0.000000000000000000e+00
3.634741827326751551e+00 -4.732374376507085256e-01 -3.480152690406080662e+00 -3.796630937610335987e+00 4.466246646555269706e+00 3.560156226378049293e+00 0.000000000000000000e+00
1.778057376807200773e+00 5.556367709490877438e+00 4.580837135427818230e-01 -1.698805567549378504e+00 1.013310804754491423e+00 1.863859290952384340e+00 0.000000000000000000e+00
-1.258808675015716805e+00 2.672366124809766763e+00 4.852153358537056427e+00 -4.459378029971582946e-01 -5.342144611119746145e+00 -3.913645031938143948e+00 0.000000000000000000e+00
2.918387719973914995e-01 -5.010712733050274537e+00 -1.436213272927359119e+00 9.128469674751636675e-02 -1.425240023077627705e-01 2.229556459217473030e+00 0.000000000000000000e+00
-1.598398985535865346e+00 2.085598925586845453e+00 1.762672010209181406e-01 1.591819998973831085e+00 -1.872295369454303859e+00 -1.866784809564838055e+00 0.000000000000000000e+00
2.927370481585743089e+00 2.703012866158977179e+00 4.901347266982766904e+00 -6.754882262622176059e-01 2.736453315923238261e+00 -3.540122004891129937e+00 0.000000000000000000e+00
1.635492074014233480e-02 1.747702158684863338e+00 2.276660109029186585e-01 1.872550507600454051e+00 -3.413898272877283535e+00 -4.262518499467589095e+00 0.000000000000000000e+00
1.926100753767234774e+00 -7.971974436030228262e+00 -2.746808382442071483e+00 6.705098012803365926e+00 1.052474648007544422e+00 -7.499066487020216165e+00 0.000000000000000000e+00
1.514213237796921963e+00 4.642290241040757937e-01 1.983329896497838529e+00 -4.722211795348812302e+00 4.055636537724875007e-02 8.261626697281444498e-01 0.000000000000000000e+00
-1.105395260608337121e-01 1.908334526331042502e+00 -3.051202943954427038e+00 3.307244165225083243e+00 -5.264149245260655086e+00 1.449647115003149800e+00 0.000000000000000000e+00
3.183793988228196259e+00 -6.713123849284166944e+00 -2.600207949263256602e+00 -8.387796316839359889e+00 3.845814462044639281e+00 7.041103618593576030e+00 0.000000000000000000e+00
7.771532466027528230e+00 -1.430469695144682696e+00 1.740404688952906787e+00 -3.571006453880632758e+00 -2.338169972029352728e+00 -5.914903067802370629e+00 0.000000000000000000e+00
3.064845155145614619e+00 -1.516579958996560951e+00 4.200754432287701623e-01 -6.249496926639349637e-01 6.689253177903095038e-01 -4.194535032358027493e+00 0.000000000000000000e+00
-1.285070715878308123e+00 -1.393498241349222289e+00 8.350434120759790968e-01 -4.831051731309785602e-01 2.800661010284923425e+00 -3.442391068336326576e+00 0.000000000000000000e+00
-3.985960344381203058e-01 4.594456472947755499e-01 2.573304370442141220e+00 -4.141276484329536878e-01 1.490171983005304401e+00 -9.345707224514595568e-01 0.000000000000000000e+00
3.504763664738088647e+00 -3.852438543897521050e+00 5.160617922761808529e+00 1.470059719135549114e-01 4.262193808615234225e+00 -6.837872879054490705e-01 0.000000000000000000e+00
-5.912680788384142017e-02 1.945747798922997207e+00 -2.496615960054494376e+00 9.598924950207731177e-01 4.338233875805429934e-02 -1.654003932324474846e+00 0.000000000000000000e+00
3.733663780957020784e+00 -2.371825712771530537e+00 2.565732328913175042e+00 1.419117580129648060e+00 3.152932921257191712e+00 -4.458259101137681313e+00 0.000000000000000000e+00
-1.341501078164104355e+00 3.390296087408515735e+00 1.200609044946252091e+00 -1.058489207394326170e+00 -1.750265222575884350e+00 2.672249447524615462e+00 0.000000000000000000e+00
3.884311151743655710e-01 1.337856538145843377e+00 -1.048146208030627857e+00 -2.138337615590845786e+00 8.873755382498162980e-01 1.983334420125715924e+00 0.000000000000000000e+00
5.695423353863801275e+00 -3.606165555513845433e+00 1.930438394681308623e+00 -7.574112015248791074e+00 5.122439507774594780e+00 1.357652627105761844e+00 0.000000000000000000e+00
1.559421143666389842e+00 -3.488343090050248563e+00 1.912159874833371465e+00 -4.990238093632003991e-01 -1.050073734845424100e+00 1.697900936056620624e+00 0.000000000000000000e+00
-7.306279986629933276e-01 2.840207853019820483e+00 2.691044279237929882e+00 -1.229194113309449943e+00 1.790800000000537517e+00 -2.918422355157678783e-01 0.000000000000000000e+00
-3.375708187765547486e+00 1.452951815990618734e+00 2.325117693836024291e+00 2.543877194836843714e+00 -2.599637374922485034e+00 -4.770587284520206861e-01 0.000000000000000000e+00
4.884562772471719327e+00 7.486041068929137232e+00 4.562058653189950519e+00 -1.005621968318035364e+01 5.125594101846881578e+00 2.115836357565713310e+00 0.000000000000000000e+00
2.691424938491410401e+00 2.053572859447601040e+00 -2.160005237987235649e+00 -1.223792426469947792e+00 -1.488268586934449189e+00 -4.304481963228529828e+00 0.000000000000000000e+00
-3.124429800993297590e+00 -1.735737145314178442e-01 3.298928689580688633e+00 1.501099546325365575e+00 -1.256240076391390792e+00 -3.215271015260133591e+00 0.000000000000000000e+00
-3.323144874591784648e-01 -2.089259902665928426e+00 -1.594479404378209564e+00 -1.362254626375640765e+00 -1.241431875760729664e+00 -6.058460585849017033e-01 0.000000000000000000e+00
-1.460154069731306903e+00 -2.993382086312728951e+00 -1.480499315045633146e+00 1.693044194915843459e+00 1.217156075861138692e-01 -3.390955623941667607e+00 0.000000000000000000e+00
4.648877838587520128e-01 -4.920704275064837763e-01 1.793390993678638967e+00 -7.754361180621016647e-01 3.027665126529503592e+00 -5.179968222660504829e-01 0.000000000000000000e+00
3.897061604488075037e+00 -5.441106562594941742e+00 4.096208239211898139e+00 4.474632478359565901e-01 4.965558119557456962e+00 1.013534324525439567e+00 0.000000000000000000e+00
-4.838878423687499319e-01 3.674427294952135714e+00 -3.130306885558473695e+00 -2.037427731425444755e+00 1.319138070344515468e+00 5.610991704120141810e-01 0.000000000000000000e+00
4.133664233152044787e+00 4.392241077909957880e+00 3.836345429985641875e+00 -6.500348729073953891e+00 4.401525783556594185e+00 -4.726311340464016131e-01 0.000000000000000000e+00
-4.381328397111955986e-01 -1.136550467769781081e+00 -2.146647507423597112e+00 1.590318091269847800e+00 1.648417007592359873e+00 1.125091580073261932e+00 0.000000000000000000e+00
-1.384961471080998985e+00 3.156252068351905304e+00 1.510045050649207576e+00 -3.043023192296151702e+00 1.083665240619032799e+00 2.100703322334048995e+00 0.000000000000000000e+00
5.463552095261755781e+00 -6.332501958561323363e+00 4.329888241593580211e+00 -3.629997088096777347e+00 5.063163373190660899e+00 -1.932415342493150945e+00 0.000000000000000000e+00
-3.114911274827245058e-01 -2.906979572780533871e+00 -5.014966650508154711e-01 2.129466518164424560e+00 7.789770924657790641e-01 3.686598112218974155e+00 0.000000000000000000e+00
-8.527364318666305065e-01 -9.086429665525614929e-01 2.658091430892770557e+00 1.197531789077662667e+00 2.371763429436400727e+00 -9.137211263664936078e-01 0.000000000000000000e+00
-3.168650650515047129e+00 2.356325099497347531e-01 2.305892044117764161e+00 3.542960179434671897e+00 5.916233571229175814e-01 -1.010879126524209637e+00 0.000000000000000000e+00
5.822272892289583446e+00 5.061475375596657500e+00 1.183503369704596242e+00 -1.091185526405176098e+01 4.889061856225427327e+00 -1.349464541446777854e+00 0.000000000000000000e+00
-2.633732346340059705e-01 5.039707582846358669e+00 5.989447943973426058e-01 -5.289777486160074815e+00 5.974330211152314440e-01 -1.380211444495435869e+00 0.000000000000000000e+00
-1.144950821906415062e+00 -2.572273021527698988e-01 1.140287896117463173e+00 3.757330839486501262e+00 9.267901896921103555e-01 -4.203541972560798534e+00 0.000000000000000000e+00
-8.409099909915883631e-01 5.079378450045973770e-02 8.368500298681946781e-01 -7.407484898804667095e-01 1.548699219054172627e+00 -1.464540063429301320e+00 0.000000000000000000e+00
-2.522771583493312320e-01 6.877647554920239548e-02 3.789647718448703184e-01 3.563987680214512732e+00 -3.046987485411339236e+00 -1.917486322946912347e+00 0.000000000000000000e+00
6.777663909561939093e+00 -9.081643784669021002e+00 -2.744883479155627026e-01 -4.830366722648838262e+00 6.572212823678087901e+00 -4.102695251204493410e-01 0.000000000000000000e+00
6.159831993242812498e-01 -5.467829866695557775e-03 -7.863490988877513965e-01 3.318794492034010890e+00 -6.313181751962940735e-01 -4.032797261862048011e+00 0.000000000000000000e+00
1.381253672574025426e-01 -5.274885146025760640e+00 7.245163153547858892e-01 -3.759574021389106235e+00 3.262178361138584060e-01 5.475940026734711807e+00 0.000000000000000000e+00
3.718491373674828626e+00 -9.426351991791309670e-01 9.146623175796089189e-01 -2.738430303689387113e+00 -2.845882867526602578e+00 -1.354405966017892649e+00 0.000000000000000000e+00
5.453888044249620703e-01 8.835243256077373042e-01 6.993324073411367747e-01 -7.717753386815752181e-01 -1.282206621520721290e+00 -1.344186062685068128e+00 0.000000000000000000e+00
2.887251358603372342e+00 6.473227009606172810e-01 -2.191029362899122201e+00 -2.267227623476243625e+00 5.401120976451940781e-01 -8.828932161504909892e-01 0.000000000000000000e+00
