5.295425011257929443e-02 4.123732822282824007e-01 -2.451476049853545724e+00 -4.286978015804453257e+00 -1.953253059882642528e-02 2.174409998964932811e+00 0.000000000000000000e+00
-2.707807074698021399e+00 -5.507988405961790512e+00 3.422646230767356634e+00 -2.172448794252852533e+00 1.889872712739902649e+00 -1.184703827114376473e+01 0.000000000000000000e+00
-7.087717347370871224e+00 4.829967745476672625e-01 -4.815875391814882889e+00 -3.013902211109188212e+00 3.469607760056122370e+00 -3.886446493547708325e+00 0.000000000000000000e+00
-2.323576891089680629e-01 4.489555754608908211e-01 -2.994942645545659587e+00 -3.496219874726434362e+00 2.404305461494644192e+00 1.454643756485655581e+00 0.000000000000000000e+00
-5.666238798229624507e+00 -1.092397821090443033e+00 2.921257258569932347e+00 1.054339360698981265e+00 -9.721304535679794467e-01 -9.319026302369319836e+00 0.000000000000000000e+00
1.482637858544241904e+00 -8.947588764548656926e+00 4.174574447393396781e+00 1.437940764276062877e+00 -7.966429988540157048e+00 -8.443191775912136876e+00 0.000000000000000000e+00
6.708322742731316346e-01 7.098434453416530232e+00 -1.446924831729434313e+00 4.628378970392377778e-01 -9.110813610567282117e-01 1.953637468190905002e+00 0.000000000000000000e+00
7.054357940617826728e+00 -1.579990607635046063e+00 -4.403767696851807578e+00 -5.929160243671570463e+00 5.465410487317120314e+00 6.777530430256073934e+00 0.000000000000000000e+00
-3.626089912927350056e+00 -7.526594568692986931e-01 6.076992317285712097e+00 3.631203593463658841e+00 -4.890996334591262595e+00 -1.004786148577498039e+00 0.000000000000000000e+00
2.615027749166006998e+00 7.515955039788448033e+00 2.909892608817644444e+00 -4.542573907925484544e-02 -2.924244471919340782e+00 -6.381505160017256983e+00 0.000000000000000000e+00
-5.226954830262655172e+00 -2.220275264201626297e-01 1.968810534694868775e+00 2.651299092163817761e+00 -4.458152881300637027e+00 -5.261858855070847163e+00 0.000000000000000000e+00
5.741868920897871931e+00 2.797628206052498734e-01 -1.095565031751315033e+00 -5.290871870285228873e+00 3.580709155939247434e+00 8.795736611137709104e+00 0.000000000000000000e+00
-2.655284822631447827e+00 -7.057013066436457205e-01 3.218595825727831539e+00 2.252167288008113388e+00 -1.856991128191423535e+00 -8.712920239430197444e-01 0.000000000000000000e+00
5.546161629633314050e+00 -1.615637862281882997e+00 8.914260126481483859e-02 5.155993205992510653e+00 -2.033067073998404251e+00 7.315908394913565260e+00 0.000000000000000000e+00
5.377749373888388029e-02 2.788317603848883941e+00 -2.046961204948281932e+00 -2.532449904788765860e+00 1.187297703529529347e+00 3.793822492980462258e+00 0.000000000000000000e+00
-2.130208316046548145e+00 -3.190352841763339331e+00 2.379744237548538255e+00 -2.894011438170664419e-01 1.679004775146390460e-01 -7.139088126807900281e+00 0.000000000000000000e+00
3.798344586125301792e+00 5.304405842453115971e-01 -1.838104003414721799e+00 -2.347819585718722846e-01 -1.393688938835814239e+00 3.672383222613539555e+00 0.000000000000000000e+00
3.408150493192147135e+00 -2.878318629188058253e+00 -1.084365203303339742e+00 -3.775522890757747607e+00 5.725590519565256109e+00 1.243944066987530572e+00 0.000000000000000000e+00
2.150948449699504827e+00 3.101019653718777302e+00 -2.373754118779782374e+00 -2.709867796759546810e+00 1.205067483969369246e-01 1.090188260288235345e+00 0.000000000000000000e+00
-6.826096904815990296e-01 1.878701057299140720e+00 -1.071133390407746910e+00 -2.833324673192263887e+00 -1.415141061861616922e+00 -9.677159724936352792e-01 0.000000000000000000e+00
-3.790916853744537462e+00 -3.722474673158427394e-01 1.580979115399004709e+00 3.007548263056424531e+00 -5.122904093558732441e+00 -5.899145076843310243e+00 0.000000000000000000e+00
2.316703491582944086e+00 1.197044328000549607e+00 3.723747193657800936e-01 -4.529251992710902286e+00 1.487076118186957840e+00 6.486747419570710882e+00 0.000000000000000000e+00
-4.166445365544159396e-02 -8.858208436494934279e-01 -9.740689229962087303e-01 1.488989062782043182e-01 2.006880358128893871e+00 -1.250122165038871844e-02 0.000000000000000000e+00
9.356327330822235000e-01 2.100486714690799506e+00 -5.109169104280361751e+00 5.712458099476726225e+00 2.434931775256554243e+00 1.031620988661636140e+01 0.000000000000000000e+00
-3.335353805578972430e+00 -1.565940448129239604e+00 4.426109535280967622e-01 1.394227663824228580e+00 -2.640090643655097491e+00 -1.623330307960342278e+00 0.000000000000000000e+00
-8.411207836132571503e-01 -1.197755073260411640e+00 -7.627521730464792427e-01 -4.670292873083180751e+00 8.912326509825726495e-01 7.108240792752394954e-01 0.000000000000000000e+00
9.234852882740902658e+00 4.697721664236842898e+00 -4.709800194557496766e+00 -2.429846554236610334e+00 4.051797877921102575e+00 1.054909197800291132e+01 0.000000000000000000e+00
-1.650375725345772926e+00 -4.950996032663569579e+00 -6.434626249647970031e-01 7.646277540890706881e-01 2.687026425121250561e-01 6.424585843943961261e-02 0.000000000000000000e+00
2.734335332987206879e+00 -8.109708674476288071e-01 -4.351212571777475446e+00 -4.264977705914754225e+00 1.283254260173757544e+00 3.096875562100693369e+00 0.000000000000000000e+00
5.004119942139749477e-02 -9.143144069985380540e-01 1.762167852908524956e+00 3.128797452231975917e+00 -3.065365847714313308e+00 -1.838960815068064747e+00 0.000000000000000000e+00
6.484224057775984207e+00 3.193351455259141769e+00 -4.565696405684612103e+00 3.082218966860142739e+00 2.591453291249594670e+00 4.181902252453553182e+00 0.000000000000000000e+00
1.427190827628594061e+00 -3.867647670722430764e+00 -3.475683711861623948e+00 2.502096443364943301e+00 -6.745779349276364023e-01 5.786830989465364894e+00 0.000000000000000000e+00
2.350220315070233601e-01 -4.528248347207994406e+00 9.462737071589326643e-01 3.992558571923776611e+00 -1.055158422414302355e-01 -2.803126564904214746e+00 0.000000000000000000e+00
5.571202725008708612e+00 1.828382632785747308e+00 1.468222164907102112e+00 9.364593444664528477e-01 -1.257735022079477183e+00 1.190422055910961729e+00 0.000000000000000000e+00
1.715526963943684979e+00 -5.959621505606502723e-01 -3.692705487658743402e-01 3.289243134185488859e-01 1.626039218994669966e+00 -1.451346892231997421e+00 0.000000000000000000e+00
-2.088403118025000005e+00 -5.049031728549352449e-01 8.518253545766363288e-01 2.649391157530476271e+00 -5.187328594971546636e+00 -6.922484918185565661e+00 0.000000000000000000e+00
8.686128400835715357e-01 1.784304671963075073e+00 1.093793079129589119e-01 -3.939753153649893314e+00 1.709117431837682832e-01 1.596885209662037175e+00 0.000000000000000000e+00
1.768582914223880698e+00 -1.074135504960890053e+00 -3.862525884542936438e+00 -1.531411468533299791e+00 3.962061462980420501e+00 1.277679348998387532e+00 0.000000000000000000e+00
-9.211703517859809454e-01 2.887832903632017167e+00 -6.691634389665534144e+00 5.223606336391597438e+00 3.088725944505720467e+00 7.877527865471271262e+00 0.000000000000000000e+00
-6.716109059379271606e-02 -1.938115313243323090e+00 -1.603508697739163269e+00 -4.195471070977223604e+00 1.564998377043820277e+00 1.907673604266789946e-01 0.000000000000000000e+00
-3.176709622158482738e+00 -1.157768844606635206e+00 -1.005227832285879641e+00 2.097738596566465219e+00 -3.175937287254908981e+00 -6.190678335521251213e-02 0.000000000000000000e+00
3.554567911622986909e+00 4.684787840020956828e+00 -1.827370514731585294e+00 -2.653538311469903821e+00 4.936332260132053840e+00 1.008236236378737516e+01 0.000000000000000000e+00
-1.181076992636942657e+00 -3.823517173938015379e+00 -2.994737874960550439e+00 1.694854568003961059e+00 5.975266203007493226e-01 -1.007478998649332658e+00 0.000000000000000000e+00
-7.617807662858621098e-01 -8.499906460926179852e-01 -1.236832489655838030e+00 -4.397002431443136850e+00 1.082196724855807757e+00 3.511448286754036197e+00 0.000000000000000000e+00
6.342669048583118308e-01 6.008643872078514026e-01 -7.686147758028205601e-01 1.308623350786457085e+00 -1.757173490786601899e+00 -2.715017715551224509e+00 0.000000000000000000e+00
4.397945661290309616e+00 4.909401366029403135e+00 -3.347733795220781516e+00 4.440568675333253168e+00 1.599310534530979488e+00 1.151650586051376379e+01 0.000000000000000000e+00
-1.362793924191063821e+00 -4.288605885302117393e+00 -1.767380568402011631e+00 9.509606766911838927e-01 1.173314515154356474e+00 8.594489802630870257e-01 0.000000000000000000e+00
-2.013191023495270127e+00 -1.185428598368942765e+00 -1.391760806334485512e+00 4.062059069915119558e+00 7.125257570480177105e-02 2.211144623933483544e+00 0.000000000000000000e+00
1.676532697604284028e+00 2.995943034488605661e-01 2.634904244759729841e-01 -2.087856649668192066e+00 -4.969087268963413018e-01 2.417714271443026919e-01 0.000000000000000000e+00
-1.239659707893203455e+00 -4.795421509602270760e+00 2.193835619822866789e+00 -1.077932849428511419e+00 -1.467915086674450809e+00 -1.232752739329890490e+00 0.000000000000000000e+00
-2.857742061550194723e+00 6.467476764538303335e+00 3.016450806365471138e+00 -3.265918271886382729e-01 -1.466861007071341039e+00 7.195028508171947834e+00 0.000000000000000000e+00
-4.149603511359222452e+00 -3.030244026671603752e+00 1.250255175366991711e+00 -1.391001110641167049e+00 1.310609574180172876e+00 4.685485116742513334e+00 0.000000000000000000e+00
-2.080902164241336949e-01 9.271456163684073104e-01 -1.133757846259934476e+00 2.237544080065457575e+00 3.965616919355789416e-01 1.447372601718694085e+00 0.000000000000000000e+00
-9.981919335967888163e-01 -3.223916956910255482e+00 -3.301416092284472636e-01 -6.606043830146267615e-01 5.257474989221321060e+00 1.674675309265161838e+00 0.000000000000000000e+00
3.301953841969685333e-01 -2.656707061629373090e+00 2.593449109533012553e-01 -2.776610796174987517e-01 1.336477946350361212e-01 1.999392809842463148e+00 0.000000000000000000e+00
-1.327756392325814661e+00 -6.974765203746819964e-01 -5.789111144372005580e-01 -2.104579859619815974e+00 5.632680633161104566e-01 -1.026154393160075839e+00 0.000000000000000000e+00
