-3.125584108051485899e+00 -3.325903579550698375e+00 -8.336044260095549774e+00 5.008185795556759246e+00 2.022310090144738393e+00 6.856847717426602928e-01 0.000000000000000000e+00
1.004305673534110044e+00 6.302151845075220749e+00 -6.378437693641185291e+00 -1.451514031304768970e+01 -1.207518586796008897e+01 -2.311699312358588276e+00 0.000000000000000000e+00
-7.366426951737884643e+00 -2.426275414553073606e+00 -7.428649864594348839e-01 -6.523028610616805167e+00 -3.523223640588336814e+00 -9.000433327434551600e+00 0.000000000000000000e+00
1.864325066700815769e+00 -1.720067081194349923e+00 7.599988019981335219e-01 1.395044350521446042e+00 3.959145535463681753e+00 -1.845377049193918317e+00 0.000000000000000000e+00
3.250055442119920368e+00 4.137971287300351797e+00 2.135130041626279174e-01 -1.299284002053843423e+01 -8.838724138662101382e+00 -4.036295412442133745e+00 0.000000000000000000e+00
-2.414557730431051985e-01 6.608869629831692016e+00 6.743058987974549723e+00 -2.810459590676689601e+00 -1.689117850773280916e+00 -2.125441166313676522e+00 0.000000000000000000e+00
-3.598884918771498409e+00 -2.938117428248932406e+00 1.731661534108616673e-01 -1.804176418960007078e-01 3.462358934244519126e+00 8.129312360322122899e-01 0.000000000000000000e+00
-4.257163441877198196e+00 -2.485807493470283958e-01 -2.673927105148036887e+00 -4.743293216057011819e+00 1.487901942137400901e+00 1.154402661146320952e+00 0.000000000000000000e+00
3.200965353097715571e+00 1.899483160298276907e+00 8.709766482470498311e-03 -7.216651083540052802e+00 -7.230053708813289681e+00 4.461218648672921283e+00 0.000000000000000000e+00
-4.092799060061087957e+00 6.510231087549869677e+00 -3.906102561402368667e-01 -1.393315589611352490e+00 -2.604819387921779583e+00 -2.170832294676643404e+00 0.000000000000000000e+00
2.347782813378765265e+00 1.888194752482557526e+00 2.998886898153662273e+00 -1.917253201725036549e+00 -1.379200179968804951e+00 -3.652783894796809872e+00 0.000000000000000000e+00
-4.737958619574383690e+00 5.350549088535746733e+00 -1.695844985633304214e+00 6.102395529254119211e+00 3.955173162247479723e+00 6.685364998338468645e+00 0.000000000000000000e+00
-4.671700874330478315e-02 1.169639556162139105e+00 1.775224987057408554e-01 -4.769114681197728522e+00 -1.891855723975624626e+00 1.872055903615239547e-01 0.000000000000000000e+00
5.570100258475108035e+00 8.282270244658461067e+00 4.908647508083551436e+00 -6.385494988525337590e+00 -8.845314740424294053e-02 -3.011221278395853851e+00 0.000000000000000000e+00
-4.185068753078946990e+00 1.552993980004358399e+00 -2.413272108715283526e+00 1.195708973808164766e+00 7.136391322225205114e-01 -9.735887819169812551e-02 0.000000000000000000e+00
1.118223146664154122e+00 1.723083177270987365e+00 -3.057593686588655046e+00 -4.313924023198421942e+00 -7.930885112237577417e+00 2.828021047903669594e+00 0.000000000000000000e+00
1.232032185470488095e+00 -9.208805437063244170e+00 3.099453632037169282e+00 4.283821932325317938e+00 7.911015738236935491e+00 -1.462231849360239755e+00 0.000000000000000000e+00
-4.509662773396701851e+00 2.610919042608139673e+00 3.971931429110755474e+00 1.385729932837306499e+01 3.568841746161934281e-01 -1.158105700851737252e+00 0.000000000000000000e+00
-4.805376054569035382e+00 1.140873529668449571e+00 1.042301235000158144e+00 4.098363689372622076e+00 -6.639211826787302151e+00 -3.826489121225839618e+00 0.000000000000000000e+00
-3.842362331053421620e+00 5.430084826923815139e-02 -4.325263825060295386e-01 -2.229877532543421026e+00 -2.549509786022383206e+00 1.065892460709035428e+00 0.000000000000000000e+00
-7.328785150903383006e-01 -2.626090804702245207e-01 3.790286859493742000e+00 2.051426616249781176e+00 5.046096937659221737e+00 -1.428424789844097820e+00 0.000000000000000000e+00
-4.795088966162547095e+00 4.731431125560991546e+00 -1.856611903647042094e+00 8.463852360372751349e+00 4.715992381810022671e+00 4.572225323425625376e+00 0.000000000000000000e+00
-3.447561057354052050e+00 -3.916465240489213628e-01 1.023186141034112318e+00 -7.238162676530729422e-01 6.000159768764075086e-01 -1.169922404070575350e+00 0.000000000000000000e+00
8.406235917427695270e+00 -4.130497936966754935e+00 6.058415028704780880e+00 5.335255225200025819e+00 6.777337212150521539e-01 -1.464962988541282929e+00 0.000000000000000000e+00
-2.197382979114051782e+00 -1.008934913298811908e+00 -1.632793174314777218e+00 4.990891637826304073e-01 -6.265667708259340385e-01 7.892825786579948932e-01 0.000000000000000000e+00
-5.094853497195943604e+00 -3.385130075241669978e+00 -2.753714708775972131e+00 1.298699383131011631e+00 3.286361982740996224e-01 1.107253634936546272e+00 0.000000000000000000e+00
4.123266682642092285e+00 -1.190864899484203221e+01 -9.059694511956407625e-01 1.028714977410012388e+01 5.393941859444915110e+00 7.102221583482074330e+00 0.000000000000000000e+00
-3.710961962849715690e+00 1.145008767879509143e-01 1.860851004271451448e+00 9.219744919388548343e-01 -8.890751823019371614e-01 3.441580141789533642e-01 0.000000000000000000e+00
-4.125596964564054225e+00 -3.749371876404118589e-03 -1.614486025853281381e+00 8.098241069036685169e-02 4.707759933497784210e+00 -9.873222686557729944e-01 0.000000000000000000e+00
3.585290453620080697e+00 1.715151445756118109e+00 -9.646580035027548794e-01 -3.486662197015063303e+00 -6.826015061504201453e-01 2.490802443982397321e-02 0.000000000000000000e+00
1.248399732842356835e+00 -1.047776431458020419e+01 9.570101212756725317e+00 6.062241177988019203e+00 5.887048151764143533e+00 1.136889193847284396e+01 0.000000000000000000e+00
6.092093962553423836e+00 -1.048120527058644136e+01 -1.061878879341983106e+00 -1.472855460063009936e+00 7.148717343504694455e+00 6.401544766107644335e+00 0.000000000000000000e+00
-1.047328600425929679e+00 4.731852569597977620e+00 2.649302997371528079e+00 1.295054587304591776e+00 -2.644106820503557831e+00 -4.106251267469509969e+00 0.000000000000000000e+00
1.796191660041238203e+00 1.935616102554291729e+00 1.173493747274835686e+00 -2.068615932496649990e+00 2.068336146651284846e+00 -2.940369517036053537e+00 0.000000000000000000e+00
9.911429993814426798e-01 8.569821181957733014e-01 1.628194367124404351e+00 -2.483185950484195548e+00 2.769585438035424563e+00 -3.315103194692025301e+00 0.000000000000000000e+00
-3.690471302259390907e+00 -6.562070247167836046e-01 3.756001380809926182e+00 2.437826323954433771e+00 6.497897219027750637e+00 1.658610992551372938e-03 0.000000000000000000e+00
-2.806805455778662584e+00 2.423631301975835317e+00 -2.687927377766118120e+00 7.889773380079695642e+00 4.855640675130132422e+00 1.570782103235228711e+00 0.000000000000000000e+00
-5.010173747320937565e+00 -1.358873260862037746e+00 1.875601756203869597e+00 1.683139996371195046e+00 1.272334438725009065e+00 -9.066365092738796205e-01 0.000000000000000000e+00
8.836562131659889019e+00 -1.192374540214500911e+01 6.034073823232625422e+00 8.510267196401180456e+00 1.209731411072066054e+00 3.241647069006482473e-01 0.000000000000000000e+00
-4.261873213926299364e+00 -3.972625069268048037e+00 -2.266073336531238880e+00 1.665688047128258242e+00 3.608833107513980676e-01 1.203775358920215366e+00 0.000000000000000000e+00
-3.825735560154837511e+00 -2.275261393510561003e+00 -9.299770395465596362e-01 8.075863275739288971e-01 2.173459767037414281e+00 -5.212970965539122092e-01 0.000000000000000000e+00
2.908813059204647278e+00 -1.171137429075800185e+01 -1.359673564998883810e+00 1.178886431869167062e+01 1.194955860037445472e+00 7.499885802605246177e+00 0.000000000000000000e+00
-3.889286645153600119e+00 -2.775576331809312958e+00 1.049625960230858857e+00 -3.620869613382909913e-01 -6.738388030454400823e-01 3.726481672123380107e-01 0.000000000000000000e+00
-2.283483143409484217e+00 -1.615497984729837577e-01 -7.607009264807310656e-01 1.227839131993993860e+00 5.402268699612975844e+00 8.274830533293329182e-01 0.000000000000000000e+00
3.187301446704560171e+00 5.809510755248024072e-01 -1.593099775697615517e+00 -1.865515505070665325e+00 2.069040791557116066e+00 -1.469921285750338535e+00 0.000000000000000000e+00
9.621572071799200376e-01 -1.004925827714244768e+01 5.736451897270462119e+00 6.869452643821552407e+00 1.936701017437401084e+00 8.158018972786605261e+00 0.000000000000000000e+00
4.226062654371268934e+00 -9.035541783003347760e+00 -2.352430468125924268e+00 -8.290116020514026740e-01 4.077004880833458300e-02 4.104276188019404081e+00 0.000000000000000000e+00
2.025244613690250495e-01 3.846838528508881083e+00 4.838114228953592777e-01 -2.489796087025544780e-01 3.319906351656211285e+00 -3.240575964056395364e+00 0.000000000000000000e+00
-3.215910423328200984e+00 -1.361763405635272095e+00 -1.708693388268332503e-01 5.844973846590600930e-01 2.609280787341385910e+00 -7.196628039644386021e-01 0.000000000000000000e+00
1.556057251400720265e+00 1.657274050707049806e+00 -1.286359659878547168e+00 -2.286100738516459341e+00 -2.196387539213917606e+00 7.328303225811642063e-01 0.000000000000000000e+00
-7.818933735342499247e-01 -2.616258065923966480e+00 3.132457199678498672e+00 6.740566111642292135e+00 6.003628997344998552e+00 2.552666118401314965e-01 0.000000000000000000e+00
-5.376116956440904815e+00 1.523550446389870250e-01 2.686463628728203989e+00 2.676576552235635287e+00 2.503585572143502525e+00 3.111135786161066008e+00 0.000000000000000000e+00
1.229993901657741029e+00 -5.830436651167405948e+00 7.546778646532903423e-01 1.449519522993660603e+00 1.872002972318837832e+00 -1.998465732544289386e+00 0.000000000000000000e+00
-3.782729512476359357e+00 7.466180614332926790e-01 2.081436467571332383e+00 4.629847871827297290e+00 4.166443854993518769e+00 -4.732140872329824166e-01 0.000000000000000000e+00
-3.705417748527391808e+00 -4.844045133327239405e-01 1.846841230272873835e+00 -4.304468572818929278e-02 -1.636664256133490092e+00 -2.265678918981101353e-01 0.000000000000000000e+00
-1.934230195706666988e+00 -1.211091926702107413e+00 -4.534949298783960137e-01 6.531802879539974072e-01 -2.749094022848709962e+00 -1.636637854720877305e+00 0.000000000000000000e+00
