-2.440817569534627918e+00 -1.606711836818978556e+00 -1.503958918252470189e+00 0.000000000000000000e+00
1.798491686635463216e+00 -7.460683718861245151e-01 -8.565112132230717767e-01 0.000000000000000000e+00
1.760379656784262226e+00 1.785999489590913036e+00 6.265665990338586511e+00 0.000000000000000000e+00
1.334071746207987907e-01 1.259599519924148980e+00 1.757594436525688364e+00 0.000000000000000000e+00
1.152405854607602587e+00 -9.054047922799247916e-02 1.648707821604487700e+00 0.000000000000000000e+00
5.568141024966022368e-01 -5.568242546823506389e-01 -5.124886908761268067e-01 0.000000000000000000e+00
-1.291917093926728377e+00 2.421968624746806686e-01 2.777595500849525667e-01 0.000000000000000000e+00
-1.488815319400320414e+00 -1.728015938513754735e-01 2.689364857908518314e+00 0.000000000000000000e+00
-1.849466463138404348e+00 1.142188645510612943e+00 -3.952683689904259445e+00 0.000000000000000000e+00
1.604489660679256691e+00 3.886221940538222008e-01 -1.977960577009439724e+00 0.000000000000000000e+00
2.266712957420432550e-01 9.537822619621690035e-02 1.635618052793278210e+00 0.000000000000000000e+00
9.336718838231327089e-01 -1.139852657191820606e+00 -9.241413414141083082e-01 0.000000000000000000e+00
-2.802279218827454389e-03 -2.022276220184127393e-01 5.390626903427503391e-01 0.000000000000000000e+00
-1.730131158785426226e+00 -3.443780996817841222e-01 1.047834141432758548e+00 0.000000000000000000e+00
-2.357681067372499051e+00 3.103852240811932450e+00 -6.494835176152827794e-01 0.000000000000000000e+00
1.122208982251256870e+00 -1.605892282082301836e-01 -5.891136251718916972e-01 0.000000000000000000e+00
1.424871593697288219e+00 2.319717747693743615e+00 -5.825720537337498506e+00 0.000000000000000000e+00
4.067253852535548386e-01 -3.736340327382817184e-01 -3.619045874866658519e+00 0.000000000000000000e+00
1.586541099976662150e-01 2.271727825792288602e+00 2.307052000443708395e-01 0.000000000000000000e+00
-6.426848283395331096e-02 1.180197734093510475e-01 3.160594985330971163e+00 0.000000000000000000e+00
-5.706925801816904731e-02 1.035268397851978744e-01 -7.218108875069817465e-01 0.000000000000000000e+00
7.722310482533386589e-01 2.587284840128121766e-01 4.727562302700004104e-01 0.000000000000000000e+00
2.449760364401593893e-01 -4.510040178726335697e-02 2.946503960362508723e-01 0.000000000000000000e+00
-3.162730218966183227e+00 1.258671886783777338e-01 -2.076642805394107505e+00 0.000000000000000000e+00
1.096804448749656991e-01 3.418160267986690704e-01 6.106144442867539324e-01 0.000000000000000000e+00
-2.757166548048657351e-01 -1.176726452887545626e+00 -3.175225154542246075e-01 0.000000000000000000e+00
-2.708361249558889572e+00 2.966400273065225246e+00 -7.062229045524968107e+00 0.000000000000000000e+00
-1.733366579065089286e-01 -3.060860411590679675e+00 2.271626191324461086e+00 0.000000000000000000e+00
7.166498769780013101e-01 -7.390807419315085225e-01 8.817081121527642340e-01 0.000000000000000000e+00
-4.113889232449664535e-01 -5.328418796021611170e-01 -2.418410016583599553e+00 0.000000000000000000e+00
-5.492279659728542818e+00 -3.185329327540846300e+00 3.016672905975003260e+00 0.000000000000000000e+00
-1.757138323394678903e+00 -1.845265575105511147e+00 4.222317200530566694e+00 0.000000000000000000e+00
1.537801613223204855e+00 1.767632635705965072e+00 2.519589489233616586e+00 0.000000000000000000e+00
7.718347660936129007e-01 -9.398374647065944609e-01 2.970866278907809965e-01 0.000000000000000000e+00
4.612034513574798239e-02 -1.163557787716150982e-01 -9.167078851733992950e-01 0.000000000000000000e+00
