2.973056776875337981e-02 1.067946274182297040e-01 6.258555598993945090e-02 1.578637497842953208e-01
-1.141954248933788052e-02 1.200485219692166428e-01 3.783220952513607904e-02 3.051369336196463680e-02
2.903218290165070908e-02 7.489926809327202006e-02 7.180371152198095075e-02 3.004998111376420977e-02
-5.742344423597267600e-01 -6.488782815864144737e-01 -6.115297426028479810e-01 -7.310983086568554334e-01
7.469618654955323400e-02 6.006562435322362892e-02 3.014754888868923996e-02 8.826823991084198351e-03
2.619775314182046233e-03 -2.074139859966994681e-02 -1.727128086126728662e-02 -6.879667230769263842e-03
1.790755825229151665e-01 1.238240051330247171e-03 1.522643789693258198e-01 1.025533769857786409e-01
-1.159451184025229314e-02 -5.467845325217549068e-02 -7.031623656924358701e-02 1.429911121556161693e-03
-9.924032401552207450e-03 -3.609756633432631423e-02 -2.291908148984142871e-02 -3.982316632201047396e-02
2.111936695260638874e-01 2.390567674124858266e-01 2.270393815162761453e-01 2.814586391832928358e-01
-8.146445511168584619e-02 -6.845627013274055428e-04 -8.093756601579940591e-02 -4.277914379744753720e-02
-1.262442483527616288e-03 1.523400795963224946e-02 2.901602729132307656e-02 -1.431240806879851418e-02
-1.072825402585543542e-01 -9.169373852079547305e-02 -8.276019394261782680e-02 -6.971478846202780466e-02
1.321421931663457894e-04 3.189622051527779556e-02 1.230709900452719996e-02 3.116426027065978543e-02
-2.507457374108984505e-03 1.422848653340025304e-02 2.114279982240024197e-02 1.280192929117035527e-02
-2.107894251946762498e-02 -1.708838028499567729e-01 -1.236336500052102189e-02 -1.687751013483956841e-02
1.545755345944127557e-02 -4.398513328939762657e-02 -3.349798918074704812e-02 -1.206058148383990294e-03
2.054936039100580675e-03 4.142012890995694363e-03 -8.542293175331621899e-03 1.511749645984476059e-02
-5.242006881372787697e-04 -4.902600814007340713e-03 -6.213723037567002450e-03 1.594739510457771070e-03
-2.365302051714495216e-02 -2.729557172231387996e-02 -2.580880333485825046e-02 -3.436801232836381864e-02
9.802410688851570519e-03 -3.062473930469969755e-03 1.229306231320323461e-02 4.159094536783381965e-03
6.673851581821721619e-04 -1.734163592546337021e-03 -5.052672146137977827e-03 4.430041487021309579e-03
2.733744004570655417e-02 2.250464522503154569e-02 2.657235806147639420e-02 2.526340923294792887e-02
6.117836189275388525e-04 -2.321062657652556149e-03 -5.903485081475539839e-03 -5.058957815609430031e-03
1.205670687307008881e-03 -6.273183170166909961e-03 -6.259951047693206733e-04 -3.432804960707233621e-03
6.625732401472170241e-03 5.906956829879124460e-02 -2.778098527525064976e-02 -6.171611860506562297e-03
-5.308425869308311396e-03 1.525746439177776831e-02 1.324650469762855831e-02 -4.226977350477868767e-03
-8.856167197148941128e-04 -1.127076303895864495e-03 4.396322279895382296e-03 -1.042148150138273721e-02
3.818856342004163518e-04 1.602282036432436940e-03 3.848631549527324613e-03 7.230255533729329498e-04
-6.198028077299305022e-02 9.924462900729222326e-03 -2.059039061309213964e-02 -1.978241933800176100e-02
-3.181269002150100000e-03 -5.173539465518434133e-03 -2.838656793840450138e-03 -1.187732677991512609e-02
7.250215630116678411e-04 -3.412783883089243187e-03 -2.192923491425070176e-03 5.020972907315512934e-03
-2.480512499368481283e-05 -2.468443272493972551e-04 -1.952064827831515026e-03 9.866922706706360291e-04
-7.661885386895488093e-04 5.990519852305340592e-04 -1.385641889469730464e-03 -4.963123586012738175e-03
9.612867829786759799e-01 9.339526548716556853e-01 9.474305608961999248e-01 9.361624084895332487e-01
6.726175501437468840e-04 1.122248456702842814e-03 1.801154553562980950e-03 1.609353343584856962e-03
