1.965845573472246199e+00 -2.319856512763130318e+00 1.316912448444594874e+00 0.000000000000000000e+00
-1.506574824286070813e+00 3.330325710891668400e+00 1.667718485058339972e+00 0.000000000000000000e+00
2.204579766503293570e+00 -5.821008810286715018e+00 -1.520614793750214133e+00 0.000000000000000000e+00
6.569086425572904231e-01 -2.947428247403516277e+00 -6.150430897932771535e-01 0.000000000000000000e+00
1.116213211798136928e+00 5.910086817784456770e-01 7.786634861957153486e-02 0.000000000000000000e+00
-8.662179147196945594e-01 1.568065053253599128e+00 4.934219150338080340e+00 0.000000000000000000e+00
-3.763224880721170451e-01 -2.080386663604495201e+00 -1.113430029272588717e+00 0.000000000000000000e+00
4.255208821539401498e+00 -5.215750504044794233e+00 -6.138618640183490793e-01 0.000000000000000000e+00
-1.077671300121234799e+00 -9.104135903590961088e-02 -1.142384008248806371e+00 0.000000000000000000e+00
-4.141497973662426446e+00 -4.373785344191911229e+00 2.609650451739154331e+00 0.000000000000000000e+00
1.466505341286258535e+00 -7.652969731279746224e-01 -3.524234239370835908e-01 0.000000000000000000e+00
-2.221127235521050680e-01 -1.057517127625891895e+00 1.601928360499131676e+00 0.000000000000000000e+00
-1.370106879703274938e+00 -4.133662002866127505e-01 -4.875513228109045610e-02 0.000000000000000000e+00
1.669886961216796362e+00 -5.762677691108208045e+00 -4.738320687392134634e-01 0.000000000000000000e+00
4.625881919985833868e+00 -6.202692085173995729e+00 -1.172227134968143236e+00 0.000000000000000000e+00
-1.810299446158647019e+00 1.848235959448067733e+00 8.220496629171697434e-01 0.000000000000000000e+00
-3.087935047237299724e+00 -5.250406662716309292e+00 3.428300992293618510e+00 0.000000000000000000e+00
-2.046018866759653776e-01 -1.575159701896714060e+00 1.866270525538396008e+00 0.000000000000000000e+00
-9.561429993516705750e-01 -5.187414374708860382e-02 -1.160273901407821828e+00 0.000000000000000000e+00
2.793864091977283248e+00 -1.915245319779725452e+00 8.807811665642777399e-01 0.000000000000000000e+00
-8.417024752214632421e-01 1.395621274625467867e-01 -3.093050312989904446e-02 0.000000000000000000e+00
9.844303925207023576e-02 5.833929250105773789e-01 8.828018829431305559e-01 0.000000000000000000e+00
4.753242508548392586e-01 1.734197452605496514e-01 -2.460376077227280009e-02 0.000000000000000000e+00
-1.993839711682266369e+00 -9.667402085282654767e+00 -4.533809459254041663e+00 0.000000000000000000e+00
1.503591443680112993e+00 -4.575655390117361332e-01 1.105871851690431590e-01 0.000000000000000000e+00
-1.828472187125803616e+00 1.428477958944142534e+00 -3.697533427478195689e-01 0.000000000000000000e+00
-8.268115753200650175e+00 4.648269631547756298e+00 2.770558322568955623e-01 0.000000000000000000e+00
9.988972852065682861e-01 -8.669816320887601124e-01 4.398528337629093343e+00 0.000000000000000000e+00
4.346786813621224266e-02 1.350160581085450673e+00 -1.850454273547859907e-01 0.000000000000000000e+00
-8.573185269623957439e-01 1.513162797313320151e+00 3.905765665457514718e-02 0.000000000000000000e+00
2.272451464885305139e+00 6.540348891471922776e+00 -4.628710223234719479e+00 0.000000000000000000e+00
3.849372675422670920e+00 -1.067243464143431853e+00 -5.751706574734769539e+00 0.000000000000000000e+00
2.859255739936334972e+00 9.685787429344635546e-01 7.881940345997845432e-01 0.000000000000000000e+00
-5.112433630558976816e-02 1.404993936043021918e+00 4.739511331056401322e-01 0.000000000000000000e+00
-5.665034979692475936e-01 1.681345577864774565e+00 1.242859114827298550e-01 0.000000000000000000e+00
