-9.478836130186507614e-02 1.029971950478978826e+00 1.392980776601783488e-01 -5.565612192616085918e-02
1.286480464240981614e-01 1.019669567238329133e+00 3.321856117701781907e-01 3.189804894034994343e-01
2.191092679036145408e-01 6.109603127400984324e-01 2.355936686764144306e-01 2.674927879705124023e-01
-2.164679521159075803e-01 -1.762235403144631229e+00 -7.413454381200574872e-01 -5.048488244078317422e-01
2.159169912503018374e-01 1.529901150025932743e+00 3.324870234662981039e-01 -1.676833844178451938e-01
5.307856161857021915e-02 9.075619064030893135e-02 1.007799463809588847e-02 -6.896107142448988647e-03
5.921488270658722408e-01 -3.828604280797557324e-01 2.005073123920734224e-01 3.108813905772990771e-01
-2.771766138256319123e-01 -1.099968682297973732e+00 -3.934073219033654145e-01 -5.168240248229214462e-01
1.841059304318183598e-01 -4.744163753274405759e-01 1.193891367028406814e-01 1.074744003706211981e-01
-6.805189640291914310e-02 9.738929304566190659e-01 4.170413571450284906e-01 2.883177039207126535e-01
-4.945987565591437596e-01 -1.029339328275982179e-01 -8.764096413751648607e-02 -3.228753514008135816e-01
5.901444751077347672e-02 7.761114692167484508e-01 2.156807013012657925e-01 3.221955313201531057e-01
-2.538813218866735055e-01 -2.003501425490617383e+00 -3.277968356185613774e-01 5.011074223086539048e-01
-9.685690269947277997e-02 3.073110568707775880e-01 -2.124981727398201348e-01 -1.564750961102968074e-01
-1.609008200537166422e-01 1.805862178965533804e-02 3.168745594467659021e-02 4.350748354639239618e-02
1.694988546188493372e-01 -2.132198476348146521e+00 -4.408009004335921022e-01 -4.797611889912830052e-01
2.057432670732267654e-02 -1.226519632940472615e-01 9.737609151509384053e-02 1.409913704779041099e-01
4.390172547989479312e-02 2.792901631510086302e-01 6.974556545071555758e-02 5.754540688730745701e-02
4.006525949908773532e-02 -1.569396491665758231e-01 4.551737955204202685e-02 8.262789858591487388e-03
1.131276272410882411e-01 -2.317398342928353450e-01 -7.318346983121037930e-02 -3.919299310667107711e-02
5.610229239365854825e-02 1.549716661598399270e-02 -1.023815160845066158e-01 5.715089488508240390e-03
2.402175464514069714e-02 -2.336718040078648306e-01 -5.049765970867860221e-02 -8.680615843898793760e-02
3.801931272259581052e-01 1.284540557065107613e+00 1.853452415332751402e-01 -1.489709041342313911e-01
1.473062210764699842e-01 -1.270401564605058709e-02 -2.323397158302843712e-02 -2.986996671659263025e-02
-8.837685659447197528e-02 -1.023841879327885562e-01 7.874863814983830423e-02 4.066635310766687078e-02
-1.226229546849029461e-01 1.700634572551579238e+00 7.574655962511308571e-01 7.056412595938674759e-01
-6.784758636628933359e-02 -6.838877920175978620e-02 -7.243342698973788407e-02 -6.259288940429669212e-02
4.451458232437563445e-02 -1.397223990737176402e-01 -4.525591102200100802e-02 -3.626349454098279357e-02
-1.193483740694367690e-02 1.796967983777560118e-02 -1.231247027360062030e-02 1.485286951518625942e-02
-3.273480326170463695e-01 -9.568512949874005136e-01 -3.567279718373078667e-01 7.657696072877029358e-02
1.193843002560610392e-02 8.477976793972097358e-01 1.297492843222407544e-01 8.514199763619784145e-02
2.123371476493878807e-01 -5.756480700360055991e-01 7.978350406453628418e-02 4.053015816093397117e-02
-2.575939067470078836e-02 2.639749031413797797e-01 5.661308631502652566e-02 4.079716434454637441e-02
-1.329720507190956802e-02 1.529416406392729577e-01 2.198955477075158205e-02 4.567669182950106349e-02
-1.836427544790912927e-02 2.398604751259391862e-02 4.584905460711450990e-03 1.033998890560780017e-03
3.667006151841969985e-03 1.192377716072996752e-02 3.559842548471231494e-02 1.920062489092352193e-02
-9.019835935908566277e-03 2.365693284194392287e-02 4.637123159911394829e-03 9.032644214773722507e-03
-2.035454251167403417e-01 -3.330775036117687993e-01 -1.000297394612001678e-01 -5.475017844080630469e-02
3.307664730855021384e-02 2.073902879162418250e-02 -9.586178166387451446e-03 -2.734626483762691782e-03
-3.124179659190627276e-02 -3.886396783531198551e-05 3.716277758684959076e-03 5.505785892184502511e-03
1.396039410610289688e-01 -4.584923145933947897e-01 -2.780275740335723111e-01 -2.136343174327659244e-01
3.924284214309944896e-02 5.639332428999550839e-02 1.289766355088808880e-02 6.658049616670359827e-03
-1.546945863703297341e-02 -2.501020807924969613e-03 8.160989375796678935e-03 5.489028868664445893e-03
-7.623087026836609936e-03 1.208479449151567131e-02 -1.145391140170492345e-03 -6.683214397152149530e-03
4.436203091978672686e-01 6.140843118525913802e-01 5.121445683522316550e-01 1.178236590065749045e-01
2.996783686626362797e-02 -3.467272137878097404e-01 -4.505569393507863341e-02 -2.197311586223911484e-02
-1.487596094451206774e-01 1.933322956582904928e-01 -3.843754865734913539e-02 -1.543033743608937525e-02
2.310752638877208720e-02 -1.373470934652446240e-01 -2.494724446367091106e-02 -1.359824956908398802e-02
2.692800739769476981e-02 -2.324830794576747406e-02 -1.437956247896511261e-03 -1.108091486499150624e-02
6.892821800609566507e-02 1.008638980591898271e+00 1.998326129944794083e-01 3.593172964218406262e-01
6.555024117551042084e-02 -3.018377444004970850e-02 5.098363354958808380e-02 -2.657468189532535136e-03
-7.459355679858764576e-02 1.121767403544008251e-01 5.884693168019539122e-04 -4.373181096855340011e-03
2.301266529991694010e-02 1.750666984014684902e-01 -4.106180522029878599e-03 -2.177715426426515832e-03
2.219954554811864877e-02 -1.929490288356910943e-02 9.162649640403378037e-03 1.353612630987131860e-02
2.216641324601159591e-02 -2.678156850576729475e-02 6.111784279113179064e-03 1.482389358468123863e-02
2.934545786804383938e-01 -5.510852156145474440e-02 2.418181657513631677e-01 3.105334352939443376e-01
6.584126689357614436e-03 1.019958604448995866e-02 3.477049036009929699e-03 3.706140048550613311e-03
