1.792455180116634544e-02 4.374441240313731161e-02 8.655866664379854858e-03 1.363946534744205075e-03
-1.492840408662175489e-01 -1.488819307057077657e-01 -1.295805683005907816e-01 -1.434904653769705218e-01
-1.495415741535456589e-01 -1.489650065230985476e-01 -1.479610860361912084e-01 -1.466611224314725570e-01
3.980759312927059645e-03 -8.109426368430061594e-02 1.801278009356911680e-02 2.151869970112252339e-02
1.662653021219159810e-02 6.804490692706999244e-04 3.478506621554941503e-02 4.996291718987549979e-03
-5.065628424999954471e-04 4.082980335355729240e-03 -4.707283823813718238e-03 -7.588438380800241467e-04
-7.880167385310146710e-02 -4.797731491682377669e-02 -1.289605958183910051e-01 -1.001391941813389308e-01
1.050935729475188374e-01 1.074108241056599966e-01 9.590563469017789056e-02 9.347522473733070603e-02
9.131374029830871542e-03 -8.616995448343621467e-03 2.051586159883581756e-02 -4.433143820195231677e-03
4.255611929216987499e-03 9.865062609018471207e-02 -1.500682428175831307e-03 -1.483563168369894658e-04
-7.014949514136017972e-02 -1.561807307280649038e-01 -2.972809030474099501e-02 -4.413027724188953171e-02
-4.563841200347235061e-02 -4.804476979518251811e-02 -3.139693122033410111e-02 -3.113259981040290836e-02
-9.590042112986232881e-02 -2.650860267673932347e-02 -1.099486190579553324e-01 -7.746968170494195061e-02
-3.754326132866228627e-02 1.132289410207837355e-02 -4.156351356189658119e-02 -1.105541702411061422e-03
6.361838157692423223e-04 -9.999707836168658659e-03 8.031779981800046819e-03 1.265527667822579153e-03
-2.732101080022908413e-02 -1.918350222310127862e-02 -5.951897696202713972e-02 -4.146549514101621758e-02
-2.127740365955110846e-02 -7.536567316772546654e-03 -2.020654622686290924e-02 7.405238086191368030e-04
-9.293772595264648828e-04 2.732920727465282251e-03 2.696867268919156402e-03 -2.224554019090801971e-03
5.046425196652132295e-03 -3.586157788629640297e-03 1.835208355252110346e-03 3.781250935090130216e-04
2.575000203682425992e-03 -4.107862025199932043e-02 2.871416286619563052e-03 1.589054125347232060e-03
1.421707041713669850e-02 8.171884105847351809e-02 -4.563903337472745292e-03 -2.570572497009010471e-03
1.288582513051345080e-02 1.234000618668959492e-02 5.086194197947636192e-03 5.751029810336621972e-03
6.592334866536170290e-02 1.672485417896496518e-02 7.482279002052238948e-02 5.749523564316008639e-02
1.082654271026273207e-04 1.142012234269162985e-02 -3.676043754364172189e-03 -7.251737315218907687e-04
2.512433160276045241e-02 -6.362412537107564603e-03 2.174248966783285525e-02 1.142456692470435187e-03
4.452174616704911159e-02 2.140719260100731880e-03 1.079181042294726223e-01 8.758230425910901173e-02
2.355610322629525522e-02 2.408056447393225330e-03 2.210308531803434340e-02 5.898520287121289396e-03
2.136194364780297228e-03 -9.946038483459596069e-03 -1.847386036515880070e-03 2.947346851039776838e-03
-4.249037912547715123e-03 6.159875242636045356e-03 1.072620959705949950e-03 8.181498489015504028e-05
2.567961856817702060e-02 -1.570426101612482084e-03 2.416637412688280029e-02 5.942333071356867280e-02
7.311350273457140059e-03 -1.336129726588655697e-03 -1.683250292745250287e-02 1.524082605805499036e-04
-1.537781904942525646e-04 1.398285693638499916e-03 -4.516499440677723687e-03 3.311075019520520746e-03
6.155152030437593957e-04 7.549146100674627990e-03 2.369240935287703076e-03 -6.358315900890643135e-04
5.052793435884883610e-04 -5.596892838184319707e-03 1.475879740262669992e-03 1.138568275301503341e-03
-3.919103003822282938e-06 7.518230954919012665e-03 1.465118934614135712e-04 3.731659335425262236e-04
-4.559218555332060149e-03 -2.153045220377910324e-02 -1.193847260477377131e-03 -1.195725572899112611e-03
-1.613262602532604395e-03 -1.222585231302072972e-03 -2.728828730424357699e-04 -4.413475112686137368e-04
-2.103967840825830132e-02 -1.234538569886978188e-02 -2.255010033208493248e-02 -1.908188814519144738e-02
-4.859108338324645213e-03 1.640404353674129734e-05 -3.527978631018708830e-03 -2.983649129664270316e-04
-1.228687940191194872e-04 -3.327706514989134390e-03 4.900151950694708880e-04 1.319337282579997883e-04
-2.070411812595071566e-02 -4.736910760501644724e-04 -3.542419539276665807e-02 -2.950011834422444634e-02
-5.949718161467332234e-03 4.731134965987052188e-03 -5.908725957549876284e-03 -1.679603849269184490e-03
-7.977557512419616859e-04 7.503545038772596598e-03 1.888557411253710683e-04 -8.140428441965052997e-04
9.429864253333725133e-04 -3.235634512261682111e-03 -1.501936244797281994e-04 -1.444694736728834028e-06
-2.050483726985777300e-02 -8.198501990138197526e-03 -3.128567428146097895e-02 -4.692143445142611669e-02
-3.068739856504243413e-03 -4.277969001898251911e-03 8.768179496822764429e-03 5.411129651255175421e-04
1.075912716450633244e-03 -1.095247238257431033e-02 2.869925371624809651e-03 -8.136263914633873329e-04
-1.619589301909835077e-04 -7.680720510102601040e-04 -8.025553542077290547e-04 3.724143674809221594e-04
-5.704892513809303733e-04 3.295698166165358933e-03 -8.345912249591996845e-04 -3.652438423809127588e-04
-9.070642553547503262e-03 1.677788554676437616e-02 -2.179941999318746326e-02 -3.209584389952738204e-02
2.024283968919071697e-03 5.244314641375869002e-03 2.906489330160653972e-03 -2.581754458071683356e-03
4.728738750068767205e-03 2.990710346190639246e-03 -6.412832272356394636e-03 -1.775066009710168924e-04
-6.969362955459024178e-04 9.486841314668217895e-03 -8.265751796166509457e-04 -1.085851994832742751e-03
-1.604818662768334181e-03 -5.688878273241743111e-03 5.169726954607878344e-03 7.455197980359984378e-04
-1.694062710066515653e-04 1.867028429456921157e-03 -4.411235101526633784e-03 -6.580563163563271645e-04
-1.109407640697995523e-01 -1.119594689708930668e-01 -1.114362323325535642e-01 -1.073078189724249037e-01
3.566078163280730602e-04 1.347533729488863781e-03 5.864988258570631502e-04 2.881452350411861261e-04
