-3.529158552986605413e-04 5.732313026747815066e-04 -6.505980458449522885e-03 7.657347858283369835e-04
-3.782660188183542549e-02 -3.768195636914960234e-02 -4.330801652929427981e-02 -3.972032163654792836e-02
-3.786006536349988127e-02 -3.771748864008911406e-02 -3.482073202113189492e-02 -3.696893483984731166e-02
-1.754192699626285490e-01 -1.754412656223246492e-01 -1.647186429261726648e-01 -1.757878629141753080e-01
-1.277801770258601977e-04 2.125780082934736193e-03 6.710677310419965735e-03 9.020959886162638330e-03
5.797413773235837731e-04 8.681896661921970071e-04 -1.815322131968999386e-03 6.563479962053420103e-04
-2.663708787766438935e-02 -2.349914365692667984e-02 1.566356346366593044e-03 -1.535793917354784377e-02
2.368851117100486542e-02 2.322442661124268781e-02 1.475626087549652965e-02 2.171140709771460231e-02
1.384807405998861318e-03 2.338068554707362079e-03 3.317053433837591214e-03 3.747858864530662082e-04
7.118002040113480255e-04 -5.065418347458550130e-04 -5.924998881860155109e-03 4.726444081240566142e-04
-8.084491773283408733e-03 -1.384420251343471131e-02 -4.610069368985891813e-02 -2.097126092994705537e-02
-8.653062489608717711e-03 -8.200257923950404759e-03 -6.421490948601560333e-04 -7.059863972394761489e-03
-8.289830272804055156e-04 -6.443263154662925984e-03 -1.279756129333170511e-02 -2.244946391077717873e-02
-1.581578781589265681e-04 -2.346228948625850297e-03 1.131613546398124726e-03 6.279471585109858145e-04
-3.351924706991582514e-04 -5.815322628318631004e-04 2.352868560530962938e-03 -3.513663378861830999e-04
-2.255134998667696067e-04 -2.453193729005764823e-03 -4.569236371812834818e-03 -1.129392588644817508e-02
-7.426396163193738076e-04 -6.921244907077683806e-04 -7.707510354852065149e-03 -7.576292096127534847e-04
2.613266204689601580e-04 6.695693603474273115e-04 4.057592590463232618e-03 6.048201115960161189e-05
2.159927959603097358e-05 9.884054872649761236e-06 -1.096280777591718270e-03 1.240725629478023340e-04
-8.235857438686211562e-04 -5.992820633426987342e-05 4.569367172518601361e-04 -6.925092995965081988e-04
-2.080503465356708936e-03 1.579577331225212600e-03 1.817202552374319602e-02 3.475212104933789181e-03
1.800861835807836958e-03 1.645048274819004008e-03 -5.879758317130501233e-04 1.266907228466007673e-03
2.622767835678385673e-03 6.219948521298368505e-03 9.509320745252680673e-03 1.491285105131961997e-02
4.257099135988873240e-05 1.500454958725319643e-04 -8.520004770672939820e-04 3.061007062274412327e-05
2.257452762427503146e-05 1.252757045176619566e-03 -4.725566681792470192e-03 -1.573577603428688576e-04
5.052521273625654175e-03 2.596159964302957590e-03 5.795688760213968393e-04 1.393011462461768435e-02
1.699075655280768427e-03 7.610541585422736510e-04 9.020279260850250225e-03 1.231118456166996333e-03
2.108415260765883481e-04 -3.612157392973713854e-04 -3.366005033149543912e-03 1.951783305805254720e-04
2.001851212690697324e-05 1.094019017452430020e-04 1.319352884782187818e-03 -1.452592188468382339e-04
3.266446868661621039e-04 -4.046127794109233289e-04 -7.371429468620016578e-04 6.597862040910118520e-03
-6.203229781480690264e-04 -1.111532621437261170e-03 7.374457036932180465e-04 -1.102415424820146761e-04
1.194223343365136136e-03 1.923118158164704994e-05 -6.624513872651172086e-04 1.964465996311948182e-04
1.198767334354977621e-04 2.027300350412319929e-04 2.501194433009445994e-04 2.385454901958350415e-04
1.269045339877122869e-04 -9.017919229692417105e-05 9.048762498998774717e-04 3.207320344081332486e-05
-6.581416950373827901e-06 -1.373185577590307904e-04 4.684266807335191185e-05 -2.230425958057091415e-05
-6.950545015988879305e-04 -1.387010222336504395e-03 -4.524684585659854985e-03 -1.487954473914579120e-03
-1.580369874784499917e-04 -1.426237821248793267e-04 -7.016492948604124980e-05 -9.482056745939958231e-05
-1.613557074437443895e-03 -2.343679499313839829e-03 -2.935605992072654047e-03 -3.644856577482563642e-03
-2.680425845273670671e-05 -2.499412991327377292e-04 1.906039396858738577e-03 -1.920768499361763526e-05
1.557731063779946301e-06 -1.858728637878226397e-05 9.783379985937867840e-05 6.506600869322920477e-06
-2.275000397073567715e-03 -1.599970151650420558e-03 7.428048481735172182e-04 -4.301299365922633955e-03
-4.599479807450568281e-04 -1.428824947068280116e-04 -2.520396798485147194e-03 -2.638391691136554584e-04
-1.236570499170974724e-04 3.202108006816750674e-05 6.721883456292654380e-04 -7.664615786730916147e-05
-1.242907301983453561e-05 -4.442755040147058909e-05 -3.643339131137457443e-04 3.805315056742801516e-05
-1.500028758979532473e-03 -7.430441055822634144e-04 -2.068449585838655347e-03 -3.714005268502046375e-03
3.023269565249897539e-04 7.444127771331909837e-04 -8.578113269738785185e-04 1.724457759542524782e-04
-3.570149725642679517e-04 9.938503163442469202e-06 3.114469416231335774e-04 -6.171531979168309867e-05
-1.155311819933391160e-04 -9.913189626869350901e-05 7.184169359553127521e-05 -8.690086851154132930e-05
-2.564954436870547916e-05 1.872127718625937742e-05 -4.164029610103370249e-04 -6.808167387989394470e-06
-1.414892605777873236e-03 8.289066903786335150e-04 3.189604956515601497e-03 -1.222209207588975666e-03
1.090443036566579593e-03 7.550059625888172476e-04 1.538961702654551011e-03 1.239336191464351922e-04
-5.460135611707328529e-04 3.963049725544953716e-04 3.604570906556650578e-04 6.117387885075376008e-05
-4.251684901520336179e-04 4.644672674058991646e-05 -1.957867531956480889e-04 2.104322814401593522e-05
2.988695446813349754e-04 -9.051992782210804833e-05 -3.041300083919118435e-04 1.118768415647036774e-05
-1.936574141941926896e-05 -1.368449372776692208e-05 -1.818153019924606539e-04 -1.335581815985198428e-05
9.407440694120190461e-01 9.404512319216009608e-01 9.414379165940013339e-01 9.401330866564482358e-01
2.176668488587232410e-05 5.392742343583369909e-05 5.971468016390865240e-05 4.052971024868022674e-05
