3.973834886270976585e-01 1.708895630125811582e+00 -1.325918371937409024e+00 0.000000000000000000e+00
-1.910118216782178968e-01 -6.419019782549671982e-01 6.661201453781806503e-01 0.000000000000000000e+00
-7.264377562687659662e+00 -4.315378981043505036e+00 -2.771286929317915870e+00 0.000000000000000000e+00
-1.708185581453485868e+00 -7.916216368801722858e-01 1.706062762063791927e-01 0.000000000000000000e+00
2.406330303866690834e-01 -9.882293884739157264e-01 2.953065691254026515e-01 0.000000000000000000e+00
-2.326607226105512627e+00 1.090151591478575099e+00 2.594478309298743568e+00 0.000000000000000000e+00
-3.808410192615676038e-01 5.745937822714095589e-01 -5.756849261101034676e-01 0.000000000000000000e+00
-3.659731636018887624e+00 -4.881145158158227138e-01 -1.591549480722337817e+00 0.000000000000000000e+00
2.984336602831711982e-01 7.875494227204730135e-01 -1.004644521333398322e+00 0.000000000000000000e+00
-2.552940081641506431e+00 -2.369886134447115378e+00 1.707986853321880716e+00 0.000000000000000000e+00
1.282047812120289954e-01 -3.293807120064752292e-01 -2.084874860149587006e-01 0.000000000000000000e+00
-1.945102839497436564e+00 -3.825189405236829598e-01 -4.453985814471474458e-01 0.000000000000000000e+00
1.743183490277810110e-01 -2.612345445078031458e-01 -1.176438604701147694e-01 0.000000000000000000e+00
-3.560969161931293758e+00 4.434924541575515078e-01 7.358639257638976972e-01 0.000000000000000000e+00
-2.073645283763912328e+00 2.282933814249148152e-01 -1.275358827906554748e-01 0.000000000000000000e+00
-3.921958325232247078e-01 -1.778711470920230631e-01 1.492847904004460657e-01 0.000000000000000000e+00
5.153169889860177655e+00 -5.529307060299210042e-01 3.598996270969437195e+00 0.000000000000000000e+00
3.142065734130218946e+00 1.406830009150968452e+00 2.779796381664929594e+00 0.000000000000000000e+00
-3.987111868566338924e+00 -6.740280467312779189e-01 -1.381472973765794032e+00 0.000000000000000000e+00
-9.669972575557801431e-01 -1.146795710838209192e+00 9.842646460616063520e-01 0.000000000000000000e+00
-8.917320286027530934e-03 1.231135451235731287e-01 -3.120593793989895337e-01 0.000000000000000000e+00
-3.078137847088359136e-01 -6.570586787383392302e-01 -1.947252812845231065e-02 0.000000000000000000e+00
2.201537227741208122e-02 -3.568213746488048121e-01 4.755952781584753958e-02 0.000000000000000000e+00
-2.320822570126637618e+00 1.898468255528546964e-02 1.145516108113451836e-01 0.000000000000000000e+00
1.388091421827782057e-02 -5.134857351699608774e-01 1.602009969079710439e-01 0.000000000000000000e+00
4.274280571270726303e-02 3.073396788904214638e-01 -5.386061683262083344e-01 0.000000000000000000e+00
8.092727169198866477e+00 4.394829866626913883e+00 3.042246750560896551e+00 0.000000000000000000e+00
2.077594092049585228e+00 1.073989245105245516e+00 -2.214722969338401293e-01 0.000000000000000000e+00
-6.828190950331866071e-01 5.950260219297754949e-01 6.030214058662649590e-01 0.000000000000000000e+00
4.373068451523865474e-01 5.736614961111622391e-01 -9.730481604615208724e-01 0.000000000000000000e+00
2.543030677189837441e+00 -1.199084727497820912e+00 1.473664808969778361e+00 0.000000000000000000e+00
4.465259603543819900e+00 -1.173333932347133679e+00 1.403084975135748369e+00 0.000000000000000000e+00
1.893182561624469740e+00 4.801251023971179199e-01 2.283021493580507766e+00 0.000000000000000000e+00
-4.349692085888400284e-01 1.530277652516934150e+00 8.839809193404862819e-01 0.000000000000000000e+00
2.256492161319615386e-01 3.390718639993143824e-01 -5.100446241088854027e-01 0.000000000000000000e+00
-3.411703476984001213e-03 -3.470298899006200779e-03 4.595105508953355178e-02 0.000000000000000000e+00
2.766575357399273516e-01 -1.591948444017602660e-01 8.578257138889927580e-02 0.000000000000000000e+00
-3.851386854218374900e-02 1.093869161259684725e-01 8.132650096295170050e-02 0.000000000000000000e+00
-1.779010019655186126e+00 4.775701321929909371e-01 -1.703739006158537794e-01 0.000000000000000000e+00
9.745387627766224914e-02 -1.413243107895031936e-01 -1.689516695577343852e-01 0.000000000000000000e+00
-5.732910059013319320e-02 9.555796996732711379e-02 -1.897802634370084063e-01 0.000000000000000000e+00
8.007418408271604449e+00 5.797632167657838842e+00 2.801914098872991588e+00 0.000000000000000000e+00
-1.540372906177533752e+00 -3.805760018267823064e-01 2.632090654130933224e-02 0.000000000000000000e+00
1.290026997641372519e+00 -2.982761167482497755e-01 6.271131208082035835e-01 0.000000000000000000e+00
1.889925143961773413e-01 -2.281392348030855943e-01 4.504301712688078135e-02 0.000000000000000000e+00
2.802734969005294730e+00 -1.256430810848307544e+00 -8.481281424072396602e-01 0.000000000000000000e+00
1.137845850910511825e+00 2.048996585058906472e+00 -4.175146292297478301e-02 0.000000000000000000e+00
2.673064417212692057e+00 8.449056527726250820e-02 -6.194703202837321676e-01 0.000000000000000000e+00
1.574211101652489342e+00 -1.281561557194917655e-01 1.445618991047818547e+00 0.000000000000000000e+00
6.404855938464358855e-01 1.229725569217660353e-01 -4.378016546575690393e-01 0.000000000000000000e+00
1.774026994740665941e+00 2.826799202523126997e+00 2.548743586787375115e+00 0.000000000000000000e+00
-2.027651677474683112e+00 4.265713810494625946e+00 1.074170237520227333e+00 0.000000000000000000e+00
5.470998874778358889e+00 2.803190431275859762e+00 1.184747577725752565e+00 0.000000000000000000e+00
5.062151316682867552e+00 -2.910213105874907003e-01 2.413610583137876908e+00 0.000000000000000000e+00
-1.529831183104740200e+00 5.664357525312654351e-01 -1.480571843303646773e+00 0.000000000000000000e+00
5.509012934140566919e-01 8.292101058758357679e-01 -1.014911390466253227e+00 0.000000000000000000e+00
