5.145296986602578393e+00 3.145451642261494207e+00 1.227293819092237337e+00 0.000000000000000000e+00
-2.652950435242766414e+00 3.106598399078916994e+00 -1.140138835945436080e+00 0.000000000000000000e+00
-8.009785383827661143e-01 -2.894919238049845855e+00 -3.831223749064637918e+00 0.000000000000000000e+00
-2.622561323406313427e+00 -1.818149064221387334e+00 9.679015743226659918e-01 0.000000000000000000e+00
-4.223200901656186113e-01 -1.556013202414677554e+00 -1.678609836992244864e+00 0.000000000000000000e+00
-4.962565949895978434e-01 3.489474442368753593e+00 -7.884156632174755819e-01 0.000000000000000000e+00
3.987099889001129993e-01 3.488591690527113043e-01 1.863743359641904185e+00 0.000000000000000000e+00
-3.267472577560605718e+00 -4.349728156485552333e+00 5.886933093246172755e-01 0.000000000000000000e+00
2.625632214499353245e-01 -1.674198821119329716e+00 -2.807600470166732531e+00 0.000000000000000000e+00
-3.216984824915458674e+00 4.146787923550457222e+00 7.307858113228159480e-01 0.000000000000000000e+00
4.557980955751576024e-01 -2.256886116552984323e+00 -8.021710387540945675e-01 0.000000000000000000e+00
-1.306161288390150110e+00 -1.833534320852374888e+00 6.846721004917806219e-01 0.000000000000000000e+00
1.468792304087490341e-01 -5.994610476847877373e-02 -8.869915197799671525e-01 0.000000000000000000e+00
3.100049601606033600e-01 4.215425503830908527e-01 3.157016470925969376e+00 0.000000000000000000e+00
3.307896018990037934e+00 -1.284976801160753190e+00 -4.710980020849682148e+00 0.000000000000000000e+00
-2.756493592430191875e+00 1.845778816131497635e+00 -6.116053773238108171e-01 0.000000000000000000e+00
-4.266793937674467907e-01 9.663385370843812217e-01 -7.041459358945271196e-01 0.000000000000000000e+00
7.983909473884415187e-01 2.563804067367151163e+00 2.719987118728868225e+00 0.000000000000000000e+00
-1.178715786742997595e+00 4.200020574704100285e-01 -2.771072498928679018e+00 0.000000000000000000e+00
1.459119805069954534e+00 -2.249230353394970627e-01 5.782332762841497775e-01 0.000000000000000000e+00
-2.375716889008692156e-01 3.392511383316098028e-01 3.354712237326502033e-01 0.000000000000000000e+00
1.087829960935391638e+00 2.410633140911687011e+00 -9.656440968739625763e-01 0.000000000000000000e+00
-5.223049658749508856e-02 4.719905484201568635e-01 4.990942986721051411e-01 0.000000000000000000e+00
2.435607330243672042e+00 1.505305735992769511e+00 4.160477042156436767e+00 0.000000000000000000e+00
9.822846818866317609e-01 -8.021702657324828456e-01 -1.979149205742483653e-02 0.000000000000000000e+00
-1.087653769314287588e+00 -1.137602091004324967e+00 1.489526010225685759e+00 0.000000000000000000e+00
-4.671183845943932544e-01 8.460335224148670674e-01 1.736098308134014667e+00 0.000000000000000000e+00
1.505157344212291415e+00 1.789049935434825711e+00 4.892164029183409535e-01 0.000000000000000000e+00
-5.764121760898662794e-01 -5.457396692157755469e-01 3.099740261325210078e-01 0.000000000000000000e+00
-7.831385625580504772e-01 2.977519207311852822e-01 7.537035743630168261e-01 0.000000000000000000e+00
1.540574831993382077e+00 2.752894502115533104e+00 1.302931960018450241e-01 0.000000000000000000e+00
2.598667947921485144e+00 -1.779186468135846688e+00 -2.912842573033391336e+00 0.000000000000000000e+00
2.139333537044915801e+00 5.073854764873979573e-01 7.757861647174099096e-01 0.000000000000000000e+00
7.384164952006102567e-01 9.574718059663859249e-01 3.202296699153742932e+00 0.000000000000000000e+00
6.951476013559291234e-01 -1.155122625613814513e+00 -1.455431619395193943e+00 0.000000000000000000e+00
