-3.979034778711326936e+00 -1.441353985469654875e+00 -4.191002873370278436e+00 0.000000000000000000e+00
2.669895977634269002e+00 2.551089854349724573e-01 6.209772589019892486e+00 0.000000000000000000e+00
-7.357563689954945696e-01 -2.569494212499631391e+00 5.337659082261412280e+00 0.000000000000000000e+00
-1.316918655324552878e+00 -1.417035012245691394e+00 4.663055549531020638e+00 0.000000000000000000e+00
3.080865066384239181e+00 -1.972007196238422244e-01 1.342935487757949575e+00 0.000000000000000000e+00
-1.523988789510233532e+00 -4.417586485803091989e+00 -1.504586173679323124e+00 0.000000000000000000e+00
-4.828536680042690321e+00 -2.812710636361314354e+00 -2.098094513617874135e+00 0.000000000000000000e+00
2.465146955668037765e-01 -2.195398281792929396e+00 2.762722036386391355e+00 0.000000000000000000e+00
2.923035392848971181e+00 -3.213669765737197537e+00 6.903227436513500459e-01 0.000000000000000000e+00
-1.768554016454856548e+00 1.557222073457920741e+00 3.086747035139838058e+00 0.000000000000000000e+00
1.913227084899056463e+00 2.046912092136077277e-01 -2.347160164496476575e+00 0.000000000000000000e+00
1.335796123120322143e+00 -9.108004324198571977e-01 -2.220954021598325223e+00 0.000000000000000000e+00
1.846442587843917460e+00 4.329477806857697786e-01 -2.910215615405936429e+00 0.000000000000000000e+00
-2.731682682895899106e+00 4.328669273599696332e+00 -2.454973590957342522e-01 0.000000000000000000e+00
-1.810441326192580691e+00 -9.823209689764704489e-02 1.204211642254100711e+00 0.000000000000000000e+00
-1.674039615308094309e+00 4.300024202931589379e-01 4.848843313052025650e+00 0.000000000000000000e+00
-2.341973362295806993e+00 7.198730318125049488e-01 -3.203033343281117551e-01 0.000000000000000000e+00
-3.461430901069762367e+00 7.288823921725434474e+00 -3.785696911729724334e+00 0.000000000000000000e+00
-4.765234345484001960e-02 2.399877118123508790e+00 3.131257496929747308e+00 0.000000000000000000e+00
-1.316406317833493267e+00 -1.316074173230822986e+00 -1.556717708798131650e+00 0.000000000000000000e+00
-6.747202817382274009e-01 -4.991797465082710439e-02 9.962232507350543553e-01 0.000000000000000000e+00
-1.939929025516785144e+00 -1.884307201676110655e+00 -3.441927914287747359e-01 0.000000000000000000e+00
-8.561176237951797496e-01 2.627741577083570479e-01 1.023249629170380537e+00 0.000000000000000000e+00
-6.779457103098004644e+00 5.676309181080547717e+00 -5.821020106402015948e+00 0.000000000000000000e+00
9.284386946710808663e-01 -5.517448006005156724e-01 -7.329588794629550152e-01 0.000000000000000000e+00
-3.059233830070078874e-01 -1.959319126427614410e+00 -1.281593167845561876e+00 0.000000000000000000e+00
-3.743997677762138654e+00 -4.771691599151751673e-01 -6.141121263983098100e-01 0.000000000000000000e+00
-4.134675638057141889e+00 3.396547776187909040e+00 -4.856885822127126051e-01 0.000000000000000000e+00
3.205414229852317831e+00 9.792158714314255219e-01 -2.255878171696359846e+00 0.000000000000000000e+00
7.002428054050747752e-01 1.239857739045639118e+00 2.532732170416671091e-01 0.000000000000000000e+00
-7.717482919933866370e+00 2.143689918231721947e+00 -4.112342712311916060e+00 0.000000000000000000e+00
7.133410166850991940e-01 -2.031199991381655412e+00 -4.170117057734052501e+00 0.000000000000000000e+00
3.642121655617498455e+00 2.629526195046898440e+00 -1.850060051762798752e+00 0.000000000000000000e+00
-1.073952288975598579e+00 3.142338761768720623e+00 -1.565048693976416994e+00 0.000000000000000000e+00
2.112108394444240034e+00 -5.114644638500334684e-02 -4.127734298342256025e+00 0.000000000000000000e+00
