6.722031014651175251e-01 -1.615482515255992624e-01 -1.001061298035709896e-01 -9.355153579186331614e-01
-4.850618375135063443e-01 -1.436290982555430210e-02 -4.501125448867392409e-01 -2.932357541234241749e-01
1.441092188756548931e-01 1.611182433176062273e-02 3.311757953117144132e-02 -4.067952296399235945e-01
-2.539049259336360609e-01 5.986157487652659093e-01 5.514653931119981589e-01 1.514344920837731312e+00
3.783440357904166995e-01 1.341411745097000341e-01 4.534659513949692577e-01 -4.068984773882941552e-01
5.288934822768321525e-02 1.190079909582194562e-01 1.604886148430618997e-01 2.386644128554437083e-01
1.941926442756483073e-01 -1.461758404668034306e-01 2.095311377581772216e-01 2.974565639506266401e-01
-2.066005457184015293e-01 -1.342595154856336959e-01 -1.059523315899819074e-01 7.827167065428364268e-01
1.996429684270868699e-01 3.681725166230552793e-01 4.948669747952114673e-01 3.820518414752221981e-01
1.791979973000897355e-02 -3.246570326308912402e-01 -2.939736817181104467e-01 -7.306771519166169737e-01
-4.029959998134153426e-02 5.522667111481132513e-02 -1.824805585318276246e-01 -4.668832843058842164e-01
8.977174370324822461e-02 9.379192517053869249e-02 5.863657122302198127e-02 -5.850171830143485741e-01
8.454462051285015212e-02 3.244114188657976072e-01 5.204583684132602084e-01 1.534948920146922635e+00
-1.155850535723653844e-01 -2.946024599456724680e-01 -3.856621714619892782e-01 -1.637216691661844137e-01
-4.087628662224074283e-02 -1.503248368989004158e-01 -1.367595514134505308e-01 -2.909746540137080340e-01
1.034267922614979351e+00 2.491645044243340767e-01 8.607062384515399289e-01 4.777581741800633885e-01
1.239577423045598592e-01 2.150718157046206391e-01 1.576862118119690681e-01 5.294690916052096075e-01
3.419781387328413476e-03 1.771980180753846392e-03 1.301495289044362624e-01 1.004255824677296599e-01
-1.644607104628732080e-02 -2.219169667280321973e-02 -3.193240275465347722e-02 2.418098167333371587e-03
2.342797028801719451e-03 4.874279459878850390e-02 4.333837742953734751e-02 1.147776431638202893e-01
6.072747960342654225e-03 -1.340330952217789508e-02 4.578735388115588029e-02 1.581972846437807445e-01
-1.235023968229105942e-02 -1.851529023932984089e-02 -9.052910173263796489e-03 1.553271287384146437e-01
-5.605153208646110330e-02 -1.034392612648364906e-01 -2.064483327613640395e-01 -6.284130267932998004e-01
8.122652033040885303e-03 3.798415596367732405e-02 2.815055414122122346e-02 9.836451704373835869e-02
1.717265336248694624e-02 4.915937613843723852e-02 7.639554216829771982e-02 -1.571055668611808301e-02
-2.348057964898135619e-01 9.756566128350185885e-02 3.634253768870385204e-02 8.480250256194446501e-02
-3.640411487248667449e-02 -7.721114942298296091e-02 -4.801430248179849869e-02 -3.143792391482603810e-01
-2.680562410533883846e-03 -4.527567091967133264e-03 -5.219910061153318348e-02 -7.500753252968772600e-02
5.102916477988857571e-03 2.017631683835782383e-02 1.130169998088985731e-02 1.157662663852213059e-03
1.745406361864021427e-01 1.557281716882813194e-01 -6.619158682055663601e-01 2.881892683336432226e-01
-1.674237490026613331e-02 6.820822359244056721e-02 -4.524355562933358998e-02 8.983990951436492123e-02
-1.099166248735108410e-04 -1.037715735259061613e-02 2.146475635224819045e-02 -4.032473485883699554e-03
1.709711869398946541e-03 4.940751902305508259e-02 1.231071156309215386e-03 -1.274584288621054794e-02
-2.151221507747178539e-03 5.746066643548224454e-03 -1.587011059466037280e-03 -4.290644298032829373e-02
-5.672274468681298698e-01 -3.234272553020227092e-01 -3.731181377360431872e-01 -1.456854799822347724e-01
6.625686491990572836e-03 1.778115036938811636e-02 5.542251298639816644e-03 1.743734672234584573e-02
