1.128340008996543548e-01 4.691166930104408855e-02 4.029994094757251288e-02 9.682487660734356849e-02
2.349462211554283544e-02 1.056952276014698072e-01 1.306880788857451951e-02 8.301466984147765071e-02
4.316586118890582136e-02 6.385217629567874198e-02 6.210433720820485864e-02 7.801465897629496216e-02
-6.740455278886148260e-01 -5.844103871168213615e-01 -5.812949091687524827e-01 -6.636607804574863323e-01
9.694726137058847643e-03 3.804172427443297533e-03 1.039752366434568143e-01 4.320994363086211321e-02
-9.141591739208431572e-03 -1.821660680727534010e-02 -2.033915821747545039e-02 -2.726101603369178450e-02
9.997078520249867706e-02 6.175324711126672916e-02 1.337767675318903282e-01 1.198753207242999330e-01
-2.352218627190935316e-02 -4.300770157406541561e-02 -5.410110300579604875e-02 -7.710844229508366510e-02
-2.883537017531702731e-02 -7.300103633835455796e-02 -2.539482660622045807e-02 -7.341734997561623344e-02
2.531663572547244723e-01 2.129193889508908255e-01 2.129452236237673601e-01 2.557631770090538770e-01
-3.107587387272365068e-02 -3.965128513073416794e-02 -5.596761024633464809e-02 -7.765114637485234783e-02
4.518651449209087944e-04 7.712712834011328789e-03 1.693490371558517560e-02 2.841459585790790179e-02
-5.292323314406385815e-02 -5.924251736763042758e-02 -1.374247782626040471e-01 -1.202808445867112747e-01
1.568514134675607144e-02 5.003648402395047268e-02 1.877694005837134833e-02 5.952676341077781097e-02
1.294149032509923219e-02 1.506815695160512725e-02 1.851731161447691537e-02 2.035134879555837092e-02
1.533995510741115002e-02 -1.229003534883071208e-01 -1.633198729817499084e-02 -1.118031360355580400e-01
-5.049689650893501858e-03 -1.017957411046749652e-02 -1.680010573716998745e-02 -4.061781312230548779e-02
7.372265964853893204e-03 6.670944588093644795e-03 -1.056832476382870735e-02 -1.042523713733412190e-02
-1.474839926066968910e-03 -6.723896527549986374e-03 2.535021125098313802e-04 1.053952693477875485e-02
-2.955390751021030882e-02 -2.366434270876328211e-02 -2.380531200237651773e-02 -3.143299222322154529e-02
8.145065969293451436e-04 4.802269516639293481e-03 5.300545135806297888e-03 1.125222624822209971e-02
1.035636749259759206e-03 -1.238001549710981020e-04 -1.922673822389854093e-03 -3.912778557172552456e-03
1.580733790313709058e-02 1.705728399212060389e-02 3.500355175778544631e-02 3.932640482197342219e-02
-3.689181541078600905e-03 -3.010451094987101443e-03 -4.113800651690029987e-03 -5.110261560559027638e-03
-1.161049868474999750e-03 -9.005974880478738454e-03 -3.780665294515844332e-03 -1.244208618958669160e-02
-2.546535405491254928e-02 3.023024366590985196e-02 3.584196774478363816e-03 3.440490002473012288e-02
3.101154269491855110e-03 3.490257847303128783e-03 1.015663697385411554e-02 1.743735508728463252e-02
-4.953237058920477096e-03 -2.168400558116775900e-03 4.726154098632983497e-03 4.112909601039757557e-03
7.465174106142157331e-04 2.468995376705055908e-03 -1.600987509567325731e-04 -4.942296638112354291e-03
-1.617755767183010063e-02 2.970000574693957771e-03 -6.201975544650274730e-02 -3.820208733347700992e-03
-3.447846572249310942e-03 4.723330861634747468e-03 -1.274947035957624437e-02 2.678040775472578100e-03
-7.473752533147506351e-03 -5.442715451239570762e-04 -1.600653097921003829e-03 1.009833709358374035e-02
1.136687197300834899e-03 2.948089687620548266e-03 6.882632171507476262e-04 -3.228299065222957689e-04
-4.769292936701561864e-04 -3.169730300323424059e-04 -3.783488311738205561e-04 3.071902199645729255e-03
9.440420006762868521e-01 9.502640548216588767e-01 9.516472124127512977e-01 9.418128393472304793e-01
1.756803369001520019e-03 8.471087378975339366e-04 6.723066888865678091e-04 2.210769246769313332e-03
