-4.207382963671267295e-01 -4.384110728596241069e-01 -3.594821124059285333e-01 1.561204806424234315e+00
-1.681398732458968759e+00 -1.765427753222128082e+00 2.745478887589543060e-01 -2.383835399490958906e+00
1.474861649430832811e-01 -3.741413283092911435e-01 -3.639599421673896384e-01 -3.432746850882450462e-01
-6.808574369108799651e-02 2.000462140351338680e-01 3.226304612818713946e-01 -2.182248636757779359e+00
1.697906802218512423e+00 5.540269141499051253e-01 1.497682107819359176e+00 -9.801499881646748014e-01
-1.227187580455461067e-03 1.316039339285231084e-02 2.297117475697718347e-01 2.824408686555511250e-01
2.697277333874201322e+00 2.149540607182014451e-01 -2.258778487338077845e+00 2.287737536934361771e+00
-2.151815439357270265e-01 1.058917934447104608e-01 -2.941142295273586060e-01 3.039751862001834892e-01
2.604108626332818366e-01 3.044380807649508802e-01 1.393469201523787504e+00 6.893264303550182825e-01
1.600749900005697113e-01 -2.543664664535698339e-02 -9.327917781336149405e-02 9.646599243962602488e-01
-1.195969904067179623e+00 1.415318568273772337e-01 6.661495539927263509e-01 -8.021487047827290384e-01
1.073658360807486084e-01 6.122487080564949224e-02 5.377785060367206160e-01 -3.591449688440363081e-02
-1.274113586124435482e+00 -9.151249432918091842e-02 8.697992486920961275e-01 -1.212053473261538894e+00
-1.961381131281795254e-01 -2.944363782447362854e-01 -1.269240468086016760e+00 -6.079108288959684803e-01
2.402077582850259060e-02 -1.874738867876979409e-02 -6.852958158790686261e-01 -2.780947608984000174e-01
-1.855894107426260820e-01 2.213580822699483974e+00 -9.613445222562341241e-01 2.970689714237513712e+00
-1.167771534412594681e-01 7.437264370792329160e-01 5.155636758798495256e-01 2.530893213119718710e-01
1.834790316007055277e-02 1.887791256569984130e-02 -3.644221516202823807e-02 5.969845612726980277e-02
-1.116454869915517595e-01 3.454666023369593053e-02 -2.320357326752540694e-01 -1.682567628699035422e-01
-3.082378658468111141e-02 1.283061350780124402e-03 2.668209820105531607e-03 -1.339390919246841449e-01
1.632496290022563412e-01 -2.737273212754341364e-02 1.138776661811256447e-01 1.360471084847921508e-01
-1.815262440514425757e-02 -1.888928702347324878e-02 -1.335370937311025352e-01 -8.897164329498956706e-03
2.464402500924643136e-01 -9.236646594996365811e-02 -9.196654039409636328e-01 5.027114811172896935e-01
-5.423050052867526769e-03 7.823810961158854382e-03 2.231374261859923602e-01 6.633396746763685348e-02
3.710882635351164804e-02 6.510710268660220568e-02 1.177660444903594616e-01 1.330268484331491308e-01
5.115808018149051867e-02 5.630900609487126535e-02 2.640548286374814868e+00 -1.446321190452795724e+00
4.238929314511534485e-02 -1.908787879790189435e-01 4.552745147981544505e-01 -2.091682309322218103e-01
-7.754645289129687320e-03 2.650442014699711316e-03 3.597130173753752824e-02 -1.195318360947457068e-02
4.669128782390306875e-02 -1.509360998829593209e-02 -2.264373819747435984e-02 5.866611088295503595e-02
-9.602912704460520033e-02 -1.166746176408376412e+00 -1.468462684672653173e+00 1.809441900576259865e+00
-9.150947172221909898e-03 -2.460684224426638311e-01 -1.075083779166128517e+00 -1.440837069492124922e-01
-1.374340585652967552e-02 -1.840452050818593057e-03 -2.381130112096399298e-01 1.983084916524698385e-02
8.032209508948168555e-03 -1.692460592741610106e-02 4.452837519979124248e-01 -1.338192145769288854e-02
-3.592772703057500738e-02 -3.067992901806862807e-02 4.250115560900596945e-01 1.256010638654037059e-02
9.101041045494225046e-02 3.101276480482428322e-01 4.725581781925271285e-02 -4.135668688034999096e-03
3.615712101483223306e-02 2.914915117838723368e-02 1.972481897313426158e-01 3.356399276983203922e-02
