5.460911831959796459e+00 -1.896832888420657559e-02 3.941596162258423908e-01 9.598173821579696410e-03
-2.862244683858836680e-01 3.855024794724248860e-02 3.604683278731497964e+00 1.498528207234333873e-02
-8.667991104430705640e-02 3.054659931725231536e-02 6.079088292017178041e+00 9.329063560227994489e-03
-6.866631279994575010e+00 -1.958770982470434130e-01 -3.077951406798897782e+00 -2.038498294371724195e-01
1.669585931257771882e+00 3.204609756381809893e-02 -2.449416457548629467e+00 -4.341948707429151705e-03
-2.450167486234633429e-02 1.244194754024640151e-03 -6.766944252276106297e+00 1.006612275867943551e-03
-1.070662006243565223e+00 1.522629105703643404e-02 -2.268957030343313086e+00 -3.872211458722665117e-02
-2.064681713044074218e-01 -2.754944991160063889e-02 -7.502671363035871011e+00 -7.451589292761504058e-03
7.776695419824058986e-01 2.081903281986173873e-02 -4.640307332673242691e+00 3.891843596943909966e-03
3.438258370268615138e+00 7.113578098706664632e-02 1.819620345127343830e+00 5.887655784883116805e-02
1.741672295099560230e+00 -1.193452315320100987e-02 1.087301274256960326e+00 6.947316515864315756e-02
3.788803929484081401e-01 8.691187561193448874e-03 5.479458091524396224e+00 3.968311973807217563e-03
-1.688043827372363026e+00 -4.739607162489251069e-03 8.763088413983035618e-01 1.500934498537308259e-02
-8.291921044756540571e-01 -1.347383055165742027e-02 -7.591515344619096384e-01 -2.088930992790394292e-03
-3.415568413604036513e-02 -1.015955666520443681e-03 7.634018913592250932e+00 -2.306212694035601751e-03
-6.917380145923688328e-01 1.078943989743193915e-02 -4.224220952555707065e+00 3.841100631019292444e-03
-4.098814496027105569e-01 4.691367641339747041e-03 -3.032383086421727825e+00 7.675018945572736895e-03
1.150663851167657015e-01 7.632763045325244300e-04 -5.749115326297960848e+00 3.608306471930750048e-03
6.428710354808997440e-02 -1.606724287272244533e-04 -6.408246164046109250e+00 -2.815069522009439051e-04
-6.171365363387363301e-01 -7.705995974834972499e-03 -2.932630631545823929e-01 -1.866652840529920299e-03
-5.436766600073057454e-01 1.554861014306352374e-03 -1.966665552920486004e-01 -2.758735419861790134e-02
-1.093360223816488563e-01 -9.489134018739377868e-04 -1.111148518938863461e+00 -1.146484142807685513e-03
2.694551004099114966e-01 -7.910874413043431086e-04 -3.760653597825436290e-01 3.062528620802189294e-03
1.359276724270927494e-02 2.051480157521001942e-04 -2.246810271539213755e+00 9.327873245172438321e-04
7.480504253060826780e-02 2.267002088009435409e-03 3.293384942129504167e-01 1.079001905789342408e-03
5.660100308062721020e-01 -1.033016119732915739e-04 8.317464624949619800e-01 1.268508599360862119e-02
4.861788745969499725e-01 -1.374805510451472534e-03 -1.570210931277160604e+00 -2.385136473756779840e-03
1.626904512358429145e-02 -2.531746342073482037e-04 1.325606767345032688e+00 -2.082060897397125521e-03
-2.330653175225332052e-02 5.140804595666660648e-05 1.246679037312519611e+00 -1.701957184509911292e-05
1.849515084070629811e-02 3.665352257547146997e-04 3.564458563901192978e+00 1.179848042503085087e-03
-7.101761962663011296e-02 -1.559229112975282858e-04 6.697536957924765666e+00 8.074067437796247915e-04
-9.185318254134955396e-02 1.514485192548728140e-04 2.929579938241047010e+00 8.653071747515388157e-04
-5.199975344430712854e-02 -5.336055221645367996e-05 5.833174741039483635e+00 -1.285384459244302835e-04
-2.083893331441634411e-03 -9.189762752657504655e-05 2.312042616242102611e+00 7.378712707658517667e-04
-1.138139759288910868e+00 3.790692633594263672e-01 1.431174444322543593e+00 3.690504145144243298e-01
5.531764377975412032e-03 2.712813638403799776e-04 3.450079256785997840e-04 1.062537032425200229e-03
