-1.946270866331503813e+00 6.789869971251152880e-02 5.538904807089787274e-01 3.431865416598134377e-01
-4.953243584765141400e-02 1.058962942667636756e-02 2.498214050999731928e-01 1.025246272300970596e-01
-2.305788923149232617e-01 5.752781988397032836e-03 2.364720207817374437e-02 8.515007692927760441e-02
4.060530749391253913e+00 -5.235455753661588663e-02 -5.711637487721141770e-01 -6.370935746522402576e-01
-4.994035740722134742e-01 -1.062796035898771058e-01 2.168199027249769484e-01 -1.932451008042875354e-02
2.939856519652703226e-02 -1.639801508361745652e-01 3.031986375280898080e-02 -5.613450067111868530e-02
5.291565808860799747e-01 1.898476284552273394e-02 -1.280994676115541631e-01 1.176288521415984473e-01
9.036712417239967099e-01 -3.899105489674290631e-04 -1.451627931181486038e-02 -4.660310269272901346e-02
3.751700577974353967e-02 -1.284075986230222011e-01 2.372004566983553497e-01 -3.510725510219844803e-03
-3.086046866551220624e+00 2.369841391382129965e-03 2.265637085435130149e-01 3.572593778440119050e-01
-4.197545324377731091e-01 -6.490187691060451958e-02 -1.551526121271655685e-02 -1.932887976405885389e-01
-1.009037394473374150e+00 -4.905561027728783108e-02 -2.630957687016675928e-03 -2.346592643754193824e-02
1.114582065950088463e+00 -1.452401615925635048e-01 -2.472890688539671478e-01 -1.681476584611559244e-01
-2.804036140499139851e-01 1.180055023461119845e-01 -1.739806453008111986e-01 -3.169292940306649153e-02
6.629022913624954549e-02 1.054243850026669316e-01 -2.046678808361022950e-02 5.211217574582539119e-02
2.034924245898616646e-01 2.305514999484968852e-01 -5.314659506676333578e-02 -4.985860176898490592e-03
2.855321483853989761e-01 2.000118007153293409e-01 8.177163489572093769e-02 6.359001269929076550e-02
-2.453585194408946513e-01 1.066848051824793864e-01 4.923635534426434868e-02 1.063344944271971959e-01
2.966643471430097101e-02 2.667188408496218299e-02 -1.598493080470213268e-03 -3.978708682310626299e-02
7.735177107702254640e-01 3.503926602701322533e-03 -3.012424130393162591e-02 -6.171066234623912017e-02
5.579562298574815282e-02 1.303472717501562989e-02 1.041319141280853261e-02 5.439332077282859473e-02
3.370810532597331433e-01 1.118530434824660004e-02 1.650873467262633934e-03 1.164443365857620663e-02
-6.004038158659213975e-01 4.052770748475587048e-02 5.052544344897617890e-02 3.971604981880981489e-02
-7.428404887753349561e-02 -3.514026295791957549e-02 3.422866390981758357e-03 -1.183157412362823187e-02
1.323609354136878746e-01 -4.720224198466051180e-02 3.101737451420782249e-02 1.101056677925082994e-02
-1.100954577938802470e-01 -4.892189815985954759e-02 -1.540426116360183242e-02 -5.833829780965364004e-02
-2.170292794424266147e-01 4.272523975942951746e-02 -3.287848130038432959e-02 -5.369748929562662837e-02
1.318371258982217187e-01 5.152616073872028774e-02 -1.689255868962735024e-02 -4.667796462422370285e-02
-2.583045684721518853e-02 1.572580733668424435e-02 4.998919922901523104e-04 1.896759375723170923e-02
2.242030888099450503e-01 2.256412905683261860e-01 6.403489633332204445e-02 2.088731994159497285e-01
8.614776932663735509e-02 2.905481316224599597e-01 6.012340756342258487e-03 5.042998644450001622e-02
8.141077983161311427e-02 3.823666727091719619e-01 7.103113021283444933e-03 2.391973863288289134e-02
1.355701085434017628e-01 1.615935175587331352e-01 4.412751887318003274e-03 1.311526802764721375e-04
-3.130149533168075093e-02 1.107045931190628330e-01 -2.148140817158200253e-03 -1.390698573124260658e-02
2.437014702286044998e-01 1.217492201880190222e-02 -1.554417521469179109e-01 -1.768671509827445323e-02
6.960095082373989051e-02 1.364364325372565377e-02 5.563200260987373989e-03 1.252714190174942024e-02
