-1.929409789663688812e+00 2.350685010887114679e+00 -8.349736890127794631e-01 0.000000000000000000e+00
-3.072079821628580509e-01 -2.258311207154718225e+00 -7.663609509714699453e-01 0.000000000000000000e+00
3.621691252175943898e+00 2.387814897246554047e+00 -2.960162343673122254e-01 0.000000000000000000e+00
2.108499785296019391e-01 -2.965396195813996272e-01 6.073667001020788270e-01 0.000000000000000000e+00
2.812442520617739958e-03 -8.256752454135672936e-01 1.781713830280467203e-01 0.000000000000000000e+00
9.764958426049509255e-01 -3.646738012308811783e+00 -6.108268649304537945e+00 0.000000000000000000e+00
-1.271056937564941647e+00 2.233390581023544819e+00 2.501331688724293678e-01 0.000000000000000000e+00
1.948707832422207797e+00 2.933222875669360796e+00 -4.456906035085841822e+00 0.000000000000000000e+00
-4.704054518865782297e-01 4.707121212455945836e-01 -1.171129240199109800e+00 0.000000000000000000e+00
3.380799311693147402e+00 -1.290320301667244207e+00 2.532461297277229129e+00 0.000000000000000000e+00
1.220629891415789675e-01 2.415464165802533036e-01 3.973630124298592192e-01 0.000000000000000000e+00
5.622024787324410022e-01 -5.001780122510474103e-01 -1.244077931170303852e+00 0.000000000000000000e+00
-2.943545558267788853e-01 1.659163343637663074e-02 8.252532536909198413e-01 0.000000000000000000e+00
6.256066746596637973e-01 7.326464667708294520e-01 -6.003188230858982344e+00 0.000000000000000000e+00
-1.204542910038949588e-01 2.169224345346152827e+00 -1.574569190883754244e+00 0.000000000000000000e+00
2.798090305762239716e-01 -1.364794512735871379e+00 -5.636095928170374858e-01 0.000000000000000000e+00
-4.144537604195418723e+00 -3.477361814354892999e+00 8.226391920020217796e+00 0.000000000000000000e+00
1.600146278751401585e+00 -7.492122919383546742e-02 -2.458827761121072097e-01 0.000000000000000000e+00
1.392932899799857571e+00 -5.610889197308933062e-03 2.033670327987579185e+00 0.000000000000000000e+00
-4.943886588226821255e-01 3.412659194151140274e-01 -8.034534581345511572e-01 0.000000000000000000e+00
2.973502121484234428e-01 2.145342522680987185e-01 2.214751903062532890e-01 0.000000000000000000e+00
-3.735420813013952124e-01 -6.207182017616511560e-01 8.264975667657682434e-01 0.000000000000000000e+00
3.693084275751421508e-01 2.386544044034876744e-01 2.461688990497756802e-02 0.000000000000000000e+00
2.530517282503107479e-01 2.053703104891837938e+00 -1.706635125465571612e+00 0.000000000000000000e+00
2.355238167858241527e-01 2.979627317537094644e-01 2.725586578893022249e-01 0.000000000000000000e+00
-3.255948427955656088e-01 -3.445768653698635386e-01 5.098132184148961715e-02 0.000000000000000000e+00
-7.200225751564107490e+00 -3.466535181511378294e+00 9.199809702132865752e+00 0.000000000000000000e+00
-1.639133180143536928e+00 -1.887374276922416216e+00 1.095598393925606429e+00 0.000000000000000000e+00
3.584478589563308559e-01 2.269676455653795999e-01 2.409333875459993557e-01 0.000000000000000000e+00
-5.223452297156150337e-01 -8.617900508050985176e-01 -6.115050322521470294e-01 0.000000000000000000e+00
-4.837177783024422695e+00 -3.222588015588730426e-01 7.754790985819249860e-01 0.000000000000000000e+00
-8.213370950462126618e-01 -3.883654511740705084e-01 -1.815904609323043095e+00 0.000000000000000000e+00
-3.793006053878411610e-01 -2.462521092986458715e+00 -5.428238886991508805e-01 0.000000000000000000e+00
2.141743272304000023e-01 5.738614863563110680e-01 -3.239803510374556633e-02 0.000000000000000000e+00
-2.578596324885280566e-01 2.643676069597325484e-01 5.203782450790015446e-01 0.000000000000000000e+00
