4.486763165920348850e-02 -3.293705723202466906e-01 -2.278398828563167999e+00 -3.028305294240489151e-02
1.077664669913224182e-01 -3.543369969155358429e-02 3.508935423361378980e-01 1.116021159360358617e-01
9.226276424022006317e-02 1.324955376730231615e-01 -4.175172310366350170e-01 1.286467620507217302e-01
-1.582225967323289961e-01 4.091438595902791020e-01 3.139388330690834117e+00 -3.910897918432151149e-02
6.044790612245422301e-03 2.284487117719383453e-01 -8.278677818846525982e-01 -4.886303613352622338e-02
6.028818853615976886e-02 9.323810876287784433e-02 1.742928196488456594e-01 5.041956839195498724e-02
2.020351690736335026e-01 5.130416675622162526e-01 -9.382525196013856705e-01 1.158875071055073397e-01
-7.055133024185025747e-02 -2.866525944994796071e-01 1.481061934033643945e+00 -1.183802776973420234e-01
6.700794220302028203e-02 -3.536356789977619652e-02 -7.620737133488516939e-03 7.094334460464092607e-02
6.325437535125240374e-02 -2.837476610168847557e-01 -2.179952062440554172e+00 -2.226029383774496412e-02
-5.643317163861437391e-02 -3.005514705154404553e-01 1.360415673139887094e+00 1.995788539643902210e-02
-1.198366375628859976e-02 2.552537037632240380e-01 -1.576926148025662666e+00 1.901588657739806607e-02
-3.530618234070390105e-02 2.467528813253542716e-02 1.679380650795569752e+00 5.100864715474945355e-01
5.445008722168610815e-02 3.866392940338057027e-01 4.399185005852346286e-01 6.088126312462011774e-02
-4.498733882549679763e-02 -1.089608125922661985e-01 -5.164623050250064518e-01 -5.998146071568555282e-02
5.058626742707272861e-02 1.017836280521265263e-01 6.514966268059089183e-01 3.570548103604931911e-01
1.421614665220304607e-01 3.339764787249140943e-01 -2.116336635845466468e-03 1.185893772300677385e-01
7.581611483891395609e-02 -2.470956977897291462e-02 2.094559297870859232e-02 3.380874339407140966e-02
5.187783133556105736e-02 1.984835151412040269e-02 -1.489765543164829620e-02 -1.117225599436987710e-02
-1.720201660401774260e-02 7.782274423727561508e-02 7.065151220377303698e-01 1.292187752888746509e-02
4.798930459326788273e-03 5.723989689834103889e-02 -6.360236347164878179e-01 -2.083447993723835240e-02
1.349195111051543564e-02 -1.046103303050065492e-01 6.608250615597179856e-01 6.015189923079171906e-03
1.466561829631859992e-01 1.696301843878479654e-02 -8.507763765880588247e-01 -2.286668510851286307e-01
1.607225917335407955e-02 4.283990022096573203e-02 4.005785551502679120e-01 2.431751885172792407e-02
-4.580326145714128799e-02 -2.595563599617505268e-01 -3.475529267051325477e-01 -7.433204810804361351e-02
-3.822868223073607741e-01 -2.055331965294114049e-01 -9.180025190693267279e-01 -5.468509540220682918e-01
-8.540741230155504682e-02 -3.155590675566595782e-01 1.222085306307871128e-01 -2.852391305219146439e-02
-2.101983170623380331e-02 8.746487679935938120e-03 -2.872885575322232099e-01 -2.833397206637188956e-02
-2.431335003187450397e-02 -1.995203409892057356e-02 7.430389627244196604e-02 1.217430895381701149e-02
3.169641783726566686e-01 -2.392253309726408150e-01 1.888874542993591032e-01 -3.358751374657272804e-01
1.304439455437185758e-01 -1.605393735910100039e-01 -2.363989375170075513e-01 3.943086490889876478e-02
3.469136686982736417e-02 -1.611670627609401024e-02 2.229067638040710675e-01 -6.755321163796463267e-03
2.285255339442053557e-02 -2.648795320337342732e-02 -8.788235792394147317e-02 -1.910432222433863791e-02
-4.570341459550651686e-02 -1.330854696463706910e-02 8.730165957913914310e-02 1.204779457081356277e-03
3.130941172932847662e-03 -6.548579136001328807e-03 -8.462408851298393320e-02 -9.052451903564524404e-04
-1.456465900366483296e-02 -1.650991160560284082e-02 7.452634631003619836e-02 -1.264190895697892870e-02
-2.190296741876739724e-03 1.496767462112890724e-02 -9.406913295370526729e-02 -1.595069720061527505e-03
-2.124989244500736368e-03 1.893056300528906874e-02 1.796422595230164898e-01 5.523658278487318662e-02
8.926961076535736700e-03 4.657264004119267969e-02 6.827763915998026623e-02 1.386669565365551172e-02
-2.214554739357531450e-03 -5.833791128634847195e-03 -8.881334154365669309e-02 -3.546017254674179581e-03
1.840232459866050774e-01 1.294898090638728350e-01 3.474548860805898864e-01 2.022694703611984668e-01
2.490350332949003292e-02 7.595424253914598300e-02 -7.499380941874335404e-02 8.025320984076371456e-03
7.489405964810810432e-03 -7.308613605335780028e-04 1.398899204423130205e-01 7.111993429340322456e-03
2.730444844440512581e-03 5.534530199975669883e-03 -2.957630946943441350e-02 -4.611161623047119011e-03
-1.442528515568988201e-01 1.969291192981976191e-01 -7.147346202057519582e-02 2.601117816431769425e-01
-8.196225738911633307e-02 7.197608960268370160e-02 1.777072108126732664e-01 2.714268894866612991e-02
-3.197433826222964570e-02 7.278759746111720247e-03 -1.964888209988162882e-01 6.875854824798641532e-03
-9.049555456122470448e-03 1.381499216047418245e-02 5.593520456407460179e-02 1.610847121880999711e-02
1.483182762601957874e-02 7.379260893202961580e-03 -4.717797388426153010e-02 2.355436750535316870e-03
2.963855153531743114e-01 8.586274536145239999e-02 -2.294318134426305902e-02 1.048130421341751939e-01
-3.109759973562276070e-03 5.929891157428451853e-03 -8.725392496852284185e-02 -1.696584693537789845e-01
-2.285887972247643840e-02 3.189373609356858930e-03 1.077472703509463475e-01 -2.074203316323923463e-02
-7.924332358794862474e-02 -7.213411460008870707e-04 1.711824598624347299e-02 -9.403497582277516378e-03
-1.031946272785654040e-01 1.073313697830955565e-02 6.900196316146936515e-02 -1.275274144002788018e-02
-1.176451411539027568e-02 2.866122071836776572e-04 -5.917628095966850910e-02 2.228316173869717386e-03
1.117448237589758857e-02 6.898247305748972380e-02 6.445979028000646815e-01 1.826676000809234965e-02
2.354840978811204803e-03 2.780279773857477748e-03 9.487263414009730264e-03 2.824734842245476673e-03
