1.519597616932762962e-01 5.076478776026637635e-03 -1.609517449594352612e-03 6.618393537497316292e-02
-1.617568504663156881e-01 -1.484849170278236263e-01 -1.478660574551410034e-01 -1.474393121225787695e-01
-1.484278641234018370e-01 -1.480493550767340016e-01 -1.482664002118359026e-01 -1.357664803347582438e-01
-2.102339516921735152e-01 2.263925673985270337e-02 2.517828021284736206e-02 -5.231262348041858246e-02
5.405200441466655181e-02 5.253542367149106190e-03 6.596538628569735205e-03 1.304318791969752700e-01
1.083271922394705988e-02 -1.660062118437900455e-03 -7.284552169323083026e-04 -2.225924511194458943e-03
-2.453375021392535660e-02 -9.702279646243669453e-02 -1.091429460273859176e-01 -6.392850816408736370e-02
8.631900862525045126e-02 9.373829384402186660e-02 9.520102652687355282e-02 6.553285369819701611e-02
-8.441140835431099054e-03 1.381210797337342755e-03 -1.982532492082897391e-03 -1.833582407596787839e-02
1.662057917135413843e-01 -8.419303114911791397e-03 -1.256078109943520316e-03 4.617173540584532804e-02
-1.540134920506282257e-01 -5.234763947089171587e-02 -3.309028015376706822e-02 -9.489626227248354473e-02
-1.906056559519398591e-02 -3.068054821082091127e-02 -3.224411433199129984e-02 -7.266430015114419202e-03
-1.530495984651653596e-01 -3.986682285318162572e-02 -6.053063920321444941e-02 -2.584137993057059601e-01
1.018301687518996523e-02 -1.340505175616436839e-02 -5.803870047077323846e-03 1.280539516780512463e-02
-8.540588306237939520e-03 4.364019404267952679e-03 2.364157367425449852e-03 3.184745249958789888e-03
-1.778981379893135317e-02 -4.640206380550199877e-03 -4.655537400091877553e-03 -1.199020161363420628e-01
-1.116893191886875192e-02 -6.477212796069459905e-03 -3.744058665528626761e-03 -1.372460339355384418e-02
-1.041086902185074659e-02 -1.365555569181713114e-03 2.168693665659304770e-03 2.048160668346446153e-03
6.650813257640594833e-04 1.583962264061482272e-03 1.389726604649064307e-03 3.458369482037471770e-03
-5.488847285313846330e-02 7.425197511237494746e-03 1.918809525566292362e-03 -1.313465625568720901e-02
6.072344519433760246e-02 9.486194276866907749e-03 -7.431115578996195029e-03 2.077396953789668529e-02
8.838219964206195378e-04 5.927479196807949532e-03 6.117082617998420915e-03 -2.544293771224110171e-03
1.201150454565274861e-01 2.805347185732490201e-02 4.213639494363525390e-02 1.515244825726121403e-01
6.380717146345568636e-04 -2.339020319588942798e-03 -1.407949027286702764e-03 -1.000305910432041983e-03
-1.386048037711849062e-02 8.371177268324769133e-03 3.610257767752565045e-03 -2.776928803793732650e-03
-1.888354950725504300e-02 3.134998986748162297e-03 8.132406019050586465e-02 1.395114330870182995e-01
1.486447205153557105e-02 2.343740576282166491e-03 7.208525474685964496e-03 1.018719493061874190e-02
1.830800438365254301e-02 2.060846246635036905e-03 -4.027874013554921806e-04 -1.456460681663372583e-03
2.555490633849868964e-03 -1.062530588177099805e-03 -4.909144444018914352e-04 -3.618167858249220215e-03
-1.797538812626524318e-02 -3.746285734526257766e-03 3.158249165749968390e-02 -2.308587035483869107e-02
1.070019634050076163e-02 -1.029706704248536595e-02 -3.381051357702301308e-03 8.315848703608214043e-04
-2.885738641185874032e-03 -4.489382667353217921e-03 -1.292817693492265274e-03 4.162952342864367251e-04
1.336809767088745216e-02 -1.094838680834424316e-04 3.174988794198377318e-03 3.188273179064279178e-03
-1.107512454601716767e-02 7.536846874346588010e-04 -5.021300585682994533e-04 4.909250406247029491e-04
7.973565522301129596e-03 -7.165229551024639501e-04 3.352136192086320726e-04 2.225316976201255001e-03
-1.356204521258036130e-02 -4.579231809641566044e-03 -5.502683112718616092e-04 -4.485771259740730169e-03
-7.596094618539557530e-05 -5.600406270348835813e-04 -4.869207177206057191e-04 5.697638984363042345e-04
-3.920062479308471237e-02 -1.500008575737224806e-02 -1.595192290759006939e-02 -3.592972912867380131e-02
4.371042013716085889e-03 -1.752117686906165712e-03 -6.925405918019322815e-04 -3.791868553887226337e-05
2.197576202420409991e-04 2.877856355307847197e-04 2.310619686549523263e-04 3.922782035897234496e-05
7.524711346833256459e-03 -9.356733640062783047e-03 -2.863839617129966542e-02 -4.572063305217186069e-02
-4.086891895988653545e-03 -3.488815560168822714e-04 -1.516231974744871452e-03 -1.677359078190293227e-03
-3.792895890369621902e-03 -9.894851873696666744e-04 -8.038813022975474509e-05 4.795489004783900383e-04
-9.636036525718233436e-05 1.724601139743080040e-04 7.353805162209781782e-05 9.222272987354568005e-04
-5.438494896436218973e-03 -3.776236990928685117e-03 -3.852307461698360747e-02 -6.544615064244013042e-03
-2.225356928142498136e-03 6.247452700558507599e-03 2.012633498177244899e-03 -9.331924622983651767e-04
2.214364517124423060e-03 2.103613351627873357e-03 3.167077997442129672e-04 -1.219986714203827750e-03
-7.891419192272847161e-03 5.090929202680900822e-05 -1.210066385487663584e-03 -1.386141322263715302e-03
2.500686375696618141e-03 -1.884565800165174942e-04 2.866328234592820882e-04 -2.997103938709314366e-04
3.327410605435748847e-02 2.077659031430516973e-03 -9.135640831061021816e-02 2.060423609884315041e-02
4.669077020793971355e-03 8.449954513756685603e-03 -2.156933323573695382e-03 7.592150890080901979e-03
-8.249983346111759708e-03 5.419063449767648477e-03 -2.364626774831485312e-03 3.936193197328116677e-03
-1.908734340216586278e-03 1.561662337310681242e-03 -1.792713198358886206e-04 -3.945041993050893078e-04
-1.442037810797436315e-03 -1.160303529765330244e-04 6.152767533572842118e-04 -1.761560902759293223e-04
4.641126285251484518e-03 -6.903006788365577406e-04 -7.649957204352124396e-04 1.775550334799334828e-04
-1.441992141819458118e-01 -1.086917243892745744e-01 -1.066270224349230161e-01 -1.320215312503088545e-01
1.063425074510734609e-03 4.513927159841555942e-04 3.381232535515685364e-04 3.557593461367523783e-04
