-2.792692422912373407e-01 -2.866701140990161045e-01 -4.834310602607988505e-02 7.308086102510795712e-01
-3.765024442589630371e-03 9.387279817752689492e-01 2.422628235372903949e-01 7.056233785228127608e-01
1.936023722310528106e-01 3.818450130253497887e-01 2.374553127343060344e-01 4.584111701532198047e-02
-2.038787017060260665e-01 -7.524319025489734081e-02 -3.785375706060037371e-01 -9.274972229599368623e-01
-1.923386733568649976e-01 -1.351525312401851586e+00 8.518016783646246981e-02 2.111365688893275472e+00
2.665105851086268032e-02 1.730709644494533850e-02 5.408249556737813879e-02 6.652454829446878548e-02
8.616669036389921210e-01 -4.040292069473475634e-01 2.730320703131186022e-01 -1.775238864608409850e+00
-2.913872019737194230e-01 -2.448969826047344700e-01 -3.967701706516822413e-01 -1.418731236278953645e-01
1.450439940954111606e-01 -1.291424590971394171e+00 1.989716999344772752e-01 1.951534005033518926e-01
1.502029149605960123e-01 1.711273935232554277e-01 1.902669474835508023e-01 1.506752275089338622e-01
-7.142144355122183041e-01 -6.116929906154814356e-01 -8.235525235621871110e-02 2.162815674011645761e+00
1.208363928326064429e-01 -3.260869456759229457e-01 3.698029011213759265e-01 2.044221981788288678e-01
7.249976961820270294e-01 2.108220102786181105e+00 1.605706338587251647e-01 -1.525526957541622375e+00
-1.610479137663895777e-01 1.579794358032087676e+00 1.959614460329256458e-02 -9.506178547159034320e-01
-7.567299090135828910e-03 1.212042587772243218e-01 6.602518746008775863e-02 -5.974707503101545081e-02
6.073513346698213855e-01 7.190976434214981783e-01 -2.959849084959378929e-02 -3.119272201795685096e+00
3.180926023112894130e-02 1.927223602888470833e+00 1.355373005633105921e-01 1.111877638218741415e+00
1.723943166155087608e-02 2.110813232560643238e-01 1.266811689175348365e-01 9.918232615969688193e-02
5.467317173310536071e-02 -1.258704022839692849e-01 2.571867199398693293e-02 6.664063083328830572e-02
-1.584185681157976311e-02 -1.425749077364673462e-02 -3.096089299810133796e-02 1.560458642062838124e-02
1.435898927018537385e-01 -1.848342563007421280e-03 -9.590376162302532981e-02 -2.974427472196305988e-01
-1.490564447861094689e-02 2.642925068955143120e-02 -1.732396236796505118e-01 -3.010402065174840394e-02
-3.520140273804427955e-01 -1.164443045388525722e-01 -3.292939483076216811e-02 -1.084686075576757336e+00
-1.451241945223505185e-03 -2.353397225680009530e-03 -1.450923161566916308e-01 6.281983291638034567e-03
3.097733140042638333e-02 4.620044887116898646e-01 -2.109813186772894478e-01 4.026217373666537286e-02
-2.141053503285182402e-01 -3.394257671171665436e-01 1.467231019428152095e-01 2.700352732958220425e+00
-1.216835017087335505e-02 -2.466807858241504281e+00 -1.674622246970280670e-01 4.376778689959978097e-01
-4.023695833666320748e-03 -2.637974053374667616e-01 -2.074887916564932544e-01 -4.358939506238536377e-03
-1.797158797966622729e-02 1.317746508650607939e-02 -6.111591403533908617e-02 -2.734984084311984850e-02
1.699717166191342110e-01 -3.000955865958293001e-01 -3.223427674879111859e-03 9.497019247752499505e-01
2.711215472740854601e-06 1.365786358273024526e-02 -5.897207990645025877e-02 -7.892407049537925046e-01
5.403918047505718719e-03 -2.385543865484909265e-01 -2.190204261057458746e-02 -3.810965462535641224e-02
3.163869954242027119e-03 1.589666399590741186e-01 -1.594761203595063126e-02 2.710594347537124971e-02
2.388725690172649810e-02 1.037988109979682272e-01 1.711509108897062148e-02 3.427442368412195184e-02
3.070115581956019968e-01 2.266866551229462512e-01 2.260606076097619044e-01 -5.745845244834803245e-02
5.520396353380815392e-03 1.981971164631755877e-02 2.212300065729160339e-02 8.145961842289021690e-03
