-2.507134766211681701e-02 -2.750197261808893234e-01 -2.314649447328216703e-01 4.564278234620940955e-01
1.676555699635397523e-01 -5.039310147752236457e-02 2.013042665572267464e-01 1.226635090244912574e+00
1.387163490837952373e-01 9.839756964783119564e-03 1.597974280663304048e-01 3.566655258947483143e-01
-3.844970650501559895e-02 3.108406010425243116e-01 1.898960155000407046e-01 -4.087377866564100848e-01
2.392216036329275208e-01 3.265589415479136726e+00 -4.273136214371464625e-02 4.075606662812032432e-01
8.213174271717010866e-02 9.268024459777676194e-01 4.706305212016545503e-02 -5.974810051861633164e-01
9.935454216413153183e-02 8.097702076631904111e-01 -6.601570483484379970e-02 -8.766856354803150841e-01
-1.043951187275657527e-01 -3.437562329179658649e-01 -1.749655899203962361e-01 -2.944724322466459876e-01
2.183338420854410988e-01 1.626770302896044962e+00 1.744917538318729033e-01 -2.470447573223872317e-01
-1.248167858613292991e-02 -8.715202389954809781e-02 -1.180279868102086099e-01 9.168175361553618230e-02
4.726490480414563544e-02 -4.877793879761261886e-01 1.695614632754039730e-01 4.270031163976331090e-01
3.217749694427396445e-03 4.419598389007758921e-02 5.423083599961794898e-02 7.909539889850134009e-02
-1.611024097791676768e-01 -1.555358824132026418e+00 2.260696596098813738e-01 -3.315136007050696332e-01
-8.756136252265966924e-02 3.305456267113524027e-02 -5.945875189314941273e-02 2.821920768415666081e-01
-6.882285759224124333e-02 -2.105422974903724542e-01 -3.394549781859858284e-02 4.781972988611830067e-01
-2.916723022747616523e-01 -2.842441751911030323e+00 -8.487721537918682668e-02 -1.802314766066758445e+00
9.499355052114914072e-03 -1.671882605423993695e+00 4.095240697204230451e-02 -2.790037248991133478e-01
-2.073830347769801963e-02 -1.378430812753479229e+00 -5.470627714896127147e-03 -2.083149647687615458e-01
-1.146619946583066207e-02 -1.182003867614243031e-01 -3.354817309433960615e-03 -2.166846829389125206e-01
6.486318362398442450e-03 7.439158928975989418e-03 2.352014802790526951e-02 -2.607046068235436415e-03
-7.079161565403654932e-02 3.322013369652247750e-02 -9.344159062909933311e-02 -1.303732836008567597e-01
3.586232459102492963e-03 2.376496732058804712e-02 -6.213320973494911893e-03 -8.724626047945532176e-03
1.604538689204639546e-01 2.572037018485014981e-01 4.462929082149643539e-02 1.801538528638961245e-01
1.558180990179103623e-02 -4.260087705332799013e-02 6.274317265466314471e-03 -9.338084945155239458e-02
1.285594956415928199e-02 -2.094366795671776804e-01 4.798746017024935716e-03 -6.274318601793307804e-02
3.125122410047130317e-01 1.352791464540104238e+00 1.793791943890929996e-01 8.695677842730435980e-01
1.221051294844090022e-02 6.474019369740289243e-01 -9.649453711304921757e-03 1.038292267773630040e-01
1.985023452160443805e-02 5.035086841084915887e-01 -2.011157851693298748e-03 7.275430461192658460e-02
1.160358576126213279e-02 5.101036524291997082e-02 1.223166223467100217e-03 7.725034875636646592e-02
9.366151800042180064e-02 1.351952138722092300e-01 9.212116249186905192e-02 3.907068150473940737e-01
-4.849564739391250268e-02 -1.226204480148956888e-01 -6.309968558603183675e-03 3.367063819931064017e-03
-3.855718257476536265e-02 -2.528253375220476662e-02 -1.971860571223756770e-02 3.125536967584670311e-03
-3.765747803625053847e-02 -2.302081741016176464e-02 -1.216514290028267165e-03 8.673052511606049730e-04
-1.231564227532164213e-02 -1.294830839498981034e-02 5.695085487832096671e-05 -7.090804852640852918e-03
-1.041067427283288646e-02 -4.279930900020402773e-01 6.046280513613998958e-02 -1.728253231026835035e-01
8.126709250729965625e-03 1.318804550740689842e-02 6.536598502647478562e-03 3.715777900684598054e-03
