-2.515139905945748211e+00 -2.601037247870904845e-01 2.444712585435410424e-01 4.335542387194019423e-04
-3.242477030951377293e-01 -2.361074041090313880e-01 1.684406244112905959e-01 -3.392421163478735457e-01
-2.316096236464299518e-01 -6.266417039993606164e-02 -7.085743101166573632e-02 -2.523096674087169644e-01
5.201632024208465488e+00 1.523954166072707617e+00 6.745194161846955749e-01 1.340333749301685584e+00
-2.315566319596844558e+00 -1.802890292563893160e-01 6.947710443116187351e-01 -6.739145130427447450e-01
5.175147415142585805e-01 7.728893234746185559e-02 1.256623790617032166e-01 1.977063896091004747e-01
-3.221761733333167732e-01 -3.967436265734917145e-01 -8.631252218699352330e-01 1.543762909693071894e-01
6.379976931898465597e-01 3.301120762631090666e-01 6.695812197975398172e-01 1.231799923722806556e+00
4.627063349441015716e-01 -1.336383268801442370e-01 -2.606211022343165595e-01 2.993084266734505339e-01
-4.061738507628111172e+00 -1.257209643205947414e+00 -6.394391379905912665e-01 -1.529325707992554628e+00
4.137762730597694949e-01 6.848016133953552798e-01 1.362521184253108197e+00 -1.145886380090920476e+00
-1.500084213859124160e-01 -1.707733027745108045e-01 -6.240247330982400253e-01 -1.136700771087605144e+00
2.229287967438697837e+00 3.683303247343990283e-01 -1.549215568576416624e+00 -1.138239392212390122e+00
1.353603942529095772e+00 9.430174217399628356e-01 6.938801501067006772e-01 8.385179016457486867e-01
-5.967479247402731612e-01 -1.562802212503599519e-01 -2.870553636374524875e-01 -4.207314807162529369e-01
2.010259860443145641e+00 1.015954406291800005e+00 -3.658056223431836451e-01 2.790062136288152139e+00
4.144749402054503373e-01 6.036582947728442727e-01 1.169591753895138503e-01 5.389568359406293752e-01
-6.393680643641544981e-01 2.161948056716556099e-01 -7.141220870638588514e-02 -7.838360956009920999e-01
3.299917281357022669e-01 -8.051019484187485475e-02 -2.627896659667892931e-02 -1.808206590092351629e-01
1.353037574835122214e+00 4.068225759385944440e-01 1.956692515702673496e-01 5.875911694566067212e-01
-2.037386613792132317e-01 -3.590375001984920100e-01 -6.344152560785591977e-01 5.316810716151931793e-01
-1.269828654345689645e-01 7.365762241364654482e-03 2.162363958836368838e-01 4.184137088374857982e-01
-2.943912181316096222e-01 1.491964777242958118e-01 1.119455457150095423e+00 1.890300395795304400e+00
3.252643910550824802e-01 7.582982665440102243e-02 1.620287894653582583e-01 2.823188182292122872e-01
-8.662438772460092640e-01 -6.224539937274237156e-01 -3.892156665468838872e-01 -5.421629808627038694e-01
7.222577492688962986e-01 -2.746374412788581409e-01 1.965545104974654803e-02 2.230720420772807078e+00
-1.155512193854547398e+00 -2.836684613548737799e-01 4.242488195549568020e-02 -5.230917522100811956e-01
-8.602604461544370584e-02 -2.336705421227067703e-01 1.244344015049494989e-02 4.349786058985795067e-01
6.473173931922457380e-02 5.928188604588659552e-03 -3.683218762029270149e-02 1.019593942520961305e-01
2.754144522350108648e+00 3.560778624519867624e-02 -6.713703547071312450e-01 2.090907970245360126e+00
-1.426530787593306426e+00 -1.475252655498140442e-01 1.052004982568586697e-02 -6.858242765192265056e-01
1.074106025796990188e-01 -2.585111898397187136e-01 -1.316772736609912731e-01 -6.445463990086698625e-02
-1.186268021874390399e-01 -2.562331425916221095e-01 1.862968967574690424e-02 -1.164312928031987215e-01
-6.296705730044187543e-01 -8.354394555032050584e-02 -1.237177152675340841e-01 -1.924871749258484643e-01
-1.611357769210845781e-01 -4.697787612860224171e-02 -1.969556609874710887e-02 -7.375346448519400078e-02
3.757679051091570438e-02 5.593725953251367511e-02 9.033640860792625793e-02 -6.246469171597128500e-02
3.748125259737732778e-02 5.334844011443834640e-03 -2.618403619767417298e-02 -5.505071634292272448e-02
-2.052758420187086180e-02 -1.149551991900670811e-01 -2.857133103608198166e-01 -4.727619030717584159e-01
1.685587986009973727e-01 1.054806564469721319e-01 6.090294707402999635e-02 7.933269321427000031e-02
-7.364392766196697915e-02 -1.169453885462556908e-02 -2.721563049461772979e-02 -5.370102453229970429e-02
-2.487841793712919081e-01 1.223489239864398032e-01 8.526709502429542786e-03 -5.310756718167130019e-01
3.003255904518416508e-01 5.008246613151748350e-02 -1.828381678294067891e-02 1.388903582373955392e-01
7.699459899559223108e-02 5.873978753936470037e-02 8.308077330548670550e-03 -6.339527555047073937e-02
2.598933995286120333e-02 1.026235829565823841e-02 1.458310066155842771e-02 -2.010630329593173643e-02
-1.869390662271966486e+00 -1.035074913942847508e-01 7.376697389362347757e-01 -1.068926896105079072e+00
1.337398216147503427e-01 7.147403192550734474e-02 3.127364678518659152e-02 1.742850616107111950e-01
2.106320084320228714e-01 1.116397141165238471e-01 5.128786892108709583e-02 1.734851687475933921e-02
-1.667000087291992394e-01 1.042939222489454171e-01 -1.991723693724472069e-02 1.348335075665098130e-02
1.195778218745798538e-01 1.804251736730402150e-02 3.279235488759767864e-02 3.276578535143359616e-02
-2.383233974596572491e+00 -6.429469783162594654e-01 5.093232445992333934e-01 -4.344295329116236282e+00
7.619007419131254011e-01 -1.342620490229095020e-01 -8.349219365115917446e-02 -2.324224126225331588e-01
-1.702179272900163076e-01 -1.893948034507418610e-02 -5.192006914179150140e-02 4.878946007576235103e-03
-2.344487075759131289e-01 -1.406988042672513081e-02 -4.084973202653830598e-02 4.053776131230658192e-02
4.188677184868633829e-01 -8.474260144872240025e-03 -3.061083244883379753e-02 3.789886079206751524e-02
-1.527377004916981307e-01 -1.279113099246007371e-02 1.616771542677773949e-03 3.785261457239959271e-02
1.045565438662768437e-01 -3.980457929533007810e-01 -5.363897272762160329e-01 -4.285244730130374213e-01
1.698255607353058722e-02 1.948757413661282925e-02 1.406004722061486405e-02 2.147069462283637126e-02
