-2.217439036071890829e-02 -1.599178844656851339e+00 1.138752770660855784e-02 1.536602414489125767e-02
-1.843587378274823552e-01 -3.315111658387941418e-01 -1.575998008520451410e-01 -1.177267840728245668e-01
-1.380210067816224906e-01 5.881377335179158727e-01 -1.519897244902106703e-01 -1.462144590000437061e-01
4.518522639489636061e-02 7.848664959908706606e-01 -1.239390438610807332e-02 9.218375551676594171e-03
-5.886964166453134695e-02 -1.037565640246888243e+00 -1.024182796253155295e-02 -5.927031797095820564e-02
6.467749436774306027e-04 1.146181248103634864e-01 -3.023224205775595919e-03 -1.615088253045099398e-03
-5.476213487449610451e-02 1.707711659119972580e-01 -8.878458338180809928e-02 -1.856324850354326705e-01
7.564905039048586133e-02 -7.447121736181021578e-01 9.122178271914969938e-02 8.189834112542010436e-02
-2.125182790607582639e-03 -5.270700440324027625e-02 -8.616092765161686290e-03 -1.464687791420947460e-02
-1.302922874353905358e-02 -1.640687346422924353e-01 2.664653966172175759e-02 5.115996777276948793e-04
-5.119702288145655533e-02 -1.447994606402760454e-01 -4.814464557908715303e-02 2.396838961486157105e-02
-1.850667558642909993e-02 2.897541065406495919e-01 -2.226581208856215355e-02 -1.899082006530861816e-02
8.923780199280173520e-02 9.073067445325362357e-01 2.257660927485562186e-02 7.880907677104441456e-02
-3.890574837662197361e-04 4.292721113170205882e-02 -6.872562145543346934e-03 7.433726961006394129e-03
-2.769754359145393252e-04 -8.146683706056290220e-02 3.262209528353132368e-03 1.992386634948191751e-03
4.626261542368959034e-02 7.511102594438079372e-02 9.034211876017186199e-03 2.781678967399659960e-02
6.665184994228912085e-03 -2.348377440071169886e-02 2.886208549778234572e-03 1.652662208147422096e-03
2.296084972001455338e-03 -1.192123809240053234e-02 1.679736012737791107e-03 4.504444238609656148e-03
9.249696304923366030e-04 4.303371001692313236e-03 1.582463859661206035e-03 9.528958060195718768e-04
5.109503177906446134e-03 1.635465390326862334e-02 -4.066941798251202250e-03 3.299361890029023359e-03
-7.917355104335194182e-03 7.854632222234370076e-03 -3.812099582769033768e-03 -2.099253214620331459e-02
1.875276572447015511e-03 -3.665751197732518285e-02 1.735307340983927027e-03 1.544962239758719590e-03
-4.994973675694885928e-02 -2.233863662671944361e-01 -3.385444700940779678e-02 -4.796050492016554895e-02
3.097979870143180436e-05 1.487039867595751907e-02 -1.123909743074653217e-03 -3.713681077885649245e-04
-2.025254764087339177e-04 -8.432236695003370031e-03 4.426591632655428599e-03 -1.081268879790014958e-03
-3.985394402570349714e-02 -9.701276113634127451e-02 -1.603231304862163392e-02 -2.707197425621649112e-02
-1.949769930467137868e-03 1.540150202684720249e-03 -2.564926840543112901e-03 -2.833789508644296573e-04
-6.168510843698044033e-04 3.392134303603633327e-04 -5.028613559769912200e-04 -2.412173404162734625e-03
-4.243078392094298823e-04 -1.903719397829711779e-03 -1.017317289001049008e-03 -4.887341496748239672e-04
-2.543848520634695021e-02 6.206286672416827521e-02 -7.203110637529278049e-03 -4.210789092534736322e-03
-6.261623781922409648e-05 1.953637317554024477e-02 5.487800054538138905e-03 3.740618562392050706e-03
4.355502769239905092e-04 8.782891227407052526e-03 1.767865088094809634e-03 2.071402832998593679e-03
-4.267158185084427013e-04 1.340349234477455909e-03 1.767717108711583385e-03 4.211986970584641332e-04
4.139559794835712125e-06 6.064738801923458267e-04 8.089887182007038380e-05 -3.786507790376272831e-04
-9.636743156393719201e-02 1.118468244479422502e+00 -1.024374818336934445e-01 -1.068920055567385841e-01
2.712234042647153603e-04 5.086103868192059499e-04 1.096834649708159541e-03 4.379998367322727212e-04
