-1.206154702252373756e+00 1.216853554688843042e+00 5.885000500707915361e-01 0.000000000000000000e+00
-2.943739228788048168e-01 -1.173785226087153077e+00 -2.341378223294234284e-01 0.000000000000000000e+00
-2.639780950852214758e+00 -1.480150536306789943e+00 6.847697113710927708e-01 0.000000000000000000e+00
9.714456831302185069e-01 -3.847239003058948725e-01 -3.002674428973405862e-01 0.000000000000000000e+00
-1.768168446351738587e-01 -8.772910044243611427e-01 8.062512627251498809e-02 0.000000000000000000e+00
1.334072342996029725e+00 1.549268748938597895e+00 -3.944645695063867752e+00 0.000000000000000000e+00
-7.526427485215425595e-01 7.677147368617979195e-01 8.603044346623013316e-01 0.000000000000000000e+00
-1.463527579684186453e+00 -1.091084586569813997e+00 -6.420121253352233381e-01 0.000000000000000000e+00
4.067128391660518871e-01 1.094891268158925540e-01 -8.243355858548732928e-02 0.000000000000000000e+00
-6.494664391604852705e-02 -1.968632274545085714e+00 -1.559596472963718394e+00 0.000000000000000000e+00
-2.195338203423149448e-01 -1.505144154163165215e-01 1.302611943427829655e-01 0.000000000000000000e+00
-8.770802768752657963e-01 -8.535986551708352188e-01 -1.252988657810706896e-01 0.000000000000000000e+00
2.005938530101872563e-01 4.046966249115309389e-02 8.817263397234458011e-02 0.000000000000000000e+00
-2.297540138040896421e-02 3.228691383269835513e-01 -1.997403696738668355e+00 0.000000000000000000e+00
-1.130887109486608422e+00 -6.728530080437634953e-02 -2.519154165422028968e-01 0.000000000000000000e+00
2.998335446150222627e-01 -5.873736613433550025e-01 -6.416851563074470466e-01 0.000000000000000000e+00
1.561384259205835123e+00 -1.383157783821962639e+00 -7.261139127683396977e-01 0.000000000000000000e+00
1.025357263350020975e+00 8.128544544372533487e-01 -8.054969516196841539e-01 0.000000000000000000e+00
-1.305940640554372534e+00 1.466286056262212367e-01 3.467054024927543332e-01 0.000000000000000000e+00
9.569964294365511659e-01 -9.776213918861836882e-02 -5.552902754900724824e-01 0.000000000000000000e+00
-1.530290812023913649e-01 1.696208309853210472e-01 5.576657070825773860e-02 0.000000000000000000e+00
-3.077331123834205484e-01 -6.068326962276539005e-01 2.968541243796476437e-01 0.000000000000000000e+00
2.246824362454018231e-02 -2.627834892225373864e-02 6.435321525270475129e-02 0.000000000000000000e+00
1.184075719944256561e-01 3.014601168053777647e-01 -6.799848420996540410e-01 0.000000000000000000e+00
2.842590529618402861e-01 -3.160912535004681279e-01 -2.183061282590164631e-01 0.000000000000000000e+00
-8.723527196773158687e-01 8.654612155054702827e-01 6.829632345685210382e-02 0.000000000000000000e+00
1.831297670538303946e+00 2.272587303069112163e+00 -2.345700197465603765e+00 0.000000000000000000e+00
-9.468281905489865924e-01 6.559504609690112176e-01 8.433814785485119203e-02 0.000000000000000000e+00
-3.764343361020112133e-01 -2.749308592735006385e-01 -4.435969906942081598e-01 0.000000000000000000e+00
7.739584862304826895e-02 1.252797165591700568e-01 -3.736567861056940693e-02 0.000000000000000000e+00
1.964975613794501585e+00 -8.703214913224838201e-01 3.293998035326229923e-01 0.000000000000000000e+00
2.918762546926349621e+00 -1.062069873033598233e+00 -1.651915403138291272e-01 0.000000000000000000e+00
1.029957547792029082e+00 1.202896093988464310e+00 -2.420669361636596406e+00 0.000000000000000000e+00
-3.557899315744726954e-01 -8.136767577846316657e-01 -1.139103105297981644e+00 0.000000000000000000e+00
-1.963666023185373644e-01 5.202757214426855237e-01 1.502378015557182867e+00 0.000000000000000000e+00
5.209778354696292108e-02 -2.355509148247848100e-02 -7.351900964499861676e-03 0.000000000000000000e+00
1.890052040200408678e-01 -3.340032249073118797e-02 2.562404164081642788e-02 0.000000000000000000e+00
-2.473284308685497895e-02 -4.266431794552784373e-02 -7.046016382180811388e-02 0.000000000000000000e+00
1.918490050582952466e-01 5.120505845115851384e-01 -6.981175441398047854e-02 0.000000000000000000e+00
3.101528311918271830e-01 -8.394311677004109851e-02 6.650759330246823475e-02 0.000000000000000000e+00
1.094314560299346293e-03 1.466884225550563470e-01 7.160290926455205318e-02 0.000000000000000000e+00
1.784824171813546911e+00 3.577646860390058414e+00 -2.227238751440827613e+00 0.000000000000000000e+00
-3.990262770546496585e-01 -9.981406540592478727e-02 4.118690504234024941e-01 0.000000000000000000e+00
-6.988084101873788534e-02 -3.816027679764471547e-01 -1.712932661452074568e-01 0.000000000000000000e+00
-3.106939757016887182e-01 1.365384570734673175e-01 3.441569100003517012e-01 0.000000000000000000e+00
1.124542429193682302e-01 -1.047114206223532573e+00 3.164873966140437478e+00 0.000000000000000000e+00
2.003909871265228571e+00 6.095670131928270230e-01 1.841016082976154156e+00 0.000000000000000000e+00
-8.765431330728163939e-01 -3.798271604222343972e-02 3.231720799013683698e-01 0.000000000000000000e+00
1.637575072277478450e-01 -5.906175115813198095e-01 3.623573897000082616e-02 0.000000000000000000e+00
4.855263071580140921e-01 2.221849789256839791e-02 9.836487521517443822e-02 0.000000000000000000e+00
1.889503386342530789e+00 1.929585303574715027e+00 -3.899886686524321355e+00 0.000000000000000000e+00
8.240442683981615002e-02 1.835047469152656374e+00 1.669594130724355585e+00 0.000000000000000000e+00
1.615814037887602028e+00 1.584630589635540154e+00 -9.394944399153205561e-01 0.000000000000000000e+00
1.151728909731654982e+00 -6.930798828729389793e-01 -7.441722477083926313e-01 0.000000000000000000e+00
-1.020976048972416450e+00 7.176347947432226704e-01 6.989532781435565667e-01 0.000000000000000000e+00
-2.575644853757558805e-01 3.176720277795267756e-03 1.643863444927128603e-01 0.000000000000000000e+00
