1.811307094019213859e-01 -2.184732195525599163e+00 -3.864221208064904989e+00 0.000000000000000000e+00
-2.992282279350845786e-01 -7.450390608418777649e-01 1.159959237305732804e+00 0.000000000000000000e+00
-6.723303873293287047e+00 4.578416720734335699e-01 -3.741527748144884313e+00 0.000000000000000000e+00
-4.481600597634313732e-01 4.663163154418497602e-01 1.716402878319389425e+00 0.000000000000000000e+00
-1.887395288463912524e-02 -1.607769897628662514e-01 6.237818912734576227e-01 0.000000000000000000e+00
-8.447941351059016224e-01 3.708092540237334589e+00 2.033763936972376118e+00 0.000000000000000000e+00
-6.389098427969590599e-01 -2.204679499307800050e+00 -2.130909860831914138e+00 0.000000000000000000e+00
-2.684437716476559821e+00 -2.126026472967591729e+00 -2.038759239190563566e+00 0.000000000000000000e+00
4.411613129226116814e-01 6.343505065390412367e-01 6.385304332884911283e-01 0.000000000000000000e+00
-3.143393390521477038e+00 4.487731334391520943e-01 6.273165333218475581e-01 0.000000000000000000e+00
1.742670585005151318e-01 8.976051670937558458e-02 -2.186358290805366367e-01 0.000000000000000000e+00
-5.218403255144657971e-01 -1.893258414388502953e+00 -1.048035306082171658e+00 0.000000000000000000e+00
2.572904699013144891e-01 2.553050671973723929e-01 -6.894573604650072740e-01 0.000000000000000000e+00
-2.060914959479744901e+00 2.104828874453464671e+00 1.544546991269749592e+00 0.000000000000000000e+00
-6.590388816467549482e-01 1.098203808234901713e+00 -2.503646388426812308e-01 0.000000000000000000e+00
-3.565434696118018332e-01 -4.359800899289703602e-01 1.047172133586177667e+00 0.000000000000000000e+00
-9.203950047517198696e-01 4.514114353354944598e+00 4.346284096858462398e+00 0.000000000000000000e+00
2.187871303363250419e+00 -1.924352548288068288e-01 7.131654547327498372e-01 0.000000000000000000e+00
-2.583765310700214535e+00 1.222156028769099789e+00 -1.789273454457790402e+00 0.000000000000000000e+00
-5.865311640326276166e-01 5.677764109625939026e-01 1.003174953228902488e+00 0.000000000000000000e+00
1.571763012314523478e-01 1.029260905043200697e-01 -4.003819403520917364e-01 0.000000000000000000e+00
2.172837875725758955e-02 -9.329800378219280654e-01 -4.224299136658907772e-01 0.000000000000000000e+00
6.381604594690232224e-02 4.057176626588212404e-02 -5.987942473918592690e-01 0.000000000000000000e+00
-1.225535041652382473e+00 1.025623344758145317e+00 -2.392532482158098162e-02 0.000000000000000000e+00
-2.484775412814188289e-01 4.442370770611551306e-02 2.792437445090910630e-01 0.000000000000000000e+00
3.243183187029319847e-01 5.977365503960530013e-01 -9.287477368559458046e-01 0.000000000000000000e+00
5.136979598363196509e+00 3.146918687640770873e+00 4.395938391962774361e+00 0.000000000000000000e+00
-4.045446244586430318e-01 -4.668274454378373850e-01 -1.033683217112321806e+00 0.000000000000000000e+00
6.668775814685713454e-01 -7.938450482735791569e-01 -5.692718868420106881e-01 0.000000000000000000e+00
1.443722772149054756e-01 4.478171656227625252e-01 7.715865399373222910e-01 0.000000000000000000e+00
3.316668059674404034e+00 -3.955676789903320723e-01 2.398583880840835292e+00 0.000000000000000000e+00
2.486647968511113582e+00 6.069032579217763512e-01 5.385662473429813524e+00 0.000000000000000000e+00
1.831551408920665258e+00 2.950898750683106808e+00 2.928173671709557446e+00 0.000000000000000000e+00
-2.031727344964997961e+00 -4.811974135112530027e-01 1.008787004371258123e+00 0.000000000000000000e+00
-7.458753854742768974e-01 -7.193305614303809881e-01 -1.591647610120049405e+00 0.000000000000000000e+00
-6.199195895780510585e-02 -4.944991821336946342e-02 8.207817402561151665e-02 0.000000000000000000e+00
-8.914827243256741307e-02 1.503303734735260411e-01 2.955972761668911319e-01 0.000000000000000000e+00
-2.458364734261490533e-02 -4.064591400448298170e-02 3.052103157412344170e-01 0.000000000000000000e+00
-6.770531760233905461e-01 -1.901553701812616903e-01 -6.965095794855458156e-01 0.000000000000000000e+00
4.065300976960160850e-02 -3.676801061208866961e-01 8.345185540430828663e-02 0.000000000000000000e+00
-1.408882948789840772e-01 -7.174824908702008563e-02 -1.810351392615547617e-01 0.000000000000000000e+00
5.823022043601486786e+00 3.544032223834351569e+00 3.745268502808224653e+00 0.000000000000000000e+00
-2.148811837827874438e+00 -1.514597762185820873e+00 -1.396782005032588092e+00 0.000000000000000000e+00
7.106720328251963092e-01 5.441725386455385088e-02 3.333656836540124235e-01 0.000000000000000000e+00
5.875430294402622655e-01 -3.804945073176721482e-02 -1.554287179383595230e-01 0.000000000000000000e+00
3.858793799393486879e+00 -2.373844632464225501e+00 -3.343550829176125117e-01 0.000000000000000000e+00
3.557717606010635247e+00 1.867215512097480490e+00 3.895298432051914617e+00 0.000000000000000000e+00
-1.754180290290233979e-01 1.388556022328302220e+00 5.934646575872059016e-01 0.000000000000000000e+00
-1.437103362250915728e+00 7.029477288316010597e-01 1.385475210045603311e-01 0.000000000000000000e+00
1.455814446237820581e-01 4.356612103344705278e-01 -1.017830009730793656e-01 0.000000000000000000e+00
4.618518474633470206e+00 5.319922882736848990e+00 3.886525121204960964e+00 0.000000000000000000e+00
4.105443263342977822e+00 6.429886195313399000e-01 -1.586781048120488924e+00 0.000000000000000000e+00
2.286362932629137479e+00 1.174143969187290804e+00 3.571482626643509128e+00 0.000000000000000000e+00
-1.912403242595800856e+00 -1.424924670172702079e+00 8.577538718223759462e-01 0.000000000000000000e+00
-1.078741148832465857e+00 9.634857484946348638e-01 -1.724350179976250841e+00 0.000000000000000000e+00
3.700542502617751861e-01 -4.138625035156913712e-01 1.549848688320285273e-01 0.000000000000000000e+00
