-7.036057025487474359e-01 -3.352980677656865471e-01 1.282290660264681081e-01 -4.117486797425387035e-01 -2.845959381841233760e-01
1.249467468949700732e+00 3.195117657899529950e-01 1.493086990162013628e-01 3.648536970276893832e-01 4.288763440240036529e-01
6.340553230258506590e-01 2.886315616274457985e-01 7.979588597777776959e-01 3.360789860365182569e-01 2.290734196026958935e-01
1.569051672349776327e-01 5.854491682780202377e-02 -2.002543313975631012e-01 8.429634296457758080e-02 4.248549903914430187e-02
-3.053557808394439910e+00 -6.854804463091856981e-02 -7.768737809933669303e-02 1.882764967552422175e-01 2.898182716116133872e-01
1.175490194330505167e+00 1.854213084044094573e-01 2.453043216871022003e-01 1.098973584484372878e-01 4.914334663508078405e-02
-5.137948033339561071e-01 3.670744208947607223e-02 2.549911759698854641e-01 6.440179107278064252e-02 4.629596447968085948e-02
-5.931322881835183747e-01 -1.484552660726417006e-01 -7.248384107190117831e-01 -2.147638174121138943e-01 -1.321963560126898640e-01
1.035373004913263895e+00 2.105727836364428285e-01 4.119201571250316607e-01 2.878493067717725618e-01 2.256410611965772028e-01
-1.220375972023015482e-02 -4.178066474656388224e-03 5.597455574527898658e-02 -7.852410422205453530e-03 -2.316104631366399953e-03
-1.115001668619177433e-01 -1.990888058192304827e-02 -8.437358334405534177e-02 -3.283121419608761582e-02 -3.118694908291402487e-02
1.048563107623209367e-01 1.849832621186894149e-02 2.092404073626333849e-01 3.341470384175582869e-02 1.668110617381698274e-02
2.901086967238084124e+00 2.403581358790625178e-01 3.681877103289487585e-01 1.861669527771453170e-01 1.650810325748818530e-01
5.781861358125578443e-02 -1.302104802763059954e-02 -1.116546075798792725e-01 -3.158644020453194035e-02 -5.519499329941411625e-03
-1.739683361238633652e-02 -4.718021830887880741e-02 -1.239984162164583514e-01 -2.111343127307022116e-02 -1.083721302037807949e-02
-1.007944583273900907e+00 9.291820799473776704e-02 -4.789637806160357281e-02 5.528325290758862032e-02 -1.426149825877869315e-01
-2.600298066338514680e+00 1.832300825013879475e-01 1.190024646253727836e-01 1.834421431941195557e-01 9.368025325355965049e-02
1.785658329756925067e-01 8.483026219516467958e-02 1.214913922483175091e-01 8.295940568111270785e-02 2.133745946748779460e-02
5.249602566635541701e-01 -3.178603917301925375e-02 8.177989730070645003e-02 -5.886621012394510633e-03 2.744536537253683406e-02
-6.756167924410903716e-04 1.215014430322352071e-04 -4.884176829256327290e-03 3.032716625439741418e-04 4.710289874388792970e-05
4.171378157336559644e-02 6.581612491244246375e-04 6.029549999837787583e-03 1.594368786114629642e-03 1.395279350030072555e-03
6.892900801221614644e-04 -7.338178671314849952e-04 -2.093734814933189553e-02 -1.598006714813566534e-03 -6.821830412070790332e-04
-4.673331534574354240e-01 -1.151018570563780777e-02 -3.971942556864468954e-02 -1.077632349732451922e-02 -1.042373377169610038e-02
-1.300913675171992169e-02 2.457459564612763173e-03 1.845306544935700413e-02 -9.110783953657566880e-04 5.974098212787547733e-04
-1.647845771464838682e-01 1.323705407677728055e-03 1.642552695774941729e-02 3.652693454184660626e-04 -1.376391807269791191e-03
3.545272164546826588e-01 7.015583859736332362e-02 8.842086224693949947e-02 5.698359946434261580e-02 1.000103616376241261e-01
1.229286944370819423e+00 1.808045033137350988e-02 2.499356944596398122e-02 -1.127007223589253371e-02 9.628222414228742101e-03
3.504879288993028030e-01 -1.765995836653733164e-02 -3.748679789308005661e-02 -1.659259360069956224e-02 -5.198984860848888945e-04
-7.773021093765553058e-02 -6.135450440657719273e-04 -3.370930806430541549e-02 9.808247120915700168e-03 -2.945647543758989247e-03
1.472326366518672547e+00 1.269624419249980596e-01 -8.134513887264289977e-02 -7.091638246624998310e-02 -1.779065830008220161e-01
-3.273100120601356577e-01 1.799572668816534771e-01 -8.186685253684644614e-02 -1.522044490447171938e-02 -1.613942473632512531e-02
-3.846689584576878040e+00 -1.830597250746146543e-02 -1.212489914359189680e-01 3.165295582924249063e-03 -8.362879272684420329e-03
-2.412231048046722393e-01 -3.645640206888911550e-02 1.194551498076956708e-02 1.942301949719110743e-02 -8.812256100974913409e-03
-4.232743792337004818e-01 -1.092975122730732718e-02 2.501077392718373260e-02 -5.340541612239319003e-03 3.546993363513599451e-03
6.154465304415164262e-01 4.160955375468584627e-01 1.264957459309977439e-01 4.897807194944502340e-01 3.599562380738918210e-01
6.745596607978070203e-02 1.460375351721294535e-03 6.452572154434524365e-03 3.453784318109277308e-03 2.381144135006127774e-03
