-3.098202733387208641e-01 8.711521283015335460e-01 4.174052381753731167e-01 -1.066818086722088887e-01 6.541772316132135612e-04
-7.008198064740602806e-01 -1.162803289111470906e-01 -5.433220345781784033e-01 -3.954699619520734566e-01 1.883911519872492613e-01
-5.560769536268976854e-01 -1.021745219519450965e+00 -5.524110075267346653e-01 -2.300536601536077030e-01 -1.364344123022033228e-01
1.009551041314740369e-02 -2.983582181109794007e-01 -1.410345393999749009e-01 -3.746888846189011524e-03 -8.197730796497514072e-04
-3.057888828172909523e+00 -1.454131926629853577e+00 -9.389559089323298302e-01 -2.363610014465006515e+00 -5.629911108180695178e-01
1.021838799870056658e+00 2.507292999086213059e-01 -9.939061831178938045e-01 -4.990000494624194927e-01 -1.456843941979898416e-01
5.951204040652872118e-01 1.436273504272548296e-01 -2.108482098027881779e-01 2.546874715645945364e-01 -9.552139483266137987e-02
3.526546205402183443e-01 6.759469936766785425e-01 5.156782772456762753e-01 1.768762074972209941e-01 5.476763388173685326e-02
-1.687951879644711051e+00 -9.099285621418600201e-01 -3.400400586265259761e+00 -1.549464107355937426e+00 -3.365881133410338344e-01
3.823156979760930670e-03 3.897784396003650675e-02 4.231919372716150263e-03 3.450352225622644979e-03 -2.682871125308248020e-05
-1.378318322213866742e-01 -3.734007346192061427e-02 2.843690726234255339e-01 -6.675529870534513410e-02 1.137938525092465139e-02
-3.230838877180174790e-02 -1.529413464878470741e-01 -1.288042711637387705e-01 -3.306855813276967510e-02 -6.873256604066037105e-03
5.707937615366427409e-01 4.616552571107657155e-03 -9.877427688756739155e-01 3.878648443311886740e-01 -1.095055409797225238e-01
6.030745796805062620e-01 1.096180273732556831e-01 1.273516967817154733e+00 3.699149746932804961e-01 2.946168204383169467e-02
-4.492353726337443565e-01 -1.526104840924941142e-01 3.254730514331191094e-01 1.292807727083940539e-01 3.127752308163773975e-02
-6.361678768853337163e-01 -1.227712447381592575e+00 3.349863260204478665e-01 1.388222731036271584e-01 -2.921974401525151421e-01
-9.026211114431108573e-01 3.428434746419479762e-01 -6.290874273641400283e-01 -1.009941954388607011e+00 -4.799284531213420246e-01
8.847688205236485803e-01 7.160560320391735623e-01 3.050489528617579271e-01 -1.487073047829671202e-01 -9.305503309352435026e-02
5.113625431254813503e-01 1.979198032810174368e-01 -2.449346026361025608e-01 9.966188923775209929e-02 -3.056904921918381091e-02
-2.020078630002584735e-04 -1.516315459286424715e-03 1.702873816072166153e-03 -2.397616029335873991e-04 -8.037333524701649229e-06
6.577441339231299144e-03 -1.066110686295480836e-03 -5.026262230666875969e-02 5.656249723850357604e-03 -3.115024509176126701e-04
-2.486886238833780662e-03 1.334479365389707427e-02 1.139040861410408126e-02 1.636950915101375833e-03 2.916489657690662105e-04
-8.970944383241787057e-03 6.373707513290555182e-03 2.289670893626484793e-01 -3.095188598587182705e-02 1.866337796754970885e-02
6.162730164056290372e-02 2.808307280985904153e-02 -4.648308784605988120e-02 -7.895165835284032041e-03 -1.974583857705324973e-03
9.917407496105722087e-03 -3.956353147323411756e-02 -1.636317846090095118e-01 -2.820853137402432737e-02 6.152744065188718060e-04
1.110586365352808497e-01 4.564918954253646133e-01 -2.024693125574428265e-02 -1.961185055961572887e-02 4.384724185457900686e-02
-1.922249800882886162e-01 -2.086947436402439293e-01 -8.715040971792042956e-02 8.058728851158039608e-02 1.594365795358010721e-02
-3.805876907286110944e-01 -3.186379107018494916e-01 -1.431619862034816393e-01 -1.524879916220617249e-02 3.440843049675222989e-03
-3.660423537880158618e-02 -3.736998013166259458e-02 5.940585324055092098e-02 -4.236781789636522022e-02 2.702334577341815661e-03
1.468716227903121396e+00 2.139314431072588896e+00 2.174100057087377191e+00 2.233390304459502484e+00 1.015879226777180788e+00
-3.389561279458129794e-01 1.954734003109562357e+00 1.793055434323207908e+00 5.713345416318190706e-01 -1.214816314236129430e-01
4.192911963281048537e-02 1.485997536936044527e-01 5.815286372427416195e-01 3.238082160871769699e-01 -3.475093024526834662e-02
-7.816769460148751403e-01 -1.206144409990477090e-01 -1.689867134687594863e-02 2.924656940966710028e-01 -4.312293486053352110e-02
-7.342354820136870464e-01 -1.726775360308940299e-01 5.311444764415080844e-01 1.305414821669052539e-01 1.285298931819552071e-02
8.907733741415704287e-01 -7.080746147540233348e-01 -1.753920757542509756e-02 4.101492494202511052e-01 5.741527088232258047e-02
1.043765584892793336e-01 3.298403794094509345e-02 4.265616067586588261e-02 2.635599971036164252e-02 1.905815040013915732e-02
