-5.372618673696484548e-02 8.040048950399851513e-02 4.075856144819784421e-01 -4.503221531593086802e-01 -4.905511619055530348e-01
-8.139194850291509020e-02 4.297134067400285029e-01 5.035659696641243688e-01 3.385370080828353778e-02 7.534806722652356292e-01
5.913050500328920212e-01 -3.818837918613172261e-02 -1.737076207026314156e+00 -3.862229274340120422e-02 -5.732992629144655350e-01
1.843663980936436839e-02 -2.239750427809060820e-02 -2.246531288134755999e-01 2.222444931633982546e-01 2.363234579913259803e-01
-1.274663976854291558e+00 2.452146374645998161e-01 6.004358817338566467e-01 -1.493534555796990126e+00 -6.239125433795045250e-01
2.445157187127069420e-01 1.361067258473453445e-01 -3.464840513953396650e-01 -5.066320530900286778e-01 -2.252757128607906223e-01
1.768698889934573470e-01 -1.517110278169763737e-01 -9.879491458972345930e-01 -4.377787543842746598e-01 -7.133894184387921111e-01
-3.324440889970334267e-01 8.912557486895771042e-02 1.767484029405247625e+00 3.979277913079095619e-01 6.363131185672004086e-01
-7.905022119665513491e-01 -6.225448155990109811e-01 -3.776988334529098879e+00 -2.547950770385038588e+00 -2.618320558450504265e+00
-4.195255673923495299e-03 2.617106899217724273e-03 2.881249367011911103e-02 -5.635021326203513981e-02 -5.139186894916991655e-02
-5.327981023337360900e-02 9.776696830853456865e-03 4.372699542298058017e-01 2.568496842417008486e-01 2.259630835726836595e-01
7.720101628488473811e-02 -1.813011954267113729e-02 -4.112767365473516956e-01 -1.571211024329143280e-01 -1.856015557522258663e-01
5.297809000011113323e-01 1.447874911461614345e-01 -6.373946734501256817e-02 4.475168877100686449e-01 2.090894482412810618e-01
3.095504870745160453e-01 1.828519660498376664e-01 9.456381369268400672e-01 1.169953287194418934e+00 1.284338531676576745e+00
-1.100268135097175470e-01 -8.778655934320806278e-03 -4.421500075142140163e-02 3.388403904919875531e-01 1.271853052755397284e-01
-2.740448428567172634e-01 -5.560557408399727786e-01 2.205198126768132205e+00 5.517137883947894617e-01 -1.161629178625626091e-01
-4.080738787470356566e-01 5.631047018199711873e-01 1.848342922129260213e+00 1.329509700179238030e-01 4.548270839581975977e-01
1.337548319332217961e-01 1.415712658038796867e-01 1.499004513413616790e-01 -1.167449182794322304e-01 -1.387795411789848332e-01
4.735248903142330601e-02 4.122151527678200034e-02 1.105586779853582113e+00 -7.074228287971827400e-02 4.992046681176407485e-01
3.437896037194206988e-04 -9.336866728626772288e-05 -1.345145840025876831e-04 5.539947895398136639e-03 4.253300706989409513e-03
2.042519442765908591e-03 -3.599161088177897953e-04 -4.759983321616477470e-02 -3.923843850951760914e-02 -2.719712060734971737e-02
-6.171363980387515116e-03 1.015272705047100786e-03 2.441868149316582179e-02 1.680039462276614048e-02 1.975328161738742344e-02
-6.460310040680153354e-02 -1.744521699611170304e-02 4.854330922216873456e-02 -5.029120487167500209e-02 -4.339104542891929206e-02
1.191870028557907683e-02 -3.777401639100707361e-04 4.598005281157428042e-02 -6.575141560863097256e-02 -3.116171593026065972e-02
-2.203815664730476159e-02 -1.356478131080970234e-02 4.074059628119802712e-02 -1.500826158606917426e-01 -1.723956833100579178e-01
2.017737559751589249e-01 1.675204651707350723e-01 -8.924665090086334462e-01 2.346956126150753774e-03 1.831962488698422598e-01
1.972722134926125359e-01 -5.332677899311608766e-03 -9.697594111928165006e-01 2.404841763513197728e-02 -7.178199291269979354e-02
-3.459985608197450185e-02 -1.325756726136196294e-02 -3.839575646611401161e-03 1.025843565519067441e-01 1.736907251398975283e-01
-1.268757445585590865e-02 -1.101317661074439035e-02 -5.887433633374400399e-01 1.056741442464713410e-02 -1.846339020773714590e-01
7.968448060253612297e-01 -9.042090971130576360e-01 -1.794414093189527604e+00 1.092359473141448989e+00 4.320067222651187699e-01
3.217538724181672194e-01 6.811898864581530377e-01 1.159468644569750628e+00 1.479030260205602687e+00 1.492946764658097170e+00
-1.330146297455805648e-01 -4.526759910995295511e-02 -6.193008485673505703e-01 6.599336689258110678e-01 5.558717263565365885e-01
5.700353971805266484e-03 -8.756707891633294660e-02 2.213730564414762902e+00 4.453463306975971037e-01 3.089599732863167469e-01
2.201591291275224738e-02 -5.532729679735642198e-02 2.066457608854240791e-01 6.310553034761218205e-02 9.127519001333320170e-02
8.785361586895860941e-02 -1.529728074676641736e-01 -2.805286537634399391e-03 4.664200687177444404e-01 4.330804552817858477e-01
1.714318192595158663e-02 8.038881910018590149e-02 8.303625036485579036e-02 4.407340372845515442e-02 5.091294497721462337e-02
