1.193974055775990140e+00 5.175838713772694666e-01 3.383376637082099458e-01 1.071748618873255454e+00 0.000000000000000000e+00
6.123368428333759717e-01 1.740473579504643042e-01 2.101411690735049964e-01 3.132924263119836739e-01 0.000000000000000000e+00
2.543566570113623415e-01 -1.013068367190638891e-01 -2.248973220501664927e-01 5.277050897895262382e-01 0.000000000000000000e+00
1.259522157368397677e+00 4.975606847625688167e-01 3.177295459479033690e-01 8.249479648941840937e-01 0.000000000000000000e+00
-1.864655789956554122e-01 3.139158443177334640e-02 2.906758538319907659e-02 -7.901877680403002202e-02 0.000000000000000000e+00
4.650089080528503893e-01 3.142257659834231109e-01 1.131514035259093692e-01 3.199971148536408516e-01 0.000000000000000000e+00
1.076453094952528167e+00 8.313049495638040742e-01 2.803351925315267779e-01 8.498873740327530513e-01 0.000000000000000000e+00
-5.348337513363534690e-01 -2.835185225331869341e-01 3.721465508250637044e-01 -3.059139586101747299e-01 0.000000000000000000e+00
5.331579183978577552e-01 2.532066577108180727e-01 1.878049825942776710e-02 -4.856141933317380255e-02 0.000000000000000000e+00
-1.824907352443137842e+00 -7.843598221931731285e-01 -3.058026894151595898e-01 -1.734544130029797460e+00 0.000000000000000000e+00
-1.600464343689068369e-01 -1.779241462832323317e-02 -2.157783354205523169e-02 -7.450324676336288199e-02 0.000000000000000000e+00
-2.193840422222093633e-01 -2.088242628780129506e-01 2.595326937611209805e-01 -3.177465782534908967e-01 0.000000000000000000e+00
-2.325942702580527377e-01 1.277175759850195449e-02 -5.985378027642508647e-02 -1.082650101603056525e-01 0.000000000000000000e+00
-6.735094198987212621e-01 9.425864323481075724e-02 2.825701021042927863e-01 -2.416204188255465790e-01 0.000000000000000000e+00
-1.511869536079679888e+00 -8.749328941518644820e-01 -2.395184323495332113e-01 -1.345896451793087145e+00 0.000000000000000000e+00
5.707788385543210996e-01 2.699961212481259420e-01 1.947452062758221469e-01 1.785730072019562908e-01 0.000000000000000000e+00
1.401998185689778076e+00 -9.888408490487927693e-01 4.919435253004993958e-01 5.949838730159519029e-01 0.000000000000000000e+00
-1.620425904487088620e-01 1.720429477849959810e+00 1.187204720672246028e+00 3.147506609329037142e-01 0.000000000000000000e+00
9.311421859958314562e-02 1.407857500862936817e+00 -3.729234346719663695e-01 1.258153018877357976e+00 0.000000000000000000e+00
8.501391490237193427e-01 3.945999103495134719e-01 -1.916106328217882793e-01 9.137097197491231837e-01 0.000000000000000000e+00
-9.498962042128855643e-03 -1.097395170858066031e-02 -1.378706815558819639e-03 -1.528366438648697152e-02 0.000000000000000000e+00
3.303028744435183572e-01 1.406368965209437716e-01 1.196131208280601516e-01 2.682859483999048833e-01 0.000000000000000000e+00
4.626644282932558527e-02 3.080454127378616166e-03 7.079220142897114931e-02 5.953698637141906225e-02 0.000000000000000000e+00
-1.745427419575749095e-01 -5.710110752026682085e-02 -2.211883282282688101e-01 9.056803735676483003e-02 0.000000000000000000e+00
-3.809454553578736080e-01 -1.468615650616148238e-01 -3.012814822123613054e-03 -2.619127731596659348e-01 0.000000000000000000e+00
6.914386446626176186e-01 -3.259309154550302408e-04 7.609571354026761769e-03 1.897127171134388168e-01 0.000000000000000000e+00
1.089394056572163816e+00 4.636018643411031204e-01 2.598097718946088593e-03 3.065897261094714943e-01 0.000000000000000000e+00
8.399203978572895579e-01 1.733504987395915631e+00 4.478047588692598002e-01 7.076765176358603693e-01 0.000000000000000000e+00
-3.417535695636620408e-01 1.022503393701067687e+00 9.607225988327208754e-02 4.508389214024023373e-01 0.000000000000000000e+00
-4.605880468209461731e-01 -8.891832796692819008e-01 8.082145194196915794e-02 -2.628345510649293670e-01 0.000000000000000000e+00
7.744963943395614114e-01 3.503197844871747818e-02 -4.614389954771758728e-01 -1.128686335050767403e-01 0.000000000000000000e+00
-2.478267354261207145e-01 -1.051455307751824719e+00 -1.072114259133568615e+00 -1.644055246939832848e+00 0.000000000000000000e+00
8.570498822185375065e-01 -6.689720650037833671e-01 -4.388526788904359988e-01 4.011197306827563591e-01 0.000000000000000000e+00
-1.829949154538408118e+00 2.263520607949121299e-01 -5.526968265583370732e-01 -1.489248869887173754e+00 0.000000000000000000e+00
8.255740204168570129e-01 3.871008314396092165e-01 2.257955888836850333e-01 8.094260903413016406e-01 0.000000000000000000e+00
