-4.576175805948007325e-01 -2.946559368384500388e-01 1.141409494638617295e+00 -9.539886089750721637e-03 0.000000000000000000e+00
-3.096649718455148359e-01 -1.144927946568137234e-01 4.063693786435396693e-01 5.532063773538143520e-02 0.000000000000000000e+00
-4.718781894880826056e-02 -2.088350100649312424e-01 3.615514349180441733e-02 -4.429756842895123947e-01 0.000000000000000000e+00
-1.082973457573190190e+00 -1.185911894379306220e-01 1.068788269103928962e-01 6.629436733072806287e-05 0.000000000000000000e+00
-1.493549278890292931e-01 -5.784702845558143541e-02 -3.538687866431777101e-02 2.163945051034483688e-02 0.000000000000000000e+00
-2.606563572673664675e-01 -8.318193492236211628e-02 9.023980793559943647e-01 1.180189089785075168e-01 0.000000000000000000e+00
2.841660767347300998e-01 -2.851697605061439544e-01 3.914360317318258953e-01 2.337645622282606417e-01 0.000000000000000000e+00
-5.130958769488298127e-02 -6.282075597127882716e-02 -2.830594526486370777e-01 -1.485877764301059001e-01 0.000000000000000000e+00
-2.721783974021701469e-01 -1.356686111378707926e-01 -1.256026262159837606e-03 -1.950900026174056875e-02 0.000000000000000000e+00
-3.736570860602066446e-01 -1.526123416055147897e-01 -3.336007418688676229e-01 -1.887739477160849666e-01 0.000000000000000000e+00
-5.335970020699030980e-02 -2.949320745338342500e-02 -7.049630903591143360e-02 2.331517625184622352e-03 0.000000000000000000e+00
3.257658639104146769e-02 -5.501524725325329657e-02 -2.542884978666037354e-01 -6.841770498723469263e-02 0.000000000000000000e+00
-4.883793089935883208e-02 -8.419033723935376301e-02 -1.901724437285856953e-02 2.390545162683834976e-02 0.000000000000000000e+00
2.299491133360888340e-02 8.080679236981458402e-02 4.050589795983557950e-01 1.235585706364123459e-01 0.000000000000000000e+00
2.607365670903095956e-02 -2.155760880248794586e-01 -8.366207090196574603e-01 -3.108824289660550577e-01 0.000000000000000000e+00
3.907674103177125741e-02 -1.056407555528884740e-01 -6.657095905235070610e-02 1.187290853232949583e-01 0.000000000000000000e+00
2.497038459932431897e-01 -3.225547672030384394e-01 4.117408562369405112e-01 5.634741482452651148e-03 0.000000000000000000e+00
7.431635179916495915e-01 -7.728218888316625013e-02 -4.391662990141999567e-01 3.685656944438806537e-01 0.000000000000000000e+00
3.790307254743487952e-01 1.306912024568068487e-01 1.605154412072539394e+00 -1.161526551587428735e-01 0.000000000000000000e+00
-8.023752108747291834e-01 3.706460523605196733e-01 9.707385281005149746e-01 -2.148976398727304449e-01 0.000000000000000000e+00
-1.004405214339835258e-03 1.079572987984124197e-03 2.732448868211812291e-04 -5.054223579474634125e-03 0.000000000000000000e+00
8.426526198060063644e-02 -9.382949877988525089e-02 3.511784847237357093e-02 -4.481385907214529424e-02 0.000000000000000000e+00
1.756042227323039925e-02 -2.194874816312315444e-02 3.767503973371540138e-02 3.859732016869699828e-02 0.000000000000000000e+00
1.780655966547876612e-01 1.700638156721773486e-01 4.127875340674837940e-02 6.857130538479829646e-03 0.000000000000000000e+00
7.150259127477712195e-02 -3.745503602744768012e-03 9.494875256400064911e-02 1.951105518231756666e-02 0.000000000000000000e+00
-4.625281395226789327e-02 -2.893853662230561063e-01 -3.193503471223776424e-01 -2.882513997692601193e-01 0.000000000000000000e+00
2.899458935234506818e-01 -2.793467727532747968e-01 3.963795295473436786e-01 2.279242897896076592e-01 0.000000000000000000e+00
2.956143998331316469e-01 1.206539837551676153e-01 1.301327897395243571e-01 9.135104186958406536e-02 0.000000000000000000e+00
1.637200480225680099e-01 1.682388542008331489e-01 7.928627581813965097e-01 1.035489451142071748e-01 0.000000000000000000e+00
2.853906457726079204e-01 1.369121971478874378e-01 4.233454985386436720e-01 -1.135069919866680405e-01 0.000000000000000000e+00
2.190791866686192801e-01 2.431228587439334121e-01 1.308912917005094823e+00 1.994627080474367375e-01 0.000000000000000000e+00
2.768678181157118723e-01 9.242793818965462649e-02 -1.998103985766974955e-01 3.536054722639557224e-01 0.000000000000000000e+00
1.612544040680648216e-01 -2.661138375848652871e-01 1.413609847565824085e+00 1.838061181719078396e-01 0.000000000000000000e+00
4.482507712131995614e-01 -5.955724983217832724e-01 -1.340876167841877464e+00 6.262749298667903419e-01 0.000000000000000000e+00
4.054979104436042814e-01 -7.384361224112713507e-02 -6.063489748356684084e-01 5.310872078778233751e-01 0.000000000000000000e+00
