1.425610784741676573e-01 -9.126292937842875319e-02 4.333984108589909560e-03 5.115818146749970957e-03 0.000000000000000000e+00
1.004673382847909302e-01 -4.300537665417682176e-02 -2.888109538854792546e-02 -4.001256877568275250e-02 0.000000000000000000e+00
-1.117083131314869221e-01 9.579121321864375593e-02 9.242265347804322351e-02 -6.701743126294107573e-03 0.000000000000000000e+00
-2.065293393395783994e-02 -4.667283446030119631e-02 8.136286412376203536e-02 1.982818464464281352e-02 0.000000000000000000e+00
6.582620595469795832e-02 -1.260945522237874941e-02 -3.014652870276029670e-02 -5.178615646329332717e-02 0.000000000000000000e+00
1.208936040732586648e-01 -7.442982581855867030e-02 4.026964490745696401e-02 -6.029018150675768267e-02 0.000000000000000000e+00
1.034212881781315929e-01 -8.034154846254602800e-02 1.102444802451870050e-02 -2.916657689718005382e-03 0.000000000000000000e+00
-7.217448176751710409e-02 7.982946646170942240e-02 7.580609628383162824e-02 1.698188202721491609e-04 0.000000000000000000e+00
3.814503008165916198e-02 -4.844248400851160208e-02 3.632377116031549474e-02 -3.808061745537208442e-02 0.000000000000000000e+00
-7.197544157571590662e-02 1.230788297067756387e-01 2.021655839583706010e-02 -9.196214353282157472e-02 0.000000000000000000e+00
3.456212492848585033e-02 8.203671830998722145e-03 -1.229131293826284804e-02 -4.350723276587695892e-02 0.000000000000000000e+00
-4.335769253606602813e-02 7.016213859605412162e-02 7.125992304543844746e-02 2.517118237615074972e-02 0.000000000000000000e+00
4.136047595488337447e-02 -3.763068653816811771e-02 1.709990858814348924e-02 -3.847996981308608733e-02 0.000000000000000000e+00
7.105776991299121714e-02 -3.424001019302157917e-02 5.582059993876656301e-02 -7.252913828894103077e-02 0.000000000000000000e+00
-7.310636506296845638e-02 1.006428101125811797e-01 9.741149333272301758e-02 -4.362537541235309707e-02 0.000000000000000000e+00
7.518875722802977057e-02 -3.904312616273483000e-02 -1.835272827444271032e-02 -4.790946653078274886e-02 0.000000000000000000e+00
-1.122961332162895898e-01 7.422473661910269915e-02 1.224916608292620640e-01 -1.144886803032656337e-02 0.000000000000000000e+00
-5.481397677530069901e-02 -5.633383257017325618e-02 1.018871021570140478e-01 -2.791057774793428981e-02 0.000000000000000000e+00
-1.042280586104816359e-01 1.062576732819184716e-01 6.819652391233775590e-02 -4.055863489480023010e-02 0.000000000000000000e+00
-2.049755240724700570e-02 -3.615680593598185472e-02 6.200017838793998870e-02 4.815127636304993020e-02 0.000000000000000000e+00
7.927125642610865705e-03 2.325310163514330425e-02 1.144116379541710096e-02 4.606148499019512357e-03 0.000000000000000000e+00
-1.887880740711807628e-02 6.141027693118358832e-02 7.053454721039578712e-02 5.900066223793722087e-02 0.000000000000000000e+00
3.266917205756646875e-02 -2.567713968804377633e-02 1.493897542979887028e-02 -3.297904695666874220e-02 0.000000000000000000e+00
3.044461468590544881e-02 -9.286788932440290592e-03 7.191620557368889888e-02 -4.772463760435344954e-02 0.000000000000000000e+00
4.772184711474792423e-02 -1.295869395870928587e-02 -2.239245231504334577e-02 -6.661190545211635727e-02 0.000000000000000000e+00
-6.518516228518726752e-02 9.136173371301460622e-02 1.063288498400438015e-01 -2.110674625931406936e-02 0.000000000000000000e+00
-7.066802945798464353e-02 6.076696132460140259e-02 1.060681723154598272e-01 8.351248908982583999e-03 0.000000000000000000e+00
2.718204792151884125e-02 -6.717713746345295445e-02 9.033940533345347079e-02 -4.277492794164963752e-02 0.000000000000000000e+00
-6.220292816745749687e-02 8.494429915998949476e-02 5.221904249024509476e-02 -2.467666010844981814e-02 0.000000000000000000e+00
3.712239953217462418e-02 -4.417722892019540493e-02 2.498237317804182650e-02 -3.461577995122488982e-02 0.000000000000000000e+00
1.047907791042545361e-01 -7.380295779346253415e-02 9.543230321725443277e-02 -8.749158239458011688e-02 0.000000000000000000e+00
-7.420908226018262110e-02 6.994414099408097218e-02 1.422848077136201761e-01 -1.078342077650157882e-01 0.000000000000000000e+00
9.648267384072685415e-02 -7.392383000386319736e-02 6.159923622105274027e-02 -4.524019132386686987e-02 0.000000000000000000e+00
-7.249865226179171007e-02 1.196479924341161405e-01 3.851553445772733578e-03 -7.115320937522801037e-02 0.000000000000000000e+00
8.883623682751927431e-02 -7.560100809690185886e-02 9.965904004518230663e-03 1.574932448936792496e-03 0.000000000000000000e+00
