# row: theta (3) | shifts (1) for modes [[3, 2]]
# | q_range = (1.0, 5.0) | m2_range = None | s1_range = 0 | s2_range = 0.5
2.298698140859525729e+00 0.000000000000000000e+00 5.000000000000000000e-01 -1.428222656250088818e-03
4.023600361208742981e+00 0.000000000000000000e+00 5.000000000000000000e-01 -1.831054687500000000e-03
2.894069724839610114e+00 0.000000000000000000e+00 5.000000000000000000e-01 -1.538085937499822364e-03
3.088168635238427218e+00 0.000000000000000000e+00 5.000000000000000000e-01 -1.574707031250177636e-03
4.441836099375299440e+00 0.000000000000000000e+00 5.000000000000000000e-01 -1.721191406250266454e-03
2.581711176751898762e+00 0.000000000000000000e+00 5.000000000000000000e-01 -1.501464843749911182e-03
4.648497857102793063e+00 0.000000000000000000e+00 5.000000000000000000e-01 -1.733398437499644729e-03
4.636461385028459503e+00 0.000000000000000000e+00 5.000000000000000000e-01 -1.757812499999733546e-03
4.396600890521464855e+00 0.000000000000000000e+00 5.000000000000000000e-01 -1.721191406249822364e-03
2.970282047136409087e+00 0.000000000000000000e+00 5.000000000000000000e-01 -1.562499999999911182e-03
2.775079035454534271e+00 0.000000000000000000e+00 5.000000000000000000e-01 -1.525878906250000000e-03
2.700979534950591177e+00 0.000000000000000000e+00 5.000000000000000000e-01 -1.525878906250444089e-03
2.553075753963607308e+00 0.000000000000000000e+00 5.000000000000000000e-01 -1.489257812500088818e-03
1.701580866508913381e+00 0.000000000000000000e+00 5.000000000000000000e-01 -1.330566406250177636e-03
4.679231467326427918e+00 0.000000000000000000e+00 5.000000000000000000e-01 -1.745605468749911182e-03
1.645856978865722020e+00 0.000000000000000000e+00 5.000000000000000000e-01 -1.318359374999911182e-03
1.159155134559919365e+00 0.000000000000000000e+00 5.000000000000000000e-01 -1.269531249999733546e-03
1.174922067745378662e+00 0.000000000000000000e+00 5.000000000000000000e-01 -1.416015624999822364e-03
3.580022251117753296e+00 0.000000000000000000e+00 5.000000000000000000e-01 -1.635742187499733546e-03
1.427678430564329304e+00 0.000000000000000000e+00 5.000000000000000000e-01 -1.269531249999733546e-03
2.238383547691200626e+00 0.000000000000000000e+00 5.000000000000000000e-01 -1.416015624999822364e-03
1.886848032599579561e+00 0.000000000000000000e+00 5.000000000000000000e-01 -1.367187500000088818e-03
4.268820769227575695e+00 0.000000000000000000e+00 5.000000000000000000e-01 -1.684570312499911182e-03
1.404759842455538976e+00 0.000000000000000000e+00 5.000000000000000000e-01 -1.281738281250000000e-03
4.006744537402157746e+00 0.000000000000000000e+00 5.000000000000000000e-01 -1.672363281249644729e-03
4.222171879906978731e+00 0.000000000000000000e+00 5.000000000000000000e-01 -1.708984375000444089e-03
2.734329908738205361e+00 0.000000000000000000e+00 5.000000000000000000e-01 -1.513671875000177636e-03
4.496803451860516887e+00 0.000000000000000000e+00 5.000000000000000000e-01 -1.721191406249822364e-03
2.567455693369645964e+00 0.000000000000000000e+00 5.000000000000000000e-01 -1.489257812499644729e-03
2.178472887268352309e+00 0.000000000000000000e+00 5.000000000000000000e-01 -1.428222656249644729e-03
3.407007460055095915e+00 0.000000000000000000e+00 5.000000000000000000e-01 -1.623535156249911182e-03
3.105385172385471293e+00 0.000000000000000000e+00 5.000000000000000000e-01 -1.574707031250177636e-03
3.500234395078797967e+00 0.000000000000000000e+00 5.000000000000000000e-01 -1.635742187500177636e-03
1.221772551661699069e+00 0.000000000000000000e+00 5.000000000000000000e-01 -1.269531250000177636e-03
1.105855997890620390e+00 0.000000000000000000e+00 5.000000000000000000e-01 -1.257324218749911182e-03
3.735062210260279958e+00 0.000000000000000000e+00 5.000000000000000000e-01 -1.660156250000266454e-03
1.436531803218120462e+00 0.000000000000000000e+00 5.000000000000000000e-01 -1.293945312499822364e-03
3.304341631778811905e+00 0.000000000000000000e+00 5.000000000000000000e-01 -1.599121093750266454e-03
1.593819083115343371e+00 0.000000000000000000e+00 5.000000000000000000e-01 -1.306152343749644729e-03
2.853221741659121680e+00 0.000000000000000000e+00 5.000000000000000000e-01 -1.538085937499822364e-03
2.534955134085854489e+00 0.000000000000000000e+00 5.000000000000000000e-01 -1.477050781249822364e-03
3.784555034072898838e+00 0.000000000000000000e+00 5.000000000000000000e-01 -1.672363281249644729e-03
1.328519966255527596e+00 0.000000000000000000e+00 5.000000000000000000e-01 -1.269531250000177636e-03
1.188925427201994012e+00 0.000000000000000000e+00 5.000000000000000000e-01 -1.257324218749911182e-03
3.993107989501580413e+00 0.000000000000000000e+00 5.000000000000000000e-01 -1.696777343750177636e-03
3.831771912618001874e+00 0.000000000000000000e+00 5.000000000000000000e-01 -1.684570312500355271e-03
1.488687908860304443e+00 0.000000000000000000e+00 5.000000000000000000e-01 -1.293945312499822364e-03
2.433381281807216467e+00 0.000000000000000000e+00 5.000000000000000000e-01 -1.477050781249822364e-03
1.161988040496230390e+00 0.000000000000000000e+00 5.000000000000000000e-01 -1.257324218749911182e-03
2.185354799416524330e+00 0.000000000000000000e+00 5.000000000000000000e-01 -1.428222656249644729e-03
4.041534785000552965e+00 0.000000000000000000e+00 5.000000000000000000e-01 -1.684570312499911182e-03
2.236612040878111163e+00 0.000000000000000000e+00 5.000000000000000000e-01 -1.428222656250088818e-03
3.679148362941876194e+00 0.000000000000000000e+00 5.000000000000000000e-01 -1.647949218749555911e-03
2.361674920865393990e+00 0.000000000000000000e+00 5.000000000000000000e-01 -1.452636718750177636e-03
4.835362834034602209e+00 0.000000000000000000e+00 5.000000000000000000e-01 -1.745605468749911182e-03
4.837335125545447312e+00 0.000000000000000000e+00 5.000000000000000000e-01 -1.770019531250000000e-03
3.780138715066323929e+00 0.000000000000000000e+00 5.000000000000000000e-01 -1.660156249999822364e-03
4.991208014847151375e+00 0.000000000000000000e+00 5.000000000000000000e-01 -1.757812499999733546e-03
1.601156644096919379e+00 0.000000000000000000e+00 5.000000000000000000e-01 -1.293945312500266454e-03
3.350841227493341457e+00 0.000000000000000000e+00 5.000000000000000000e-01 -1.623535156249911182e-03
3.640337293315297096e+00 0.000000000000000000e+00 5.000000000000000000e-01 -1.647949218750000000e-03
3.779121603624642223e+00 0.000000000000000000e+00 5.000000000000000000e-01 -1.660156250000266454e-03
3.240955640179925989e+00 0.000000000000000000e+00 5.000000000000000000e-01 -1.599121093749822364e-03
1.301880325465069266e+00 0.000000000000000000e+00 5.000000000000000000e-01 -1.281738281249555911e-03
1.478919501709865969e+00 0.000000000000000000e+00 5.000000000000000000e-01 -1.281738281250000000e-03
2.461364119469924727e+00 0.000000000000000000e+00 5.000000000000000000e-01 -1.464843749999555911e-03
4.227367819251494296e+00 0.000000000000000000e+00 5.000000000000000000e-01 -1.696777343749733546e-03
2.194950751560387658e+00 0.000000000000000000e+00 5.000000000000000000e-01 -1.416015624999822364e-03
4.517868674793500183e+00 0.000000000000000000e+00 5.000000000000000000e-01 -1.721191406250266454e-03
3.857492568179846426e+00 0.000000000000000000e+00 5.000000000000000000e-01 -1.672363281249644729e-03
3.134679533729030521e+00 0.000000000000000000e+00 5.000000000000000000e-01 -1.574707031249733546e-03
1.359937616990508857e+00 0.000000000000000000e+00 5.000000000000000000e-01 -1.281738281250444089e-03
1.854397398137394237e+00 0.000000000000000000e+00 5.000000000000000000e-01 -1.342773437499555911e-03
4.918426227739736589e+00 0.000000000000000000e+00 5.000000000000000000e-01 -1.757812499999733546e-03
1.138828778127038532e+00 0.000000000000000000e+00 5.000000000000000000e-01 -1.269531249999733546e-03
3.965141839751745501e+00 0.000000000000000000e+00 5.000000000000000000e-01 -1.696777343750177636e-03
3.800295783411021588e+00 0.000000000000000000e+00 5.000000000000000000e-01 -1.672363281250088818e-03
4.283843569310173294e+00 0.000000000000000000e+00 5.000000000000000000e-01 -1.708984375000000000e-03
1.519641159831344179e+00 0.000000000000000000e+00 5.000000000000000000e-01 -1.293945312499822364e-03
2.865518146294481205e+00 0.000000000000000000e+00 5.000000000000000000e-01 -1.538085937499822364e-03
4.760377799960786582e+00 0.000000000000000000e+00 5.000000000000000000e-01 -1.733398437500088818e-03
3.466143663058765423e+00 0.000000000000000000e+00 5.000000000000000000e-01 -1.623535156249911182e-03
4.755315931439552557e+00 0.000000000000000000e+00 5.000000000000000000e-01 -1.745605468749911182e-03
4.478897821007413071e+00 0.000000000000000000e+00 5.000000000000000000e-01 -1.733398437500088818e-03
1.732542031586822517e+00 0.000000000000000000e+00 5.000000000000000000e-01 -1.330566406249733546e-03
2.055923376801016111e+00 0.000000000000000000e+00 5.000000000000000000e-01 -1.403808593750000000e-03
2.949202847629584401e+00 0.000000000000000000e+00 5.000000000000000000e-01 -1.562499999999911182e-03
3.029988720639506194e+00 0.000000000000000000e+00 5.000000000000000000e-01 -1.562499999999911182e-03
2.551895302069296267e+00 0.000000000000000000e+00 5.000000000000000000e-01 -1.489257812499644729e-03
4.883349114302372840e+00 0.000000000000000000e+00 5.000000000000000000e-01 -1.733398437500088818e-03
1.930892585063234357e+00 0.000000000000000000e+00 5.000000000000000000e-01 -1.379394531249911182e-03
4.131559143664585321e+00 0.000000000000000000e+00 5.000000000000000000e-01 -1.684570312499911182e-03
3.598937769961592537e+00 0.000000000000000000e+00 5.000000000000000000e-01 -1.660156250000266454e-03
2.837201997132776210e+00 0.000000000000000000e+00 5.000000000000000000e-01 -1.538085937500266454e-03
1.603296051673960054e+00 0.000000000000000000e+00 5.000000000000000000e-01 -1.306152343750532907e-03
3.310803475397165574e+00 0.000000000000000000e+00 5.000000000000000000e-01 -1.623535156249911182e-03
2.879617874420156376e+00 0.000000000000000000e+00 5.000000000000000000e-01 -1.550292968750088818e-03
2.578522537842944828e+00 0.000000000000000000e+00 5.000000000000000000e-01 -1.489257812499644729e-03
1.444575414222110776e+00 0.000000000000000000e+00 5.000000000000000000e-01 -1.281738281250000000e-03
3.080492718775730498e+00 0.000000000000000000e+00 5.000000000000000000e-01 -1.574707031249733546e-03
4.754834046718581675e+00 0.000000000000000000e+00 5.000000000000000000e-01 -1.733398437499644729e-03
4.615176272040085514e+00 0.000000000000000000e+00 5.000000000000000000e-01 -1.745605468749911182e-03
2.295034632163425847e+00 0.000000000000000000e+00 5.000000000000000000e-01 -1.452636718750177636e-03
2.015212688088933835e+00 0.000000000000000000e+00 5.000000000000000000e-01 -1.367187500000088818e-03
2.620201005850980813e+00 0.000000000000000000e+00 5.000000000000000000e-01 -1.489257812499644729e-03
4.957312337181889461e+00 0.000000000000000000e+00 5.000000000000000000e-01 -1.745605468749911182e-03
2.377910367087959997e+00 0.000000000000000000e+00 5.000000000000000000e-01 -1.464843750000000000e-03
4.808214145423692187e+00 0.000000000000000000e+00 5.000000000000000000e-01 -1.733398437500088818e-03
3.577723290522615063e+00 0.000000000000000000e+00 5.000000000000000000e-01 -1.635742187499733546e-03
3.582462638188977255e+00 0.000000000000000000e+00 5.000000000000000000e-01 -1.635742187499733546e-03
4.593261653110898735e+00 0.000000000000000000e+00 5.000000000000000000e-01 -1.733398437499644729e-03
2.861113451823215748e+00 0.000000000000000000e+00 5.000000000000000000e-01 -1.550292968750088818e-03
1.980622229880429241e+00 0.000000000000000000e+00 5.000000000000000000e-01 -1.379394531249911182e-03
1.817676795790020172e+00 0.000000000000000000e+00 5.000000000000000000e-01 -1.342773437500000000e-03
1.845692278212027748e+00 0.000000000000000000e+00 5.000000000000000000e-01 -1.342773437500000000e-03
1.481238269696796284e+00 0.000000000000000000e+00 5.000000000000000000e-01 -1.293945312499822364e-03
4.478504575163722912e+00 0.000000000000000000e+00 5.000000000000000000e-01 -1.721191406249822364e-03
1.106343936272595307e+00 0.000000000000000000e+00 5.000000000000000000e-01 -1.257324218749911182e-03
3.886955407596475176e+00 0.000000000000000000e+00 5.000000000000000000e-01 -1.660156250000266454e-03
2.814557860584258275e+00 0.000000000000000000e+00 5.000000000000000000e-01 -1.538085937500266454e-03
1.971604845600271716e+00 0.000000000000000000e+00 5.000000000000000000e-01 -1.379394531249911182e-03
2.969524284862206986e+00 0.000000000000000000e+00 5.000000000000000000e-01 -1.574707031250177636e-03
2.083976559780137627e+00 0.000000000000000000e+00 5.000000000000000000e-01 -1.379394531249911182e-03
3.469534921941386685e+00 0.000000000000000000e+00 5.000000000000000000e-01 -1.623535156250355271e-03
3.022194702871794370e+00 0.000000000000000000e+00 5.000000000000000000e-01 -1.550292968750088818e-03
3.396180774800204194e+00 0.000000000000000000e+00 5.000000000000000000e-01 -1.635742187500177636e-03
2.322120515754590109e+00 0.000000000000000000e+00 5.000000000000000000e-01 -1.440429687499911182e-03
1.137844183950115440e+00 0.000000000000000000e+00 5.000000000000000000e-01 -1.257324218749911182e-03
4.345516881706453560e+00 0.000000000000000000e+00 5.000000000000000000e-01 -1.708984374999555911e-03
4.636764491481260464e+00 0.000000000000000000e+00 5.000000000000000000e-01 -1.745605468749911182e-03
4.784810866346374425e+00 0.000000000000000000e+00 5.000000000000000000e-01 -1.757812499999733546e-03
1.419091692159392792e+00 0.000000000000000000e+00 5.000000000000000000e-01 -1.269531249999733546e-03
1.051465979981594412e+00 0.000000000000000000e+00 5.000000000000000000e-01 -1.269531250000177636e-03
3.997628564517412997e+00 0.000000000000000000e+00 5.000000000000000000e-01 -1.696777343750177636e-03
1.099495588247116018e+00 0.000000000000000000e+00 5.000000000000000000e-01 -1.257324218749911182e-03
3.559508401776738662e+00 0.000000000000000000e+00 5.000000000000000000e-01 -1.635742187500177636e-03
2.488214980244778385e+00 0.000000000000000000e+00 5.000000000000000000e-01 -1.477050781250266454e-03
1.444617598429034810e+00 0.000000000000000000e+00 5.000000000000000000e-01 -1.281738281250000000e-03
2.751190427760217716e+00 0.000000000000000000e+00 5.000000000000000000e-01 -1.525878906249555911e-03
2.087619882833212870e+00 0.000000000000000000e+00 5.000000000000000000e-01 -1.391601562500177636e-03
1.324268790676049523e+00 0.000000000000000000e+00 5.000000000000000000e-01 -1.269531249999733546e-03
1.650289449330976321e+00 0.000000000000000000e+00 5.000000000000000000e-01 -1.318359375000355271e-03
2.571540930617896681e+00 0.000000000000000000e+00 5.000000000000000000e-01 -1.489257812500088818e-03
1.783870425536840054e+00 0.000000000000000000e+00 5.000000000000000000e-01 -1.330566406249733546e-03
1.788037878675534209e+00 0.000000000000000000e+00 5.000000000000000000e-01 -1.342773437500444089e-03
4.570827280678098958e+00 0.000000000000000000e+00 5.000000000000000000e-01 -1.733398437500088818e-03
1.441065278315850406e+00 0.000000000000000000e+00 5.000000000000000000e-01 -1.269531250000177636e-03
2.709612011364227246e+00 0.000000000000000000e+00 5.000000000000000000e-01 -1.501464843749911182e-03
4.847508828723581686e+00 0.000000000000000000e+00 5.000000000000000000e-01 -1.745605468749911182e-03
2.094031059647879278e+00 0.000000000000000000e+00 5.000000000000000000e-01 -1.403808593750000000e-03
3.644959210727209964e+00 0.000000000000000000e+00 5.000000000000000000e-01 -1.647949218750000000e-03
2.653956886700673756e+00 0.000000000000000000e+00 5.000000000000000000e-01 -1.501464843749911182e-03
2.647351084481385008e+00 0.000000000000000000e+00 5.000000000000000000e-01 -1.513671874999733546e-03
3.845031975299479932e+00 0.000000000000000000e+00 5.000000000000000000e-01 -1.684570312499911182e-03
1.817702943158288509e+00 0.000000000000000000e+00 5.000000000000000000e-01 -1.342773437500000000e-03
1.377879887660683700e+00 0.000000000000000000e+00 5.000000000000000000e-01 -1.281738281250000000e-03
3.414368027580005016e+00 0.000000000000000000e+00 5.000000000000000000e-01 -1.623535156250355271e-03
1.665947170339657557e+00 0.000000000000000000e+00 5.000000000000000000e-01 -1.330566406250177636e-03
4.595974596236923837e+00 0.000000000000000000e+00 5.000000000000000000e-01 -1.721191406249822364e-03
4.395494536687801101e+00 0.000000000000000000e+00 5.000000000000000000e-01 -1.733398437500088818e-03
1.301148099733274943e+00 0.000000000000000000e+00 5.000000000000000000e-01 -1.269531249999733546e-03
1.087448674942788962e+00 0.000000000000000000e+00 5.000000000000000000e-01 -1.257324218749911182e-03
4.350663305835464456e+00 0.000000000000000000e+00 5.000000000000000000e-01 -1.708984374999555911e-03
3.854246388822111236e+00 0.000000000000000000e+00 5.000000000000000000e-01 -1.684570312499911182e-03
2.870937599003099194e+00 0.000000000000000000e+00 5.000000000000000000e-01 -1.550292968750088818e-03
2.417787004144745122e+00 0.000000000000000000e+00 5.000000000000000000e-01 -1.452636718750177636e-03
1.139815440529957424e+00 0.000000000000000000e+00 5.000000000000000000e-01 -1.269531250000177636e-03
4.851894206027269618e+00 0.000000000000000000e+00 5.000000000000000000e-01 -1.733398437500088818e-03
3.793089308610207322e+00 0.000000000000000000e+00 5.000000000000000000e-01 -1.660156249999822364e-03
1.240560154000771131e+00 0.000000000000000000e+00 5.000000000000000000e-01 -1.269531250000177636e-03
2.596973375349174162e+00 0.000000000000000000e+00 5.000000000000000000e-01 -1.501464843749911182e-03
4.409522008110531743e+00 0.000000000000000000e+00 5.000000000000000000e-01 -1.721191406250266454e-03
3.980769926424369221e+00 0.000000000000000000e+00 5.000000000000000000e-01 -1.684570312499911182e-03
2.057611595564476481e+00 0.000000000000000000e+00 5.000000000000000000e-01 -1.379394531250355271e-03
1.943309956655404402e+00 0.000000000000000000e+00 5.000000000000000000e-01 -1.367187500000088818e-03
1.048164586371205242e+00 0.000000000000000000e+00 5.000000000000000000e-01 -1.269531250000177636e-03
4.774512195687495186e+00 0.000000000000000000e+00 5.000000000000000000e-01 -1.733398437499644729e-03
1.504379270885690900e+00 0.000000000000000000e+00 5.000000000000000000e-01 -1.306152343750088818e-03
2.662500191371476532e+00 0.000000000000000000e+00 5.000000000000000000e-01 -1.501464843749911182e-03
1.764207667961253279e+00 0.000000000000000000e+00 5.000000000000000000e-01 -1.330566406250177636e-03
3.653282673718674101e+00 0.000000000000000000e+00 5.000000000000000000e-01 -1.647949218750000000e-03
3.040408305551398627e+00 0.000000000000000000e+00 5.000000000000000000e-01 -1.574707031250177636e-03
2.178448981304046406e+00 0.000000000000000000e+00 5.000000000000000000e-01 -1.416015624999822364e-03
3.276473336872977704e+00 0.000000000000000000e+00 5.000000000000000000e-01 -1.611328125000088818e-03
4.774752762251172733e+00 0.000000000000000000e+00 5.000000000000000000e-01 -1.745605468750355271e-03
2.503087182257866861e+00 0.000000000000000000e+00 5.000000000000000000e-01 -1.464843750000000000e-03
1.915214940878662730e+00 0.000000000000000000e+00 5.000000000000000000e-01 -1.367187500000088818e-03
3.226423551665626555e+00 0.000000000000000000e+00 5.000000000000000000e-01 -1.611328125000088818e-03
4.355511771263447685e+00 0.000000000000000000e+00 5.000000000000000000e-01 -1.708984375000000000e-03
2.732107964061283756e+00 0.000000000000000000e+00 5.000000000000000000e-01 -1.513671874999733546e-03
4.980541897047420008e+00 0.000000000000000000e+00 5.000000000000000000e-01 -1.770019531250000000e-03
1.984302975716359496e+00 0.000000000000000000e+00 5.000000000000000000e-01 -1.391601562499733546e-03
4.528278049464905308e+00 0.000000000000000000e+00 5.000000000000000000e-01 -1.721191406249822364e-03
4.167347738815152525e+00 0.000000000000000000e+00 5.000000000000000000e-01 -1.684570312499911182e-03
2.976016443210819151e+00 0.000000000000000000e+00 5.000000000000000000e-01 -1.574707031249733546e-03
3.287733427165770550e+00 0.000000000000000000e+00 5.000000000000000000e-01 -1.611328125000088818e-03
1.328104622973255378e+00 0.000000000000000000e+00 5.000000000000000000e-01 -1.257324218749911182e-03
1.090552558095649882e+00 0.000000000000000000e+00 5.000000000000000000e-01 -1.257324218750355271e-03
1.907631606441198002e+00 0.000000000000000000e+00 5.000000000000000000e-01 -1.354980468749822364e-03
4.289125616678824748e+00 0.000000000000000000e+00 5.000000000000000000e-01 -1.696777343750177636e-03
3.331053950149921672e+00 0.000000000000000000e+00 5.000000000000000000e-01 -1.611328125000088818e-03
1.942988056072684433e+00 0.000000000000000000e+00 5.000000000000000000e-01 -1.367187500000088818e-03
3.837433746096409415e+00 0.000000000000000000e+00 5.000000000000000000e-01 -1.672363281250088818e-03
3.313811422829727515e+00 0.000000000000000000e+00 5.000000000000000000e-01 -1.599121093749822364e-03
2.286373944813646641e+00 0.000000000000000000e+00 5.000000000000000000e-01 -1.440429687499911182e-03
2.978906770503501722e+00 0.000000000000000000e+00 5.000000000000000000e-01 -1.550292968750088818e-03
3.612262612939696638e+00 0.000000000000000000e+00 5.000000000000000000e-01 -1.660156250000266454e-03
4.728587483701523375e+00 0.000000000000000000e+00 5.000000000000000000e-01 -1.745605468749911182e-03
4.430512211239440390e+00 0.000000000000000000e+00 5.000000000000000000e-01 -1.708984375000444089e-03
4.278120780150394431e+00 0.000000000000000000e+00 5.000000000000000000e-01 -1.721191406249822364e-03
2.048926126586873675e+00 0.000000000000000000e+00 5.000000000000000000e-01 -1.379394531249911182e-03
2.167483555717024224e+00 0.000000000000000000e+00 5.000000000000000000e-01 -1.403808593750000000e-03
4.829781446711347570e+00 0.000000000000000000e+00 5.000000000000000000e-01 -1.745605468749911182e-03
4.205005551112055429e+00 0.000000000000000000e+00 5.000000000000000000e-01 -1.721191406249822364e-03
2.825176091697986447e+00 0.000000000000000000e+00 5.000000000000000000e-01 -1.538085937499822364e-03
1.616001304871536259e+00 0.000000000000000000e+00 5.000000000000000000e-01 -1.318359374999911182e-03
1.982877519498035701e+00 0.000000000000000000e+00 5.000000000000000000e-01 -1.367187499999644729e-03
3.360271930862545720e+00 0.000000000000000000e+00 5.000000000000000000e-01 -1.635742187499733546e-03
1.955889338499960051e+00 0.000000000000000000e+00 5.000000000000000000e-01 -1.379394531249911182e-03
2.199024485985552779e+00 0.000000000000000000e+00 5.000000000000000000e-01 -1.416015624999822364e-03
3.279716856344994547e+00 0.000000000000000000e+00 5.000000000000000000e-01 -1.611328124999644729e-03
3.475591250275039901e+00 0.000000000000000000e+00 5.000000000000000000e-01 -1.635742187500177636e-03
4.927223587184379028e+00 0.000000000000000000e+00 5.000000000000000000e-01 -1.757812500000177636e-03
1.658857671256706912e+00 0.000000000000000000e+00 5.000000000000000000e-01 -1.318359374999911182e-03
1.294029877620264113e+00 0.000000000000000000e+00 5.000000000000000000e-01 -1.269531250000177636e-03
3.913439478805128324e+00 0.000000000000000000e+00 5.000000000000000000e-01 -1.696777343750177636e-03
4.281839746152666493e+00 0.000000000000000000e+00 5.000000000000000000e-01 -1.721191406249822364e-03
1.846762906279169947e+00 0.000000000000000000e+00 5.000000000000000000e-01 -1.354980468750266454e-03
3.331964268438029730e+00 0.000000000000000000e+00 5.000000000000000000e-01 -1.623535156249911182e-03
2.874265926050950881e+00 0.000000000000000000e+00 5.000000000000000000e-01 -1.550292968750088818e-03
3.458742322684357440e+00 0.000000000000000000e+00 5.000000000000000000e-01 -1.635742187500177636e-03
1.984736480946902137e+00 0.000000000000000000e+00 5.000000000000000000e-01 -1.379394531249911182e-03
1.412009374494715530e+00 0.000000000000000000e+00 5.000000000000000000e-01 -1.281738281250000000e-03
1.535411588770497993e+00 0.000000000000000000e+00 5.000000000000000000e-01 -1.293945312500266454e-03
4.282492960223690304e+00 0.000000000000000000e+00 5.000000000000000000e-01 -1.696777343750177636e-03
4.411422448021658838e+00 0.000000000000000000e+00 5.000000000000000000e-01 -1.733398437500088818e-03
4.297687148240702193e+00 0.000000000000000000e+00 5.000000000000000000e-01 -1.721191406250266454e-03
1.771061284625427668e+00 0.000000000000000000e+00 5.000000000000000000e-01 -1.342773437500000000e-03
2.913888482454036755e+00 0.000000000000000000e+00 5.000000000000000000e-01 -1.538085937500266454e-03
2.248232381040832895e+00 0.000000000000000000e+00 5.000000000000000000e-01 -1.428222656250088818e-03
1.466389447919247413e+00 0.000000000000000000e+00 5.000000000000000000e-01 -1.293945312499822364e-03
3.787901788714508111e+00 0.000000000000000000e+00 5.000000000000000000e-01 -1.672363281250088818e-03
4.309952354954795339e+00 0.000000000000000000e+00 5.000000000000000000e-01 -1.708984375000444089e-03
4.483631302339894376e+00 0.000000000000000000e+00 5.000000000000000000e-01 -1.733398437499644729e-03
1.298139161023073473e+00 0.000000000000000000e+00 5.000000000000000000e-01 -1.269531250000177636e-03
4.433110804604287303e+00 0.000000000000000000e+00 5.000000000000000000e-01 -1.721191406249822364e-03
3.501206262172983585e+00 0.000000000000000000e+00 5.000000000000000000e-01 -1.623535156249911182e-03
2.005150322925901119e+00 0.000000000000000000e+00 5.000000000000000000e-01 -1.379394531249911182e-03
3.384988538694738036e+00 0.000000000000000000e+00 5.000000000000000000e-01 -1.623535156249911182e-03
2.537199028942751511e+00 0.000000000000000000e+00 5.000000000000000000e-01 -1.477050781250266454e-03
2.892419863659699608e+00 0.000000000000000000e+00 5.000000000000000000e-01 -1.562499999999911182e-03
2.250321992196727905e+00 0.000000000000000000e+00 5.000000000000000000e-01 -1.428222656250088818e-03
3.292631419069625309e+00 0.000000000000000000e+00 5.000000000000000000e-01 -1.599121093750266454e-03
2.704797687369921988e+00 0.000000000000000000e+00 5.000000000000000000e-01 -1.525878906249555911e-03
4.324906912984219254e+00 0.000000000000000000e+00 5.000000000000000000e-01 -1.721191406249822364e-03
2.463995921391124888e+00 0.000000000000000000e+00 5.000000000000000000e-01 -1.477050781249822364e-03
4.245815423584730297e+00 0.000000000000000000e+00 5.000000000000000000e-01 -1.708984375000000000e-03
4.030426074740185882e+00 0.000000000000000000e+00 5.000000000000000000e-01 -1.696777343749733546e-03
3.606569975691032770e+00 0.000000000000000000e+00 5.000000000000000000e-01 -1.647949218750000000e-03
3.495932330912585595e+00 0.000000000000000000e+00 5.000000000000000000e-01 -1.635742187499733546e-03
3.843328919577414737e+00 0.000000000000000000e+00 5.000000000000000000e-01 -1.660156249999822364e-03
4.939764015729494417e+00 0.000000000000000000e+00 5.000000000000000000e-01 -1.757812499999733546e-03
1.561160076693550280e+00 0.000000000000000000e+00 5.000000000000000000e-01 -1.306152343750088818e-03
3.178812606837437826e+00 0.000000000000000000e+00 5.000000000000000000e-01 -1.599121093749822364e-03
1.193999558159568597e+00 0.000000000000000000e+00 5.000000000000000000e-01 -1.416015624999822364e-03
1.936290555440935091e+00 0.000000000000000000e+00 5.000000000000000000e-01 -1.379394531249911182e-03
2.223997332029141738e+00 0.000000000000000000e+00 5.000000000000000000e-01 -1.416015625000266454e-03
3.290204848263894366e+00 0.000000000000000000e+00 5.000000000000000000e-01 -1.611328124999644729e-03
1.685480908701567415e+00 0.000000000000000000e+00 5.000000000000000000e-01 -1.330566406250177636e-03
3.118160431045378989e+00 0.000000000000000000e+00 5.000000000000000000e-01 -1.574707031250177636e-03
2.863060051244533888e+00 0.000000000000000000e+00 5.000000000000000000e-01 -1.538085937500266454e-03
3.935012615300176542e+00 0.000000000000000000e+00 5.000000000000000000e-01 -1.672363281250088818e-03
2.358571603754023194e+00 0.000000000000000000e+00 5.000000000000000000e-01 -1.452636718749733546e-03
3.595104449422471316e+00 0.000000000000000000e+00 5.000000000000000000e-01 -1.647949218750000000e-03
4.020866718697062581e+00 0.000000000000000000e+00 5.000000000000000000e-01 -1.684570312499911182e-03
3.260051879589128010e+00 0.000000000000000000e+00 5.000000000000000000e-01 -1.599121093749822364e-03
2.429480423788711985e+00 0.000000000000000000e+00 5.000000000000000000e-01 -1.477050781250266454e-03
1.390542442013964930e+00 0.000000000000000000e+00 5.000000000000000000e-01 -1.281738281250000000e-03
4.768443946116914134e+00 0.000000000000000000e+00 5.000000000000000000e-01 -1.745605468750355271e-03
1.950226434097874328e+00 0.000000000000000000e+00 5.000000000000000000e-01 -1.367187500000088818e-03
3.386013917320307876e+00 0.000000000000000000e+00 5.000000000000000000e-01 -1.623535156249911182e-03
1.525420300984052346e+00 0.000000000000000000e+00 5.000000000000000000e-01 -1.306152343750088818e-03
1.133347654282691241e+00 0.000000000000000000e+00 5.000000000000000000e-01 -1.257324218749911182e-03
3.236809398662266801e+00 0.000000000000000000e+00 5.000000000000000000e-01 -1.586914062500000000e-03
4.516767590386615794e+00 0.000000000000000000e+00 5.000000000000000000e-01 -1.733398437499644729e-03
1.674014316557574711e+00 0.000000000000000000e+00 5.000000000000000000e-01 -1.318359374999911182e-03
1.076844855363531028e+00 0.000000000000000000e+00 5.000000000000000000e-01 -1.257324218749911182e-03
