-1.192290033359719947e+00 -1.506675290223020269e+00 0.000000000000000000e+00
-5.872774137235629022e-01 -9.385379959926677396e-01 0.000000000000000000e+00
-4.771771035318995297e-02 4.413106193643949182e-01 0.000000000000000000e+00
-8.630004282083743317e-02 -2.855966191307566793e-01 0.000000000000000000e+00
-2.904547713933098296e-01 2.649467652573645610e-02 0.000000000000000000e+00
2.400299357572660830e-01 -9.279761405434772126e-01 0.000000000000000000e+00
1.488062780444352751e-01 -2.470567258060720195e-01 0.000000000000000000e+00
-7.530642771609762087e-02 -1.024637395219989838e-01 0.000000000000000000e+00
-1.063108818648739705e-02 1.292193060940690086e-01 0.000000000000000000e+00
-1.050421308696889711e-01 1.822718978099995280e-01 0.000000000000000000e+00
-1.014228119714441212e-01 2.454998055002480528e-01 0.000000000000000000e+00
-2.497714144461482197e-02 -3.945766521058340082e-02 0.000000000000000000e+00
-4.149376794429990301e-02 3.112424656770459291e-02 0.000000000000000000e+00
8.013552159865993119e-01 8.997390176722627197e-01 0.000000000000000000e+00
-7.482161672983911327e-02 1.913680019271636612e-01 0.000000000000000000e+00
6.407372197998617569e-01 7.923341899879584593e-01 0.000000000000000000e+00
-1.189084959812345133e-01 -5.121642433892249074e-02 0.000000000000000000e+00
-4.615509473687643555e-02 -1.745605784904480651e-01 0.000000000000000000e+00
-7.183167060809632354e-02 -7.459245204673059515e-01 0.000000000000000000e+00
7.243617207335859356e-03 -1.613419308170266353e-01 0.000000000000000000e+00
6.343489166423259273e-02 -1.293138307516825125e-02 0.000000000000000000e+00
-4.267597130113039150e-02 -2.330834127027727951e-02 0.000000000000000000e+00
-5.481369996273156159e-02 -5.616216328774210897e-02 0.000000000000000000e+00
6.627199792988788252e-01 2.919183482251951345e-01 0.000000000000000000e+00
4.926019901236953769e-01 -5.345896855762369108e-03 0.000000000000000000e+00
4.067810561050430040e-01 2.111924268737258581e-01 0.000000000000000000e+00
-1.116663888302606572e-01 -3.199972679819091392e-01 0.000000000000000000e+00
-6.218993339313161339e-01 -6.898448971962694021e-01 0.000000000000000000e+00
-2.228993113421787187e-01 -4.680934956079178533e-01 0.000000000000000000e+00
2.028760707505796457e-01 7.434142074391152100e-02 0.000000000000000000e+00
6.284234813665159347e-01 7.218639245740015031e-01 0.000000000000000000e+00
7.475397122075950751e-01 1.050061892557990761e+00 0.000000000000000000e+00
-9.016531446693194785e-02 1.602525256973292844e+00 0.000000000000000000e+00
-2.293762950437083434e-02 -2.007421111866758145e-01 0.000000000000000000e+00
5.325962534290155093e-01 8.651787365114408379e-01 0.000000000000000000e+00
