5.085740380962624485e-01 -3.123557669414485982e+00 0.000000000000000000e+00
-4.202000458707845887e+00 -6.997107616586484280e-01 0.000000000000000000e+00
-2.269164444735596586e-01 -2.082685536431882478e-01 0.000000000000000000e+00
5.356936178082482014e-01 -4.128908110590326364e-01 0.000000000000000000e+00
-2.537676594806454466e-01 7.982665841893354930e-01 0.000000000000000000e+00
1.848418985554575400e+00 -1.521290628291496860e+00 0.000000000000000000e+00
1.808437027882566994e+00 -1.671821328378736871e+00 0.000000000000000000e+00
1.757177168562800373e+00 -6.716734384212458275e-01 0.000000000000000000e+00
-2.978469880573513806e-01 1.179873021802405192e-01 0.000000000000000000e+00
1.392109065183526839e+00 1.102863991728012250e-01 0.000000000000000000e+00
1.349536499825010116e+00 6.403373097068908448e-01 0.000000000000000000e+00
1.262932543889591752e+00 -3.207765953236802470e-01 0.000000000000000000e+00
3.095489707578969463e-01 -1.674387744771939357e-01 0.000000000000000000e+00
-1.601041230759680856e+00 1.581933455168559544e+00 0.000000000000000000e+00
7.891646118590112113e-01 -1.950056628258899916e-01 0.000000000000000000e+00
-3.596529605050689415e+00 1.516006461851699717e-02 0.000000000000000000e+00
-2.183959213871827121e+00 9.563210269826770693e-01 0.000000000000000000e+00
3.358543389882500674e-01 2.549199988210398837e-01 0.000000000000000000e+00
-5.824835003352359097e-02 5.374858402881818042e-01 0.000000000000000000e+00
-4.222769712715643831e-01 -2.490790113417655494e-01 0.000000000000000000e+00
-3.953310507090783132e-01 -3.164736021882603723e-01 0.000000000000000000e+00
-1.993779712428336015e-01 4.951223308287710512e-01 0.000000000000000000e+00
-1.975746702352694784e-01 1.142658532207760091e-01 0.000000000000000000e+00
3.603723759118206971e+00 1.944095966714813439e+00 0.000000000000000000e+00
9.440264467264483095e-01 7.550064638011766416e-01 0.000000000000000000e+00
9.929423366044105581e-01 8.187388581944057275e-01 0.000000000000000000e+00
-1.157355151006067784e+00 1.091399875142726045e-01 0.000000000000000000e+00
-6.302624401844477697e-01 3.383847028531642431e-01 0.000000000000000000e+00
1.278815686643858918e+00 -6.661388048180625354e-01 0.000000000000000000e+00
-1.844949490077261722e-01 -1.549476014720559680e-01 0.000000000000000000e+00
-1.874771215051195927e+00 -3.983528296346058539e+00 0.000000000000000000e+00
-3.223476296001915209e+00 -3.631529227996711739e+00 0.000000000000000000e+00
-1.826134840824772398e-01 -7.714383521547457656e-01 0.000000000000000000e+00
-4.340086507320800036e-01 4.158903624912467789e-01 0.000000000000000000e+00
-5.116633755576196485e-01 -1.060456846864674008e+00 0.000000000000000000e+00
