1.166532512162522961e+00 -3.406053030116235059e-04 1.460543906816689441e+00
7.831384344489711324e-01 -4.096440254364602240e-01 -3.800484991767809073e-01
2.542890095161729480e-01 -3.317307199537747331e-01 -6.238130117463046576e-01
-1.686588270430095626e+00 -2.615305240984429069e-01 -2.255975188693512656e+00
1.603551630677786832e+00 -1.327575612328084187e+00 1.625838875432625397e+00
-2.187634093511932609e-01 -2.519528200653694053e-02 -7.141933620609652866e-01
-6.444960150775647101e-01 1.091719173679921884e+00 1.985987600866180869e-01
9.941232477603104134e-02 9.223196424468567134e-01 1.573335328528035149e+00
-4.961183961728288239e-01 -1.311609922047659804e+00 -7.498237457493444058e-01
9.121476457795998360e-01 1.043926088007779002e-01 1.196163628281554647e+00
1.831221507934224224e-01 -8.590506641095361218e-01 9.458118842113386049e-02
-1.622876092692383532e-01 -6.508492595049433227e-01 -1.099777677932083808e+00
-1.726325853918439623e+00 7.952924038780485594e-01 -1.721713804777935897e+00
3.960148139983455939e-01 1.483959174707932593e+00 8.464159372904469514e-01
1.848354133307046898e-01 1.544350439965944399e-01 7.987587280603563045e-01
-1.757225554268131429e+00 -7.387966293988577071e-01 1.427021171253661791e-01
-6.245322938956846537e-01 -2.135403873647860606e-01 1.805637279857228994e-01
-5.687086877587212846e-02 1.890631103150071934e-01 -5.208431285342021017e-02
-2.557656911450316706e-01 2.014265420059106748e-01 5.482823507228157256e-02
-1.620239348819080827e-01 3.275619675946240400e-03 -2.059232585117369563e-01
1.092590496392297113e-02 2.208536445134417769e-01 -2.712755365068606275e-02
3.001355384218366146e-02 1.346082673012353736e-01 2.391916634978403233e-01
5.413302907047411461e-01 -1.841576116403974561e-01 6.306494713401159524e-01
-5.839049268644801172e-02 -7.171619272924169286e-02 -2.488864092164085329e-01
-9.133795468171293508e-02 -4.515130345283968616e-01 -2.286263472524902030e-01
6.523113592394754745e-01 4.635519300834662904e-01 -6.221732897972177823e-02
2.481615976147033831e-01 1.996346193876985531e-01 -7.316713334497525201e-02
2.800167021131624162e-02 -7.861512228906160360e-02 3.505883610118456367e-02
1.519885993559181303e-01 -7.011132741237509347e-02 -5.967836779076027970e-02
-1.970584530906126286e+00 2.652767861301060792e-01 -2.322472429443706243e+00
-1.656245944312280394e-01 2.211143742332392637e-01 9.683164985614056697e-03
2.998341954045761759e-01 -2.258905700834257235e-02 3.006323645600931238e-01
2.329116627978745635e-01 9.223556192320556124e-02 -6.067378109991571761e-02
9.033471295752011632e-02 2.932192034189493729e-02 1.606033210873792638e-01
-1.648643356750067734e-01 2.569049781418325518e-01 -1.445943215674060367e-01
9.059325647259490466e-02 1.057182718465656812e-01 1.214918311107953119e-01
