-8.150561617263785141e-01 -1.699170255587555856e+00 0.000000000000000000e+00
-4.435527107264812252e-01 -8.865340651951406636e-01 0.000000000000000000e+00
2.956653263068501625e-01 8.002666930533423872e-02 0.000000000000000000e+00
-2.065530059847150435e-01 1.724020730320809935e-01 0.000000000000000000e+00
-3.039781096605342348e-01 2.455639230869322703e-02 0.000000000000000000e+00
1.072454777109639948e-02 -2.947338175936110027e-01 0.000000000000000000e+00
4.637376531620622799e-01 -2.650114977760305024e-01 0.000000000000000000e+00
2.859661763202721030e-01 -1.413573762548070711e-01 0.000000000000000000e+00
1.171394291014539596e-01 8.917908474541526298e-02 0.000000000000000000e+00
-1.192304249947404443e-01 3.398335073301718134e-01 0.000000000000000000e+00
-1.276043380580572928e-01 2.916729367176215115e-01 0.000000000000000000e+00
1.804029109428103017e-01 -2.021830728298943530e-02 0.000000000000000000e+00
8.011863157190764195e-02 -4.286133993534030351e-02 0.000000000000000000e+00
4.398048869758071078e-01 8.572313233508908059e-01 0.000000000000000000e+00
-9.064850372992666605e-02 1.041197227872436848e-01 0.000000000000000000e+00
5.874032219841117675e-01 1.082858968751159168e+00 0.000000000000000000e+00
-2.283930126624833246e-01 -5.967348248095785124e-01 0.000000000000000000e+00
-4.496932623715036992e-01 -3.878688317822431286e-01 0.000000000000000000e+00
3.554041378110283089e-01 -1.667553756796046893e-01 0.000000000000000000e+00
1.638090120035267522e-02 -2.986096130295987638e-01 0.000000000000000000e+00
7.159830540406594834e-02 -2.742414925921166004e-03 0.000000000000000000e+00
-7.135385643130180700e-02 -2.194477008409772070e-02 0.000000000000000000e+00
-1.124723671704141031e-01 -8.160581924946003207e-02 0.000000000000000000e+00
5.692523985826676292e-01 -3.169345075372560772e-02 0.000000000000000000e+00
6.268080580510619892e-01 4.113732962513488162e-02 0.000000000000000000e+00
4.768698477511118528e-01 2.781525735869723737e-01 0.000000000000000000e+00
-7.951547200381081648e-01 4.862396852053890162e-01 0.000000000000000000e+00
2.514194912269130389e-01 4.371619034431181716e-01 0.000000000000000000e+00
-8.802085983561275251e-01 -1.063381312250738092e-01 0.000000000000000000e+00
-5.045835993324759849e-01 -2.154719118667360322e-01 0.000000000000000000e+00
7.459389631841748525e-01 7.239180488467680252e-01 0.000000000000000000e+00
-1.507678499431202690e+00 -9.058781310129371267e-01 0.000000000000000000e+00
-3.797689518548186260e-01 7.138491365736129302e-01 0.000000000000000000e+00
8.888351578080947446e-01 6.643171621564816220e-01 0.000000000000000000e+00
2.360612764460391921e-01 1.342254659826613405e+00 0.000000000000000000e+00
