2.961675958185014945e-01 -8.712896337002291602e-01 -9.461830721970929114e-02
-2.535426004000998490e-01 -4.698161039046319654e-01 7.203881840387376112e-01
-3.665035837823795162e-01 -2.734209728582118193e-01 4.720205128684266116e-01
-1.247553509403354077e+00 3.954415059641910868e-01 -7.306408056343232094e-01
-4.001575968497348562e-02 -5.741484379348291700e-01 6.371573824879640524e-01
-9.731021766853409360e-02 4.638369326810834470e-02 2.428915344162786150e-01
-5.818619964277538248e-01 1.028773954425071108e-02 -2.193802849668694765e+00
1.019351713276946736e+00 8.323194956009811740e-01 -4.470650144534416004e-01
-1.108057360960831988e-01 -6.411263858093080303e-02 9.036450907486939244e-01
8.300859469753164577e-01 -1.356862106774000543e-01 5.582397251413829808e-01
1.159301642963195711e+00 5.642911860217688647e-01 2.218363133192603698e+00
-6.545416720287211554e-01 -5.751341779685117395e-01 2.298776531946790935e-01
-3.544685206293269331e-01 5.630878889292068035e-01 -9.454504275736778096e-01
4.850061378464335937e-01 3.948859150176228239e-01 -9.562735655343899133e-01
1.811905615554154081e-01 1.428272381551198844e-01 -2.694807459785244497e-01
1.167053921190010501e-01 4.995638541261892551e-01 -6.522681067184388226e-01
-8.226549695760905501e-02 3.748334577610921980e-02 -5.675266050196232648e-01
2.853252979205851414e-01 1.302819616551686988e-01 -1.612626724556255331e-01
1.521960357567875843e-01 -2.737198170776392742e-02 -2.067495617978927502e-01
-1.520171237569967748e-01 4.498641707649242427e-02 -1.035802817255459807e-01
-3.372844185188443866e-01 -1.736551891354333188e-01 -5.759719757692596254e-01
1.196522518616094793e-01 1.167421843646762047e-01 -5.642279031216376750e-02
2.068884881733117909e-01 -1.263547881138994966e-01 3.829112704543106149e-01
-1.008004281037203076e-01 -5.256987640855674548e-02 9.352041113842773923e-02
-1.665807335592062177e-01 -1.327774479384329076e-01 3.118919711112203563e-01
-4.317153164362148576e-01 -5.586862387622129056e-01 -1.771433780902092747e-01
6.827694613799109580e-02 -3.080019994466116906e-02 2.675254098168899364e-01
-2.018735167110024264e-01 -7.241167298851555745e-02 1.219673374068367400e-01
-5.520928835880750674e-02 4.482168288266689948e-02 1.246791391845852581e-01
-7.517501206332885544e-02 1.412269837491409163e-01 -6.788232597549728187e-01
-1.803381974439967339e-01 -1.025795089673417482e-01 -5.321270247215961202e-01
-5.177738268568422841e-02 -1.613878183047282311e-01 -1.928002791379748448e-01
-4.977581097526069531e-02 -1.638221270389945139e-01 -1.037476460698742858e-01
2.370031893869603001e-01 -1.176319037196767031e-01 -5.255434189226765307e-02
2.164112348981547251e-01 4.858940341302652732e-01 3.137505059109657046e-01
1.211219905409948588e-01 9.403918408771523574e-02 1.244882696552938595e-01
