3.152285309561458915e-02 9.695056791456091450e-02 1.488541835489669007e-01
4.298657451481077696e-02 2.115038047921641295e-02 3.983874618965042858e-02
4.740169748072375899e-02 4.630161145084643604e-02 4.474019283029805061e-02
-7.142382493571535207e-01 -8.204120149393954176e-01 -8.675925761645386647e-01
-6.329437882647503955e-03 -5.895974681302817988e-02 -4.966387998654453462e-03
7.655385372334795602e-03 -4.776076479491228599e-04 3.692198683882708110e-03
5.524261255125421932e-02 1.025036498535044360e-01 5.488940724491489509e-02
-5.264441983926687607e-02 -4.497030118663780662e-02 -3.077887729589376398e-02
6.283076593134401255e-03 -5.916739440656043625e-03 9.506685411104776051e-03
2.320811425144900242e-01 2.917018297200442145e-01 3.106675329102237537e-01
-2.487681857103346550e-02 -5.660348644471832613e-02 -1.831462243926432198e-02
2.935139952193976942e-02 1.631825223087371435e-02 6.045426620857580202e-03
5.815193607514115848e-02 1.244141790538487724e-01 2.801853409589000199e-02
-2.132521563753486671e-03 1.627033660750681898e-02 -3.297388916275983961e-03
-4.698322465810561566e-03 -4.004023123418826158e-03 -5.867426339288939197e-03
6.366174225576670676e-03 3.127575235763532802e-02 1.283483264765940268e-02
2.008517583643948390e-02 2.219624787600438243e-02 2.082745662078225313e-02
8.364830546161661218e-03 -1.757939464077040714e-02 8.226603016728339934e-03
3.135157878560501654e-03 1.092169792944019946e-02 4.299979668980768999e-04
-2.087615548403716492e-02 -3.204736723464438053e-02 -3.487571731328979741e-02
1.975329853443084926e-03 8.642484922131840261e-03 1.106772534797476060e-04
-6.224089960240673791e-03 -2.025028892750253828e-03 -1.543386740277818969e-04
-2.026739766432232581e-02 -3.724455283940029948e-02 -5.757529966108232422e-03
1.960466804751419267e-03 1.357465642977159770e-03 1.916641589643663934e-03
-3.421252207232994280e-04 -5.604854935611837397e-03 2.405348237088517083e-04
1.382872504130291946e-02 5.328474374571762207e-03 7.450752390803422331e-03
-6.787389203401009152e-03 -7.696913194103593980e-03 -9.238940079412005790e-03
-7.066944807169156517e-03 8.075599990670465078e-03 -5.549222862323906214e-03
-4.835306646919473872e-03 -5.381505927252783206e-03 1.290830973271345217e-04
1.264651576821274048e-02 2.967606076512634139e-03 1.039543395453720875e-02
8.030203742499963937e-03 -6.702918051079143069e-04 5.242049223263697821e-03
-5.912013735435817097e-03 -4.082712065133095591e-03 8.167962228521619128e-04
-3.490038591024702264e-04 -1.069905003122553766e-03 -2.130555712061443785e-03
-7.613210741127418579e-03 4.474773700939096294e-03 9.216963423075430484e-04
9.222670073517342804e-01 9.187800176008676933e-01 8.987683062224405273e-01
3.723106305133226310e-03 1.832112926029202211e-03 8.609774134660175748e-04
