3.667660905510955471e-02 5.141655576338099998e-02 5.144194094514005222e-01 4.808751718371258310e-03
-1.411427550972709222e-01 -2.661374748354531916e-01 -6.872513731847771368e-01 -3.041355022333211977e-01
-1.928537286158884811e-01 -2.174322233056245612e-01 -1.969234017751707588e-01 -2.482296817958711266e-01
1.875776286806564996e-01 1.782515154263652757e-01 -5.380844036115512985e-01 1.977323489181769256e-01
7.762009166263492133e-02 1.030842380112759193e-02 -1.995031073353659423e-01 -2.076101047989992454e-01
-9.516224311310642059e-02 -8.524187481757775076e-02 -2.209977019393295494e-01 -1.545514243501634188e-01
-2.571595881970333841e-01 -3.189052458556596026e-02 2.555317825449145430e-01 -3.696038836697121410e-02
1.681211708977633779e-01 1.886326436525632699e-01 -7.598606782687467032e-02 2.551543798704523636e-01
-3.546118617917172200e-01 -3.004984968213284535e-01 -3.477522501864305227e-02 -3.947733615344482527e-01
-3.506531442797047871e-02 -3.544044973005616717e-02 3.326086087577330153e-01 -2.902110898721065035e-02
5.238051334745308374e-03 -1.480638404775549699e-01 -2.882035683405638204e-01 -1.276803893118496902e-01
2.179636006977292428e-02 -1.830482235654254386e-03 3.169820073150971251e-01 -4.355868333323391350e-02
-4.783491744338775886e-01 -4.062307054343042845e-01 -3.441484974306152633e-02 -2.827125757690536201e-01
1.607603207520693911e-01 5.623220438555294465e-02 -3.395696221626935962e-01 1.458063360548828014e-01
9.225177122249862693e-02 6.890509252595862499e-02 1.694227275442197200e-01 1.765060918716973570e-01
-1.553102497137708038e-01 6.596143987306987699e-02 1.338173159378662547e+00 6.789892315588968996e-02
-1.195156898836270409e-01 -8.408669560442452728e-02 -3.148621778976058438e-01 -8.916277142693330993e-02
-3.211639915642264947e-02 -2.866346619598095224e-02 -4.566904170440769239e-03 -2.712500267412468191e-02
-3.027318363890552436e-02 1.896566504495142413e-02 -4.183291977258071781e-02 8.121359403785555209e-03
-1.399422493978256382e-02 -1.294458304493055489e-02 -7.744264920434400234e-02 -1.695865354967087540e-02
1.254937575241120706e-01 1.582104000138821187e-01 2.041760287256637607e-01 1.480114422833087029e-01
-1.854636731561167678e-02 -8.169894445166352159e-03 -9.967767497274754307e-02 -2.477604476706571357e-04
-2.317520809543438531e-02 -6.840128121256403015e-02 -8.824107113337090191e-02 -9.138382706947982548e-02
-2.241700118733987168e-02 -1.049077033244684085e-02 -2.625829643407611574e-02 -5.677263882240032172e-02
-2.298195500069083116e-02 1.906481565049867460e-02 1.244330846864974138e-01 -5.748677643321070674e-03
-2.080784368689214681e-01 -3.088507225620547025e-01 -9.273487164523154247e-01 -2.415154902639546908e-01
2.820723538849334577e-02 5.893345406276190995e-03 1.364184408789568259e-01 -1.568990699156101731e-02
7.205846407064453452e-03 1.839162243405863262e-02 -4.934783321714161786e-02 -1.823376812909803524e-03
1.022997159570122883e-02 -1.496957841505608400e-02 -1.026462001400330060e-03 -4.938986346117488213e-03
-3.704587851580620761e-01 -2.003685618563552651e-01 -8.055945949499614400e-01 7.830617104844853071e-03
-8.998056694836824299e-03 -3.726270053125095572e-02 5.988274474385057999e-02 -5.700425852993323828e-03
-9.101388781702871023e-03 -1.373989009692594410e-02 3.854793231441083767e-02 2.189464666127230452e-02
-5.349118826975023111e-03 -5.108224099125320550e-03 9.979159485144678543e-02 7.385625312928828512e-03
-9.835330361627148132e-03 -1.440132341365643262e-02 3.387098717444005092e-02 3.806185061039274453e-03
-5.062955647632279288e-02 -5.399632761609376996e-02 -9.578751978100769060e-02 -2.725459394040899777e-02
8.782963842103636357e-03 9.082351048841108901e-03 2.628489986489293551e-02 1.217004274770895622e-02
