5.052508417632473048e-02 -1.318800599790709294e-02 -2.064912155742448796e-03 -2.719987573653381840e-03
-3.032599427256356117e-01 -2.660837967431438633e-01 -2.706401446695327340e-01 -2.756253706714055229e-01
-2.575028079507725165e-01 -2.543040311086933736e-01 -2.638890972596462103e-01 -2.649628801611382256e-01
1.045670774788276525e-02 7.917160896212505072e-02 7.988925120589251971e-02 9.035161889962228798e-02
-5.423422834549002092e-02 -3.227965338127210954e-02 -1.276458131690477726e-02 -2.686293480515859061e-02
-1.987266004079651927e-02 -1.002172712507168328e-02 -5.029541268464665649e-03 -1.172333277698420217e-02
-1.653670016295644141e-01 -1.992021855529025887e-01 -1.569078449697509092e-01 -1.433993188730547930e-01
1.352161557261628566e-01 1.334572982132692931e-01 1.622150034910216920e-01 1.688023520894412488e-01
1.689667422578500222e-02 -4.735165036484945134e-02 -2.993457287343230522e-02 -4.245694794901634650e-02
3.190719375131889635e-02 7.317816859338591162e-03 3.121497857852706392e-03 -8.666206720490704507e-03
-5.465372594535894413e-02 -4.148618445010793243e-02 -8.282481069050305622e-02 -1.011390005137162984e-01
-1.170299074327441069e-02 -1.699503689159032049e-02 -4.189962272898780510e-02 -4.592948702577909215e-02
4.984911308616790659e-02 5.831811724375779438e-02 -1.609075178623187163e-03 -1.105003713725127845e-02
-5.780967858274355109e-02 2.233582074853857069e-02 -4.029112915706289932e-03 1.710980893175664819e-02
1.594899008379158101e-02 1.279064505430338450e-02 5.748024896631842573e-04 1.544092228943579059e-02
1.411315738201833758e-01 3.049177576758463348e-02 8.711796376385999574e-03 2.685172265533941616e-03
-4.063195315346557202e-02 -1.338862436821885993e-02 -4.497117516635451562e-03 -1.005632741952033893e-02
-1.156594137296482194e-02 1.149217617569420202e-03 1.322367193677620456e-03 5.938204741503388950e-04
-1.311175588375634860e-02 2.681520964689654285e-03 7.587355889505396911e-03 1.035485127171748010e-03
-9.446248241913313137e-04 1.873299818460603255e-03 2.798292257224450907e-03 6.078011804498396203e-03
-9.877418506887100658e-03 -1.184765221970307536e-02 -1.732327948597456313e-03 4.339705577217918553e-03
-4.175097313251330267e-03 -2.130225835528298806e-03 4.643053855805989727e-03 4.904690036838986467e-03
-5.980124605464021137e-02 -7.654769306609940371e-02 -5.487304451673356148e-02 -4.646996902606718299e-02
-3.041928604286717186e-03 -4.159545915768128599e-03 9.793810348372733454e-04 -4.589108478350797937e-03
1.633840066224478971e-02 -5.498991238493053380e-03 4.668996308552060548e-03 -3.132474235912341420e-03
-1.065347646224096556e-01 -5.140442452687310482e-02 -3.487863776614899547e-02 -2.382733055233791919e-02
2.800106527358796338e-02 1.134720024884746520e-02 3.276752894346188216e-03 4.884034723346909052e-03
-3.349876150230413074e-03 -1.538863798552642104e-03 -2.364408078224244925e-04 -4.399097551234937287e-04
5.291744549615090554e-03 -7.425664727537251153e-04 -5.001486457247142359e-03 -1.642283341259098695e-04
-6.931626317986072650e-02 -5.062870072520173070e-02 -2.380260821844594477e-02 -1.517523142047033646e-03
-1.262053611408076037e-03 1.829762637034099138e-02 3.563535292796848886e-03 -1.330227641048120635e-03
3.004964385761521584e-02 -3.372982088483085505e-03 1.806075125732137243e-03 -3.717648898754560838e-03
3.276566848566364598e-03 2.808624794784990442e-03 -3.892827287687583571e-04 1.454497814488642238e-03
8.194138523369531857e-03 1.737573916876941627e-03 1.659855680992222693e-03 -1.404578803581564214e-03
-2.383885696457545833e-01 -2.260617562480720100e-01 -2.318810820889919688e-01 -2.319463755748442935e-01
3.217519988341044704e-03 1.529701284727892152e-03 1.090894036463900063e-03 1.205492842058620813e-03
