5.319623369555520620e-03 1.270186610729584498e-02 -2.092328252767935992e-03 -1.579262476057607945e-03
-1.006593722800524365e-01 -9.080620641653630587e-02 -9.645169797138265777e-02 -9.765832416700140350e-02
-9.580778996766065037e-02 -9.055039813679766070e-02 -9.602109817662894675e-02 -9.605547279984311126e-02
-2.518977799265604833e-01 -2.637784653974304394e-01 -2.414828895167790423e-01 -2.395534624660972112e-01
-3.435016508145039005e-03 -4.063406153047011138e-03 -2.115534250023282103e-03 -2.507284810735754821e-03
-6.050076716390684339e-06 -3.713507643047647688e-03 7.468664448971318315e-04 3.654939760029674023e-04
-6.120966275510478227e-02 -8.961705865365576784e-02 -6.617231133356796247e-02 -5.896061730206686446e-02
5.755947549992290746e-02 4.222463921627411798e-02 5.828264645679964717e-02 5.877115391865561644e-02
7.664306673020315763e-04 1.915506766877850264e-03 -9.201757542543070878e-04 -1.596668700589110035e-03
5.018600681940571517e-03 1.211679030079121366e-02 -1.308115789828145914e-04 -2.591914748575591121e-03
-1.902374092373398939e-02 2.743398396007318274e-03 -1.724936512476853839e-02 -2.517845402633403507e-02
-1.652404471709345568e-02 -4.846902271362807380e-03 -1.771162750925024676e-02 -1.791968763295170852e-02
4.068385829408827092e-03 1.746340411750246790e-02 5.174428756005683416e-03 2.912970619346977319e-03
-3.404154373039564030e-03 -2.179596335561750919e-03 5.641380870278437515e-04 1.286414483598258274e-03
3.065714347316172983e-04 4.759147799234753062e-03 -4.621332468582872721e-04 5.002356624283776920e-04
1.110270704427333832e-02 6.765041601164367702e-03 1.974246444157196079e-03 -1.303544732270511819e-03
1.282907410104727752e-03 -6.618690045293751378e-03 -2.523099347151100402e-05 -4.760055869919566085e-04
9.567915875973165285e-04 4.693215153706020715e-04 1.062388254587237624e-03 7.599525538443119288e-04
-1.883175956436944354e-03 -7.857690751287838005e-04 1.009549619824134936e-03 7.981893760877767363e-05
-1.132590649310979275e-03 -2.474347069259211218e-03 -2.464529710145078184e-04 4.472288371154611863e-04
-9.455704944894546826e-03 -1.433693271829560023e-02 -9.548996607652425472e-03 -7.351466792999430955e-03
1.941543164877129746e-03 -7.600617674130873136e-04 2.329571789996702502e-03 2.292444846534805181e-03
-7.911247995804226996e-03 -1.494600855263494843e-02 -1.003574175078258274e-02 -8.926553975606807412e-03
-1.156686293070502414e-04 -1.526991174642999827e-03 9.620822406311568820e-05 -2.203887913914126528e-04
1.011540496705626291e-03 5.444853170503693995e-04 -4.221008579329693644e-05 -3.805745924108788758e-04
-1.101524587218033480e-02 -7.498354556602027099e-03 -4.705099974095329485e-03 -2.163540963609891787e-03
4.300932941436741430e-05 4.523442990172987788e-03 7.739347422633796603e-04 9.799415675140754622e-04
-9.519518909554824937e-04 -5.460034267332214419e-05 -2.263714865468613446e-04 -5.802514823324833593e-05
4.948664432535276880e-04 2.499525543554481644e-04 -5.092443983636119054e-04 8.578672274858756275e-05
-3.580683238617099473e-03 -8.787746561120357569e-03 -2.914728774510266796e-03 -1.519956346045833739e-03
-1.388034056538089978e-04 2.341269373341808846e-03 1.431834441526363966e-04 9.797690477356124639e-05
-9.032586706150258493e-04 1.157950282249964324e-03 2.396571887749165963e-04 2.646384294214820798e-04
3.823414422555571068e-03 -1.013370772088476035e-03 2.268670032049072138e-04 6.346109843732572475e-04
2.054655878853631212e-03 5.689193504349043806e-04 3.358242074766593088e-04 -2.893878598869900620e-04
6.763533150354124057e-01 6.748179195451011747e-01 6.776441100841585907e-01 6.772534135675476463e-01
4.109252888165396134e-04 3.164973882002486958e-04 1.823348919607381590e-04 1.665878663103809035e-04
