1.009180699436066780e-01 -3.740388489571283781e+00 -1.294904408938734042e+00 0.000000000000000000e+00
2.746486147858588911e+00 -2.761919080745161015e+00 -2.225225744069394995e+00 0.000000000000000000e+00
-1.174024499746325390e+00 1.191549819647600206e+00 4.020385168609472260e+00 0.000000000000000000e+00
1.344555048778607320e+00 2.183017588829318512e-01 -3.513240170761678938e-01 0.000000000000000000e+00
3.050390648440017283e-01 -8.191075446093456502e-01 -1.754208050586473444e+00 0.000000000000000000e+00
-4.694862878974636722e+00 1.615911040507195695e+00 3.953297011504528502e+00 0.000000000000000000e+00
-9.847749629828926876e-01 1.314679040348778694e+00 7.890133812932571544e-01 0.000000000000000000e+00
-2.683914369607811601e+00 -1.237189061663650086e-01 1.622867541760744547e+00 0.000000000000000000e+00
-3.191230437589497537e+00 -5.597674188002810247e-01 2.013709559242478964e+00 0.000000000000000000e+00
1.398638501134203072e+00 -3.305421844478944049e+00 -3.822055445012012775e+00 0.000000000000000000e+00
-5.785288221946379705e-01 4.734971278431004960e-02 -5.150785290140850181e-01 0.000000000000000000e+00
-1.422133040933818204e+00 -5.502395574163052583e-01 -1.215424644622634665e-01 0.000000000000000000e+00
-2.596667905309982594e+00 -3.440892050940099756e-01 2.969816501050971613e+00 0.000000000000000000e+00
2.868417972025523177e+00 2.943138071174796089e+00 8.889002575216873314e-01 0.000000000000000000e+00
4.893906546567757587e+00 9.930252723161028250e-01 2.501854940294460317e+00 0.000000000000000000e+00
-1.512546098077713064e-01 -2.064675798083357161e-01 2.429874760673457479e-01 0.000000000000000000e+00
1.424734157296435155e+00 1.185923349590774389e+00 -1.497339808464338784e+00 0.000000000000000000e+00
5.708944762793002781e+00 -6.304459206030788021e-01 1.926349577237655319e+00 0.000000000000000000e+00
-1.166080195297447775e+00 1.328266331760470376e+00 -4.627895856961344867e-01 0.000000000000000000e+00
1.217753183639490588e-01 2.266820396241086666e+00 -4.303648582711705473e+00 0.000000000000000000e+00
-3.591824176006084279e-01 3.747619774534227677e-01 2.135189506220087907e-01 0.000000000000000000e+00
-7.688574245840580357e-01 -7.072530801694576486e-01 3.410557428981186301e-01 0.000000000000000000e+00
1.268507236915138670e+00 -1.237836056176468552e-01 -1.805093004833617121e+00 0.000000000000000000e+00
1.292360093178969160e+00 3.917648015080452684e+00 3.040392616163229533e+00 0.000000000000000000e+00
-1.222020300784660618e+00 1.199272721232437500e-01 6.151474914245397274e-01 0.000000000000000000e+00
3.479993370931937502e+00 1.031888899549642025e+00 1.128023159016175558e+00 0.000000000000000000e+00
-3.881613078712954135e+00 -3.248613133368313255e-01 1.057501489178871878e+00 0.000000000000000000e+00
3.054086342844720470e+00 2.161281734587099823e+00 -3.368864798169839858e+00 0.000000000000000000e+00
-1.012078721712937890e+00 -1.003131638811975312e+00 -1.088502962959870146e+00 0.000000000000000000e+00
1.311517598406497953e+00 -1.699153428239108088e+00 6.819873126878778224e-01 0.000000000000000000e+00
-1.631177218143548879e+00 1.453720355226773675e+00 1.500640456695542468e+00 0.000000000000000000e+00
-3.280319670422022327e+00 5.652184980555559068e-01 -1.862608011592243651e+00 0.000000000000000000e+00
-1.883162356822046246e-01 5.870034570908940985e+00 -2.200361248468828190e+00 0.000000000000000000e+00
7.042983847885232462e-01 -1.004159358940884816e+00 -2.534506401320690827e-01 0.000000000000000000e+00
2.235150947520216924e+00 4.420614187624330782e+00 3.400706003138624034e+00 0.000000000000000000e+00
