-7.620342170597720344e-01 -3.094757832468820080e+00 4.914613670807584933e-01 0.000000000000000000e+00
-3.050468333787583752e-01 -9.809279661396580474e-01 1.564400698588623573e-01 0.000000000000000000e+00
2.648792539580366867e+00 2.406939032292932712e+00 1.239771226213958411e+00 0.000000000000000000e+00
2.183532036934535014e+00 -7.217942047482157897e-02 -1.045345685806522845e-01 0.000000000000000000e+00
-2.327745236730064671e-01 4.361868646492485929e-02 -3.018313955805489515e-02 0.000000000000000000e+00
8.956887596032298005e-02 4.460655409213843403e-01 -5.634165160212336598e-01 0.000000000000000000e+00
-8.774346976385015706e-01 -1.555659406225506247e+00 -3.429924446803970794e-01 0.000000000000000000e+00
1.412820510446203048e+00 1.835382379616247173e+00 -6.143488047942665675e-01 0.000000000000000000e+00
-6.051593657543783422e-01 7.061726896263588182e-01 6.307545266825392849e-01 0.000000000000000000e+00
8.100649715266632356e-01 -3.860237416494282647e-01 -9.185170105167167476e-01 0.000000000000000000e+00
-8.790317647182610550e-02 1.977101175790039189e-01 -6.928294163578123041e-03 0.000000000000000000e+00
7.873406780726005527e-01 1.216775522975161339e+00 4.245080176287154700e-02 0.000000000000000000e+00
-5.050748421632377250e-01 5.932530212928742719e-01 -2.412928003168083105e-02 0.000000000000000000e+00
2.065858207729272256e-01 2.648482260030029067e+00 1.197001867383047369e+00 0.000000000000000000e+00
-1.613318845282161851e+00 9.688336974092294218e-01 3.797333807522373372e-01 0.000000000000000000e+00
-3.246285401209973442e-01 3.597163778890687946e-01 -1.361967413379480407e-01 0.000000000000000000e+00
2.833774548205753696e+00 -3.227766278364672253e-02 1.843347161597256090e+00 0.000000000000000000e+00
-3.343316129709331119e-01 -5.911024845445026488e-01 -1.654271963880747931e+00 0.000000000000000000e+00
1.527152624255246227e+00 1.472220459284975025e+00 1.286187720162436543e+00 0.000000000000000000e+00
1.545551416209393958e+00 -7.772780711662506670e-03 6.473494358377592794e-01 0.000000000000000000e+00
7.207994922190247289e-02 -6.656158869233339730e-04 -1.780314790180750895e-02 0.000000000000000000e+00
6.107027160484235218e-01 -1.304678037024313564e-01 6.211959315216194488e-01 0.000000000000000000e+00
2.694618443980498768e-01 -3.082832502000106278e-01 -2.140257072716104936e-02 0.000000000000000000e+00
3.417677531400861030e-02 2.678088729945909741e+00 1.276009167421336965e+00 0.000000000000000000e+00
7.852496890381768235e-01 4.568405182655165264e-01 -1.924421494631746998e-01 0.000000000000000000e+00
2.466542270780844037e-01 2.951256959893159421e-02 1.467605532749910735e-01 0.000000000000000000e+00
2.385750079963367687e-01 -1.235737545900361223e+00 -9.662503767068314486e-01 0.000000000000000000e+00
-4.716587279775144026e-01 6.021253028002099272e-01 -7.724391516115698408e-01 0.000000000000000000e+00
8.304707336860608358e-01 8.123643448173971660e-01 -4.352810453195018470e-01 0.000000000000000000e+00
-2.040659607468926495e-01 -1.121588626705907865e+00 -5.718990567181455598e-01 0.000000000000000000e+00
4.474086020135946140e-01 1.461394900530734176e-01 -1.387295634000784705e+00 0.000000000000000000e+00
1.199409833987060026e+00 -1.883443198141251385e+00 -6.212678686647843396e-01 0.000000000000000000e+00
-2.686066123877878797e-01 9.131857803313029320e-01 6.265958078646874929e-01 0.000000000000000000e+00
-1.890031238565791916e-01 1.071421473965606719e+00 -9.330157067467884091e-02 0.000000000000000000e+00
-1.247699935193540055e+00 -1.030727528182501684e+00 1.520727982573126524e-01 0.000000000000000000e+00
