-9.863042926811503852e-01 -9.835825121459179643e-01 -2.467575117897208514e+00 0.000000000000000000e+00
-7.665170536182521754e-01 -1.272661715583480735e-01 -6.627586585005105224e-01 0.000000000000000000e+00
-7.915459864556571024e-01 -6.305727418563425446e-02 1.350771118938586923e+00 0.000000000000000000e+00
1.107379945951022654e-01 -3.902432814936133282e-02 7.790208301536577506e-01 0.000000000000000000e+00
-9.595173100565872193e-02 -1.756651568991277057e-01 1.707048353977303479e-01 0.000000000000000000e+00
-5.281459569844222379e-01 6.472090542389485890e-01 -1.415855416979369119e+00 0.000000000000000000e+00
-1.042727108485509147e-01 -8.939415195533680081e-02 -7.139621295532422307e-01 0.000000000000000000e+00
-2.231547048194224558e-01 -7.348648319776309723e-01 1.390209720014696781e+00 0.000000000000000000e+00
6.109391136066140149e-01 -3.537314853446485996e-01 1.579390110502608413e-01 0.000000000000000000e+00
7.990318664675746252e-01 2.342514791849232419e-02 7.437894787625065618e-01 0.000000000000000000e+00
1.288518951326348971e-01 -7.462410570475747074e-02 2.271724294772708430e-01 0.000000000000000000e+00
1.146902075269048554e-01 -3.243782391846839475e-01 9.043345231713418864e-01 0.000000000000000000e+00
1.909754892179500174e-01 -2.510667505021972890e-01 -3.282862245799494233e-02 0.000000000000000000e+00
8.046514188562281511e-01 8.211708561202692991e-01 5.240537969013714381e-02 0.000000000000000000e+00
2.040821871410162525e-01 1.605348411093939776e-01 -1.215538719181402660e-02 0.000000000000000000e+00
4.016460747309550383e-01 3.710517538403247939e-01 4.374488599690276036e-01 0.000000000000000000e+00
-8.668938889156480032e-01 8.005308663286995197e-01 3.109658927493889613e-01 0.000000000000000000e+00
-8.384051911659347045e-01 1.071212312121057275e+00 -1.018304003121352830e+00 0.000000000000000000e+00
-5.385685009916589827e-01 -6.974964232676831299e-01 3.504939819559366176e-02 0.000000000000000000e+00
1.287208282407725501e-01 -2.522084460445421783e-01 6.813491505909352597e-01 0.000000000000000000e+00
8.102723514525350668e-02 7.289985395202898399e-02 -3.793766808867998080e-02 0.000000000000000000e+00
8.541152971038760977e-02 1.928834994625884536e-01 3.745265675737891736e-02 0.000000000000000000e+00
-2.538512392994687339e-01 6.181103574862601563e-02 -3.630640004983514552e-02 0.000000000000000000e+00
7.028418109705411032e-01 4.185104944073629318e-01 -1.133699067551003498e-01 0.000000000000000000e+00
-1.428230125690213570e-01 2.512318555574973716e-02 2.078295054257011942e-01 0.000000000000000000e+00
-3.117401031953024315e-01 2.614922869245976944e-01 6.666725854355431968e-02 0.000000000000000000e+00
7.527914937604310852e-01 2.441224123522144351e-01 -7.659092025273294135e-01 0.000000000000000000e+00
-6.693002682517092961e-01 6.297501010747810213e-01 -1.903869186669588709e+00 0.000000000000000000e+00
-8.435606678361924349e-01 -1.161946477149363499e+00 -1.359263561331480519e+00 0.000000000000000000e+00
-5.078275797516788037e-01 -1.184063815388150948e-01 4.265347720873865350e-02 0.000000000000000000e+00
8.001866016627116052e-01 1.679637177447896201e+00 1.017530105954551400e+00 0.000000000000000000e+00
4.097075196430952082e-01 2.227300273742618408e+00 1.917408555776020929e-01 0.000000000000000000e+00
1.998977820469063582e+00 -8.913400628678096460e-01 2.205462452493887615e-01 0.000000000000000000e+00
1.205058975523000564e+00 4.082118145528393360e-01 -1.998587700147607671e-01 0.000000000000000000e+00
8.676856227735287863e-01 9.140823907691066896e-01 -3.102526587573137817e-01 0.000000000000000000e+00
