-1.664772880889253015e+00 -2.074072305156152485e+00 -6.261817144233517984e-01 0.000000000000000000e+00
-1.025918197400464305e+00 -1.064419095610233290e+00 -3.157355055682233846e-01 0.000000000000000000e+00
2.006845685345025831e+00 1.192102567378373168e+00 6.033098771259632898e-01 0.000000000000000000e+00
1.428408394002090187e+00 -2.090513737120371640e-01 -3.434678128778513861e-01 0.000000000000000000e+00
-1.120774529704372802e-01 -2.646338081034725342e-01 -2.939756323633461177e-01 0.000000000000000000e+00
-3.090889022869574010e-01 -8.289471669282677535e-01 -1.026573048316357650e-01 0.000000000000000000e+00
-1.539697885263479948e+00 -6.780718729803059119e-01 2.994840592080282304e-01 0.000000000000000000e+00
1.525459971365678680e+00 3.167167743590499351e-01 -6.358195857415614993e-01 0.000000000000000000e+00
-1.914507785071918045e-01 1.219753776088680075e+00 3.527950452547961580e-01 0.000000000000000000e+00
1.250977268199130021e+00 -1.097255321864216704e-01 1.150675262814509769e-01 0.000000000000000000e+00
1.679316915011002109e-01 6.500411842483500013e-02 -1.125192023263606733e-01 0.000000000000000000e+00
9.743608980503725148e-01 4.591038597294215817e-01 -4.020099329806428590e-02 0.000000000000000000e+00
-8.410288066911730809e-02 6.174092195042999442e-01 1.588860666860928555e-02 0.000000000000000000e+00
1.312953669267648005e-01 1.776225157492787643e+00 7.780729655104413611e-01 0.000000000000000000e+00
-9.628940791093218432e-02 1.080886090191966464e-01 -1.379247489055754061e-01 0.000000000000000000e+00
-9.578534318650001878e-03 4.993311334831501136e-01 2.199400458576346584e-01 0.000000000000000000e+00
1.147327393624993475e+00 -2.277139226358969593e-01 6.272939217575812521e-01 0.000000000000000000e+00
-1.093783618855641571e+00 5.078105164254458070e-02 6.698903238417795725e-02 0.000000000000000000e+00
1.015622431882732490e+00 1.132674322800888200e+00 1.624420471584971104e-01 0.000000000000000000e+00
5.955621101482011515e-01 -9.589142034003110826e-01 2.872413982674720256e-01 0.000000000000000000e+00
1.511580908353216124e-02 1.257902297061874175e-01 1.053843895697991750e-01 0.000000000000000000e+00
3.845465421866125499e-01 2.634007519375395900e-01 3.970824427097059961e-01 0.000000000000000000e+00
7.641804394506544751e-02 -3.709698083840426430e-01 1.999544484875086930e-02 0.000000000000000000e+00
-1.979694441745807609e-01 1.811137757991583275e+00 1.213942085391558123e+00 0.000000000000000000e+00
1.011569876954501845e+00 3.156560606969729399e-01 1.543048077245812721e-01 0.000000000000000000e+00
1.325801496724530182e-01 3.891284348174341434e-01 2.598952482105582398e-02 0.000000000000000000e+00
-9.962529045384584947e-01 -6.497792410569764865e-01 -2.767649513897872671e-02 0.000000000000000000e+00
-1.593627140616815874e+00 -5.396987642096820470e-02 5.800959687455657654e-02 0.000000000000000000e+00
3.249770883846758718e-01 -8.368379651902593253e-01 6.518076394212130031e-01 0.000000000000000000e+00
-4.286511504520599258e-01 -1.042238828411528262e+00 -3.123744109303961403e-01 0.000000000000000000e+00
-4.618455829056918038e-02 -2.396099322931916631e-01 1.034572651401350907e+00 0.000000000000000000e+00
-7.705218423272670591e-01 -8.230070496737310615e-01 1.389774266771962141e+00 0.000000000000000000e+00
2.185138157175786355e-01 -8.530097529773653653e-01 3.886450455339632293e-01 0.000000000000000000e+00
-6.739407830234693808e-01 -7.648200979883493789e-01 9.770129689226377812e-01 0.000000000000000000e+00
-1.137381776545990819e+00 7.385368616395557306e-02 3.695542939287182471e-01 0.000000000000000000e+00
