-7.999999999999999334e-01
-7.991794040572299807e-01
-7.983592291915094785e-01
-7.975394754028392041e-01
-7.967201426912186024e-01
-7.959012310566477844e-01
-7.950827404991268610e-01
-7.942646710186558323e-01
-7.934470226152344763e-01
-7.926297952888631260e-01
-7.918129890395415593e-01
-7.909966038672697763e-01
-7.901806397720478881e-01
-7.893650967538756724e-01
-7.885499748127534625e-01
-7.877352739486811473e-01
-7.869209941616583937e-01
-7.861071354516857568e-01
-7.852936978187629036e-01
-7.844806812628897230e-01
-7.836680857840665482e-01
-7.828559113822932680e-01
-7.820441580575695495e-01
-7.812328258098958367e-01
-7.804219146392720186e-01
-7.796114245456978731e-01
-7.788013555291737333e-01
-7.779917075896993772e-01
-7.771824807272746938e-01
-7.763736749419000160e-01
-7.755652902335752330e-01
-7.747573266023000116e-01
-7.739497840480749069e-01
-7.731426625708995859e-01
-7.723359621707739375e-01
-7.715296828476982949e-01
-7.707238246016722139e-01
-7.699183874326962496e-01
-7.691133713407700689e-01
-7.683087763258936720e-01
-7.675046023880671697e-01
-7.667008495272905622e-01
-7.658975177435635162e-01
-7.650946070368865870e-01
-7.642921174072594415e-01
-7.634900488546819686e-01
-7.626884013791545014e-01
-7.618871749806768179e-01
-7.610863696592488070e-01
-7.602859854148709129e-01
-7.594860222475428024e-01
-7.586864801572642536e-01
-7.578873591440358215e-01
-7.570886592078571731e-01
-7.562903803487281973e-01
-7.554925225666493382e-01
-7.546950858616201518e-01
-7.538980702336407491e-01
-7.531014756827112411e-01
-7.523053022088316277e-01
-7.515095498120016870e-01
-7.507142184922217520e-01
-7.499193082494914897e-01
-7.491248190838112331e-01
-7.483307509951807601e-01
-7.475371039835999598e-01
-7.467438780490692762e-01
-7.459510731915882653e-01
-7.451586894111570381e-01
-7.443667267077757055e-01
-7.435751850814443786e-01
-7.427840645321625024e-01
-7.419933650599307429e-01
-7.412030866647488780e-01
-7.404132293466165748e-01
-7.396237931055343884e-01
-7.388347779415019856e-01
-7.380461838545191444e-01
-7.372580108445864200e-01
-7.364702589117034792e-01
-7.356829280558702111e-01
-7.348960182770870597e-01
-7.341095295753535810e-01
-7.333234619506698859e-01
-7.325378154030360855e-01
-7.317525899324521799e-01
-7.309677855389179468e-01
-7.301834022224337195e-01
-7.293994399829991648e-01
-7.286158988206146159e-01
-7.278327787352798506e-01
-7.270500797269947579e-01
-7.262678017957596710e-01
-7.254859449415744788e-01
-7.247045091644389592e-01
-7.239234944643533343e-01
-7.231429008413176041e-01
-7.223627282953315465e-01
-7.215829768263954946e-01
-7.208036464345093375e-01
-7.200247371196727419e-01
-7.192462488818862631e-01
-7.184681817211495680e-01
-7.176905356374624345e-01
-7.169133106308254177e-01
-7.161365067012381846e-01
-7.153601238487006242e-01
-7.145841620732131805e-01
-7.138086213747754094e-01
-7.130335017533874220e-01
-7.122588032090493293e-01
-7.114845257417610203e-01
-7.107106693515226059e-01
-7.099372340383340863e-01
-7.091642198021952392e-01
-7.083916266431063979e-01
-7.076194545610673403e-01
-7.068477035560779553e-01
-7.060763736281386871e-01
-7.053054647772490915e-01
-7.045349770034092796e-01
-7.037649103066193623e-01
-7.029952646868794508e-01
-7.022260401441889899e-01
-7.014572366785487567e-01
-7.006888542899581962e-01
-6.999208929784173083e-01
-6.991533527439265372e-01
-6.983862335864855497e-01
-6.976195355060941239e-01
-6.968532585027528148e-01
-6.960874025764612893e-01
-6.953219677272195476e-01
-6.945569539550277005e-01
-6.937923612598855261e-01
-6.930281896417933574e-01
-6.922644391007509723e-01
-6.915011096367585930e-01
-6.907382012498156643e-01
-6.899757139399228523e-01
-6.892136477070797129e-01
-6.884520025512865793e-01
-6.876907784725432293e-01
-6.869299754708496630e-01
-6.861695935462059914e-01
-6.854096326986122145e-01
-6.846500929280679992e-01
-6.838909742345739007e-01
-6.831322766181295858e-01
-6.823740000787349436e-01
-6.816161446163903070e-01
-6.808587102310954542e-01
-6.801016969228503850e-01
-6.793451046916552105e-01
-6.785889335375099307e-01
-6.778331834604143236e-01
-6.770778544603687221e-01
-6.763229465373726823e-01
-6.755684596914267592e-01
-6.748143939225306198e-01
-6.740607492306843751e-01
-6.733075256158876920e-01
-6.725547230781411256e-01
-6.718023416174441209e-01
-6.710503812337972329e-01
-6.702988419272001286e-01
-6.695477236976526969e-01
-6.687970265451552709e-01
-6.680467504697076286e-01
-6.672968954713096590e-01
-6.665474615499616950e-01
-6.657984487056636258e-01
-6.650498569384152292e-01
-6.643016862482167273e-01
-6.635539366350681201e-01
-6.628066080989691855e-01
-6.620597006399202566e-01
-6.613132142579212225e-01
-6.605671489529717499e-01
-6.598215047250723941e-01
-6.590762815742226000e-01
-6.583314795004228115e-01
-6.575870985036729177e-01
-6.568431385839728076e-01
-6.560995997413224812e-01
-6.553564819757220494e-01
-6.546137852871712903e-01
-6.538715096756705369e-01
-6.531296551412196782e-01
-6.523882216838183812e-01
-6.516472093034672008e-01
-6.509066180001658042e-01
-6.501664477739139691e-01
-6.494266986247122508e-01
-6.486873705525604272e-01
-6.479484635574581652e-01
-6.472099776394059090e-01
-6.464719127984035474e-01
-6.457342690344507474e-01
-6.449970463475480642e-01
-6.442602447376951647e-01
-6.435238642048919377e-01
-6.427879047491387166e-01
-6.420523663704351680e-01
-6.413172490687816252e-01
-6.405825528441779770e-01
-6.398482776966240015e-01
-6.391144236261198097e-01
-6.383809906326656236e-01
-6.376479787162611101e-01
-6.369153878769064914e-01
-6.361832181146018783e-01
-6.354514694293468269e-01
-6.347201418211417812e-01
-6.339892352899865191e-01
-6.332587498358810407e-01
-6.325286854588254570e-01
-6.317990421588197680e-01
-6.310698199358637517e-01
-6.303410187899577410e-01
-6.296126387211015141e-01
-6.288846797292950708e-01
-6.281571418145385222e-01
-6.274300249768318682e-01
-6.267033292161747760e-01
-6.259770545325678004e-01
-6.252512009260104975e-01
-6.245257683965030893e-01
-6.238007569440455757e-01
-6.230761665686379569e-01
-6.223519972702798997e-01
-6.216282490489719592e-01
-6.209049219047135804e-01
-6.201820158375052072e-01
-6.194595308473467288e-01
-6.187374669342379230e-01
-6.180158240981790119e-01
-6.172946023391701065e-01
-6.165738016572107627e-01
-6.158534220523014246e-01
-6.151334635244418703e-01
-6.144139260736320995e-01
-6.136948096998722235e-01
-6.129761144031622422e-01
-6.122578401835019335e-01
-6.115399870408916305e-01
-6.108225549753312222e-01
-6.101055439868203756e-01
-6.093889540753595346e-01
-6.086727852409483663e-01
-6.079570374835872038e-01
-6.072417108032759359e-01
-6.065268052000144516e-01
-6.058123206738026401e-01
-6.050982572246408342e-01
-6.043846148525287010e-01
-6.036713935574665735e-01
-6.029585933394543407e-01
-6.022462141984916695e-01
-6.015342561345790040e-01
-6.008227191477162332e-01
-6.001116032379031351e-01
-5.994009084051400427e-01
-5.986906346494267339e-01
-5.979807819707630978e-01
-5.972713503691494674e-01
-5.965623398445857317e-01
-5.958537503970715576e-01
-5.951455820266075003e-01
-5.944378347331932266e-01
-5.937305085168286256e-01
-5.930236033775140303e-01
-5.923171193152492187e-01
-5.916110563300340797e-01
-5.909054144218689464e-01
-5.902001935907537078e-01
-5.894953938366881419e-01
-5.887910151596725816e-01
-5.880870575597065830e-01
-5.873835210367907012e-01
-5.866804055909246030e-01
-5.859777112221082884e-01
-5.852754379303417576e-01
-5.845735857156251214e-01
-5.838721545779581579e-01
-5.831711445173413111e-01
-5.824705555337742480e-01
-5.817703876272567465e-01
-5.810706407977893617e-01
-5.803713150453717606e-01
-5.796724103700038322e-01
-5.789739267716860205e-01
-5.782758642504178814e-01
-5.775782228061995260e-01
-5.768810024390310653e-01
-5.761842031489123883e-01
-5.754878249358436060e-01
-5.747918677998247183e-01
-5.740963317408556144e-01
-5.734012167589362940e-01
-5.727065228540668684e-01
-5.720122500262471155e-01
-5.713183982754773682e-01
-5.706249676017575156e-01
-5.699319580050874468e-01
-5.692393694854670505e-01
-5.685472020428966600e-01
-5.678554556773759421e-01
-5.671641303889052299e-01
-5.664732261774844124e-01
-5.657827430431133786e-01
-5.650926809857919064e-01
-5.644030400055205510e-01
-5.637138201022988682e-01
-5.630250212761271911e-01
-5.623366435270052976e-01
-5.616486868549330769e-01
-5.609611512599108618e-01
-5.602740367419383194e-01
-5.595873433010157827e-01
-5.589010709371431407e-01
-5.582152196503202823e-01
-5.575297894405470966e-01
-5.568447803078239167e-01
-5.561601922521504093e-01
-5.554760252735267967e-01
-5.547922793719531898e-01
-5.541089545474292555e-01
-5.534260507999551049e-01
-5.527435681295309600e-01
-5.520615065361563767e-01
-5.513798660198319102e-01
-5.506986465805572273e-01
-5.500178482183324391e-01
-5.493374709331572125e-01
-5.486575147250321027e-01
-5.479779795939565545e-01
-5.472988655399310121e-01
-5.466201725629553643e-01
-5.459419006630293891e-01
-5.452640498401534197e-01
-5.445866200943270119e-01
-5.439096114255507208e-01
-5.432330238338242134e-01
-5.425568573191476007e-01
-5.418811118815205496e-01
-5.412057875209436153e-01
-5.405308842374162426e-01
-5.398564020309389866e-01
-5.391823409015115143e-01
-5.385087008491338256e-01
-5.378354818738058096e-01
-5.371626839755279104e-01
-5.364903071542995727e-01
-5.358183514101212408e-01
-5.351468167429928036e-01
-5.344757031529141500e-01
-5.338050106398851691e-01
-5.331347392039061939e-01
-5.324648888449768913e-01
-5.317954595630975945e-01
-5.311264513582681923e-01
-5.304578642304883518e-01
-5.297896981797585170e-01
-5.291219532060785768e-01
-5.284546293094483094e-01
-5.277877264898680476e-01
-5.271212447473375695e-01
-5.264551840818567641e-01
-5.257895444934259643e-01
-5.251243259820448372e-01
-5.244595285477137159e-01
-5.237951521904324892e-01
-5.231311969102010462e-01
-5.224676627070192758e-01
-5.218045495808875112e-01
-5.211418575318054192e-01
-5.204795865597732218e-01
-5.198177366647910302e-01
-5.191563078468585113e-01
-5.184953001059757760e-01
-5.178347134421430464e-01
-5.171745478553599895e-01
-5.165148033456268273e-01
-5.158554799129435597e-01
-5.151965775573099648e-01
-5.145380962787263757e-01
-5.138800360771926812e-01
-5.132223969527085483e-01
-5.125651789052745322e-01
-5.119083819348901887e-01
-5.112520060415556289e-01
-5.105960512252710748e-01
-5.099405174860361933e-01
-5.092854048238512066e-01
-5.086307132387161145e-01
-5.079764427306309171e-01
-5.073225932995953924e-01
-5.066691649456097624e-01
-5.060161576686739160e-01
-5.053635714687879643e-01
-5.047114063459519073e-01
-5.040596623001656340e-01
-5.034083393314291444e-01
-5.027574374397425494e-01
-5.021069566251056271e-01
-5.014568968875188215e-01
-5.008072582269816886e-01
-5.001580406434943393e-01
-4.995092441370569403e-01
-4.988608687076693804e-01
-4.982129143553314932e-01
-4.975653810800436117e-01
-4.969182688818055693e-01
-4.962715777606171996e-01
-4.956253077164788357e-01
-4.949794587493901443e-01
-4.943340308593514032e-01
-4.936890240463625568e-01
-4.930444383104234940e-01
-4.924002736515341594e-01
-4.917565300696947750e-01
-4.911132075649050632e-01
-4.904703061371653572e-01
-4.898278257864754903e-01
-4.891857665128354626e-01
-4.885441283162451076e-01
-4.879029111967047583e-01
-4.872621151542140816e-01
-4.866217401887734106e-01
-4.859817863003825233e-01
-4.853422534890413642e-01
-4.847031417547501553e-01
-4.840644510975088410e-01
-4.834261815173171439e-01
-4.827883330141754525e-01
-4.821509055880836003e-01
-4.815138992390414763e-01
-4.808773139670493024e-01
-4.802411497721068012e-01
-4.796054066542142502e-01
-4.789700846133715939e-01
-4.783351836495787768e-01
-4.777007037628356323e-01
-4.770666449531424380e-01
-4.764330072204989719e-01
-4.757997905649054560e-01
-4.751669949863617792e-01
-4.745346204848679417e-01
-4.739026670604238323e-01
-4.732711347130296731e-01
-4.726400234426851865e-01
-4.720093332493907057e-01
-4.713790641331460640e-01
-4.707492160939512060e-01
-4.701197891318060762e-01
-4.694907832467109521e-01
-4.688621984386654451e-01
-4.682340347076699993e-01
-4.676062920537243373e-01
-4.669789704768284033e-01
-4.663520699769824196e-01
-4.657255905541861085e-01
-4.650995322084398031e-01
-4.644738949397433370e-01
-4.638486787480967100e-01
-4.632238836334997556e-01
-4.625995095959528070e-01
-4.619755566354555310e-01
-4.613520247520082052e-01
-4.607289139456107741e-01
-4.601062242162631266e-01
-4.594839555639652073e-01
-4.588621079887172383e-01
-4.582406814905189418e-01
-4.576196760693707066e-01
-4.569990917252722551e-01
-4.563789284582235872e-01
-4.557591862682247030e-01
-4.551398651552757135e-01
-4.545209651193764522e-01
-4.539024861605271965e-01
-4.532844282787277801e-01
-4.526667914739779808e-01
-4.520495757462782427e-01
-4.514327810956281217e-01
-4.508164075220280620e-01
-4.502004550254777859e-01
-4.495849236059773490e-01
-4.489698132635265848e-01
-4.483551239981258263e-01
-4.477408558097747404e-01
-4.471270086984736603e-01
-4.465135826642224193e-01
-4.459005777070209620e-01
-4.452879938268692328e-01
-4.446758310237675094e-01
-4.440640892977154586e-01
-4.434527686487133580e-01
-4.428418690767610966e-01
-4.422313905818586743e-01
-4.416213331640059803e-01
-4.410116968232032364e-01
-4.404024815594501652e-01
-4.397936873727470997e-01
-4.391853142630938733e-01
-4.385773622304903197e-01
-4.379698312749367162e-01
-4.373627213964330074e-01
-4.367560325949789712e-01
-4.361497648705748853e-01
-4.355439182232206385e-01
-4.349384926529161199e-01
-4.343334881596615515e-01
-4.337289047434567113e-01
-4.331247424043018213e-01
-4.325210011421967704e-01
-4.319176809571415032e-01
-4.313147818491360197e-01
-4.307123038181804309e-01
-4.301102468642745702e-01
-4.295086109874187152e-01
-4.289073961876126440e-01
-4.283066024648564674e-01
-4.277062298191499079e-01
-4.271062782504934097e-01
-4.265067477588865286e-01
-4.259076383443296532e-01
-4.253089500068226170e-01
-4.247106827463653089e-01
-4.241128365629579511e-01
-4.235154114566003769e-01
-4.229184074272925309e-01
-4.223218244750346906e-01
-4.217256625998266895e-01
-4.211299218016683055e-01
-4.205346020805599827e-01
-4.199397034365013326e-01
-4.193452258694926327e-01
-4.187511693795337719e-01
-4.181575339666247504e-01
-4.175643196307654570e-01
-4.169715263719560583e-01
-4.163791541901964433e-01
-4.157872030854867784e-01
-4.151956730578268973e-01
-4.146045641072169108e-01
-4.140138762336565970e-01
-4.134236094371462333e-01
-4.128337637176855979e-01
-4.122443390752749126e-01
-4.116553355099141220e-01
-4.110667530216031151e-01
-4.104785916103417809e-01
-4.098908512761303413e-01
-4.093035320189688520e-01
-4.087166338388572018e-01
-4.081301567357953353e-01
-4.075441007097833634e-01
-4.069584657608210643e-01
-4.063732518889086043e-01
-4.057884590940461500e-01
-4.052040873762334794e-01
-4.046201367354706480e-01
-4.040366071717575447e-01
-4.034534986850943916e-01
-4.028708112754809667e-01
-4.022885449429174920e-01
-4.017066996874038565e-01
-4.011252755089400601e-01
-4.005442724075259364e-01
-3.999636903831617629e-01
-3.993835294358473731e-01
-3.988037895655828780e-01
-3.982244707723682775e-01
-3.976455730562034607e-01
-3.970670964170883721e-01
-3.964890408550231227e-01
-3.959114063700078234e-01
-3.953341929620423634e-01
-3.947574006311267425e-01
-3.941810293772609608e-01
-3.936050792004448518e-01
-3.930295501006785819e-01
-3.924544420779623177e-01
-3.918797551322958927e-01
-3.913054892636792514e-01
-3.907316444721123383e-01
-3.901582207575954309e-01
-3.895852181201281406e-01
-3.890126365597109115e-01
-3.884404760763434661e-01
-3.878687366700258599e-01
-3.872974183407579263e-01
-3.867265210885399984e-01
-3.861560449133717987e-01
-3.855859898152534937e-01
-3.850163557941850834e-01
-3.844471428501665122e-01
-3.838783509831976137e-01
-3.833099801932785544e-01
-3.827420304804094453e-01
-3.821745018445902309e-01
-3.816073942858208001e-01
-3.810407078041012086e-01
-3.804744423994313451e-01
-3.799085980718112654e-01
-3.793431748212411914e-01
-3.787781726477209565e-01
-3.782135915512505608e-01
-3.776494315318298378e-01
-3.770856925894591205e-01
-3.765223747241380758e-01
-3.759594779358669814e-01
-3.753970022246457816e-01
-3.748349475904743655e-01
-3.742733140333526776e-01
-3.737121015532809398e-01
-3.731513101502588747e-01
-3.725909398242868154e-01
-3.720309905753645952e-01
-3.714714624034922141e-01
-3.709123553086695613e-01
-3.703536692908966921e-01
-3.697954043501737731e-01
-3.692375604865007488e-01
-3.686801376998775082e-01
-3.681231359903041622e-01
-3.675665553577804889e-01
-3.670103958023066548e-01
-3.664546573238827709e-01
-3.658993399225087262e-01
-3.653444435981845206e-01
-3.647899683509099877e-01
-3.642359141806854606e-01
-3.636822810875106615e-01
-3.631290690713857572e-01
-3.625762781323107475e-01
-3.620239082702855216e-01
-3.614719594853100237e-01
-3.609204317773845316e-01
-3.603693251465087122e-01
-3.598186395926828429e-01
-3.592683751159068128e-01
-3.587185317161806219e-01
-3.581691093935041592e-01
-3.576201081478774801e-01
-3.570715279793008068e-01
-3.565233688877739726e-01
-3.559756308732969776e-01
-3.554283139358697663e-01
-3.548814180754923386e-01
-3.543349432921646947e-01
-3.537888895858870009e-01
-3.532432569566591463e-01
-3.526980454044811863e-01
-3.521532549293530101e-01
-3.516088855312745065e-01
-3.510649372102458976e-01
-3.505214099662672389e-01
-3.499783037993384194e-01
-3.494356187094594390e-01
-3.488933546966301313e-01
-3.483515117608508294e-01
-3.478100899021212000e-01
-3.472690891204415209e-01
-3.467285094158117364e-01
-3.461883507882317357e-01
-3.456486132377014631e-01
-3.451092967642210296e-01
-3.445704013677905464e-01
-3.440319270484099023e-01
-3.434938738060790975e-01
-3.429562416407981318e-01
-3.424190305525668387e-01
-3.418822405413853849e-01
-3.413458716072539367e-01
-3.408099237501722722e-01
-3.402743969701405025e-01
-3.397392912671585163e-01
-3.392046066412262584e-01
-3.386703430923438396e-01
-3.381365006205113710e-01
-3.376030792257287416e-01
-3.370700789079959514e-01
-3.365374996673128893e-01
-3.360053415036797775e-01
-3.354736044170963383e-01
-3.349422884075629048e-01
-3.344113934750793105e-01
-3.338809196196454998e-01
-3.333508668412614173e-01
-3.328212351399273405e-01
-3.322920245156429364e-01
-3.317632349684084825e-01
-3.312348664982238677e-01
-3.307069191050890922e-01
-3.301793927890040448e-01
-3.296522875499688365e-01
-3.291256033879835230e-01
-3.285993403030481042e-01
-3.280734982951625245e-01
-3.275480773643267840e-01
-3.270230775105407162e-01
-3.264984987338044875e-01
-3.259743410341182090e-01
-3.254506044114818253e-01
-3.249272888658952252e-01
-3.244043943973583533e-01
-3.238819210058714315e-01
-3.233598686914342379e-01
-3.228382374540469946e-01
-3.223170272937095349e-01
-3.217962382104219698e-01
-3.212758702041841330e-01
-3.207559232749961908e-01
-3.202363974228580323e-01
-3.197172926477697685e-01
-3.191986089497313439e-01
-3.186803463287428140e-01
-3.181625047848039567e-01
-3.176450843179149386e-01
-3.171280849280758707e-01
-3.166115066152866420e-01
-3.160953493795472524e-01
-3.155796132208576465e-01
-3.150642981392178243e-01
-3.145494041346277858e-01
-3.140349312070877530e-01
-3.135208793565975594e-01
-3.130072485831571494e-01
-3.124940388867664676e-01
-3.119812502674257915e-01
-3.114688827251347880e-01
-3.109569362598937348e-01
-3.104454108717025207e-01
-3.099343065605611458e-01
-3.094236233264694436e-01
-3.089133611694277470e-01
-3.084035200894357787e-01
-3.078941000864937605e-01
-3.073851011606015260e-01
-3.068765233117591862e-01
-3.063683665399665190e-01
-3.058606308452236910e-01
-3.053533162275308133e-01
-3.048464226868878302e-01
-3.043399502232946308e-01
-3.038338988367512705e-01
-3.033282685272576384e-01
-3.028230592948137900e-01
-3.023182711394199473e-01
-3.018139040610759438e-01
-3.013099580597817795e-01
-3.008064331355372878e-01
-3.003033292883428018e-01
-2.998006465181979885e-01
-2.992983848251031254e-01
-2.987965442090581569e-01
-2.982951246700629722e-01
-2.977941262081175156e-01
-2.972935488232220091e-01
-2.967933925153762309e-01
-2.962936572845804029e-01
-2.957943431308344140e-01
-2.952954500541382088e-01
-2.947969780544917873e-01
-2.942989271318951494e-01
-2.938012972863485173e-01
-2.933040885178516688e-01
-2.928073008264047150e-01
-2.923109342120075449e-01
-2.918149886746601029e-01
-2.913194642143625002e-01
-2.908243608311148476e-01
-2.903296785249170342e-01
-2.898354172957690600e-01
-2.893415771436709250e-01
-2.888481580686225181e-01
-2.883551600706238949e-01
-2.878625831496752774e-01
-2.873704273057764436e-01
-2.868786925389275044e-01
-2.863873788491282379e-01
-2.858964862363789217e-01
-2.854060147006793335e-01
-2.849159642420297511e-01
-2.844263348604299524e-01
-2.839371265558799928e-01
-2.834483393283797059e-01
-2.829599731779293137e-01
-2.824720281045288717e-01
-2.819845041081782688e-01
-2.814974011888774497e-01
-2.810107193466265252e-01
-2.805244585814252734e-01
-2.800386188932738607e-01
-2.795532002821724538e-01
-2.790682027481208305e-01
-2.785836262911190464e-01
-2.780994709111671015e-01
-2.776157366082648847e-01
-2.771324233824125072e-01
-2.766495312336100798e-01
-2.761670601618574916e-01
-2.756850101671546871e-01
-2.752033812495016663e-01
-2.747221734088985401e-01
-2.742413866453451976e-01
-2.737610209588417498e-01
-2.732810763493881412e-01
-2.728015528169844273e-01
-2.723224503616303860e-01
-2.718437689833262949e-01
-2.713655086820719320e-01
-2.708876694578675193e-01
-2.704102513107128902e-01
-2.699332542406081559e-01
-2.694566782475531497e-01
-2.689805233315479271e-01
-2.685047894925927103e-01
-2.680294767306872772e-01
-2.675545850458317387e-01
-2.670801144380259839e-01
-2.666060649072699573e-01
-2.661324364535637699e-01
-2.656592290769075326e-01
-2.651864427773011346e-01
-2.647140775547445757e-01
-2.642421334092377450e-01
-2.637706103407808644e-01
-2.632995083493736566e-01
-2.628288274350164544e-01
-2.623585675977090914e-01
-2.618887288374515121e-01
-2.614193111542436609e-01
-2.609503145480858155e-01
-2.604817390189776427e-01
-2.600135845669194201e-01
-2.595458511919110367e-01
-2.590785388939524925e-01
-2.586116476730436764e-01
-2.581451775291846995e-01
-2.576791284623756728e-01
-2.572135004726164298e-01
-2.567482935599070815e-01
-2.562835077242475168e-01
-2.558191429656377358e-01
-2.553551992840777385e-01
-2.548916766795677469e-01
-2.544285751521075389e-01
-2.539658947016971702e-01
-2.535036353283365296e-01
-2.530417970320258392e-01
-2.525803798127648769e-01
-2.521193836705538649e-01
-2.516588086053926920e-01
-2.511986546172813028e-01
-2.507389217062196973e-01
-2.502796098722079865e-01
-2.498207191152461148e-01
-2.493622494353340546e-01
-2.489042008324718058e-01
-2.484465733066594795e-01
-2.479893668578969090e-01
-2.475325814861841778e-01
-2.470762171915213412e-01
-2.466202739739082883e-01
-2.461647518333450746e-01
-2.457096507698317278e-01
-2.452549707833681925e-01
-2.448007118739544685e-01
-2.443468740415906393e-01
-2.438934572862765937e-01
-2.434404616080123873e-01
-2.429878870067979924e-01
-2.425357334826335198e-01
-2.420840010355188032e-01
-2.416326896654539258e-01
-2.411817993724389431e-01
-2.407313301564737440e-01
-2.402812820175583841e-01
-2.398316549556928912e-01
-2.393824489708772096e-01
-2.389336640631113395e-01
-2.384853002323953641e-01
-2.380373574787291724e-01
-2.375898358021128198e-01
-2.371427352025463064e-01
-2.366960556800296600e-01
-2.362497972345627972e-01
-2.358039598661458014e-01
-2.353585435747786725e-01
-2.349135483604613273e-01
-2.344689742231937934e-01
-2.340248211629761821e-01
-2.335810891798083266e-01
-2.331377782736903381e-01
-2.326948884446221610e-01
-2.322524196926038786e-01
-2.318103720176353799e-01
-2.313687454197166926e-01
-2.309275398988479278e-01
-2.304867554550289188e-01
-2.300463920882597491e-01
-2.296064497985404740e-01
-2.291669285858709826e-01
-2.287278284502513304e-01
-2.282891493916815728e-01
-2.278508914101615712e-01
-2.274130545056914088e-01
-2.269756386782710855e-01
-2.265386439279006570e-01
-2.261020702545800121e-01
-2.256659176583092064e-01
-2.252301861390882676e-01
-2.247948756969171402e-01
-2.243599863317958243e-01
-2.239255180437244031e-01
-2.234914708327027655e-01
-2.230578446987309671e-01
-2.226246396418090356e-01
-2.221918556619369156e-01
-2.217594927591146070e-01
-2.213275509333421376e-01
-2.208960301846195629e-01
-2.204649305129467718e-01
-2.200342519183238199e-01
-2.196039944007507350e-01
-2.191741579602274614e-01
-2.187447425967539993e-01
-2.183157483103304319e-01
-2.178871751009566482e-01
-2.174590229686327036e-01
-2.170312919133585983e-01
-2.166039819351343598e-01
-2.161770930339599051e-01
-2.157506252098352895e-01
-2.153245784627605686e-01
-2.148989527927356313e-01
-2.144737481997605333e-01
-2.140489646838353299e-01
-2.136246022449598825e-01
-2.132006608831342742e-01
-2.127771405983585606e-01
-2.123540413906326307e-01
-2.119313632599565400e-01
-2.115091062063302885e-01
-2.110872702297539039e-01
-2.106658553302273307e-01
-2.102448615077505689e-01
-2.098242887623237019e-01
-2.094041370939466185e-01
-2.089844065026193465e-01
-2.085650969883419970e-01
-2.081462085511144033e-01
-2.077277411909366767e-01
-2.073096949078088169e-01
-2.068920697017307408e-01
-2.064748655727025040e-01
-2.060580825207240785e-01
-2.056417205457955755e-01
-2.052257796479168284e-01
-2.048102598270879204e-01
-2.043951610833089072e-01
-2.039804834165796776e-01
-2.035662268269002873e-01
-2.031523913142707638e-01
-2.027389768786910518e-01
-2.023259835201611512e-01
-2.019134112386810898e-01
-2.015012600342509230e-01
-2.010895299068705400e-01
-2.006782208565399961e-01
-2.002673328832593191e-01
-1.998568659870284536e-01
-1.994468201678473995e-01
-1.990371954257162401e-01
-1.986279917606348644e-01
-1.982192091726033278e-01
-1.978108476616216582e-01
-1.974029072276898000e-01
-1.969953878708077533e-01
-1.965882895909755457e-01
-1.961816123881932328e-01
-1.957753562624607035e-01
-1.953695212137780135e-01
-1.949641072421451904e-01
-1.945591143475621787e-01
-1.941545425300289784e-01
-1.937503917895456729e-01
-1.933466621261121510e-01
-1.929433535397284682e-01
-1.925404660303946525e-01
-1.921379995981106481e-01
-1.917359542428764552e-01
-1.913343299646921014e-01
-1.909331267635576423e-01
-1.905323446394729670e-01
-1.901319835924381307e-01
-1.897320436224531615e-01
-1.893325247295180036e-01
-1.889334269136326572e-01
-1.885347501747972054e-01
-1.881364945130115374e-01
-1.877386599282757085e-01
-1.873412464205897188e-01
-1.869442539899535960e-01
-1.865476826363672569e-01
-1.861515323598307847e-01
-1.857558031603441517e-01
-1.853604950379073302e-01
-1.849656079925203478e-01
-1.845711420241832601e-01
-1.841770971328959283e-01
-1.837834733186584357e-01
-1.833902705814708378e-01
-1.829974889213330236e-01
-1.826051283382450485e-01
-1.822131888322069126e-01
-1.818216704032186437e-01
-1.814305730512801862e-01
-1.810398967763915401e-01
-1.806496415785527887e-01
-1.802598074577638210e-01
-1.798703944140246924e-01
-1.794814024473354308e-01
-1.790928315576959806e-01
-1.787046817451063419e-01
-1.783169530095665978e-01
-1.779296453510766374e-01
-1.775427587696365161e-01
-1.771562932652462341e-01
-1.767702488379058190e-01
-1.763846254876151876e-01
-1.759994232143744231e-01
-1.756146420181835255e-01
-1.752302818990424116e-01
-1.748463428569511091e-01
-1.744628248919097291e-01
-1.740797280039181050e-01
-1.736970521929763478e-01
-1.733147974590844576e-01
-1.729329638022423510e-01
-1.725515512224500836e-01
-1.721705597197076276e-01
-1.717899892940150941e-01
-1.714098399453723165e-01
-1.710301116737794058e-01
-1.706508044792363343e-01
-1.702719183617430743e-01
-1.698934533212996534e-01
-1.695154093579061272e-01
-1.691377864715623569e-01
-1.687605846622684536e-01
-1.683838039300243616e-01
-1.680074442748301644e-01
-1.676315056966857509e-01
-1.672559881955911487e-01
-1.668808917715464690e-01
-1.665062164245515453e-01
-1.661319621546064884e-01
-1.657581289617112708e-01
-1.653847168458658645e-01
-1.650117258070702975e-01
-1.646391558453246251e-01
-1.642670069606287087e-01
-1.638952791529826591e-01
-1.635239724223864211e-01
-1.631530867688400777e-01
-1.627826221923435179e-01
-1.624125786928967974e-01
-1.620429562704999438e-01
-1.616737549251528738e-01
-1.613049746568556708e-01
-1.609366154656083348e-01
-1.605686773514107824e-01
-1.602011603142630691e-01
-1.598340643541652228e-01
-1.594673894711171880e-01
-1.591011356651189645e-01
-1.587353029361705803e-01
-1.583698912842720907e-01
-1.580049007094233848e-01
-1.576403312116245181e-01
-1.572761827908755183e-01
-1.569124554471763300e-01
-1.565491491805269531e-01
-1.561862639909274708e-01
-1.558237998783777722e-01
-1.554617568428779684e-01
-1.551001348844278926e-01
-1.547389340030277394e-01
-1.543781541986774253e-01
-1.540177954713768671e-01
-1.536578578211262314e-01
-1.532983412479254071e-01
-1.529392457517743664e-01
-1.525805713326732205e-01
-1.522223179906218304e-01
-1.518644857256203629e-01
-1.515070745376687344e-01
-1.511500844267668342e-01
-1.507935153929148842e-01
-1.504373674361127455e-01
-1.500816405563603628e-01
-1.497263347536579026e-01
-1.493714500280052815e-01
-1.490169863794024163e-01
-1.486629438078494736e-01
-1.483093223133463423e-01
-1.479561218958929669e-01
-1.476033425554895140e-01
-1.472509842921359002e-01
-1.468990471058320424e-01
-1.465475309965781070e-01
-1.461964359643739830e-01
-1.458457620092196427e-01
-1.454955091311151971e-01
-1.451456773300605907e-01
-1.447962666060557402e-01
-1.444472769591007844e-01
-1.440987083891956122e-01
-1.437505608963403347e-01
-1.434028344805349242e-01
-1.430555291417792418e-01
-1.427086448800734819e-01
-1.423621816954175612e-01
-1.420161395878113686e-01
-1.416705185572551262e-01
-1.413253186037486953e-01
-1.409805397272920202e-01
-1.406361819278852676e-01
-1.402922452055283542e-01
-1.399487295602211967e-01
-1.396056349919639616e-01
-1.392629615007565380e-01
-1.389207090865988703e-01
-1.385788777494911528e-01
-1.382374674894332467e-01
-1.378964783064250688e-01
-1.375559102004668410e-01
-1.372157631715584525e-01
-1.368760372196997921e-01
-1.365367323448910541e-01
-1.361978485471320721e-01
-1.358593858264230125e-01
-1.355213441827637921e-01
-1.351837236161543276e-01
-1.348465241265947578e-01
-1.345097457140850272e-01
-1.341733883786250803e-01
-1.338374521202150280e-01
-1.335019369388547872e-01
-1.331668428345443300e-01
-1.328321698072837953e-01
-1.324979178570730720e-01
-1.321640869839121046e-01
-1.318306771878010597e-01
-1.314976884687398540e-01
-1.311651208267284041e-01
-1.308329742617668767e-01
-1.305012487738551608e-01
-1.301699443629932285e-01
-1.298390610291811909e-01
-1.295085987724189924e-01
-1.291785575927065499e-01
-1.288489374900440021e-01
-1.285197384644313212e-01
-1.281909605158683685e-01
-1.278626036443553660e-01
-1.275346678498920916e-01
-1.272071531324787397e-01
-1.268800594921151992e-01
-1.265533869288014424e-01
-1.262271354425376080e-01
-1.259013050333235850e-01
-1.255758957011593180e-01
-1.252509074460449734e-01
-1.249263402679804680e-01
-1.246021941669657185e-01
-1.242784691430008776e-01
-1.239551651960858619e-01
-1.236322823262206161e-01
-1.233098205334052788e-01
-1.229877798176397807e-01
-1.226661601789240386e-01
-1.223449616172582050e-01
-1.220241841326422105e-01
-1.217038277250759720e-01
-1.213838923945596421e-01
-1.210643781410931513e-01
-1.207452849646764165e-01
-1.204266128653096041e-01
-1.201083618429925337e-01
-1.197905318977253858e-01
-1.194731230295080632e-01
-1.191561352383405104e-01
-1.188395685242228661e-01
-1.185234228871550471e-01
-1.182076983271369980e-01
-1.178923948441688574e-01
-1.175775124382505421e-01
-1.172630511093819966e-01
-1.169490108575633597e-01
-1.166353916827945619e-01
-1.163221935850755062e-01
-1.160094165644063730e-01
-1.156970606207870789e-01
-1.153851257542175407e-01
-1.150736119646979111e-01
-1.147625192522281207e-01
-1.144518476168080862e-01
-1.141415970584379602e-01
-1.138317675771176735e-01
-1.135223591728471426e-01
-1.132133718456265342e-01
-1.129048055954556679e-01
-1.125966604223347239e-01
-1.122889363262636053e-01
-1.119816333072422565e-01
-1.116747513652708163e-01
-1.113682905003492013e-01
-1.110622507124773561e-01
-1.107566320016554196e-01
-1.104514343678833083e-01
-1.101466578111609668e-01
-1.098423023314885338e-01
-1.095383679288659262e-01
-1.092348546032930884e-01
-1.089317623547701591e-01
-1.086290911832970690e-01
-1.083268410888737349e-01
-1.080250120715003093e-01
-1.077236041311767228e-01
-1.074226172679028923e-01
-1.071220514816789704e-01
-1.068219067725048876e-01
-1.065221831403805608e-01
-1.062228805853061425e-01
-1.059239991072815634e-01
-1.056255387063067402e-01
-1.053274993823818395e-01
-1.050298811355066808e-01
-1.047326839656814446e-01
-1.044359078729060336e-01
-1.041395528571803925e-01
-1.038436189185046599e-01
-1.035481060568787526e-01
-1.032530142723026151e-01
-1.029583435647763862e-01
-1.026640939342999964e-01
-1.023702653808733626e-01
-1.020768579044966234e-01
-1.017838715051697374e-01
-1.014913061828926072e-01
-1.011991619376653856e-01
-1.009074387694880032e-01
-1.006161366783603767e-01
-1.003252556642826587e-01
-1.000347957272547800e-01
-9.974475686727665713e-02
-9.945513908434844286e-02
-9.916594237847006776e-02
-9.887716674964144858e-02
-9.858881219786275185e-02
-9.830087872313379715e-02
-9.801336632545476490e-02
-9.772627500482555796e-02
-9.743960476124612080e-02
-9.715335559471659221e-02
-9.686752750523688893e-02
-9.658212049280695544e-02
-9.629713455742693051e-02
-9.601256969909673089e-02
-9.572842591781630106e-02
-9.544470321358577980e-02
-9.516140158640509772e-02
-9.487852103627417155e-02
-9.459606156319315395e-02
-9.431402316716196166e-02
-9.403240584818055303e-02
-9.375120960624903910e-02
-9.347043444136735046e-02
-9.319008035353544550e-02
-9.291014734275343523e-02
-9.263063540902125026e-02
-9.235154455233884896e-02
-9.207287477270634235e-02
-9.179462607012367492e-02
-9.151679844459077728e-02
-9.123939189610777434e-02
-9.096240642467454118e-02
-9.068584203029120272e-02
-9.040969871295771731e-02
-9.013397647267398782e-02
-8.985867530944015302e-02
-8.958379522325617128e-02
-8.930933621412194545e-02
-8.903529828203762819e-02
-8.876168142700313624e-02
-8.848848564901841407e-02
-8.821571094808360047e-02
-8.794335732419862606e-02
-8.767142477736340755e-02
-8.739991330757809762e-02
-8.712882291484261299e-02
-8.685815359915691203e-02
-8.658790536052110576e-02
-8.631807819893512479e-02
-8.604867211439892749e-02
-8.577968710691262488e-02
-8.551112317647616146e-02
-8.524298032308946782e-02
-8.497525854675266888e-02
-8.470795784746563972e-02
-8.444107822522850526e-02
-8.417461968004120998e-02
-8.390858221190369837e-02
-8.364296582081606757e-02
-8.337777050677827595e-02
-8.311299626979026800e-02
-8.284864310985214086e-02
-8.258471102696386679e-02
-8.232120002112534862e-02
-8.205811009233673903e-02
-8.179544124059795474e-02
-8.153319346590895411e-02
-8.127136676826983430e-02
-8.100996114768056755e-02
-8.074897660414107059e-02
-8.048841313765145444e-02
-8.022827074821169135e-02
-7.996854943582169806e-02
-7.970924920048159945e-02
-7.945037004219132615e-02
-7.919191196095083651e-02
-7.893387495676024157e-02
-7.867625902961941642e-02
-7.841906417952849984e-02
-7.816229040648740856e-02
-7.790593771049608707e-02
-7.765000609155467415e-02
-7.739449554966308653e-02
-7.713940608482126871e-02
-7.688473769702935945e-02
-7.663049038628727549e-02
-7.637666415259496133e-02
-7.612325899595255574e-02
-7.587027491635997545e-02
-7.561771191381717883e-02
-7.536556998832427690e-02
-7.511384913988120027e-02
-7.486254936848790731e-02
-7.461167067414450904e-02
-7.436121305685093608e-02
-7.411117651660714678e-02
-7.386156105341325218e-02
-7.361236666726918287e-02
-7.336359335817489724e-02
-7.311524112613050630e-02
-7.286730997113595454e-02
-7.261979989319117257e-02
-7.237271089229628529e-02
-7.212604296845116780e-02
-7.187979612165594501e-02
-7.163397035191057527e-02
-7.138856565921496145e-02
-7.114358204356924231e-02
-7.089901950497337624e-02
-7.065487804342726608e-02
-7.041115765893106448e-02
-7.016785835148468820e-02
-6.992498012108809557e-02
-6.968252296774138377e-02
-6.944048689144452502e-02
-6.919887189219742218e-02
-6.895767797000022792e-02
-6.871690512485287283e-02
-6.847655335675527366e-02
-6.823662266570758306e-02
-6.799711305170973163e-02
-6.775802451476165000e-02
-6.751935705486344919e-02
-6.728111067201510143e-02
-6.704328536621652346e-02
-6.680588113746784018e-02
-6.656889798576894057e-02
-6.633233591111992178e-02
-6.609619491352074216e-02
-6.586047499297133234e-02
-6.562517614947183109e-02
-6.539029838302215514e-02
-6.515584169362226286e-02
-6.492180608127225139e-02
-6.468819154597207910e-02
-6.445499808772169048e-02
-6.422222570652119655e-02
-6.398987440237052793e-02
-6.375794417526964297e-02
-6.352643502521863883e-02
-6.329534695221748775e-02
-6.306467995626610645e-02
-6.283443403736460597e-02
-6.260460919551295855e-02
-6.237520543071107398e-02
-6.214622274295909105e-02
-6.191766113225694035e-02
-6.168952059860456638e-02
-6.146180114200208711e-02
-6.123450276244938456e-02
-6.100762545994656977e-02
-6.078116923449359416e-02
-6.055513408609040221e-02
-6.032952001473709108e-02
-6.010432702043361913e-02
-5.987955510317993085e-02
-5.965520426297613032e-02
-5.943127449982216204e-02
-5.920776581371797048e-02
-5.898467820466367362e-02
-5.876201167265921593e-02
-5.853976621770453498e-02
-5.831794183979974178e-02
-5.809653853894478082e-02
-5.787555631513960352e-02
-5.765499516838432092e-02
-5.743485509867886363e-02
-5.721513610602319000e-02
-5.699583819041741106e-02
-5.677696135186146437e-02
-5.655850559035529440e-02
-5.634047090589901913e-02
-5.612285729849257609e-02
-5.590566476813590979e-02
-5.568889331482913818e-02
-5.547254293857215024e-02
-5.525661363936504311e-02
-5.504110541720777516e-02
-5.482601827210029088e-02
-5.461135220404268742e-02
-5.439710721303492313e-02
-5.418328329907694252e-02
-5.396988046216884966e-02
-5.375689870231058903e-02
-5.354433801950211208e-02
-5.333219841374352288e-02
-5.312047988503476592e-02
-5.290918243337579957e-02
-5.269830605876671403e-02
-5.248785076120746074e-02
-5.227781654069799805e-02
-5.206820339723841617e-02
-5.185901133082866654e-02
-5.165024034146870752e-02
-5.144189042915863624e-02
-5.123396159389839027e-02
-5.102645383568793491e-02
-5.081936715452736730e-02
-5.061270155041657642e-02
-5.040645702335568024e-02
-5.020063357334460935e-02
-4.999523120038332907e-02
-4.979024990447193655e-02
-4.958568968561037626e-02
-4.938155054379859965e-02
-4.917783247903670385e-02
-4.897453549132464723e-02
-4.877165958066238122e-02
-4.856920474704998908e-02
-4.836717099048743612e-02
-4.816555831097467377e-02
-4.796436670851179224e-02
-4.776359618309874294e-02
-4.756324673473548426e-02
-4.736331836342210638e-02
-4.716381106915856075e-02
-4.696472485194480573e-02
-4.676605971178093152e-02
-4.656781564866689649e-02
-4.636999266260264513e-02
-4.617259075358827458e-02
-4.597560992162369464e-02
-4.577905016670899552e-02
-4.558291148884413557e-02
-4.538719388802905930e-02
-4.519189736426386383e-02
-4.499702191754850755e-02
-4.480256754788293494e-02
-4.460853425526725008e-02
-4.441492203970139746e-02
-4.422173090118532851e-02
-4.402896083971914731e-02
-4.383661185530279836e-02
-4.364468394793623307e-02
-4.345317711761955554e-02
-4.326209136435271024e-02
-4.307142668813565556e-02
-4.288118308896848169e-02
-4.269136056685114006e-02
-4.250195912178358904e-02
-4.231297875376591883e-02
-4.212441946279808780e-02
-4.193628124888004044e-02
-4.174856411201187389e-02
-4.156126805219354653e-02
-4.137439306942500283e-02
-4.118793916370634689e-02
-4.100190633503747462e-02
-4.081629458341848316e-02
-4.063110390884932394e-02
-4.044633431132996226e-02
-4.026198579086047447e-02
-4.007805834744082585e-02
-3.989455198107096090e-02
-3.971146669175098370e-02
-3.952880247948083875e-02
-3.934655934426048440e-02
-3.916473728609000393e-02
-3.898333630496936264e-02
-3.880235640089851196e-02
-3.862179757387754209e-02
-3.844165982390640446e-02
-3.826194315098505744e-02
-3.808264755511359123e-02
-3.790377303629195727e-02
-3.772531959452012085e-02
-3.754728722979815830e-02
-3.736967594212602800e-02
-3.719248573150369525e-02
-3.701571659793123636e-02
-3.683936854140857503e-02
-3.666344156193578757e-02
-3.648793565951283235e-02
-3.631285083413967468e-02
-3.613818708581639089e-02
-3.596394441454293933e-02
-3.579012282031928532e-02
-3.561672230314550519e-02
-3.544374286302156424e-02
-3.527118449994741389e-02
-3.509904721392313742e-02
-3.492733100494870013e-02
-3.475603587302405345e-02
-3.458516181814928758e-02
-3.441470884032435396e-02
-3.424467693954921094e-02
-3.407506611582394873e-02
-3.390587636914851877e-02
-3.373710769952288635e-02
-3.356876010694712781e-02
-3.340083359142120151e-02
-3.323332815294507275e-02
-3.306624379151881787e-02
-3.289958050714239524e-02
-3.273333829981577014e-02
-3.256751716953901893e-02
-3.240211711631206526e-02
-3.223713814013498546e-02
-3.207258024100774485e-02
-3.190844341893029484e-02
-3.174472767390271871e-02
-3.158143300592497482e-02
-3.141855941499702848e-02
-3.125610690111896295e-02
-3.109407546429072619e-02
-3.093246510451228351e-02
-3.077127582178371817e-02
-3.061050761610498855e-02
-3.045016048747605300e-02
-3.029023443589699133e-02
-3.013072946136776536e-02
-2.997164556388833695e-02
-2.981298274345877894e-02
-2.965474100007905664e-02
-2.949692033374913189e-02
-2.933952074446908101e-02
-2.918254223223886237e-02
-2.902598479705844475e-02
-2.886984843892789754e-02
-2.871413315784714787e-02
-2.855883895381626861e-02
-2.840396582683522853e-02
-2.824951377690398252e-02
-2.809548280402261039e-02
-2.794187290819107397e-02
-2.778868408940933510e-02
-2.763591634767746663e-02
-2.748356968299543387e-02
-2.733164409536319867e-02
-2.718013958478083386e-02
-2.702905615124830824e-02
-2.687839379476557669e-02
-2.672815251533271902e-02
-2.657833231294969706e-02
-2.642893318761647264e-02
-2.627995513933311864e-02
-2.613139816809960034e-02
-2.598326227391587959e-02
-2.583554745678202924e-02
-2.568825371669801461e-02
-2.554138105366380099e-02
-2.539492946767945777e-02
-2.524889895874491211e-02
-2.510328952686024032e-02
-2.495810117202540077e-02
-2.481333389424035876e-02
-2.466898769350519063e-02
-2.452506256981985475e-02
-2.438155852318431988e-02
-2.423847555359865541e-02
-2.409581366106282665e-02
-2.395357284557679545e-02
-2.381175310714063811e-02
-2.367035444575431302e-02
-2.352937686141778548e-02
-2.338882035413113181e-02
-2.324868492389431038e-02
-2.310897057070729343e-02
-2.296967729457013996e-02
-2.283080509548282566e-02
-2.269235397344531238e-02
-2.255432392845766604e-02
-2.241671496051985540e-02
-2.227952706963184579e-02
-2.214276025579370311e-02
-2.200641451900539614e-02
-2.187048985926689365e-02
-2.173498627657825463e-02
-2.159990377093942357e-02
-2.146524234235045597e-02
-2.133100199081132409e-02
-2.119718271632199322e-02
-2.106378451888253275e-02
-2.093080739849290453e-02
-2.079825135515308079e-02
-2.066611638886312399e-02
-2.053440249962300290e-02
-2.040310968743268283e-02
-2.027223795229222969e-02
-2.014178729420161226e-02
-2.001175771316079932e-02
-1.988214920916984985e-02
-1.975296178222873608e-02
-1.962419543233742680e-02
-1.949585015949598446e-02
-1.936792596370437783e-02
-1.924042284496257221e-02
-1.911334080327063353e-02
-1.898667983862853056e-02
-1.886043995103623208e-02
-1.873462114049379706e-02
-1.860922340700117000e-02
-1.848424675055840641e-02
-1.835969117116547505e-02
-1.823555666882235166e-02
-1.811184324352909172e-02
-1.798855089528566750e-02
-1.786567962409205124e-02
-1.774322942994829497e-02
-1.762120031285437788e-02
-1.749959227281026181e-02
-1.737840530981601267e-02
-1.725763942387159924e-02
-1.713729461497699030e-02
-1.701737088313224483e-02
-1.689786822833733507e-02
-1.677878665059222979e-02
-1.666012614989699145e-02
-1.654188672625158535e-02
-1.642406837965598720e-02
-1.630667111011024906e-02
-1.618969491761435009e-02
-1.607313980216825561e-02
-1.595700576377202459e-02
-1.584129280242560153e-02
-1.572600091812904194e-02
-1.561113011088231459e-02
-1.549668038068539519e-02
-1.538265172753833926e-02
-1.526904415144111904e-02
-1.515585765239370504e-02
-1.504309223039615277e-02
-1.493074788544843622e-02
-1.481882461755052761e-02
-1.470732242670248074e-02
-1.459624131290426959e-02
-1.448558127615586638e-02
-1.437534231645732317e-02
-1.426552443380861741e-02
-1.415612762820971787e-02
-1.404715189966068006e-02
-1.393859724816147797e-02
-1.383046367371208382e-02
-1.372275117631255141e-02
-1.361545975596285471e-02
-1.350858941266296596e-02
-1.340214014641293722e-02
-1.329611195721274418e-02
-1.319050484506236083e-02
-1.308531880996183748e-02
-1.298055385191112382e-02
-1.287620997091027189e-02
-1.277228716695925220e-02
-1.266878544005804394e-02
-1.256570479020669567e-02
-1.246304521740518138e-02
-1.236080672165347852e-02
-1.225898930295163565e-02
-1.215759296129962676e-02
-1.205661769669742756e-02
-1.195606350914508835e-02
-1.185593039864258486e-02
-1.175621836518989105e-02
-1.165692740878705551e-02
-1.155805752943405741e-02
-1.145960872713086900e-02
-1.136158100187753886e-02
-1.126397435367404443e-02
-1.116678878252035968e-02
-1.107002428841653494e-02
-1.097368087136254590e-02
-1.087775853135836655e-02
-1.078225726840404720e-02
-1.068717708249953928e-02
-1.059251797364488788e-02
-1.049827994184007220e-02
-1.040446298708506967e-02
-1.031106710937992367e-02
-1.021809230872461338e-02
-1.012553858511911452e-02
-1.003340593856347392e-02
-9.941694369057667291e-03
-9.850403876601673825e-03
-9.759534461195538621e-03
-9.669086122839237393e-03
-9.579058861532749325e-03
-9.489452677276117784e-03
-9.400267570069320219e-03
-9.311503539912337549e-03
-9.223160586805211406e-03
-9.135238710747919239e-03
-9.047737911740440231e-03
-8.960658189782817751e-03
-8.873999544875030981e-03
-8.787761977017057372e-03
-8.701945486208940289e-03
-8.616550072450638101e-03
-8.531575735742190705e-03
-8.447022476083577286e-03
-8.362890293474778761e-03
-8.279179187915836763e-03
-8.195889159406728741e-03
-8.113020207947435614e-03
-8.030572333537997279e-03
-7.948545536178394655e-03
-7.866939815868606925e-03
-7.785755172608673121e-03
-7.704991606398575027e-03
-7.624649117238291827e-03
-7.544727705127863421e-03
-7.465227370067269858e-03
-7.386148112056492056e-03
-7.307489931095568179e-03
-7.229252827184479147e-03
-7.151436800323205875e-03
-7.074041850511786529e-03
-6.997067977750202027e-03
-6.920515182038434153e-03
-6.844383463376520205e-03
-6.768672821764440233e-03
-6.693383257202177757e-03
-6.618514769689767471e-03
-6.544067359227174682e-03
-6.470041025814434951e-03
-6.396435769451530064e-03
-6.323251590138442672e-03
-6.250488487875207472e-03
-6.178146462661807115e-03
-6.106225514498224254e-03
-6.034725643384493583e-03
-5.963646849320598624e-03
-5.892989132306520293e-03
-5.822752492342295021e-03
-5.752936929427903724e-03
-5.683542443563330791e-03
-5.614569034748610049e-03
-5.546016702983724150e-03
-5.477885448268656615e-03
-5.410175270603440403e-03
-5.342886169988059035e-03
-5.276018146422496030e-03
-5.209571199906784349e-03
-5.143545330440907511e-03
-5.077940538024849904e-03
-5.012756822658643620e-03
-4.947994184342255700e-03
-4.883652623075719103e-03
-4.819732138859016482e-03
-4.756232731692133960e-03
-4.693154401575101893e-03
-4.630497148507904670e-03
-4.568260972490526678e-03
-4.506445873522999142e-03
-4.445051851605306449e-03
-4.384078906737433855e-03
-4.323527038919411716e-03
-4.263396248151223554e-03
-4.203686534432856357e-03
-4.144397897764337882e-03
-4.085530338145654250e-03
-4.027083855576792451e-03
-3.969058450057778506e-03
-3.911454121588600272e-03
-3.854270870169243003e-03
-3.797508695799734022e-03
-3.741167598480060318e-03
-3.685247578210208014e-03
-3.629748634990203997e-03
-3.574670768820034823e-03
-3.520013979699687483e-03
-3.465778267629188430e-03
-3.411963632608511210e-03
-3.358570074637681844e-03
-3.305597593716687321e-03
-3.253046189845515065e-03
-3.200915863024190230e-03
-3.149206613252700238e-03
-3.097918440531032946e-03
-3.047051344859213074e-03
-2.996605326237228046e-03
-2.946580384665065718e-03
-2.896976520142750811e-03
-2.847793732670270313e-03
-2.799032022247612949e-03
-2.750691388874802572e-03
-2.702771832551827038e-03
-2.655273353278674638e-03
-2.608195951055369225e-03
-2.561539625881898222e-03
-2.515304377758250786e-03
-2.469490206684449903e-03
-2.424097112660483864e-03
-2.379125095686341826e-03
-2.334574155762045473e-03
-2.290444292887573122e-03
-2.246735507062946890e-03
-2.203447798288155068e-03
-2.160581166563188115e-03
-2.118135611888066414e-03
-2.076111134262779555e-03
-2.034507733687317566e-03
-1.993325410161700395e-03
-1.952564163685918067e-03
-1.912223994259961042e-03
-1.872304901883848835e-03
-1.832806886557571471e-03
-1.793729948281119410e-03
-1.755074087054511733e-03
-1.716839302877739117e-03
-1.679025595750792020e-03
-1.641632965673689307e-03
-1.604661412646421221e-03
-1.568110936668979305e-03
-1.531981537741381122e-03
-1.496273215863617783e-03
-1.460985971035680831e-03
-1.426119803257587396e-03
-1.391674712529320564e-03
-1.357650698850897033e-03
-1.324047762222308345e-03
-1.290865902643546477e-03
-1.258105120114627693e-03
-1.225765414635543536e-03
-1.193846786206286849e-03
-1.162349234826872595e-03
-1.131272760497293401e-03
-1.100617363217541679e-03
-1.070383042987632172e-03
-1.040569799807557509e-03
-1.011177633677310967e-03
-9.822065445969062076e-04
-9.536565325663362916e-04
-9.255275975855946054e-04
-8.978197396546945932e-04
-8.705329587736294243e-04
-8.436672549423928106e-04
-8.172226281609975456e-04
-7.911990784294371240e-04
-7.655966057477054743e-04
-7.404152101158148480e-04
-7.156548915337591736e-04
-6.913156500015325964e-04
-6.673974855191467173e-04
-6.439003980865901523e-04
-6.208243877038741769e-04
-5.981694543709930451e-04
-5.759355980879414440e-04
-5.541228188547302159e-04
-5.327311166713538312e-04
-5.117604915378073027e-04
-4.912109434541007133e-04
-4.710824724202290759e-04
-4.513750784361875656e-04
-4.320887615019857776e-04
-4.132235216176187789e-04
-3.947793587830823411e-04
-3.767562729983851919e-04
-3.591542642635229946e-04
-3.419733325784915208e-04
-3.252134779432991731e-04
-3.088747003579416146e-04
-2.929569998224152132e-04
-2.774603763367275585e-04
-2.623848299008747472e-04
-2.477303605148533641e-04
-2.334969681786704023e-04
-2.196846528923190585e-04
-2.062934146558059463e-04
-1.933232534691277317e-04
-1.807741693322814061e-04
-1.686461622452730411e-04
-1.569392322080995466e-04
-1.456533792207582393e-04
-1.347886032832545944e-04
-1.243449043955857929e-04
-1.143222825577495309e-04
-1.047207377697505925e-04
-9.554027003158653824e-05
-8.678087934325528097e-05
-7.844256570476107623e-05
-7.052532911610174204e-05
-6.302916957727550302e-05
-5.595408708828601837e-05
-4.930008164913140427e-05
-4.306715325981020384e-05
-3.725530192032543251e-05
-3.186452763067553851e-05
-2.689483039085936310e-05
-2.234621020087931186e-05
-1.821866706073318928e-05
-1.451220097042298927e-05
-1.122681192994765982e-05
-8.362499939306562263e-06
-5.919264998501082349e-06
-3.897107107530474687e-06
-2.296026266394403429e-06
-1.116022475093643610e-06
-3.570957336277563611e-07
0.000000000000000000e+00
1.024734002006716895e-07
6.067778082395049456e-07
1.532159266113486071e-06
2.878617773822166865e-06
4.646153331365720758e-06
6.834765938744727545e-06
9.444455595958128858e-06
1.247522230300640327e-05
1.592706605989043593e-05
1.979998686660855819e-05
2.409398472316155439e-05
2.880905962955061377e-05
3.394521158577345273e-05
3.950244059183116903e-05
4.548074664772525343e-05
5.188012975345281927e-05
5.870058990901695650e-05
6.594212711441437187e-05
7.360474136964664424e-05
8.168843267471580650e-05
9.019320102961794197e-05
9.911904643435494799e-05
1.084659688889291421e-04
1.182339683933359841e-04
1.284230449475777102e-04
1.390331985516569360e-04
1.500644292055684846e-04
1.615167369093149308e-04
1.733901216628991749e-04
1.856845834663154707e-04
1.984001223195666370e-04
2.115367382226558993e-04
2.250944311755769152e-04
2.390732011783328016e-04
2.534730482309271093e-04
2.682939723333528453e-04
2.835359734856134246e-04
2.991990516877127506e-04
3.152832069396432338e-04
3.317884392414125719e-04
3.487147485930129046e-04
3.660621349944480807e-04
3.838305984457224371e-04
4.020201389468274628e-04
4.206307564977673861e-04
4.396624510985468149e-04
4.591152227491565336e-04
4.789890714496011499e-04
4.992839971998855970e-04
5.199999999999999544e-04
