-4.618518675139588608e-03 -2.655154158603907355e+00 -1.818141651012956117e+03 -3.252870937322599332e+01
-2.506973504438246916e-02 1.205554567897212825e+00 2.675179539169800137e+03 3.454970060617691274e+01
-2.595583253903763210e-02 1.378723552259454754e+00 6.651630136706870644e+01 -7.341501449495310139e-01
1.723454368175456053e-02 1.924570981025947702e+00 8.167364926186460252e+02 3.349186828124916815e+01
-6.389964741429585843e-04 -4.427370416944284237e+00 1.815741329444876101e+03 3.655796301948812754e+01
5.115681829770367395e-04 -1.107066219249327466e-01 -1.231670757106535063e+00 9.078197786323261020e-01
-2.801828447905850908e-02 -4.172902209037025467e-01 -2.400180097015083447e+03 -7.426821031166606701e+01
1.394660288570016490e-02 -1.819936316129275866e+00 -6.962546204663443916e+01 1.536328965548336534e+00
3.053526752907102966e-03 -1.596537086721797061e-01 9.326397724973980985e+01 2.598435649545111747e+00
-4.252978626084281781e-03 -4.724334275616311474e-01 -1.627042821453677846e+02 -1.272573106105459750e+01
5.275785337198406200e-03 -1.090599723831086498e+00 6.880078150279344982e+02 4.624595454340857259e+01
-3.339967059400336322e-03 8.132900807719694036e-01 2.359799079855404713e+01 -2.692264012507728510e-01
1.612432139154354460e-02 4.919476271230492692e+00 -1.134692658997095805e+03 -5.231271282580008375e+01
-1.126928655719919466e-03 2.524839172616719085e-01 -6.013190247074953731e+01 -6.643476283386948733e-01
1.946759778437981772e-04 6.440937165312210499e-02 5.866364206068652720e-02 -5.192377349298024081e-01
6.007431605130701333e-03 -1.402220361672836368e+00 4.825265555082939954e+02 6.192037253158078514e+00
4.887010575640469978e-03 -6.989269852718584808e-01 4.629842140123406580e+01 7.575113402170720711e+00
2.706814238446546457e-03 -3.964978053052762436e-02 -2.253563974386672442e+00 1.444332891596205481e+00
7.494761534031259276e-04 1.183433517314985556e-01 8.761413177836985255e-02 1.107601806579095183e-01
1.408559438516842396e-03 2.248938400982788965e-02 1.230240308969860230e+01 1.604111403613019737e+00
-4.423728297675273355e-03 5.022286143058549701e-01 -6.323100853141687594e+01 -8.352004493108667660e+00
3.861485295041946174e-04 -1.186643872780591691e-01 -2.637412324950704878e+00 -4.929666792116463303e-02
-1.275852021236175207e-02 -1.894989521635803253e+00 1.682789164195113472e+02 1.551139852556946153e+01
-1.302666552902922732e-04 -1.089328279430901505e-02 1.175740745904110263e-01 7.458692872225866632e-02
-6.046946009479834544e-04 -1.304328967227262603e-01 9.290779507449371977e+00 1.824339809103871501e-01
-4.093951841064736273e-03 1.051011071351572124e+00 -1.627450982399165298e+02 -9.157600447323488879e+00
-6.567044144835595954e-04 4.157693385761010996e-01 -1.484859461820489912e+01 -2.425134843528251594e+00
-9.702841151874178408e-04 -4.504141710128951870e-03 6.482964466126244218e-01 -4.482622716347400837e-01
-2.994873203507305084e-04 -4.624164473293294192e-02 -4.960900274775059682e-02 -4.149503129414618130e-02
-8.702854009744315916e-03 1.251729811949100490e+00 3.772434274173587454e+01 -3.123248725273576554e+00
-3.140109954860092339e-03 8.971018678328501750e-03 6.858917612219197935e+00 2.609810704181873220e+00
-9.677133945703176449e-04 1.407583889024116575e-01 -2.748277467297413068e-01 6.065344646274072327e-01
-5.032841624855633085e-04 -2.728004623172147064e-02 -5.014679450634051960e-02 4.063135959453348378e-02
-2.421223743505297385e-04 -2.912360336193127452e-02 -7.344245834678853058e-03 2.198840615979647667e-02
-1.230922516367871601e-03 1.503167824151033116e+00 1.495304646600890919e+03 9.410424465473536060e+00
3.917744507293996112e-04 7.982934174196654187e-03 1.611233081875284787e-02 1.218024017138238241e-02
