7.318466311979103800e-01 6.865599640095233491e-01 8.443628893775573241e-01 0.000000000000000000e+00
2.618702258141157868e-01 -1.007235783162838016e+00 1.624200412952948147e+00 0.000000000000000000e+00
-1.123431977448510199e+00 1.535805426068618695e+00 1.110967991193590326e-01 0.000000000000000000e+00
-7.656261016351209037e-01 1.303270707382706839e-01 7.610960025819621944e-01 0.000000000000000000e+00
6.865074271666167516e-02 -7.698437452018900284e-01 1.050698698485714289e+00 0.000000000000000000e+00
6.188967723079100702e-01 1.617807885675935919e+00 -1.530059174584214254e+00 0.000000000000000000e+00
1.004010450156876955e+00 1.030996209335351299e+00 -9.594716442209529073e-02 0.000000000000000000e+00
3.403997617568088607e-01 6.328394384518042370e-01 2.690465287921026821e-02 0.000000000000000000e+00
-8.018511960131993743e-03 -3.577417958254176522e-01 5.243756721457137893e-01 0.000000000000000000e+00
9.162155314317600441e-01 -8.794984373054304250e-01 -1.493110846819751814e+00 0.000000000000000000e+00
5.978960589116431162e-02 -2.950488408615866143e-01 2.985537336622845483e-01 0.000000000000000000e+00
9.283242253180555847e-01 7.931509534980406562e-01 5.073292600738116276e-01 0.000000000000000000e+00
2.046779402181303220e-01 -6.918871835324333364e-02 -5.847965214732762929e-02 0.000000000000000000e+00
5.577006229951362304e-01 1.330494399840588704e+00 -1.976078793624058916e+00 0.000000000000000000e+00
-7.353144789015171601e-03 -4.221677790126718288e-01 -1.054071237099405201e+00 0.000000000000000000e+00
5.979667865006779714e-02 -5.621503766796253077e-01 5.412818227846244445e-01 0.000000000000000000e+00
-4.534252741333537617e-01 1.270923623524392587e+00 2.869344565558821225e-01 0.000000000000000000e+00
6.600867266252558041e-01 6.270012436247467125e-02 -4.162111087922275576e-01 0.000000000000000000e+00
-2.525268337768829530e-01 1.483775252902076236e+00 -4.986329218700534804e-01 0.000000000000000000e+00
1.394213608054942558e-02 5.946970158401700957e-01 -2.775890391779395339e-01 0.000000000000000000e+00
4.063284305351559655e-02 1.124009258037344111e-01 -2.154052103283738417e-01 0.000000000000000000e+00
8.746022982680423663e-01 1.064476022385214993e+00 1.017145200688517326e+00 0.000000000000000000e+00
1.855962921471598741e-04 1.009574378992185023e-01 1.335143749546799548e-02 0.000000000000000000e+00
2.809446854492639312e-01 1.545845239307695573e+00 -2.076233424966578145e+00 0.000000000000000000e+00
-2.982429171780600630e-01 -4.402265265318965337e-01 -7.880787029763040852e-02 0.000000000000000000e+00
-5.176252489197876727e-01 2.694788371187673004e-01 2.745679048320270321e-01 0.000000000000000000e+00
3.273720426072612710e-01 1.142378467558335942e+00 -9.000311926377833893e-02 0.000000000000000000e+00
8.280112028451867001e-01 2.295899709833390534e-01 -9.671502248744235919e-01 0.000000000000000000e+00
5.315234866199541885e-01 6.267960176728303301e-01 4.917822229937017786e-01 0.000000000000000000e+00
1.270134935837889945e-01 3.993944205136066850e-01 -4.784685570585202052e-01 0.000000000000000000e+00
-3.949468767865281782e-01 1.911852028100933687e+00 -1.616238250794070908e+00 0.000000000000000000e+00
3.161019176586741808e-01 -1.276371500837371054e-01 -1.574374198946769221e+00 0.000000000000000000e+00
2.599496810723696538e-01 9.795182931853445574e-01 -1.505444620414872592e+00 0.000000000000000000e+00
7.983523948888300303e-01 1.585004783868025902e-01 -1.559047050257195366e+00 0.000000000000000000e+00
8.906374447908522729e-01 1.213974519535416796e+00 -4.451415807351664089e-01 0.000000000000000000e+00
