-1.726534296070999952e+00 -1.333683926570359723e+00 1.249182612016731309e+00 0.000000000000000000e+00
-1.425186378460852055e+00 -8.468063244342850515e-01 -1.221757653782236663e-01 0.000000000000000000e+00
3.234962893600762390e-01 3.767593052193210501e-01 -2.884220212093319136e-01 0.000000000000000000e+00
4.723429253474430156e-02 -3.693719788015627226e-02 -4.772307149138446114e-01 0.000000000000000000e+00
-9.665983856765482107e-01 -4.696970357018758757e-01 -5.491280243639152792e-01 0.000000000000000000e+00
-1.080263738920689498e+00 4.738753722275249602e-01 7.570827343101141915e-01 0.000000000000000000e+00
-1.467088029311426567e+00 -5.863766792805122918e-01 1.124691288751330509e+00 0.000000000000000000e+00
-5.327568559331883336e-01 -3.057433842777863842e-02 -1.175839772785357840e-01 0.000000000000000000e+00
-1.276825928822740985e-01 -3.643108468929037030e-02 5.192901567765677573e-01 0.000000000000000000e+00
-4.851860196768796075e-03 4.383785967630101643e-01 8.339262043414761294e-01 0.000000000000000000e+00
-3.289884299728820793e-01 -1.493973946680705323e-01 -4.791867364567700682e-01 0.000000000000000000e+00
-1.046016116836762322e+00 -3.829924041769268150e-01 3.463610971361194557e-01 0.000000000000000000e+00
-1.400499180313291292e-01 -8.128962127745517630e-02 5.057481529615971416e-01 0.000000000000000000e+00
1.497613084233007374e-01 1.065331989483948805e+00 1.132300293541857322e-01 0.000000000000000000e+00
1.304744921792779511e-01 6.150818261550675681e-01 8.110972141094578980e-01 0.000000000000000000e+00
-7.023297503279072318e-01 -2.534180109416174220e-01 3.609362878912623224e-02 0.000000000000000000e+00
1.103638404377056126e-01 1.097312739263527126e+00 -3.423104653673170183e-01 0.000000000000000000e+00
-6.547444683636559626e-01 7.688415395312471201e-01 -1.540498242845813159e+00 0.000000000000000000e+00
-7.034797206373023457e-03 6.173563997101705336e-01 1.631723323898444378e-01 0.000000000000000000e+00
-4.994686446362835153e-02 4.045393586536689123e-01 -3.191435373183689195e-01 0.000000000000000000e+00
2.717784750586168530e-01 1.650628738952519547e-01 3.231459433482939542e-02 0.000000000000000000e+00
-1.170668179498866923e+00 -5.279879313784677786e-01 7.923922350530228087e-01 0.000000000000000000e+00
-2.461097336535863697e-02 -1.564719789495574304e-02 -2.124822718108050068e-01 0.000000000000000000e+00
5.009456616852666633e-01 1.087387322775684950e+00 3.298495329881102611e-01 0.000000000000000000e+00
3.098708217962444222e-01 1.303959617545184801e-01 -2.615215419791159235e-01 0.000000000000000000e+00
-8.821821547056739321e-02 3.049002402144936757e-02 5.386364579195527247e-01 0.000000000000000000e+00
-4.112454498773003286e-01 7.871874359406239030e-01 1.396708113308988419e-01 0.000000000000000000e+00
-5.954325248584458885e-01 6.688105951309478714e-01 -1.516902844514425475e+00 0.000000000000000000e+00
-9.183325116338152405e-01 -2.795455822549756664e-01 5.245802868453589562e-01 0.000000000000000000e+00
7.379328857697979582e-02 7.227306815610005930e-02 7.596427993473554852e-02 0.000000000000000000e+00
-6.288503538223811917e-01 1.033364187691245606e+00 4.117130426990237568e-01 0.000000000000000000e+00
3.266662920546284932e-01 7.032928981379109601e-01 -9.873262248720173773e-01 0.000000000000000000e+00
-4.017831033188877798e-01 1.097803382446553844e+00 -1.773250850584094651e-01 0.000000000000000000e+00
-2.243945482889512233e-01 4.451114792909189877e-01 3.547111317457909280e-02 0.000000000000000000e+00
-9.109841758070301720e-01 1.035084755054912348e-01 4.482238062846726212e-01 0.000000000000000000e+00
