-4.999999999999999584e-02
-4.988975249228293912e-02
-4.977962666388088819e-02
-4.966962251479384305e-02
-4.955974004502179675e-02
-4.944997925456476318e-02
-4.934034014342272845e-02
-4.923082271159569950e-02
-4.912142695908368328e-02
-4.901215288588665897e-02
-4.890300049200464738e-02
-4.879396977743764852e-02
-4.868506074218564156e-02
-4.857627338624864038e-02
-4.846760770962665887e-02
-4.835906371231966927e-02
-4.825064139432767851e-02
-4.814234075565071436e-02
-4.803416179628873517e-02
-4.792610451624176870e-02
-4.781816891550981496e-02
-4.771035499409285313e-02
-4.760266275199089708e-02
-4.749509218920396070e-02
-4.738764330573201622e-02
-4.728031610157507753e-02
-4.717311057673315156e-02
-4.706602673120622443e-02
-4.695906456499429615e-02
-4.685222407809738754e-02
-4.674550527051547777e-02
-4.663890814224856685e-02
-4.653243269329667559e-02
-4.642607892365977623e-02
-4.631984683333787572e-02
-4.621373642233100182e-02
-4.610774769063911982e-02
-4.600188063826223667e-02
-4.589613526520037318e-02
-4.579051157145350853e-02
-4.568500955702164273e-02
-4.557962922190479660e-02
-4.547437056610294237e-02
-4.536923358961609393e-02
-4.526421829244426515e-02
-4.515932467458742133e-02
-4.505455273604559024e-02
-4.494990247681876494e-02
-4.484537389690695236e-02
-4.474096699631013169e-02
-4.463668177502833068e-02
-4.453251823306152157e-02
-4.442847637040971825e-02
-4.432455618707292072e-02
-4.422075768305114285e-02
-4.411708085834434995e-02
-4.401352571295258365e-02
-4.391009224687580231e-02
-4.380678046011403370e-02
-4.370359035266726394e-02
-4.360052192453551384e-02
-4.349757517571875565e-02
-4.339475010621700324e-02
-4.329204671603026355e-02
-4.318946500515852271e-02
-4.308700497360178766e-02
-4.298466662136006533e-02
-4.288244994843334185e-02
-4.278035495482163109e-02
-4.267838164052491223e-02
-4.257653000554319916e-02
-4.247480004987649188e-02
-4.237319177352480426e-02
-4.227170517648810855e-02
-4.217034025876641862e-02
-4.206909702035974141e-02
-4.196797546126805611e-02
-4.186697558149138354e-02
-4.176609738102972369e-02
-4.166534085988305575e-02
-4.156470601805139359e-02
-4.146419285553475109e-02
-4.136380137233310050e-02
-4.126353156844645570e-02
-4.116338344387482362e-02
-4.106335699861819039e-02
-4.096345223267655600e-02
-4.086366914604994127e-02
-4.076400773873832539e-02
-4.066446801074170836e-02
-4.056504996206011099e-02
-4.046575359269350552e-02
-4.036657890264190585e-02
-4.026752589190531889e-02
-4.016859456048373078e-02
-4.006978490837714152e-02
-3.997109693558557192e-02
-3.987253064210900116e-02
-3.977408602794742926e-02
-3.967576309310087701e-02
-3.957756183756931667e-02
-3.947948226135276212e-02
-3.938152436445122723e-02
-3.928368814686467730e-02
-3.918597360859314011e-02
-3.908838074963661563e-02
-3.899090956999509000e-02
-3.889356006966856322e-02
-3.879633224865705610e-02
-3.869922610696054088e-02
-3.860224164457903145e-02
-3.850537886151254169e-02
-3.840863775776103689e-02
-3.831201833332454482e-02
-3.821552058820306547e-02
-3.811914452239658496e-02
-3.802289013590510330e-02
-3.792675742872864131e-02
-3.783074640086717816e-02
-3.773485705232071385e-02
-3.763908938308926228e-02
-3.754344339317280954e-02
-3.744791908257136259e-02
-3.735251645128492837e-02
-3.725723549931349299e-02
-3.716207622665706339e-02
-3.706703863331563958e-02
-3.697212271928922156e-02
-3.687732848457780238e-02
-3.678265592918140287e-02
-3.668810505309999526e-02
-3.659367585633359343e-02
-3.649936833888219045e-02
-3.640518250074581408e-02
-3.631111834192442267e-02
-3.621717586241805092e-02
-3.612335506222667803e-02
-3.602965594135030397e-02
-3.593607849978893570e-02
-3.584262273754258710e-02
-3.574928865461123040e-02
-3.565607625099488642e-02
-3.556298552669354129e-02
-3.547001648170720195e-02
-3.537716911603586145e-02
-3.528444342967954062e-02
-3.519183942263821169e-02
-3.509935709491190242e-02
-3.500699644650058506e-02
-3.491475747740427349e-02
-3.482264018762296770e-02
-3.473064457715668157e-02
-3.463877064600538042e-02
-3.454701839416910586e-02
-3.445538782164781627e-02
-3.436387892844153941e-02
-3.427249171455026139e-02
-3.418122617997400303e-02
-3.409008232471273658e-02
-3.399906014876648286e-02
-3.390815965213522798e-02
-3.381738083481897889e-02
-3.372672369681773558e-02
-3.363618823813150499e-02
-3.354577445876026631e-02
-3.345548235870404730e-02
-3.336531193796282019e-02
-3.327526319653660580e-02
-3.318533613442539026e-02
-3.309553075162918745e-02
-3.300584704814798348e-02
-3.291628502398179223e-02
-3.282684467913059984e-02
-3.273752601359441322e-02
-3.264832902737322545e-02
-3.255925372046705735e-02
-3.247030009287588115e-02
-3.238146814459972461e-02
-3.229275787563855998e-02
-3.220416928599240114e-02
-3.211570237566124808e-02
-3.202735714464510774e-02
-3.193913359294395932e-02
-3.185103172055783055e-02
-3.176305152748670063e-02
-3.167519301373056956e-02
-3.158745617928945121e-02
-3.149984102416333864e-02
-3.141234754835222492e-02
-3.132497575185612393e-02
-3.123772563467502525e-02
-3.115059719680892542e-02
-3.106359043825783137e-02
-3.097670535902175351e-02
-3.088994195910067103e-02
-3.080330023849459434e-02
-3.071678019720353037e-02
-3.063038183522746177e-02
-3.054410515256639896e-02
-3.045795014922035235e-02
-3.037191682518929764e-02
-3.028600518047325219e-02
-3.020021521507221945e-02
-3.011454692898618210e-02
-3.002900032221515053e-02
-2.994357539475913169e-02
-2.985827214661810822e-02
-2.977309057779209053e-02
-2.968803068828108904e-02
-2.960309247808508293e-02
-2.951827594720407913e-02
-2.943358109563809499e-02
-2.934900792338710276e-02
-2.926455643045111632e-02
-2.918022661683014260e-02
-2.909601848252416773e-02
-2.901193202753319517e-02
-2.892796725185723880e-02
-2.884412415549627781e-02
-2.876040273845031914e-02
-2.867680300071938013e-02
-2.859332494230343302e-02
-2.850996856320249170e-02
-2.842673386341655617e-02
-2.834362084294563336e-02
-2.826062950178970939e-02
-2.817775983994879815e-02
-2.809501185742288229e-02
-2.801238555421196874e-02
-2.792988093031606445e-02
-2.784749798573517288e-02
-2.776523672046927668e-02
-2.768309713451839668e-02
-2.760107922788251206e-02
-2.751918300056163322e-02
-2.743740845255575669e-02
-2.735575558386489636e-02
-2.727422439448903141e-02
-2.719281488442817918e-02
-2.711152705368232579e-02
-2.703036090225147473e-02
-2.694931643013562944e-02
-2.686839363733480035e-02
-2.678759252384896664e-02
-2.670691308967814565e-02
-2.662635533482232003e-02
-2.654591925928150020e-02
-2.646560486305568616e-02
-2.638541214614488831e-02
-2.630534110854908236e-02
-2.622539175026829261e-02
-2.614556407130249824e-02
-2.606585807165170965e-02
-2.598627375131592684e-02
-2.590681111029515676e-02
-2.582747014858938206e-02
-2.574825086619862355e-02
-2.566915326312286041e-02
-2.559017733936209960e-02
-2.551132309491634803e-02
-2.543259052978560919e-02
-2.535397964396986573e-02
-2.527549043746913499e-02
-2.519712291028340309e-02
-2.511887706241267351e-02
-2.504075289385694972e-02
-2.496275040461624212e-02
-2.488486959469052989e-02
-2.480711046407983039e-02
-2.472947301278412627e-02
-2.465195724080342793e-02
-2.457456314813773537e-02
-2.449729073478705901e-02
-2.442014000075137456e-02
-2.434311094603070630e-02
-2.426620357062503341e-02
-2.418941787453436632e-02
-2.411275385775870500e-02
-2.403621152029805641e-02
-2.395979086215240667e-02
-2.388349188332176617e-02
-2.380731458380612453e-02
-2.373125896360548867e-02
-2.365532502271985513e-02
-2.357951276114923084e-02
-2.350382217889361580e-02
-2.342825327595301002e-02
-2.335280605232739615e-02
-2.327748050801679153e-02
-2.320227664302118922e-02
-2.312719445734059270e-02
-2.305223395097500891e-02
-2.297739512392443437e-02
-2.290267797618885173e-02
-2.282808250776827488e-02
-2.275360871866270382e-02
-2.267925660887213854e-02
-2.260502617839658598e-02
-2.253091742723603921e-02
-2.245693035539048782e-02
-2.238306496285994221e-02
-2.230932124964440239e-02
-2.223569921574386835e-02
-2.216219886115834703e-02
-2.208882018588782803e-02
-2.201556318993230787e-02
-2.194242787329179351e-02
-2.186941423596628492e-02
-2.179652227795577865e-02
-2.172375199926028511e-02
-2.165110339987980081e-02
-2.157857647981431190e-02
-2.150617123906382530e-02
-2.143388767762834449e-02
-2.136172579550787293e-02
-2.128968559270241062e-02
-2.121776706921195410e-02
-2.114597022503649296e-02
-2.107429506017604107e-02
-2.100274157463059149e-02
-2.093130976840014770e-02
-2.085999964148471664e-02
-2.078881119388429136e-02
-2.071774442559886145e-02
-2.064679933662843733e-02
-2.057597592697301900e-02
-2.050527419663260645e-02
-2.043469414560720315e-02
-2.036423577389680911e-02
-2.029389908150141045e-02
-2.022368406842101757e-02
-2.015359073465562700e-02
-2.008361908020524569e-02
-2.001376910506987364e-02
-1.994404080924950043e-02
-1.987443419274413994e-02
-1.980494925555377830e-02
-1.973558599767841898e-02
-1.966634441911806891e-02
-1.959722451987272809e-02
-1.952822629994238612e-02
-1.945934975932705688e-02
-1.939059489802672301e-02
-1.932196171604139492e-02
-1.925345021337107262e-02
-1.918506039001576305e-02
-1.911679224597545232e-02
-1.904864578125015084e-02
-1.898062099583984821e-02
-1.891271788974455137e-02
-1.884493646296426031e-02
-1.877727671549898197e-02
-1.870973864734869901e-02
-1.864232225851342878e-02
-1.857502754899315739e-02
-1.850785451878789178e-02
-1.844080316789762850e-02
-1.837387349632238140e-02
-1.830706550406212968e-02
-1.824037919111689068e-02
-1.817381455748665053e-02
-1.810737160317141270e-02
-1.804105032817118065e-02
-1.797485073248596479e-02
-1.790877281611574431e-02
-1.784281657906053309e-02
-1.777698202132032418e-02
-1.771126914289511758e-02
-1.764567794378491677e-02
-1.758020842398972869e-02
-1.751486058350953945e-02
-1.744963442234435946e-02
-1.738452994049417832e-02
-1.731954713795900297e-02
-1.725468601473883340e-02
-1.718994657083367655e-02
-1.712532880624351508e-02
-1.706083272096836634e-02
-1.699645831500821644e-02
-1.693220558836307232e-02
-1.686807454103293399e-02
-1.680406517301780492e-02
-1.674017748431767469e-02
-1.667641147493255718e-02
-1.661276714486243852e-02
-1.654924449410732565e-02
-1.648584352266721509e-02
-1.642256423054211031e-02
-1.635940661773201826e-02
-1.629637068423693200e-02
-1.623345643005684111e-02
-1.617066385519175947e-02
-1.610799295964168015e-02
-1.604544374340660315e-02
-1.598301620648654234e-02
-1.592071034888148731e-02
-1.585852617059142766e-02
-1.579646367161637380e-02
-1.573452285195632572e-02
-1.567270371161128342e-02
-1.561100625058125038e-02
-1.554943046886621966e-02
-1.548797636646619125e-02
-1.542664394338117209e-02
-1.536543319961115699e-02
-1.530434413515614420e-02
-1.524337675001614066e-02
-1.518253104419114118e-02
-1.512180701768114227e-02
-1.506120467048615262e-02
-1.500072400260616876e-02
-1.494036501404118547e-02
-1.488012770479121144e-02
-1.482001207485624319e-02
-1.476001812423627553e-02
-1.470014585293131712e-02
-1.464039526094136276e-02
-1.458076634826641071e-02
-1.452125911490646619e-02
-1.446187356086152745e-02
-1.440260968613159102e-02
-1.434346749071666212e-02
-1.428444697461673900e-02
-1.422554813783181646e-02
-1.416677098036190317e-02
-1.410811550220699394e-02
-1.404958170336708875e-02
-1.399116958384218935e-02
-1.393287914363229747e-02
-1.387471038273740444e-02
-1.381666330115752239e-02
-1.375873789889264440e-02
-1.370093417594276872e-02
-1.364325213230790056e-02
-1.358569176798803818e-02
-1.352825308298317639e-02
-1.347093607729332385e-02
-1.341374075091847362e-02
-1.335666710385863092e-02
-1.329971513611379226e-02
-1.324288484768395766e-02
-1.318617623856913057e-02
-1.312958930876930753e-02
-1.307312405828448681e-02
-1.301678048711467535e-02
-1.296055859525986793e-02
-1.290445838272006283e-02
-1.284847984949526525e-02
-1.279262299558547346e-02
-1.273688782099068398e-02
-1.268127432571090202e-02
-1.262578250974612584e-02
-1.257041237309635025e-02
-1.251516391576158391e-02
-1.246003713774182335e-02
-1.240503203903706338e-02
-1.235014861964731092e-02
-1.229538687957256599e-02
-1.224074681881282163e-02
-1.218622843736808480e-02
-1.213183173523835374e-02
-1.207755671242362501e-02
-1.202340336892390379e-02
-1.196937170473918836e-02
-1.191546171986947351e-02
-1.186167341431476792e-02
-1.180800678807506637e-02
-1.175446184115036888e-02
-1.170103857354067717e-02
-1.164773698524599298e-02
-1.159455707626630937e-02
-1.154149884660163328e-02
-1.148856229625196297e-02
-1.143574742521729498e-02
-1.138305423349763451e-02
-1.133048272109297983e-02
-1.127803288800332572e-02
-1.122570473422868087e-02
-1.117349825976904180e-02
-1.112141346462440332e-02
-1.106945034879477409e-02
-1.101760891228014891e-02
-1.096588915508052604e-02
-1.091429107719591070e-02
-1.086281467862630114e-02
-1.081145995937169389e-02
-1.076022691943209417e-02
-1.070911555880749676e-02
-1.065812587749790860e-02
-1.060725787550332450e-02
-1.055651155282374097e-02
-1.050588690945916670e-02
-1.045538394540959821e-02
-1.040500266067503204e-02
-1.035474305525547339e-02
-1.030460512915091879e-02
-1.025458888236136651e-02
-1.020469431488682348e-02
-1.015492142672728450e-02
-1.010527021788274783e-02
-1.005574068835322042e-02
-1.000633283813869533e-02
-9.957046667239174281e-03
-9.907882175654660756e-03
-9.858839363385153015e-03
-9.809918230430647590e-03
-9.761118776791149684e-03
-9.712441002466652359e-03
-9.663884907457167758e-03
-9.615450491762682003e-03
-9.567137755383202033e-03
-9.518946698318731317e-03
-9.470877320569261182e-03
-9.422929622134795097e-03
-9.375103603015340001e-03
-9.327399263210885486e-03
-9.279816602721435020e-03
-9.232355621546995544e-03
-9.185016319687554914e-03
-9.137798697143120069e-03
-9.090702753913694478e-03
-9.043728489999269468e-03
-8.996875905399850243e-03
-8.950145000115440272e-03
-8.903535774146030882e-03
-8.857048227491627276e-03
-8.810682360152232925e-03
-8.764438172127837420e-03
-8.718315663418447700e-03
-8.672314834024068969e-03
-8.626435683944690819e-03
-8.580678213180316719e-03
-8.535042421730951873e-03
-8.489528309596587607e-03
-8.444135876777229127e-03
-8.398865123272879901e-03
-8.353716049083531256e-03
-8.308688654209188396e-03
-8.263782938649854790e-03
-8.218998902405520030e-03
-8.174336545476191054e-03
-8.129795867861873068e-03
-8.085376869562555663e-03
-8.041079550578242308e-03
-7.996903910908938207e-03
-7.952849950554634686e-03
-7.908917669515336951e-03
-7.865107067791048470e-03
-7.821418145381760570e-03
-7.777850902287478455e-03
-7.734405338508204726e-03
-7.691081454043932446e-03
-7.647879248894665083e-03
-7.604798723060406974e-03
-7.561839876541149447e-03
-7.519002709336896836e-03
-7.476287221447654348e-03
-7.433693412873411573e-03
-7.391221283614174582e-03
-7.348870833669946846e-03
-7.306642063040719691e-03
-7.264534971726498321e-03
-7.222549559727286204e-03
-7.180685827043073802e-03
-7.138943773673867184e-03
-7.097323399619665484e-03
-7.055824704880473038e-03
-7.014447689456282040e-03
-6.973192353347095092e-03
-6.932058696552918266e-03
-6.891046719073742020e-03
-6.850156420909570693e-03
-6.809387802060408619e-03
-6.768740862526247994e-03
-6.728215602307091418e-03
-6.687812021402944965e-03
-6.647530119813799092e-03
-6.607369897539658136e-03
-6.567331354580526435e-03
-6.527414490936396183e-03
-6.487619306607269980e-03
-6.447945801593153899e-03
-6.408393975894038398e-03
-6.368963829509927815e-03
-6.329655362440827354e-03
-6.290468574686726606e-03
-6.251403466247631643e-03
-6.212460037123545935e-03
-6.173638287314460807e-03
-6.134938216820380597e-03
-6.096359825641309640e-03
-6.057903113777240132e-03
-6.019568081228174675e-03
-5.981354727994119339e-03
-5.943263054075064583e-03
-5.905293059471014745e-03
-5.867444744181975029e-03
-5.829718108207935026e-03
-5.792113151548900808e-03
-5.754629874204875845e-03
-5.717268276175851462e-03
-5.680028357461831996e-03
-5.642910118062821785e-03
-5.605913557978813022e-03
-5.569038677209809177e-03
-5.532285475755814586e-03
-5.495653953616820575e-03
-5.459144110792831482e-03
-5.422755947283851644e-03
-5.386489463089873253e-03
-5.350344658210899780e-03
-5.314321532646935561e-03
-5.278420086397971923e-03
-5.242640319464013203e-03
-5.206982231845064604e-03
-5.171445823541115719e-03
-5.136031094552172618e-03
-5.100738044878238772e-03
-5.065566674519305507e-03
-5.030516983475378026e-03
-4.995588971746458933e-03
-4.960782639332541287e-03
-4.926097986233628559e-03
-4.891535012449724218e-03
-4.857093717980822192e-03
-4.822774102826924217e-03
-4.788576166988035496e-03
-4.754499910464148223e-03
-4.720545333255265867e-03
-4.686712435361392766e-03
-4.653001216782520245e-03
-4.619411677518653510e-03
-4.585943817569795161e-03
-4.552597636935938261e-03
-4.519373135617086278e-03
-4.486270313613243549e-03
-4.453289170924401401e-03
-4.420429707550565038e-03
-4.387691923491737062e-03
-4.355075818747910534e-03
-4.322581393319088923e-03
-4.290208647205275699e-03
-4.257957580406464791e-03
-4.225828192922658801e-03
-4.193820484753861197e-03
-4.161934455900065041e-03
-4.130170106361273803e-03
-4.098527436137490952e-03
-4.067006445228710416e-03
-4.035607133634934798e-03
-4.004329501356167567e-03
-3.973173548392401784e-03
-3.942139274743640918e-03
-3.911226680409889307e-03
-3.880435765391138710e-03
-3.849766529687393031e-03
-3.819218973298656172e-03
-3.788793096224921195e-03
-3.758488898466190702e-03
-3.728306380022469030e-03
-3.698245540893749239e-03
-3.668306381080033932e-03
-3.638488900581327446e-03
-3.608793099397622842e-03
-3.579218977528922721e-03
-3.549766534975231421e-03
-3.520435771736542003e-03
-3.491226687812857502e-03
-3.462139283204177919e-03
-3.433173557910506723e-03
-3.404329511931837408e-03
-3.375607145268173011e-03
-3.347006457919517002e-03
-3.318527449885862873e-03
-3.290170121167214096e-03
-3.261934471763573273e-03
-3.233820501674934331e-03
-3.205828210901300306e-03
-3.177957599442674669e-03
-3.150208667299050913e-03
-3.122581414470432509e-03
-3.095075840956822057e-03
-3.067691946758213488e-03
-3.040429731874610270e-03
-3.013289196306015005e-03
-2.986270340052421621e-03
-2.959373163113833156e-03
-2.932597665490253077e-03
-2.905943847181675314e-03
-2.879411708188102034e-03
-2.853001248509537142e-03
-2.826712468145974565e-03
-2.800545367097416471e-03
-2.774499945363866765e-03
-2.748576202945319374e-03
-2.722774139841776467e-03
-2.697093756053241947e-03
-2.671535051579709743e-03
-2.646098026421182022e-03
-2.620782680577662688e-03
-2.595589014049145670e-03
-2.570517026835633569e-03
-2.545566718937128988e-03
-2.520738090353627156e-03
-2.496031141085130241e-03
-2.471445871131641280e-03
-2.446982280493154201e-03
-2.422640369169672472e-03
-2.398420137161198697e-03
-2.374321584467727238e-03
-2.350344711089260696e-03
-2.326489517025801673e-03
-2.302756002277345400e-03
-2.279144166843894044e-03
-2.255654010725450642e-03
-2.232285533922009554e-03
-2.209038736433573385e-03
-2.185913618260145169e-03
-2.162910179401718834e-03
-2.140028419858298284e-03
-2.117268339629884821e-03
-2.094629938716474106e-03
-2.072113217118068309e-03
-2.049718174834670465e-03
-2.027444811866274937e-03
-2.005293128212884326e-03
-1.983263123874501668e-03
-1.961354798851121326e-03
-1.939568153142746118e-03
-1.917903186749378430e-03
-1.896359899671013274e-03
-1.874938291907653253e-03
-1.853638363459300751e-03
-1.832460114325950781e-03
-1.811403544507605946e-03
-1.790468654004268630e-03
-1.769655442815933847e-03
-1.748963910942604415e-03
-1.728394058384282068e-03
-1.707945885140962688e-03
-1.687619391212648225e-03
-1.667414576599341282e-03
-1.647331441301036871e-03
-1.627369985317737812e-03
-1.607530208649445838e-03
-1.587812111296156830e-03
-1.568215693257872956e-03
-1.548740954534596169e-03
-1.529387895126322347e-03
-1.510156515033053660e-03
-1.491046814254792059e-03
-1.472058792791533640e-03
-1.453192450643279923e-03
-1.434447787810033724e-03
-1.415824804291790275e-03
-1.397323500088551960e-03
-1.378943875200320732e-03
-1.360685929627092469e-03
-1.342549663368869340e-03
-1.324535076425653515e-03
-1.306642168797440438e-03
-1.288870940484232496e-03
-1.271221391486031639e-03
-1.253693521802833966e-03
-1.236287331434641210e-03
-1.219002820381455540e-03
-1.201839988643273053e-03
-1.184798836220095483e-03
-1.167879363111924999e-03
-1.151081569318757698e-03
-1.134405454840595531e-03
-1.117851019677438282e-03
-1.101418263829287902e-03
-1.085107187296140922e-03
-1.068917790077999076e-03
-1.052850072174863882e-03
-1.036904033586732088e-03
-1.021079674313605211e-03
-1.005376994355485420e-03
-9.897959937123688122e-04
-9.743366723842572302e-04
-9.589990303711524089e-04
-9.437830676730509872e-04
-9.286887842899546998e-04
-9.137161802218650647e-04
-8.988652554687789377e-04
-8.841360100306977282e-04
-8.695284439076233877e-04
-8.550425570995523385e-04
-8.406783496064864237e-04
-8.264358214284271611e-04
-8.123149725653714065e-04
-7.983158030173206779e-04
-7.844383127842767100e-04
-7.706825018662361417e-04
-7.570483702632005993e-04
-7.435359179751717092e-04
-7.301451450021463271e-04
-7.168760513441260794e-04
-7.037286370011123756e-04
-6.907029019731021798e-04
-6.777988462600971183e-04
-6.650164698620986007e-04
-6.523557727791036995e-04
-6.398167550111138243e-04
-6.273994165581303845e-04
-6.151037574201506696e-04
-6.029297775971760890e-04
-5.908774770892078355e-04
-5.789468558962433068e-04
-5.671379140182839125e-04
-5.554506514553308452e-04
-5.438850682073816112e-04
-5.324411642744374031e-04
-5.211189396564995220e-04
-5.099183943535653659e-04
-4.988395283656363441e-04
-4.878823416927137034e-04
-4.770468343347948419e-04
-4.663330062918810063e-04
-4.557408575639734978e-04
-4.452703881510698225e-04
-4.349215980531712816e-04
-4.246944872702789050e-04
-4.145890558023904702e-04
-4.046053036495071155e-04
-3.947432308116299252e-04
-3.850028372887566767e-04
-3.753841230808885082e-04
-3.658870881880265042e-04
-3.565117326101684960e-04
-3.472580563473155139e-04
-3.381260593994686960e-04
-3.291157417666258742e-04
-3.202271034487881324e-04
-3.114601444459564467e-04
-3.028148647581288652e-04
-2.942912643853063640e-04
-2.858893433274898644e-04
-2.776091015846774692e-04
-2.694505391568701542e-04
-2.614136560440688409e-04
-2.534984522462716320e-04
-2.457049277634795574e-04
-2.380330825956934032e-04
-2.304829167429114348e-04
-2.230544302051345464e-04
-2.157476229823635514e-04
-2.085624950745968234e-04
-2.014990464818351484e-04
-1.945572772040793125e-04
-1.877371872413277978e-04
-1.810387765935813362e-04
-1.744620452608406866e-04
-1.680069932431043581e-04
-1.616736205403731098e-04
-1.554619271526476464e-04
-1.493719130799265314e-04
-1.434035783222104964e-04
-1.375569228795001922e-04
-1.318319467517942904e-04
-1.262286499390934688e-04
-1.207470324413983237e-04
-1.153870942587076489e-04
-1.101488353910220271e-04
-1.050322558383420682e-04
-1.000373556006665932e-04
-9.516413467799619830e-05
-9.041259307033139856e-05
-8.578273077767113687e-05
-8.127454780001595533e-05
-7.688804413736584039e-05
-7.262321978972127994e-05
-6.848007475708131175e-05
-6.445860903944641016e-05
-6.055882263681702240e-05
-5.678071554919226078e-05
-5.312428777657257254e-05
-4.958953931895835070e-05
-4.617647017634880243e-05
-4.288508034874432753e-05
-3.971536983614527838e-05
-3.666733863855094346e-05
-3.374098675596168192e-05
-3.093631418837780546e-05
-2.825332093579867711e-05
-2.569200699822462891e-05
-2.325237237565592175e-05
-2.093441706809201014e-05
-1.873814107553317191e-05
-1.666354439797963744e-05
-1.471062703543093579e-05
-1.287938898788730921e-05
-1.116983025534894574e-05
-9.581950837815457440e-06
-8.115750735287044208e-06
-6.771229947763850041e-06
-5.548388475245573395e-06
-4.447226317732372665e-06
-3.467743475224350342e-06
-2.609939947721286197e-06
-1.873815735223297122e-06
-1.259370837730445796e-06
-7.666052552425938358e-07
-3.955189877598171034e-07
-1.461120352821368540e-07
-1.838439780949698184e-08
0.000000000000000000e+00
1.279670678794231978e-07
3.652773754219954733e-07
7.242669979696430032e-07
1.204935935522304986e-06
1.807284188080089367e-06
2.531311755642949028e-06
3.377018638210782114e-06
4.344404835783778360e-06
5.433470348361850100e-06
6.644215175944854606e-06
7.976639318533062931e-06
9.430742776126348019e-06
1.100652554872452183e-05
1.270398763632794350e-05
1.452312903893643855e-05
1.646394975654978505e-05
1.852644978916842007e-05
2.071062913679212847e-05
2.301648779942064258e-05
2.544402577705449095e-05
2.799324306969340931e-05
3.066413967733709611e-05
3.345671559998615444e-05
3.637097083764028615e-05
3.940690539029914564e-05
4.256451925796341732e-05
4.584381244063276238e-05
4.924478493830679456e-05
5.276743675098627282e-05
5.641176787867083122e-05
6.017777832136002932e-05
6.406546807905472770e-05
6.807483715175449267e-05
7.220588553945886346e-05
7.645861324216877519e-05
8.083302025988375352e-05
8.532910659260329700e-05
8.994687224032842207e-05
9.468631720305861375e-05
9.954744148079332992e-05
1.045302450735336548e-04
1.096347279812790598e-04
1.148608902040289487e-04
1.202087317417844869e-04
1.256782525945451053e-04
1.312694527623101668e-04
1.369823322450809048e-04
1.428168910428567501e-04
1.487731291556369708e-04
1.548510465834229493e-04
1.610506433262139808e-04
1.673719193840093877e-04
1.738148747568105524e-04
1.803795094446168244e-04
1.870658234474273905e-04
1.938738167652437686e-04
2.008034893980652539e-04
2.078548413458909791e-04
2.150278726087225976e-04
2.223225831865592692e-04
2.297389730794001806e-04
2.372770422872469854e-04
2.449367908100988974e-04
2.527182186479549680e-04
2.606213258008169861e-04
2.686461122686840844e-04
2.767925780515562628e-04
2.850607231494325998e-04
2.934505475623148843e-04
3.019620512902023031e-04
3.105952343330937722e-04
3.193500966909912971e-04
3.282266383638939022e-04
3.372248593518005575e-04
3.463447596547133229e-04
3.555863392726311143e-04
3.649495982055529558e-04
3.744345364534809074e-04
3.840411540164139392e-04
3.937694508943509128e-04
4.036194270872941049e-04
4.135910825952423230e-04
4.236844174181944827e-04
4.338994315561528611e-04
4.442361250091163196e-04
4.546944977770836656e-04
4.652745498600572844e-04
4.759762812580359292e-04
4.867996919710184615e-04
4.977447819990072665e-04
5.088115513420010975e-04
5.199999999999999544e-04
