-1.250914301092126646e+00 3.191964747534495217e+00 0.000000000000000000e+00
-2.047489481735007555e-01 7.804986257990520482e-01 0.000000000000000000e+00
-6.154337242699516874e-01 -4.652053470618476849e-01 0.000000000000000000e+00
-5.191542987236976714e-01 2.279162167979759956e-01 0.000000000000000000e+00
2.694147452993133490e-02 -7.435852244744333150e-01 0.000000000000000000e+00
-5.805564860300598262e-01 2.595267201637551313e+00 0.000000000000000000e+00
-4.366995485132820765e-01 1.347250293950229549e+00 0.000000000000000000e+00
9.505842582820747677e-02 -9.199290011109022558e-01 0.000000000000000000e+00
5.007359392118011787e-02 1.067306941494209571e+00 0.000000000000000000e+00
9.861188026574708720e-01 -2.122994506202267484e+00 0.000000000000000000e+00
8.468364558860408398e-03 -3.036151813882000464e-02 0.000000000000000000e+00
-1.251978242897030386e-02 1.521867297191328572e-01 0.000000000000000000e+00
2.111780195365577095e-02 -2.875606186443603884e-01 0.000000000000000000e+00
-2.694119928933782493e-01 -5.271531511442006934e-01 0.000000000000000000e+00
7.258587310909010715e-02 3.106736934573236519e-01 0.000000000000000000e+00
-1.963279921484982482e-01 8.294198059261894684e-01 0.000000000000000000e+00
1.379016839940505834e+00 -2.006843347348984175e+00 0.000000000000000000e+00
-1.024999175830259901e+00 3.324712267910984398e+00 0.000000000000000000e+00
3.177017295690953147e-01 8.608041406715000177e-01 0.000000000000000000e+00
-3.939630271731053152e-02 1.264177460822547783e+00 0.000000000000000000e+00
-4.764824312429916109e-01 2.733213584755457504e+00 0.000000000000000000e+00
2.180951201784319671e-01 -1.429822896567053192e+00 0.000000000000000000e+00
6.130630756592948538e-01 2.407477603361616314e+00 0.000000000000000000e+00
9.720497973196968733e-01 -8.453165049335099601e-01 0.000000000000000000e+00
1.097821376717205699e-01 -9.850939406263770071e-01 0.000000000000000000e+00
