2.030145959953046919e-01 -2.191626898098383847e-01 2.990119006187145767e-01
-6.901651447446877086e-02 -7.780930160416141828e-01 -1.631146721270972377e-01
-4.255020027288354267e-01 -7.522452330414881594e-01 -2.926300875565737147e-01
-2.434156160228178808e-02 1.199845251017011699e-01 -6.112516305013046547e-02
2.612518511695256437e-02 -9.953991989718147249e-01 -7.983305353299405271e-02
-1.392816179195864035e-01 -3.068596359151645192e-01 -7.687757253040568284e-02
-2.027126818108420658e-01 1.207958431111755715e+00 -1.007298934475899244e-01
3.540402017245192212e-01 7.357079007873700283e-01 2.438356055063110872e-01
-2.310956397227160175e-01 -2.285009260267082953e-01 -2.976009201417236794e-01
-1.107352487453672511e-03 9.058569047804021848e-03 4.659617682670786666e-03
7.219962158661262508e-02 -6.994128069181498875e-01 5.027722164951347467e-02
-7.122876643099787519e-02 -1.584527314978153023e-01 -4.827519148033811852e-02
-1.869587081682546337e-01 1.267306296307907587e+00 -1.799173082331301798e-01
1.053449805820047720e-02 -8.391604537753354076e-02 6.159425908264726246e-02
4.713398364005587371e-02 1.627187762440253926e-01 2.650561194598377232e-02
6.234285154937017209e-02 -2.096763403909331636e-01 -5.825355746645579508e-02
-1.046067993018341691e-01 1.878648660186948705e-01 -1.882544295744155438e-01
-4.533801864562399947e-02 -8.390237628591046271e-01 -7.321499362165330427e-02
-2.743778272726533560e-02 -1.095675088232426209e-01 -1.158124546155427440e-02
1.807058833541131900e-04 -6.315519076581730014e-03 -1.357868496900298608e-04
-4.354419517643180922e-03 1.332617575746105898e-01 -3.112532983732851141e-03
4.543204938243847538e-03 5.171202064881073347e-03 3.179671523700600914e-03
1.265292043324942224e-02 -4.096913554604044161e-01 1.346604376231400405e-02
-4.167942572262509950e-03 -3.526547547089157325e-02 -2.312796078987305621e-03
1.792522724918959882e-03 1.051026485002777566e-01 -4.237001552105420198e-03
-6.809668787040319693e-02 3.671275849704237759e-02 -4.402624197176217835e-02
3.327718403736013714e-04 -4.077601081738998490e-01 1.425620426603378850e-02
6.139533775873295268e-03 3.355333303968204284e-01 1.023971001024436348e-02
5.083810064969090242e-03 4.856570104891787948e-02 3.368736113024974575e-04
-9.386379782792783621e-02 -1.598296112097702670e-01 1.095641599466165225e-02
-2.467271827970850609e-02 -3.038117174062403003e-01 -4.492658702571520474e-02
2.669531800267531396e-02 -5.296958690078410470e-01 -2.909053954950438503e-02
9.879613072851650690e-05 -2.167012042574634201e-01 -2.090550163777532208e-02
-2.657174177942124571e-03 7.101047369160340406e-02 -2.076031395715976797e-03
-2.140869596025186394e-01 8.559732371322446853e-02 -3.001598937787575694e-01
5.977100408269561335e-03 5.053308860960360055e-02 3.514867511914007790e-03
