2.084629394221937659e-01 7.596570316775147491e-01 0.000000000000000000e+00
1.311686619139723342e-01 1.394150920281447548e-01 0.000000000000000000e+00
-3.673328793391001379e-01 5.835967570383521208e-01 0.000000000000000000e+00
-3.920857623274160431e-01 -6.294456846918923265e-01 0.000000000000000000e+00
5.074826940113560253e-02 -2.185648480643483660e-01 0.000000000000000000e+00
-2.953728204539022295e-01 6.864498606906974665e-01 0.000000000000000000e+00
-1.036114445589048777e-01 8.584068947596183996e-01 0.000000000000000000e+00
-2.236268962372285063e-01 3.443278398179845656e-02 0.000000000000000000e+00
-1.226449130152291178e-01 -4.459380986726586837e-02 0.000000000000000000e+00
-6.406716328948296457e-01 6.735701063316505977e-01 0.000000000000000000e+00
9.272753750896469901e-03 -1.153437448459702364e-01 0.000000000000000000e+00
-7.650490923994941739e-02 -3.024004886641842166e-02 0.000000000000000000e+00
-5.070331430382552483e-03 -4.438493480206068265e-02 0.000000000000000000e+00
-1.071503141773509776e-01 1.369237656147755389e-01 0.000000000000000000e+00
-3.920421335015566444e-01 3.509290254874174453e-01 0.000000000000000000e+00
2.048628914292056555e-02 3.496724328493763800e-01 0.000000000000000000e+00
-4.031841280701216335e-02 3.463153850851847793e-01 0.000000000000000000e+00
-2.047103313852713102e-01 -9.414896735414551854e-02 0.000000000000000000e+00
-3.967815980774586082e-01 8.732672042175239069e-01 0.000000000000000000e+00
-1.043856164716726598e-01 4.256200795948194560e-01 0.000000000000000000e+00
-5.968362473905016417e-03 6.695659185978092807e-03 0.000000000000000000e+00
3.416689153161629050e-02 9.649063888287438828e-02 0.000000000000000000e+00
7.977856989530943480e-03 -1.720017292118056901e-02 0.000000000000000000e+00
-3.321440538041386947e-02 1.010766893591414917e-01 0.000000000000000000e+00
1.793952119988171182e-02 -1.437177374554350628e-01 0.000000000000000000e+00
5.544693084367813274e-02 6.457937255131517007e-02 0.000000000000000000e+00
-1.665584093525447340e-01 1.850945211063462770e-01 0.000000000000000000e+00
1.026149985721767632e-01 2.000665250623497593e-01 0.000000000000000000e+00
-1.599842959237579021e-01 4.268345744707430223e-01 0.000000000000000000e+00
9.855962706844434429e-02 3.875777962281203859e-01 0.000000000000000000e+00
-6.323239164325449302e-01 6.664877182239178355e-01 0.000000000000000000e+00
-9.570753844675582434e-01 -7.612197739021234200e-02 0.000000000000000000e+00
-4.931846596462696047e-02 6.663970124834851516e-01 0.000000000000000000e+00
-1.235102179427190472e-01 3.062894022790599857e-01 0.000000000000000000e+00
-2.484360045847681664e-01 8.482997838479973129e-01 0.000000000000000000e+00
