-5.000000000000000000e-01
-4.993755858567781036e-01
-4.987516787961571163e-01
-4.981282786279927488e-01
-4.975053851621292766e-01
-4.968829982083992070e-01
-4.962611175766225013e-01
-4.956397430766076861e-01
-4.950188745181516303e-01
-4.943985117110384353e-01
-4.937786544650410447e-01
-4.931593025899203564e-01
-4.925404558954248335e-01
-4.919221141912915596e-01
-4.913042772872456276e-01
-4.906869449929996407e-01
-4.900701171182547666e-01
-4.894537934727000716e-01
-4.888379738660128537e-01
-4.882226581078578098e-01
-4.876078460078882015e-01
-4.869935373757454111e-01
-4.863797320210581088e-01
-4.857664297534436404e-01
-4.851536303825073060e-01
-4.845413337178418600e-01
-4.839295395690285106e-01
-4.833182477456365866e-01
-4.827074580572226492e-01
-4.820971703133318242e-01
-4.814873843234974138e-01
-4.808780998972397303e-01
-4.802693168440678728e-01
-4.796610349734788392e-01
-4.790532540949568596e-01
-4.784459740179747844e-01
-4.778391945519933626e-01
-4.772329155064606310e-01
-4.766271366908131357e-01
-4.760218579144753215e-01
-4.754170789868590319e-01
-4.748127997173643422e-01
-4.742090199153792818e-01
-4.736057393902798340e-01
-4.730029579514292704e-01
-4.724006754081792603e-01
-4.717988915698694274e-01
-4.711976062458265724e-01
-4.705968192453660603e-01
-4.699965303777908776e-01
-4.693967394523914649e-01
-4.687974462784466056e-01
-4.681986506652228153e-01
-4.676003524219739527e-01
-4.670025513579422749e-01
-4.664052472823577156e-01
-4.658084400044374962e-01
-4.652121293333872365e-01
-4.646163150784002882e-01
-4.640209970486572355e-01
-4.634261750533270607e-01
-4.628318489015663117e-01
-4.622380184025189354e-01
-4.616446833653171655e-01
-4.610518435990808017e-01
-4.604594989129170424e-01
-4.598676491159212620e-01
-4.592762940171765673e-01
-4.586854334257532417e-01
-4.580950671507098559e-01
-4.575051950010927126e-01
-4.569158167859351249e-01
-4.563269323142588041e-01
-4.557385413950728603e-01
-4.551506438373744134e-01
-4.545632394501475382e-01
-4.539763280423645408e-01
-4.533899094229855709e-01
-4.528039834009576770e-01
-4.522185497852162506e-01
-4.516336083846842486e-01
-4.510491590082716384e-01
-4.504652014648767855e-01
-4.498817355633855097e-01
-4.492987611126707526e-01
-4.487162779215935760e-01
-4.481342857990027184e-01
-4.475527845537338734e-01
-4.469717739946109658e-01
-4.463912539304454863e-01
-4.458112241700358802e-01
-4.452316845221688246e-01
-4.446526347956185066e-01
-4.440740747991461235e-01
-4.434960043415008824e-01
-4.429184232314196112e-01
-4.423413312776265371e-01
-4.417647282888331195e-01
-4.411886140737388273e-01
-4.406129884410305841e-01
-4.400378511993823238e-01
-4.394632021574560454e-01
-4.388890411239012024e-01
-4.383153679073543141e-01
-4.377421823164397430e-01
-4.371694841597695835e-01
-4.365972732459425520e-01
-4.360255493835456519e-01
-4.354543123811532301e-01
-4.348835620473264774e-01
-4.343132981906147605e-01
-4.337435206195547344e-01
-4.331742291426699532e-01
-4.326054235684719806e-01
-4.320371037054598906e-01
-4.314692693621194342e-01
-4.309019203469244830e-01
-4.303350564683362522e-01
-4.297686775348028010e-01
-4.292027833547600868e-01
-4.286373737366314662e-01
-4.280724484888272507e-01
-4.275080074197454838e-01
-4.269440503377717189e-01
-4.263805770512781868e-01
-4.258175873686250723e-01
-4.252550810981599594e-01
-4.246930580482171091e-01
-4.241315180271187923e-01
-4.235704608431742901e-01
-4.230098863046804492e-01
-4.224497942199209044e-01
-4.218901843971670229e-01
-4.213310566446775707e-01
-4.207724107706980465e-01
-4.202142465834617924e-01
-4.196565638911893270e-01
-4.190993625020880131e-01
-4.185426422243528899e-01
-4.179864028661664510e-01
-4.174306442356976454e-01
-4.168753661411033762e-01
-4.163205683905277232e-01
-4.157662507921014439e-01
-4.152124131539431939e-01
-4.146590552841585842e-01
-4.141061769908400692e-01
-4.135537780820678355e-01
-4.130018583659092468e-01
-4.124504176504182329e-01
-4.118994557436366222e-01
-4.113489724535930314e-01
-4.107989675883035319e-01
-4.102494409557708166e-01
-4.097003923639853107e-01
-4.091518216209244496e-01
-4.086037285345523462e-01
-4.080561129128208453e-01
-4.075089745636688021e-01
-4.069623132950216937e-01
-4.064161289147927292e-01
-4.058704212308821280e-01
-4.053251900511766204e-01
-4.047804351835506687e-01
-4.042361564358658566e-01
-4.036923536159701120e-01
-4.031490265316992061e-01
-4.026061749908757537e-01
-4.020637988013091024e-01
-4.015218977707959436e-01
-4.009804717071202562e-01
-4.004395204180523637e-01
-3.998990437113501550e-01
-3.993590413947586404e-01
-3.988195132760091743e-01
-3.982804591628207880e-01
-3.977418788628993562e-01
-3.972037721839373758e-01
-3.966661389336147980e-01
-3.961289789195984734e-01
-3.955922919495418189e-01
-3.950560778310855947e-01
-3.945203363718577383e-01
-3.939850673794724201e-01
-3.934502706615313206e-01
-3.929159460256230751e-01
-3.923820932793227745e-01
-3.918487122301928527e-01
-3.913158026857825322e-01
-3.907833644536282125e-01
-3.902513973412524706e-01
-3.897199011561653936e-01
-3.891888757058640791e-01
-3.886583207978318022e-01
-3.881282362395392926e-01
-3.875986218384441240e-01
-3.870694774019903250e-01
-3.865408027376091016e-01
-3.860125976527186697e-01
-3.854848619547234789e-01
-3.849575954510153220e-01
-3.844307979489728355e-01
-3.839044692559610006e-01
-3.833786091793319750e-01
-3.828532175264247606e-01
-3.823282941045650918e-01
-3.818038387210651030e-01
-3.812798511832242720e-01
-3.807563312983286985e-01
-3.802332788736508817e-01
-3.797106937164504981e-01
-3.791885756339739566e-01
-3.786669244334538997e-01
-3.781457399221103688e-01
-3.776250219071499159e-01
-3.771047701957654374e-01
-3.765849845951370067e-01
-3.760656649124313744e-01
-3.755468109548015798e-01
-3.750284225293877283e-01
-3.745104994433167134e-01
-3.739930415037014955e-01
-3.734760485176423783e-01
-3.729595202922261210e-01
-3.724434566345257713e-01
-3.719278573516014430e-01
-3.714127222504999826e-01
-3.708980511382543033e-01
-3.703838438218844398e-01
-3.698701001083970485e-01
-3.693568198047849638e-01
-3.688440027180279746e-01
-3.683316486550925473e-01
-3.678197574229312705e-01
-3.673083288284838543e-01
-3.667973626786763530e-01
-3.662868587804211096e-01
-3.657768169406174774e-01
-3.652672369661513208e-01
-3.647581186638945150e-01
-3.642494618407060569e-01
-3.637412663034311766e-01
-3.632335318589020035e-01
-3.627262583139364005e-01
-3.622194454753394632e-01
-3.617130931499027424e-01
-3.612072011444036335e-01
-3.607017692656066532e-01
-3.601967973202627737e-01
-3.596922851151089229e-01
-3.591882324568689278e-01
-3.586846391522531263e-01
-3.581815050079578677e-01
-3.576788298306662339e-01
-3.571766134270479842e-01
-3.566748556037585560e-01
-3.561735561674405082e-01
-3.556727149247226882e-01
-3.551723316822198995e-01
-3.546724062465337335e-01
-3.541729384242520706e-01
-3.536739280219494130e-01
-3.531753748461859965e-01
-3.526772787035089562e-01
-3.521796394004517716e-01
-3.516824567435338778e-01
-3.511857305392613315e-01
-3.506894605941267007e-01
-3.501936467146083420e-01
-3.496982887071712898e-01
-3.492033863782670888e-01
-3.487089395343329623e-01
-3.482149479817928661e-01
-3.477214115270572115e-01
-3.472283299765220321e-01
-3.467357031365702058e-01
-3.462435308135708434e-01
-3.457518128138787339e-01
-3.452605489438356212e-01
-3.447697390097692050e-01
-3.442793828179931959e-01
-3.437894801748077600e-01
-3.433000308864994077e-01
-3.428110347593404383e-01
-3.423224915995896622e-01
-3.418344012134921783e-01
-3.413467634072787638e-01
-3.408595779871668729e-01
-3.403728447593600825e-01
-3.398865635300476473e-01
-3.394007341054055549e-01
-3.389153562915957485e-01
-3.384304298947659606e-01
-3.379459547210504899e-01
-3.374619305765697019e-01
-3.369783572674297512e-01
-3.364952345997231919e-01
-3.360125623795286454e-01
-3.355303404129107991e-01
-3.350485685059201302e-01
-3.345672464645935706e-01
-3.340863740949541749e-01
-3.336059512030104535e-01
-3.331259775947575386e-01
-3.326464530761766292e-01
-3.321673774532343248e-01
-3.316887505318839025e-01
-3.312105721180644835e-01
-3.307328420177009232e-01
-3.302555600367043098e-01
-3.297787259809719096e-01
-3.293023396563863336e-01
-3.288264008688168705e-01
-3.283509094241184867e-01
-3.278758651281318826e-01
-3.274012677866839915e-01
-3.269271172055877028e-01
-3.264534131906418057e-01
-3.259801555476306567e-01
-3.255073440823250119e-01
-3.250349786004815278e-01
-3.245630589078422057e-01
-3.240915848101354468e-01
-3.236205561130756081e-01
-3.231499726223623914e-01
-3.226798341436817874e-01
-3.222101404827057980e-01
-3.217408914450915480e-01
-3.212720868364827842e-01
-3.208037264625088203e-01
-3.203358101287844817e-01
-3.198683376409108825e-01
-3.194013088044747595e-01
-3.189347234250484719e-01
-3.184685813081903349e-01
-3.180028822594447302e-01
-3.175376260843411069e-01
-3.170728125883953696e-01
-3.166084415771089344e-01
-3.161445128559687290e-01
-3.156810262304477477e-01
-3.152179815060047186e-01
-3.147553784880837702e-01
-3.142932169821150978e-01
-3.138314967935145194e-01
-3.133702177276833090e-01
-3.129093795900087516e-01
-3.124489821858638106e-01
-3.119890253206066832e-01
-3.115295087995817447e-01
-3.110704324281189370e-01
-3.106117960115334919e-01
-3.101535993551267079e-01
-3.096958422641852282e-01
-3.092385245439817076e-01
-3.087816459997738128e-01
-3.083252064368052214e-01
-3.078692056603054006e-01
-3.074136434754887737e-01
-3.069585196875558863e-01
-3.065038341016928514e-01
-3.060495865230708490e-01
-3.055957767568470707e-01
-3.051424046081643859e-01
-3.046894698821505099e-01
-3.042369723839193352e-01
-3.037849119185700997e-01
-3.033332882911876083e-01
-3.028821013068418444e-01
-3.024313507705885806e-01
-3.019810364874692121e-01
-3.015311582625101461e-01
-3.010817159007236898e-01
-3.006327092071074958e-01
-3.001841379866444504e-01
-2.997360020443031181e-01
-2.992883011850376307e-01
-2.988410352137870207e-01
-2.983942039354762765e-01
-2.979478071550156759e-01
-2.975018446773005087e-01
-2.970563163072119650e-01
-2.966112218496164687e-01
-2.961665611093655115e-01
-2.957223338912963739e-01
-2.952785400002315708e-01
-2.948351792409786842e-01
-2.943922514183309747e-01
-2.939497563370670474e-01
-2.935076938019504089e-01
-2.930660636177302991e-01
-2.926248655891413031e-01
-2.921840995209027958e-01
-2.917437652177199414e-01
-2.913038624842830826e-01
-2.908643911252675185e-01
-2.904253509453341708e-01
-2.899867417491291954e-01
-2.895485633412835935e-01
-2.891108155264140445e-01
-2.886734981091223506e-01
-2.882366108939952709e-01
-2.878001536856050202e-01
-2.873641262885091030e-01
-2.869285285072498137e-01
-2.864933601463549584e-01
-2.860586210103375771e-01
-2.856243109036954442e-01
-2.851904296309118458e-01
-2.847569769964553021e-01
-2.843239528047789566e-01
-2.838913568603215754e-01
-2.834591889675068810e-01
-2.830274489307437746e-01
-2.825961365544258919e-01
-2.821652516429323798e-01
-2.817347940006275087e-01
-2.813047634318600609e-01
-2.808751597409643863e-01
-2.804459827322597909e-01
-2.800172322100507039e-01
-2.795889079786261222e-01
-2.791610098422605546e-01
-2.787335376052135771e-01
-2.783064910717291673e-01
-2.778798700460369253e-01
-2.774536743323513521e-01
-2.770279037348714612e-01
-2.766025580577816667e-01
-2.761776371052514500e-01
-2.757531406814346941e-01
-2.753290685904706825e-01
-2.749054206364836550e-01
-2.744821966235823640e-01
-2.740593963558607959e-01
-2.736370196373980046e-01
-2.732150662722573342e-01
-2.727935360644876406e-01
-2.723724288181224029e-01
-2.719517443371797794e-01
-2.715314824256631066e-01
-2.711116428875605666e-01
-2.706922255268447430e-01
-2.702732301474735088e-01
-2.698546565533895270e-01
-2.694365045485198618e-01
-2.690187739367768116e-01
-2.686014645220574093e-01
-2.681845761082431445e-01
-2.677681084992006855e-01
-2.673520614987813238e-01
-2.669364349108208634e-01
-2.665212285391401204e-01
-2.661064421875448116e-01
-2.656920756598247779e-01
-2.652781287597551496e-01
-2.648646012910956804e-01
-2.644514930575904144e-01
-2.640388038629685186e-01
-2.636265335109437280e-01
-2.632146818052142900e-01
-2.628032485494632420e-01
-2.623922335473584111e-01
-2.619816366025518040e-01
-2.615714575186805502e-01
-2.611616960993662362e-01
-2.607523521482149054e-01
-2.603434254688173355e-01
-2.599349158647488722e-01
-2.595268231395696512e-01
-2.591191470968239319e-01
-2.587118875400408191e-01
-2.583050442727340967e-01
-2.578986170984016724e-01
-2.574926058205263546e-01
-2.570870102425754089e-01
-2.566818301680006131e-01
-2.562770654002379800e-01
-2.558727157427083676e-01
-2.554687809988171465e-01
-2.550652609719536446e-01
-2.546621554654922015e-01
-2.542594642827915585e-01
-2.538571872271944696e-01
-2.534553241020285341e-01
-2.530538747106058084e-01
-2.526528388562223060e-01
-2.522522163421588859e-01
-2.518520069716808640e-01
-2.514522105480374026e-01
-2.510528268744625646e-01
-2.506538557541747037e-01
-2.502552969903761304e-01
-2.498571503862538901e-01
-2.494594157449794569e-01
-2.490620928697081238e-01
-2.486651815635799734e-01
-2.482686816297193233e-01
-2.478725928712344762e-01
-2.474769150912183024e-01
-2.470816480927480463e-01
-2.466867916788847981e-01
-2.462923456526742438e-01
-2.458983098171464154e-01
-2.455046839753150523e-01
-2.451114679301786559e-01
-2.447186614847198516e-01
-2.443262644419050833e-01
-2.439342766046854183e-01
-2.435426977759960476e-01
-2.431515277587560364e-01
-2.427607663558689066e-01
-2.423704133702224151e-01
-2.419804686046879982e-01
-2.415909318621216884e-01
-2.412018029453635859e-01
-2.408130816572375543e-01
-2.404247678005518862e-01
-2.400368611780990535e-01
-2.396493615926551801e-01
-2.392622688469808190e-01
-2.388755827438206192e-01
-2.384893030859028817e-01
-2.381034296759403646e-01
-2.377179623166296996e-01
-2.373329008106516425e-01
-2.369482449606706287e-01
-2.365639945693354396e-01
-2.361801494392788692e-01
-2.357967093731173081e-01
-2.354136741734514371e-01
-2.350310436428658667e-01
-2.346488175839291923e-01
-2.342669957991936058e-01
-2.338855780911956450e-01
-2.335045642624556661e-01
-2.331239541154776496e-01
-2.327437474527498107e-01
-2.323639440767442110e-01
-2.319845437899164531e-01
-2.316055463947064019e-01
-2.312269516935376856e-01
-2.308487594888175287e-01
-2.304709695829372240e-01
-2.300935817782720216e-01
-2.297165958771804628e-01
-2.293400116820054069e-01
-2.289638289950733929e-01
-2.285880476186943899e-01
-2.282126673551626017e-01
-2.278376880067558286e-01
-2.274631093757353839e-01
-2.270889312643465940e-01
-2.267151534748185759e-01
-2.263417758093637655e-01
-2.259687980701786669e-01
-2.255962200594434641e-01
-2.252240415793217154e-01
-2.248522624319609364e-01
-2.244808824194923502e-01
-2.241099013440304710e-01
-2.237393190076737703e-01
-2.233691352125044272e-01
-2.229993497605878006e-01
-2.226299624539732624e-01
-2.222609730946937256e-01
-2.218923814847654219e-01
-2.215241874261884014e-01
-2.211563907209463942e-01
-2.207889911710061992e-01
-2.204219885783186561e-01
-2.200553827448179789e-01
-2.196891734724217005e-01
-2.193233605630311167e-01
-2.189579438185310090e-01
-2.185929230407893664e-01
-2.182282980316579690e-01
-2.178640685929720544e-01
-2.175002345265499570e-01
-2.171367956341938299e-01
-2.167737517176891171e-01
-2.164111025788048037e-01
-2.160488480192929439e-01
-2.156869878408893548e-01
-2.153255218453131725e-01
-2.149644498342666576e-01
-2.146037716094356951e-01
-2.142434869724894331e-01
-2.138835957250805331e-01
-2.135240976688445591e-01
-2.131649926054008104e-01
-2.128062803363518218e-01
-2.124479606632831419e-01
-2.120900333877639155e-01
-2.117324983113466064e-01
-2.113753552355665255e-01
-2.110186039619426357e-01
-2.106622442919771077e-01
-2.103062760271550702e-01
-2.099506989689450820e-01
-2.095955129187990484e-01
-2.092407176781516109e-01
-2.088863130484210073e-01
-2.085322988310086556e-01
-2.081786748272987375e-01
-2.078254408386589758e-01
-2.074725966664401899e-01
-2.071201421119759911e-01
-2.067680769765835314e-01
-2.064164010615629208e-01
-2.060651141681971443e-01
-2.057142160977525336e-01
-2.053637066514785448e-01
-2.050135856306072868e-01
-2.046638528363543263e-01
-2.043145080699182159e-01
-2.039655511324801884e-01
-2.036169818252048791e-01
-2.032687999492398534e-01
-2.029210053057153851e-01
-2.025735976957450390e-01
-2.022265769204253383e-01
-2.018799427808354030e-01
-2.015336950780377001e-01
-2.011878336130775713e-01
-2.008423581869829000e-01
-2.004972686007649441e-01
-2.001525646554176974e-01
-1.998082461519178343e-01
-1.994643128912251540e-01
-1.991207646742823578e-01
-1.987776013020146337e-01
-1.984348225753303219e-01
-1.980924282951206372e-01
-1.977504182622592532e-01
-1.974087922776029402e-01
-1.970675501419912323e-01
-1.967266916562464274e-01
-1.963862166211733651e-01
-1.960461248375598986e-01
-1.957064161061765895e-01
-1.953670902277767074e-01
-1.950281470030960640e-01
-1.946895862328534010e-01
-1.943514077177501409e-01
-1.940136112584701367e-01
-1.936761966556801995e-01
-1.933391637100297933e-01
-1.930025122221507017e-01
-1.926662419926576386e-01
-1.923303528221479708e-01
-1.919948445112013569e-01
-1.916597168603803858e-01
-1.913249696702301328e-01
-1.909906027412780483e-01
-1.906566158740344019e-01
-1.903230088689920052e-01
-1.899897815266259060e-01
-1.896569336473939715e-01
-1.893244650317365829e-01
-1.889923754800763578e-01
-1.886606647928185942e-01
-1.883293327703511877e-01
-1.879983792130441034e-01
-1.876678039212501259e-01
-1.873376066953044150e-01
-1.870077873355242837e-01
-1.866783456422097531e-01
-1.863492814156432476e-01
-1.860205944560892610e-01
-1.856922845637949959e-01
-1.853643515389900021e-01
-1.850367951818858159e-01
-1.847096152926767099e-01
-1.843828116715392484e-01
-1.840563841186319549e-01
-1.837303324340960331e-01
-1.834046564180548955e-01
-1.830793558706140245e-01
-1.827544305918613332e-01
-1.824298803818671100e-01
-1.821057050406834910e-01
-1.817819043683452096e-01
-1.814584781648691525e-01
-1.811354262302541096e-01
-1.808127483644814126e-01
-1.804904443675144909e-01
-1.801685140392986773e-01
-1.798469571797617350e-01
-1.795257735888134976e-01
-1.792049630663459514e-01
-1.788845254122329864e-01
-1.785644604263307844e-01
-1.782447679084777081e-01
-1.779254476584938294e-01
-1.776064994761815674e-01
-1.772879231613253559e-01
-1.769697185136916984e-01
-1.766518853330288352e-01
-1.763344234190673265e-01
-1.760173325715197190e-01
-1.757006125900802129e-01
-1.753842632744253283e-01
-1.750682844242134883e-01
-1.747526758390847701e-01
-1.744374373186615423e-01
-1.741225686625479663e-01
-1.738080696703299122e-01
-1.734939401415754034e-01
-1.731801798758343391e-01
-1.728667886726381608e-01
-1.725537663315004910e-01
-1.722411126519167723e-01
-1.719288274333640176e-01
-1.716169104753012264e-01
-1.713053615771693572e-01
-1.709941805383907165e-01
-1.706833671583697920e-01
-1.703729212364927248e-01
-1.700628425721271708e-01
-1.697531309646227726e-01
-1.694437862133109651e-01
-1.691348081175045037e-01
-1.688261964764981582e-01
-1.685179510895683797e-01
-1.682100717559730230e-01
-1.679025582749518186e-01
-1.675954104457262062e-01
-1.672886280674989179e-01
-1.669822109394545617e-01
-1.666761588607593991e-01
-1.663704716305609566e-01
-1.660651490479886361e-01
-1.657601909121533545e-01
-1.654555970221472938e-01
-1.651513671770445391e-01
-1.648475011759005515e-01
-1.645439988177521129e-01
-1.642408599016177417e-01
-1.639380842264974159e-01
-1.636356715913723225e-01
-1.633336217952053859e-01
-1.630319346369409061e-01
-1.627306099155042540e-01
-1.624296474298029258e-01
-1.621290469787251554e-01
-1.618288083611405803e-01
-1.615289313759008250e-01
-1.612294158218382512e-01
-1.609302614977665136e-01
-1.606314682024812535e-01
-1.603330357347587942e-01
-1.600349638933567520e-01
-1.597372524770146185e-01
-1.594399012844525954e-01
-1.591429101143720659e-01
-1.588462787654563169e-01
-1.585500070363691227e-01
-1.582540947257558839e-01
-1.579585416322432101e-01
-1.576633475544385876e-01
-1.573685122909309619e-01
-1.570740356402904325e-01
-1.567799174010679475e-01
-1.564861573717958587e-01
-1.561927553509876998e-01
-1.558997111371377420e-01
-1.556070245287216325e-01
-1.553146953241961448e-01
-1.550227233219987621e-01
-1.547311083205483162e-01
-1.544398501182446537e-01
-1.541489485134684145e-01
-1.538584033045814481e-01
-1.535682142899266189e-01
-1.532783812678274460e-01
-1.529889040365887409e-01
-1.526997823944962474e-01
-1.524110161398162799e-01
-1.521226050707964461e-01
-1.518345489856652297e-01
-1.515468476826316302e-01
-1.512595009598859397e-01
-1.509725086155991880e-01
-1.506858704479230038e-01
-1.503995862549901419e-01
-1.501136558349141226e-01
-1.498280789857890649e-01
-1.495428555056900477e-01
-1.492579851926729984e-01
-1.489734678447742489e-01
-1.486893032600112297e-01
-1.484054912363819978e-01
-1.481220315718651259e-01
-1.478389240644200908e-01
-1.475561685119871347e-01
-1.472737647124866822e-01
-1.469917124638205619e-01
-1.467100115638705904e-01
-1.464286618104992665e-01
-1.461476630015502431e-01
-1.458670149348471612e-01
-1.455867174081942883e-01
-1.453067702193769628e-01
-1.450271731661605945e-01
-1.447479260462909978e-01
-1.444690286574951965e-01
-1.441904807974800085e-01
-1.439122822639328780e-01
-1.436344328545222093e-01
-1.433569323668961726e-01
-1.430797805986838422e-01
-1.428029773474946418e-01
-1.425265224109181494e-01
-1.422504155865246533e-01
-1.419746566718647351e-01
-1.416992454644691590e-01
-1.414241817618492325e-01
-1.411494653614966677e-01
-1.408750960608831648e-01
-1.406010736574610231e-01
-1.403273979486628076e-01
-1.400540687319011268e-01
-1.397810858045691051e-01
-1.395084489640400494e-01
-1.392361580076673377e-01
-1.389642127327846977e-01
-1.386926129367061222e-01
-1.384213584167255373e-01
-1.381504489701172456e-01
-1.378798843941356767e-01
-1.376096644860153040e-01
-1.373397890429707835e-01
-1.370702578621967593e-01
-1.368010707408682247e-01
-1.365322274761399390e-01
-1.362637278651468720e-01
-1.359955717050040647e-01
-1.357277587928064355e-01
-1.354602889256291132e-01
-1.351931619005270480e-01
-1.349263775145352062e-01
-1.346599355646685703e-01
-1.343938358479219997e-01
-1.341280781612703144e-01
-1.338626623016682671e-01
-1.335975880660504878e-01
-1.333328552513314280e-01
-1.330684636544055277e-01
-1.328044130721469929e-01
-1.325407033014097957e-01
-1.322773341390279245e-01
-1.320143053818149392e-01
-1.317516168265644161e-01
-1.314892682700494753e-01
-1.312272595090231142e-01
-1.309655903402180965e-01
-1.307042605603467855e-01
-1.304432699661013384e-01
-1.301826183541535953e-01
-1.299223055211550515e-01
-1.296623312637368020e-01
-1.294026953785097078e-01
-1.291433976620641189e-01
-1.288844379109700677e-01
-1.286258159217771868e-01
-1.283675314910146248e-01
-1.281095844151911300e-01
-1.278519744907949951e-01
-1.275947015142939733e-01
-1.273377652821354178e-01
-1.270811655907461146e-01
-1.268249022365322831e-01
-1.265689750158797700e-01
-1.263133837251536329e-01
-1.260581281606985016e-01
-1.258032081188384110e-01
-1.255486233958767461e-01
-1.252943737880962416e-01
-1.250404590917590653e-01
-1.247868791031066377e-01
-1.245336336183598264e-01
-1.242807224337186961e-01
-1.240281453453625782e-01
-1.237759021494502509e-01
-1.235239926421195789e-01
-1.232724166194876791e-01
-1.230211738776510327e-01
-1.227702642126851790e-01
-1.225196874206448544e-01
-1.222694432975641177e-01
-1.220195316394560164e-01
-1.217699522423127678e-01
-1.215207049021058000e-01
-1.212717894147855441e-01
-1.210232055762816006e-01
-1.207749531825025868e-01
-1.205270320293361230e-01
-1.202794419126490266e-01
-1.200321826282869792e-01
-1.197852539720746651e-01
-1.195386557398159105e-01
-1.192923877272933503e-01
-1.190464497302685665e-01
-1.188008415444822136e-01
-1.185555629656537407e-01
-1.183106137894814613e-01
-1.180659938116427332e-01
-1.178217028277935979e-01
-1.175777406335690722e-01
-1.173341070245829121e-01
-1.170908017964276959e-01
-1.168478247446748663e-01
-1.166051756648745635e-01
-1.163628543525556530e-01
-1.161208606032258783e-01
-1.158791942123715835e-01
-1.156378549754578100e-01
-1.153968426879284082e-01
-1.151561571452057453e-01
-1.149157981426909003e-01
-1.146757654757636635e-01
-1.144360589397822731e-01
-1.141966783300837340e-01
-1.139576234419835271e-01
-1.137188940707756640e-01
-1.134804900117328541e-01
-1.132424110601061573e-01
-1.130046570111252063e-01
-1.127672276599981788e-01
-1.125301228019116445e-01
-1.122933422320306213e-01
-1.120568857454986578e-01
-1.118207531374376257e-01
-1.115849442029477750e-01
-1.113494587371078592e-01
-1.111142965349748435e-01
-1.108794573915841686e-01
-1.106449411019495149e-01
-1.104107474610628581e-01
-1.101768762638945520e-01
-1.099433273053931487e-01
-1.097101003804854119e-01
-1.094771952840764700e-01
-1.092446118110495523e-01
-1.090123497562660859e-01
-1.087804089145657654e-01
-1.085487890807663586e-01
-1.083174900496637616e-01
-1.080865116160321104e-01
-1.078558535746234753e-01
-1.076255157201681800e-01
-1.073954978473744826e-01
-1.071657997509287003e-01
-1.069364212254952928e-01
-1.067073620657165989e-01
-1.064786220662129745e-01
-1.062502010215828213e-01
-1.060220987264024195e-01
-1.057943149752259421e-01
-1.055668495625856351e-01
-1.053397022829914709e-01
-1.051128729309313697e-01
-1.048863613008711310e-01
-1.046601671872543354e-01
-1.044342903845024567e-01
-1.042087306870146807e-01
-1.039834878891680164e-01
-1.037585617853172687e-01
-1.035339521697949267e-01
-1.033096588369111918e-01
-1.030856815809540611e-01
-1.028620201961891328e-01
-1.026386744768596343e-01
-1.024156442171865883e-01
-1.021929292113685078e-01
-1.019705292535815072e-01
-1.017484441379794130e-01
-1.015266736586934726e-01
-1.013052176098326040e-01
-1.010840757854831740e-01
-1.008632479797090392e-01
-1.006427339865516440e-01
-1.004225336000298258e-01
-1.002026466141398425e-01
-9.998307282285551212e-02
-9.976381202012792049e-02
-9.954486399988557443e-02
-9.932622855603442935e-02
-9.910790548245773657e-02
-9.888989457301600172e-02
-9.867219562154720680e-02
-9.845480842186646320e-02
-9.823773276776628927e-02
-9.802096845301634664e-02
-9.780451527136352352e-02
-9.758837301653204566e-02
-9.737254148222321271e-02
-9.715702046211545373e-02
-9.694180974986452148e-02
-9.672690913910314547e-02
-9.651231842344117073e-02
-9.629803739646564109e-02
-9.608406585174056325e-02
-9.587040358280700392e-02
-9.565705038318311759e-02
-9.544400604636399388e-02
-9.523127036582178240e-02
-9.501884313500552626e-02
-9.480672414734121756e-02
-9.459491319623186678e-02
-9.438341007505726687e-02
-9.417221457717414590e-02
-9.396132649591612540e-02
-9.375074562459363714e-02
-9.354047175649388146e-02
-9.333050468488097995e-02
-9.312084420299573950e-02
-9.291149010405570785e-02
-9.270244218125528457e-02
-9.249370022776545741e-02
-9.228526403673402434e-02
-9.207713340128535762e-02
-9.186930811452048706e-02
-9.166178796951721108e-02
-9.145457275932977748e-02
-9.124766227698904997e-02
-9.104105631550259148e-02
-9.083475466785435881e-02
-9.062875712700488307e-02
-9.042306348589125575e-02
-9.021767353742694839e-02
-9.001258707450203456e-02
-8.980780388998289843e-02
-8.960332377671237358e-02
-8.939914652750975688e-02
-8.919527193517066965e-02
-8.899169979246702999e-02
-8.878842989214724701e-02
-8.858546202693590166e-02
-8.838279598953387162e-02
-8.818043157261840070e-02
-8.797836856884290457e-02
-8.777660677083699847e-02
-8.757514597120660826e-02
-8.737398596253369287e-02
-8.717312653737652184e-02
-8.697256748826939776e-02
-8.677230860772273957e-02
-8.657234968822315191e-02
-8.637269052223321697e-02
-8.617333090219155001e-02
-8.597427062051292423e-02
-8.577550946958799327e-02
-8.557704724178338829e-02
-8.537888372944181514e-02
-8.518101872488181847e-02
-8.498345202039785107e-02
-8.478618340826037103e-02
-8.458921268071553645e-02
-8.439253962998553849e-02
-8.419616404826825440e-02
-8.400008572773740023e-02
-8.380430446054251692e-02
-8.360882003880887314e-02
-8.341363225463743758e-02
-8.321874090010496217e-02
-8.302414576726384332e-02
-8.282984664814212195e-02
-8.263584333474356669e-02
-8.244213561904750742e-02
-8.224872329300883522e-02
-8.205560614855811341e-02
-8.186278397760136938e-02
-8.167025657202026112e-02
-8.147802372367185519e-02
-8.128608522438869610e-02
-8.109444086597890344e-02
-8.090309044022594986e-02
-8.071203373888867494e-02
-8.052127055370145170e-02
-8.033080067637389521e-02
-8.014062389859098745e-02
-7.995074001201310510e-02
-7.976114880827585296e-02
-7.957185007899007789e-02
-7.938284361574200754e-02
-7.919412921009293116e-02
-7.900570665357951883e-02
-7.881757573771347447e-02
-7.862973625398167465e-02
-7.844218799384625185e-02
-7.825493074874431687e-02
-7.806796431008808379e-02
-7.788128846926491156e-02
-7.769490301763710971e-02
-7.750880774654200778e-02
-7.732300244729199690e-02
-7.713748691117436329e-02
-7.695226092945131602e-02
-7.676732429336009800e-02
-7.658267679411269457e-02
-7.639831822289611107e-02
-7.621424837087206750e-02
-7.603046702917713728e-02
-7.584697398892278897e-02
-7.566376904119513636e-02
-7.548085197705506344e-02
-7.529822258753825215e-02
-7.511588066365502969e-02
-7.493382599639035468e-02
-7.475205837670395592e-02
-7.457057759553006870e-02
-7.438938344377754586e-02
-7.420847571232989937e-02
-7.402785419204509221e-02
-7.384751867375571877e-02
-7.366746894826875502e-02
-7.348770480636571123e-02
-7.330822603880259025e-02
-7.312903243630976269e-02
-7.295012378959196686e-02
-7.277149988932844760e-02
-7.259316052617269255e-02
-7.241510549075250158e-02
-7.223733457367009780e-02
-7.205984756550183612e-02
-7.188264425679838365e-02
-7.170572443808469199e-02
-7.152908789985977511e-02
-7.135273443259697312e-02
-7.117666382674367465e-02
-7.100087587272138623e-02
-7.082537036092580174e-02
-7.065014708172659419e-02
-7.047520582546749901e-02
-7.030054638246632792e-02
-7.012616854301484404e-02
-6.995207209737873411e-02
-6.977825683579776117e-02
-6.960472254848547313e-02
-6.943146902562932765e-02
-6.925849605739074766e-02
-6.908580343390485767e-02
-6.891339094528073361e-02
-6.874125838160111135e-02
-6.856940553292253937e-02
-6.839783218927535102e-02
-6.822653814066351186e-02
-6.805552317706467513e-02
-6.788478708843019571e-02
-6.771432966468504677e-02
-6.754415069572773656e-02
-6.737424997143046101e-02
-6.720462728163886790e-02
-6.703528241617215389e-02
-6.686621516482306460e-02
-6.669742531735772806e-02
-6.652891266351579347e-02
-6.636067699301027856e-02
-6.619271809552755570e-02
-6.602503576072747682e-02
-6.585762977824312359e-02
-6.569049993768086293e-02
-6.552364602862048581e-02
-6.535706784061488805e-02
-6.519076516319022296e-02
-6.502473778584592912e-02
-6.485898549805452218e-02
-6.469350808926167817e-02
-6.452830534888623348e-02
-6.436337706632004607e-02
-6.419872303092812038e-02
-6.403434303204841305e-02
-6.387023685899190228e-02
-6.370640430104261565e-02
-6.354284514745744961e-02
-6.337955918746622508e-02
-6.321654621027172904e-02
-6.305380600504956190e-02
-6.289133836094812358e-02
-6.272914306708872456e-02
-6.256721991256540549e-02
-6.240556868644491634e-02
-6.224418917776683435e-02
-6.208308117554333511e-02
-6.192224446875935207e-02
-6.176167884637240313e-02
-6.160138409731259757e-02
-6.144136001048272622e-02
-6.128160637475803946e-02
-6.112212297898633739e-02
-6.096290961198798375e-02
-6.080396606255573239e-02
-6.064529211945478282e-02
-6.048688757142283573e-02
-6.032875220716987091e-02
-6.017088581537825831e-02
-6.001328818470274412e-02
-5.985595910377027734e-02
-5.969889836118017629e-02
-5.954210574550393431e-02
-5.938558104528523368e-02
-5.922932404904002884e-02
-5.907333454525634520e-02
-5.891761232239432766e-02
-5.876215716888628232e-02
-5.860696887313652376e-02
-5.845204722352138199e-02
-5.829739200838926494e-02
-5.814300301606049881e-02
-5.798888003482732811e-02
-5.783502285295400586e-02
-5.768143125867656457e-02
-5.752810504020298976e-02
-5.737504398571301872e-02
-5.722224788335818213e-02
-5.706971652126185263e-02
-5.691744968751906442e-02
-5.676544717019654795e-02
-5.661370875733279240e-02
-5.646223423693784438e-02
-5.631102339699338433e-02
-5.616007602545272648e-02
-5.600939191024068009e-02
-5.585897083925357026e-02
-5.570881260035928650e-02
-5.555891698139708845e-02
-5.540928377017775158e-02
-5.525991275448338680e-02
-5.511080372206746819e-02
-5.496195646065488161e-02
-5.481337075794175118e-02
-5.466504640159546707e-02
-5.451698317925474796e-02
-5.436918087852943976e-02
-5.422163928700058505e-02
-5.407435819222043694e-02
-5.392733738171229946e-02
-5.378057664297056922e-02
-5.363407576346076316e-02
-5.348783453061933119e-02
-5.334185273185380882e-02
-5.319613015454262989e-02
-5.305066658603514729e-02
-5.290546181365168160e-02
-5.276051562468336842e-02
-5.261582780639215140e-02
-5.247139814601085861e-02
-5.232722643074301516e-02
-5.218331244776289873e-02
-5.203965598421553262e-02
-5.189625682721656780e-02
-5.175311476385228288e-02
-5.161022958117963966e-02
-5.146760106622609576e-02
-5.132522900598971566e-02
-5.118311318743902494e-02
-5.104125339751302420e-02
-5.089964942312123070e-02
-5.075830105114349788e-02
-5.061720806843007098e-02
-5.047637026180158693e-02
-5.033578741804894952e-02
-5.019545932393333632e-02
-5.005538576618624724e-02
-4.991556653150931028e-02
-4.977600140657434391e-02
-4.963669017802339184e-02
-4.949763263246850092e-02
-4.935882855649190160e-02
-4.922027773664580663e-02
-4.908197995945243197e-02
-4.894393501140405223e-02
-4.880614267896279251e-02
-4.866860274856073254e-02
-4.853131500659985803e-02
-4.839427923945194970e-02
-4.825749523345859715e-02
-4.812096277493122659e-02
-4.798468165015092046e-02
-4.784865164536856313e-02
-4.771287254680462581e-02
-4.757734414064923589e-02
-4.744206621306218397e-02
-4.730703855017276416e-02
-4.717226093807980192e-02
-4.703773316285168871e-02
-4.690345501052622240e-02
-4.676942626711061424e-02
-4.663564671858154431e-02
-4.650211615088500200e-02
-4.636883434993627900e-02
-4.623580110162002488e-02
-4.610301619179007354e-02
-4.597047940626954043e-02
-4.583819053085067680e-02
-4.570614935129486966e-02
-4.557435565333269739e-02
-4.544280922266372841e-02
-4.531150984495660450e-02
-4.518045730584899916e-02
-4.504965139094752047e-02
-4.491909188582769025e-02
-4.478877857603399959e-02
-4.465871124707974232e-02
-4.452888968444702888e-02
-4.439931367358681408e-02
-4.426998299991873748e-02
-4.414089744883122751e-02
-4.401205680568133494e-02
-4.388346085579474670e-02
-4.375510938446582065e-02
-4.362700217695741900e-02
-4.349913901850094300e-02
-4.337151969429634685e-02
-4.324414398951197114e-02
-4.311701168928459837e-02
-4.299012257871943909e-02
-4.286347644289000003e-02
-4.273707306683808410e-02
-4.261091223557384594e-02
-4.248499373407556984e-02
-4.235931734728984321e-02
-4.223388286013134152e-02
-4.210869005748284211e-02
-4.198373872419530056e-02
-4.185902864508764254e-02
-4.173455960494678457e-02
-4.161033138852770347e-02
-4.148634378055322119e-02
-4.136259656571406734e-02
-4.123908952866888605e-02
-4.111582245404406949e-02
-4.099279512643379947e-02
-4.087000733040004052e-02
-4.074745885047239419e-02
-4.062514947114818920e-02
-4.050307897689233577e-02
-4.038124715213730481e-02
-4.025965378128319033e-02
-4.013829864869752906e-02
-4.001718153871530737e-02
-3.989630223563903066e-02
-3.977566052373849442e-02
-3.965525618725088131e-02
-3.953508901038070567e-02
-3.941515877729971640e-02
-3.929546527214688306e-02
-3.917600827902842364e-02
-3.905678758201763107e-02
-3.893780296515498424e-02
-3.881905421244796067e-02
-3.870054110787108509e-02
-3.858226343536592245e-02
-3.846422097884091840e-02
-3.834641352217145471e-02
-3.822884084919980080e-02
-3.811150274373502345e-02
-3.799439898955295908e-02
-3.787752937039626233e-02
-3.776089366997421176e-02
-3.764449167196277229e-02
-3.752832316000457441e-02
-3.741238791770875455e-02
-3.729668572865107307e-02
-3.718121637637371302e-02
-3.706597964438533566e-02
-3.695097531616105963e-02
-3.683620317514232217e-02
-3.672166300473689998e-02
-3.660735458831889527e-02
-3.649327770922862479e-02
-3.637943215077259207e-02
-3.626581769622353596e-02
-3.615243412882024332e-02
-3.603928123176759063e-02
-3.592635878823653706e-02
-3.581366658136397874e-02
-3.570120439425280429e-02
-3.558897200997179072e-02
-3.547696921155554795e-02
-3.536519578200458119e-02
-3.525365150428511063e-02
-3.514233616132910604e-02
-3.503124953603425906e-02
-3.492039141126387913e-02
-3.480976156984686570e-02
-3.469935979457774294e-02
-3.458918586821648627e-02
-3.447923957348855706e-02
-3.436952069308489566e-02
-3.426002900966175491e-02
-3.415076430584080419e-02
-3.404172636420894904e-02
-3.393291496731835888e-02
-3.382432989768645315e-02
-3.371597093779577642e-02
-3.360783787009398449e-02
-3.349993047699384441e-02
-3.339224854087313038e-02
-3.328479184407458213e-02
-3.317756016890593962e-02
-3.307055329763976259e-02
-3.296377101251350000e-02
-3.285721309572941368e-02
-3.275087932945448116e-02
-3.264476949582045817e-02
-3.253888337692369820e-02
-3.243322075482519412e-02
-3.232778141155055046e-02
-3.222256512908986542e-02
-3.211757168939770313e-02
-3.201280087439312139e-02
-3.190825246595951903e-02
-3.180392624594462203e-02
-3.169982199616052515e-02
-3.159593949838350457e-02
-3.149227853435405261e-02
-3.138883888577685688e-02
-3.128562033432064071e-02
-3.118262266161827417e-02
-3.107984564926657631e-02
-3.097728907882633248e-02
-3.087495273182229785e-02
-3.077283638974305513e-02
-3.067093983404100069e-02
-3.056926284613235845e-02
-3.046780520739703069e-02
-3.036656669917859458e-02
-3.026554710278431259e-02
-3.016474619948496944e-02
-3.006416377051489633e-02
-2.996379959707195020e-02
-2.986365346031735410e-02
-2.976372514137579084e-02
-2.966401442133522609e-02
-2.956452108124692224e-02
-2.946524490212541758e-02
-2.936618566494839794e-02
-2.926734315065669320e-02
-2.916871714015425998e-02
-2.907030741430806364e-02
-2.897211375394804361e-02
-2.887413593986713420e-02
-2.877637375282112234e-02
-2.867882697352861637e-02
-2.858149538267107728e-02
-2.848437876089263132e-02
-2.838747688880016370e-02
-2.829078954696314513e-02
-2.819431651591363178e-02
-2.809805757614627225e-02
-2.800201250811813758e-02
-2.790618109224874549e-02
-2.781056310892002920e-02
-2.771515833847621249e-02
-2.761996656122379934e-02
-2.752498755743154266e-02
-2.743022110733039226e-02
-2.733566699111332488e-02
-2.724132498893547250e-02
-2.714719488091399749e-02
-2.705327644712792606e-02
-2.695956946761828704e-02
-2.686607372238797656e-02
-2.677278899140159499e-02
-2.667971505458559267e-02
-2.658685169182811725e-02
-2.649419868297888184e-02
-2.640175580784926562e-02
-2.630952284621219939e-02
-2.621749957780200591e-02
-2.612568578231452832e-02
-2.603408123940698787e-02
-2.594268572869784170e-02
-2.585149902976690076e-02
-2.576052092215519451e-02
-2.566975118536481484e-02
-2.557918959885905480e-02
-2.548883594206225942e-02
-2.539868999435966959e-02
-2.530875153509756434e-02
-2.521902034358306996e-02
-2.512949619908417392e-02
-2.504017888082954793e-02
-2.495106816800866933e-02
-2.486216383977167543e-02
-2.477346567522921775e-02
-2.468497345345259386e-02
-2.459668695347357742e-02
-2.450860595428430364e-02
-2.442073023483736990e-02
-2.433305957404569356e-02
-2.424559375078236961e-02
-2.415833254388078874e-02
-2.407127573213449501e-02
-2.398442309429703323e-02
-2.389777440908207040e-02
-2.381132945516325344e-02
-2.372508801117406349e-02
-2.363904985570791997e-02
-2.355321476731805919e-02
-2.346758252451736082e-02
-2.338215290577849020e-02
-2.329692568953372830e-02
-2.321190065417484336e-02
-2.312707757805319841e-02
-2.304245623947960217e-02
-2.295803641672417711e-02
-2.287381788801645319e-02
-2.278980043154520477e-02
-2.270598382545844368e-02
-2.262236784786325616e-02
-2.253895227682588959e-02
-2.245573689037163798e-02
-2.237272146648466853e-02
-2.228990578310814305e-02
-2.220728961814407570e-02
-2.212487274945318036e-02
-2.204265495485498508e-02
-2.196063601212767252e-02
-2.187881569900795506e-02
-2.179719379319116149e-02
-2.171577007233110174e-02
-2.163454431403992115e-02
-2.155351629588820109e-02
-2.147268579540481323e-02
-2.139205259007677731e-02
-2.131161645734936522e-02
-2.123137717462594484e-02
-2.115133451926785174e-02
-2.107148826859446891e-02
-2.099183819988310190e-02
-2.091238409036882268e-02
-2.083312571724457024e-02
-2.075406285766099798e-02
-2.067519528872634876e-02
-2.059652278750652779e-02
-2.051804513102494648e-02
-2.043976209626250859e-02
-2.036167346015742979e-02
-2.028377899960534872e-02
-2.020607849145916041e-02
-2.012857171252889488e-02
-2.005125843958178652e-02
-1.997413844934214575e-02
-1.989721151849121322e-02
-1.982047742366723625e-02
-1.974393594146534384e-02
-1.966758684843738711e-02
-1.959142992109203299e-02
-1.951546493589461501e-02
-1.943969166926700493e-02
-1.936410989758767520e-02
-1.928871939719157755e-02
-1.921351994436997640e-02
-1.913851131537055647e-02
-1.906369328639725969e-02
-1.898906563361014987e-02
-1.891462813312549604e-02
-1.884038056101561623e-02
-1.876632269330875263e-02
-1.869245430598913751e-02
-1.861877517499683360e-02
-1.854528507622769593e-02
-1.847198378553323653e-02
-1.839887107872066260e-02
-1.832594673155276202e-02
-1.825321051974774372e-02
-1.818066221897932447e-02
-1.810830160487657617e-02
-1.803612845302378365e-02
-1.796414253896052443e-02
-1.789234363818150569e-02
-1.782073152613645670e-02
-1.774930597823016348e-02
-1.767806676982234051e-02
-1.760701367622748842e-02
-1.753614647271496685e-02
-1.746546493450883836e-02
-1.739496883678773309e-02
-1.732465795468491818e-02
-1.725453206328814160e-02
-1.718459093763950729e-02
-1.711483435273552720e-02
-1.704526208352697900e-02
-1.697587390491876735e-02
-1.690666959176997941e-02
-1.683764891889375295e-02
-1.676881166105712029e-02
-1.670015759298108110e-02
-1.663168648934041857e-02
-1.656339812476368897e-02
-1.649529227383304819e-02
-1.642736871108430030e-02
-1.635962721100676573e-02
-1.629206754804313900e-02
-1.622468949658953732e-02
-1.615749283099534792e-02
-1.609047732556311353e-02
-1.602364275454856019e-02
-1.595698889216046190e-02
-1.589051551256050188e-02
-1.582422238986331067e-02
-1.575810929813633784e-02
-1.569217601139970969e-02
-1.562642230362625700e-02
-1.556084794874139539e-02
-1.549545272062296565e-02
-1.543023639310129626e-02
-1.536519873995904201e-02
-1.530033953493105392e-02
-1.523565855170441914e-02
-1.517115556391831696e-02
-1.510683034516387829e-02
-1.504268266898422385e-02
-1.497871230887432535e-02
-1.491491903828085636e-02
-1.485130263060223735e-02
-1.478786285918847095e-02
-1.472459949734109853e-02
-1.466151231831303546e-02
-1.459860109530860921e-02
-1.453586560148342061e-02
-1.447330560994418772e-02
-1.441092089374879787e-02
-1.434871122590614632e-02
-1.428667637937600446e-02
-1.422481612706905096e-02
-1.416313024184672267e-02
-1.410161849652107578e-02
-1.404028066385481187e-02
-1.397911651656114085e-02
-1.391812582730362659e-02
-1.385730836869622680e-02
-1.379666391330313865e-02
-1.373619223363866000e-02
-1.367589310216721886e-02
-1.361576629130321729e-02
-1.355581157341089957e-02
-1.349602872080436777e-02
-1.343641750574744304e-02
-1.337697770045351460e-02
-1.331770907708556759e-02
-1.325861140775603381e-02
-1.319968446452664777e-02
-1.314092801940847099e-02
-1.308234184436172023e-02
-1.302392571129571894e-02
-1.296567939206873070e-02
-1.290760265848798181e-02
-1.284969528230950862e-02
-1.279195703523801179e-02
-1.273438768892687888e-02
-1.267698701497803164e-02
-1.261975478494178037e-02
-1.256269077031683945e-02
-1.250579474255017823e-02
-1.244906647303687698e-02
-1.239250573312013562e-02
-1.233611229409112796e-02
-1.227988592718885427e-02
-1.222382640360014823e-02
-1.216793349445953638e-02
-1.211220697084907857e-02
-1.205664660379839048e-02
-1.200125216428448056e-02
-1.194602342323161127e-02
-1.189096015151130253e-02
-1.183606211994218081e-02
-1.178132909928983167e-02
-1.172676086026680324e-02
-1.167235717353246049e-02
-1.161811780969282913e-02
-1.156404253930059904e-02
-1.151013113285496471e-02
-1.145638336080154890e-02
-1.140279899353223957e-02
-1.134937780138519509e-02
-1.129611955464468118e-02
-1.124302402354093212e-02
-1.119009097825013864e-02
-1.113732018889430214e-02
-1.108471142554108557e-02
-1.103226445820379605e-02
-1.097997905684125128e-02
-1.092785499135761132e-02
-1.087589203160238029e-02
-1.082408994737025197e-02
-1.077244850840095372e-02
-1.072096748437924470e-02
-1.066964664493475802e-02
-1.061848575964184464e-02
-1.056748459801956815e-02
-1.051664292953154688e-02
-1.046596052358579956e-02
-1.041543714953474010e-02
-1.036507257667500931e-02
-1.031486657424733090e-02
-1.026481891143649419e-02
-1.021492935737119273e-02
-1.016519768112387860e-02
-1.011562365171073813e-02
-1.006620703809152015e-02
-1.001694760916946141e-02
-9.967845133791109619e-03
-9.918899380746307864e-03
-9.870110118768033250e-03
-9.821477116532239052e-03
-9.773000142657840839e-03
-9.724678965706548203e-03
-9.676513354182708637e-03
-9.628503076533293653e-03
-9.580647901147723577e-03
-9.532947596357721834e-03
-9.485401930437280249e-03
-9.438010671602506396e-03
-9.390773588011457063e-03
-9.343690447764112228e-03
-9.296761018902217205e-03
-9.249985069409117841e-03
-9.203362367209732761e-03
-9.156892680170390306e-03
-9.110575776098667200e-03
-9.064411422743352126e-03
-9.018399387794294800e-03
-8.972539438882229032e-03
-8.926831343578743236e-03
-8.881274869396124302e-03
-8.835869783787180659e-03
-8.790615854145214514e-03
-8.745512847803843179e-03
-8.700560532036900191e-03
-8.655758674058253166e-03
-8.611107041021777778e-03
-8.566605400021177347e-03
-8.522253518089823246e-03
-8.478051162200709798e-03
-8.433998099266292944e-03
-8.390094096138315041e-03
-8.346338919607770163e-03
-8.302732336404727159e-03
-8.259274113198161391e-03
-8.215964016595918296e-03
-8.172801813144534716e-03
-8.129787269329067159e-03
-8.086920151573057103e-03
-8.044200226238343646e-03
-8.001627259624903912e-03
-7.959201017970795808e-03
-7.916921267451994954e-03
-7.874787774182210806e-03
-7.832800304212841555e-03
-7.790958623532800650e-03
-7.749262498068340728e-03
-7.707711693682999833e-03
-7.666305976177426214e-03
-7.625045111289206583e-03
-7.583928864692803667e-03
-7.542957001999371462e-03
-7.502129288756643338e-03
-7.461445490448742092e-03
-7.420905372496119229e-03
-7.380508700255378023e-03
-7.340255239019094838e-03
-7.300144754015757548e-03
-7.260177010409585990e-03
-7.220351773300351557e-03
-7.180668807723315610e-03
-7.141127878649044733e-03
-7.101728750983232058e-03
-7.062471189566628740e-03
-7.023354959174866151e-03
-6.984379824518266791e-03
-6.945545550241780976e-03
-6.906851900924799482e-03
-6.868298641080969671e-03
-6.829885535158125229e-03
-6.791612347538103153e-03
-6.753478842536551202e-03
-6.715484784402860237e-03
-6.677629937319974271e-03
-6.639914065404206589e-03
-6.602336932705157348e-03
-6.564898303205529695e-03
-6.527597940820939817e-03
-6.490435609399838879e-03
-6.453411072723306587e-03
-6.416524094504928027e-03
-6.379774438390583766e-03
-6.343161867958371780e-03
-6.306686146718414043e-03
-6.270347038112663966e-03
-6.234144305514817928e-03
-6.198077712230127927e-03
-6.162147021495198614e-03
-6.126351996477908367e-03
-6.090692400277204592e-03
-6.055167995922916373e-03
-6.019778546375655591e-03
-5.984523814526623506e-03
-5.949403563197413862e-03
-5.914417555139917480e-03
-5.879565553036121030e-03
-5.844847319497910136e-03
-5.810262617066973972e-03
-5.775811208214598827e-03
-5.741492855341472946e-03
-5.707307320777580718e-03
-5.673254366782004045e-03
-5.639333755542718513e-03
-5.605545249176487575e-03
-5.571888609728650917e-03
-5.538363599172970927e-03
-5.504969979411417601e-03
-5.471707512274061845e-03
-5.438575959518867318e-03
-5.405575082831481394e-03
-5.372704643825129342e-03
-5.339964404040399223e-03
-5.307354124945035459e-03
-5.274873567933824337e-03
-5.242522494328384110e-03
-5.210300665376950760e-03
-5.178207842254262637e-03
-5.146243786061346220e-03
-5.114408257825303616e-03
-5.082701018499190260e-03
-5.051121828961801542e-03
-5.019670450017454238e-03
-4.988346642395865942e-03
-4.957150166751933887e-03
-4.926080783665518978e-03
-4.895138253641319152e-03
-4.864322337108646470e-03
-4.833632794421209404e-03
-4.803069385856982738e-03
-4.772631871617980318e-03
-4.742320011830038207e-03
-4.712133566542677648e-03
-4.682072295728870875e-03
-4.652135959284864168e-03
-4.622324317029943667e-03
-4.592637128706295729e-03
-4.563074153978777941e-03
-4.533635152434691874e-03
-4.504319883583641701e-03
-4.475128106857300010e-03
-4.446059581609178822e-03
-4.417114067114486474e-03
-4.388291322569887361e-03
-4.359591107093274687e-03
-4.331013179723618677e-03
-4.302557299420728051e-03
-4.274223225065018443e-03
-4.246010715457353667e-03
-4.217919529318810666e-03
-4.189949425290439254e-03
-4.162100161933105988e-03
-4.134371497727247838e-03
-4.106763191072636265e-03
-4.079275000288214159e-03
-4.051906683611846902e-03
-4.024657999200085580e-03
-3.997528705127994381e-03
-3.970518559388906861e-03
-3.943627319894176149e-03
-3.916854744473009277e-03
-3.890200590872203937e-03
-3.863664616755941618e-03
-3.837246579705529993e-03
-3.810946237219224684e-03
-3.784763346711977287e-03
-3.758697665515176901e-03
-3.732748950876475357e-03
-3.706916959959525269e-03
-3.681201449843724601e-03
-3.655602177524031483e-03
-3.630118899910704435e-03
-3.604751373829039127e-03
-3.579499356019182326e-03
-3.554362603135865616e-03
-3.529340871748142591e-03
-3.504433918339192825e-03
-3.479641499306058636e-03
-3.454963370959372292e-03
-3.430399289523162164e-03
-3.405949011134578631e-03
-3.381612291843624340e-03
-3.357388887612950800e-03
-3.333278554317583870e-03
-3.309281047744648367e-03
-3.285396123593160769e-03
-3.261623537473750788e-03
-3.237963044908382087e-03
-3.214414401330140201e-03
-3.190977362082943278e-03
-3.167651682421295748e-03
-3.144437117509995584e-03
-3.121333422423917467e-03
-3.098340352147724817e-03
-3.075457661575578799e-03
-3.052685105510918439e-03
-3.030022438666166162e-03
-3.007469415662435488e-03
-2.985025791029303349e-03
-2.962691319204513452e-03
-2.940465754533677905e-03
-2.918348851270046070e-03
-2.896340363574201847e-03
-2.874440045513763139e-03
-2.852647651063142456e-03
-2.830962934103242040e-03
-2.809385648421147685e-03
-2.787915547709884142e-03
-2.766552385568106769e-03
-2.745295915499787985e-03
-2.724145890913970500e-03
-2.703102065124450299e-03
-2.682164191349462219e-03
-2.661332022711424949e-03
-2.640605312236620969e-03
-2.619983812854875197e-03
-2.599467277399295645e-03
-2.579055458605940786e-03
-2.558748109113527253e-03
-2.538544981463097643e-03
-2.518445828097749025e-03
-2.498450401362302484e-03
-2.478558453502971350e-03
-2.458769736667084510e-03
-2.439084002902750740e-03
-2.419501004158520867e-03
-2.400020492283104143e-03
-2.380642219025029104e-03
-2.361365936032297930e-03
-2.342191394852098912e-03
-2.323118346930458638e-03
-2.304146543611893753e-03
-2.285275736139115183e-03
-2.266505675652673388e-03
-2.247836113190606212e-03
-2.229266799688135736e-03
-2.210797485977307898e-03
-2.192427922786633829e-03
-2.174157860740779345e-03
-2.155987050360198918e-03
-2.137915242060770948e-03
-2.119942186153479877e-03
-2.102067632844044961e-03
-2.084291332232546864e-03
-2.066613034313104138e-03
-2.049032488973489413e-03
-2.031549445994777683e-03
-2.014163655050959893e-03
-1.996874865708605975e-03
-1.979682827426481901e-03
-1.962587289555157207e-03
-1.945588001336665202e-03
-1.928684711904109185e-03
-1.911877170281266062e-03
-1.895165125382236148e-03
-1.878548326011043532e-03
-1.862026520861231015e-03
-1.845599458515503844e-03
-1.829266887445321187e-03
-1.813028556010484130e-03
-1.796884212458770523e-03
-1.780833604925519294e-03
-1.764876481433210430e-03
-1.749012589891092229e-03
-1.733241678094754991e-03
-1.717563493725707095e-03
-1.701977784350989457e-03
-1.686484297422744449e-03
-1.671082780277780271e-03
-1.655772980137179768e-03
-1.640554644105858507e-03
-1.625427519172122429e-03
-1.610391352207265385e-03
-1.595445889965115297e-03
-1.580590879081606760e-03
-1.565826066074320474e-03
-1.551151197342069297e-03
-1.536566019164436374e-03
-1.522070277701311316e-03
-1.507663718992465190e-03
-1.493346088957080847e-03
-1.479117133393278256e-03
-1.464976597977680171e-03
-1.450924228264931400e-03
-1.436959769687216545e-03
-1.423082967553813104e-03
-1.409293567050602485e-03
-1.395591313239575833e-03
-1.381975951058377582e-03
-1.368447225319805631e-03
-1.355004880711307416e-03
-1.341648661794511092e-03
-1.328378313004715964e-03
-1.315193578650377271e-03
-1.302094202912626539e-03
-1.289079929844750292e-03
-1.276150503371663129e-03
-1.263305667289418323e-03
-1.250545165264672215e-03
-1.237868740834148626e-03
-1.225276137404134697e-03
-1.212767098249931423e-03
-1.200341366515324769e-03
-1.187998685212029266e-03
-1.175738797219166507e-03
-1.163561445282704178e-03
-1.151466372014889892e-03
-1.139453319893717325e-03
-1.127522031262351808e-03
-1.115672248328552227e-03
-1.103903713164122420e-03
-1.092216167704324623e-03
-1.080609353747286191e-03
-1.069083012953439289e-03
-1.057636886844917851e-03
-1.046270716804953036e-03
-1.034984244077296212e-03
-1.023777209765602478e-03
-1.012649354832812669e-03
-1.001600420100559000e-03
-9.906301462485360074e-04
-9.797382738138660750e-04
-9.689245431904904395e-04
-9.581886946285240883e-04
-9.475304682336058897e-04
-9.369496039662736581e-04
-9.264458416413030081e-04
-9.160189209270415455e-04
-9.056685813447665863e-04
-8.953945622680048195e-04
-8.851966029218656315e-04
-8.750744423823490596e-04
-8.650278195756810678e-04
-8.550564732776123932e-04
-8.451601421127129471e-04
-8.353385645536879007e-04
-8.255914789206595088e-04
-8.159186233804421049e-04
-8.063197359458404044e-04
-7.967945544749112721e-04
-7.873428166702209352e-04
-7.779642600781222538e-04
-7.686586220879982733e-04
-7.594256399314986208e-04
-7.502650506817968266e-04
-7.411765912528133849e-04
-7.321599983984316586e-04
-7.232150087117337339e-04
-7.143413586242022308e-04
-7.055387844049150654e-04
-6.968070221597590791e-04
-6.881458078306095134e-04
-6.795548771945026561e-04
-6.710339658628264835e-04
-6.625828092804740077e-04
-6.542011427250072481e-04
-6.458887013057948564e-04
-6.376452199631709936e-04
-6.294704334675590767e-04
-6.213640764185892392e-04
-6.133258832442304263e-04
-6.053555881998898573e-04
-5.974529253675042468e-04
-5.896176286546456636e-04
-5.818494317935938871e-04
-5.741480683404020418e-04
-5.665132716739731825e-04
-5.589447749951069553e-04
-5.514423113255351996e-04
-5.440056135069711030e-04
-5.366344142001262633e-04
-5.293284458837172347e-04
-5.220874408534845407e-04
-5.149111312211793797e-04
-5.077992489135397039e-04
-5.007515256712773578e-04
-4.937676930480333409e-04
-4.868474824093220661e-04
-4.799906249314852668e-04
-4.731968516006138125e-04
-4.664658932114590069e-04
-4.597974803663513674e-04
-4.531913434740860651e-04
-4.466472127488092868e-04
-4.401648182088797141e-04
-4.337438896757387849e-04
-4.273841567727494043e-04
-4.210853489240219162e-04
-4.148471953532457675e-04
-4.086694250824894040e-04
-4.025517669309870488e-04
-3.964939495139295457e-04
-3.904957012412237603e-04
-3.845567503162376712e-04
-3.786768247345489828e-04
-3.728556522826614850e-04
-3.670929605367066664e-04
-3.613884768611474963e-04
-3.557419284074498441e-04
-3.501530421127382843e-04
-3.446215446984526626e-04
-3.391471626689720803e-04
-3.337296223102227243e-04
-3.283686496882845594e-04
-3.230639706479653851e-04
-3.178153108113577086e-04
-3.126223955763934490e-04
-3.074849501153650855e-04
-3.024026993734288621e-04
-2.973753680671044146e-04
-2.924026806827385101e-04
-2.874843614749598422e-04
-2.826201344651042271e-04
-2.778097234396357889e-04
-2.730528519485331783e-04
-2.683492433036557888e-04
-2.636986205771021117e-04
-2.591007065995325838e-04
-2.545552239584710765e-04
-2.500618949965969519e-04
-2.456204418100009067e-04
-2.412305862464178042e-04
-2.368920499034485284e-04
-2.326045541267446771e-04
-2.283678200081686439e-04
-2.241815683839410692e-04
-2.200455198327498283e-04
-2.159593946738330543e-04
-2.119229129650474961e-04
-2.079357945008970321e-04
-2.039977588105338897e-04
-2.001085251557426794e-04
-1.962678125288836361e-04
-1.924753396508063709e-04
-1.887308249687445121e-04
-1.850339866541677388e-04
-1.813845426006028053e-04
-1.777822104214323668e-04
-1.742267074476490818e-04
-1.707177507255827988e-04
-1.672550570145864084e-04
-1.638383427846974358e-04
-1.604673242142533925e-04
-1.571417171874702379e-04
-1.538612372919927326e-04
-1.506255998163962201e-04
-1.474345197476489432e-04
-1.442877117685432975e-04
-1.411848902550758846e-04
-1.381257692737853889e-04
-1.351100625790558143e-04
-1.321374836103661617e-04
-1.292077454894944883e-04
-1.263205610176839115e-04
-1.234756426727517194e-04
-1.206727026061498549e-04
-1.179114526399828444e-04
-1.151916042639660690e-04
-1.125128686323309768e-04
-1.098749565606839325e-04
-1.072775785228012347e-04
-1.047204446473671440e-04
-1.022032647146606298e-04
-9.972574815317418993e-05
-9.728760403617088624e-05
-9.488854107818493245e-05
-9.252826763144892297e-05
-9.020649168225848937e-05
-8.792292084726358362e-05
-8.567726236969603725e-05
-8.346922311551744527e-05
-8.129850956949211810e-05
-7.916482783118911320e-05
-7.706788361089831653e-05
-7.500738222546484292e-05
-7.298302859404521127e-05
-7.099452723377056300e-05
-6.904158225532059637e-05
-6.712389735841110350e-05
-6.524117582718063594e-05
-6.339312052547941580e-05
-6.157943389206251190e-05
-5.979981793567336237e-05
-5.805397423001971730e-05
-5.634160390864367520e-05
-5.466240765967169822e-05
-5.301608572044623935e-05
-5.140233787203969971e-05
-4.982086343363672311e-05
-4.827136125678569513e-05
-4.675352971951920284e-05
-4.526706672032957058e-05
-4.381166967199930231e-05
-4.238703549528537363e-05
-4.099286061244275682e-05
-3.962884094058922557e-05
-3.829467188489985854e-05
-3.699004833163208901e-05
-3.571466464096623004e-05
-3.446821463965879853e-05
-3.325039161350477586e-05
-3.206088829959379547e-05
-3.089939687835602917e-05
-2.976560896539261534e-05
-2.865921560307467436e-05
-2.757990725190518529e-05
-2.652737378163676462e-05
-2.550130446212834877e-05
-2.450138795393313340e-05
-2.352731229860873332e-05
-2.257876490873118584e-05
-2.165543255760275844e-05
-2.075700136864213604e-05
-1.988315680443666249e-05
-1.903358365544377144e-05
-1.820796602832728167e-05
-1.740598733390555825e-05
-1.662733027469537800e-05
-1.587167683203335260e-05
-1.513870825274869525e-05
-1.442810503536676667e-05
-1.373954691582070669e-05
-1.307271285264030252e-05
-1.242728101159357554e-05
-1.180292874974808774e-05
-1.119933259892271656e-05
-1.061616824849086164e-05
-1.005311052749937093e-05
-9.509833386063988863e-06
-8.986009875994009632e-06
-8.481312130600394072e-06
-7.995411343637231244e-06
-7.527977747317636112e-06
-7.078680589345025617e-06
-6.647188108894893828e-06
-6.233167511472335515e-06
-5.836284942568062792e-06
-5.456205460027834629e-06
-5.092593005038401183e-06
-4.745110371627412689e-06
-4.413419174563840456e-06
-4.097179815530490457e-06
-3.796051447429990892e-06
-3.509691936669971309e-06
-3.237757823253038964e-06
-2.979904278480074666e-06
-2.735785060052114273e-06
-2.505052464327416661e-06
-2.287357275462278002e-06
-2.082348711128336653e-06
-1.889674364455769855e-06
-1.708980141805827471e-06
-1.539910195916947148e-06
-1.382106853902666970e-06
-1.235210539496665237e-06
-1.098859688845081874e-06
-9.726906590289794506e-07
-8.563376283562738916e-07
-7.494324872893575489e-07
-6.516047186587306409e-07
-5.624812655429609581e-07
-4.816863848573242183e-07
-4.088414842612958835e-07
-3.435649394373054389e-07
-2.854718880659753905e-07
-2.341739958571327809e-07
-1.892791886927554555e-07
-1.503913431483185792e-07
-1.171099251451567645e-07
-8.902956286927004679e-08
-6.573953473845118037e-08
-4.682314500538915285e-08
-3.185694653493162862e-08
-2.040974848462165331e-08
-1.204130791038551957e-08
-6.300530113749576041e-09
-2.722844787065740678e-09
-8.260360426625381709e-10
-1.025864049615445967e-10
0.000000000000000000e+00
1.531189141281492925e-10
1.008931855034129515e-09
3.111131067564989345e-09
6.962981031010225877e-09
1.304388263377754461e-08
2.181631651264891331e-08
3.372972469478208666e-08
4.922298876223023163e-08
6.872614573120611445e-08
9.266164393110202758e-08
1.214453002869123894e-07
1.554870530342144417e-07
1.951915683237202294e-07
2.409587389424828498e-07
2.931841011853584259e-07
3.522591882069307562e-07
4.185718331254788261e-07
4.925064317193084039e-07
5.744441721616089039e-07
6.647632375295385497e-07
7.638389855760845378e-07
8.720441093252572586e-07
9.897487813503195429e-07
1.117320784058569033e-06
1.255125627887772012e-06
1.403526658992281226e-06
1.562885157735004524e-06
1.733560429093675426e-06
1.915909885919246650e-06
2.110289125845547445e-06
2.317052002536984976e-06
2.536550691865216578e-06
2.769135753526644302e-06
3.015156188548272407e-06
3.274959493071899868e-06
3.548891708758842006e-06
3.837297470119137742e-06
4.140520049032412338e-06
4.458901396697349704e-06
4.792782183223461206e-06
5.142501835053966464e-06
5.508398570388679874e-06
5.890809432761673106e-06
6.290070322910644115e-06
6.706516029061324012e-06
7.140480255741987016e-06
7.592295651229560041e-06
8.062293833719212129e-06
8.550805416305034878e-06
9.058160030848409381e-06
9.584686350803699312e-06
1.013071211306959185e-05
1.069656413892355595e-05
1.128256835409668072e-05
1.188904980803694107e-05
1.251633269241132971e-05
1.316474035888888866e-05
1.383459533624291093e-05
1.452621934681335282e-05
1.523993332236246567e-05
1.597605741935374387e-05
1.673491103368826357e-05
1.751681281492454477e-05
1.832208068000573494e-05
1.915103182652291679e-05
2.000398274553537206e-05
2.088124923396659022e-05
2.178314640660088418e-05
2.270998870769723861e-05
2.366208992223520715e-05
2.463976318681471191e-05
2.564332100022298283e-05
2.667307523368027492e-05
2.772933714078395381e-05
2.881241736716134077e-05
2.992262595984047888e-05
3.106027237635654699e-05
3.222566549360217152e-05
3.341911361642850060e-05
3.464092448601399459e-05
3.589140528800441608e-05
3.717086266043743303e-05
3.847960270145400665e-05
3.981793097681200061e-05
4.118615252720642946e-05
4.258457187539921958e-05
4.401349303317339708e-05
4.547321950811442006e-05
4.696405431022052535e-05
4.848629995835647584e-05
5.004025848655230751e-05
5.162623145014787586e-05
5.324451993179726920e-05
5.489542454733374604e-05
5.657924545149504091e-05
5.829628234352290939e-05
6.004683447263674311e-05
6.183120064338021792e-05
6.364967922085482588e-05
6.550256813583935588e-05
6.739016488979339187e-05
6.931276655975899083e-05
7.127066980315858915e-05
7.326417086248676548e-05
7.529356556990991431e-05
7.735914935177156673e-05
7.946121723299988913e-05
8.160006384143270121e-05
8.377598341205209854e-05
8.598926979113929157e-05
8.824021644034081091e-05
9.052911644066189507e-05
9.285626249638304877e-05
9.522194693889515066e-05
9.762646173046838401e-05
1.000700984679507214e-04
1.025531483863905015e-04
1.050759023625990636e-04
1.076386509186485189e-04
1.102416842252985885e-04
1.128852921053691093e-04
1.155697640370526507e-04
1.182953891571607925e-04
1.210624562643209897e-04
1.238712538221180617e-04
1.267220699621735165e-04
1.296151924871798394e-04
1.325509088738836751e-04
1.355295062760103280e-04
1.385512715271473871e-04
1.416164911435810264e-04
1.447254513270767391e-04
1.478784379676232100e-04
1.510757366461320053e-04
1.543176326370846254e-04
1.576044109111474924e-04
1.609363561377390422e-04
1.643137526875631529e-04
1.677368846350921032e-04
1.712060357610204202e-04
1.747214895546815930e-04
1.782835292164172984e-04
1.818924376599209583e-04
1.855484975145460058e-04
1.892519911275692660e-04
1.930032005664308631e-04
1.968024076209415752e-04
2.006498938054466846e-04
2.045459403609691201e-04
2.084908282573220799e-04
2.124848381951796941e-04
2.165282506081295287e-04
2.206213456646961130e-04
2.247644032703243790e-04
2.289577030693467296e-04
2.332015244469233268e-04
2.374961465309432401e-04
2.418418481939113649e-04
2.462389080548104043e-04
2.506876044809243343e-04
2.551882155896504582e-04
2.597410192502869306e-04
2.643462930857838253e-04
2.690043144744854483e-04
2.737153605518406665e-04
2.784797082121006056e-04
2.832976341099783472e-04
2.881694146623016320e-04
2.930953260496440421e-04
2.980756442179213804e-04
3.031106448799819782e-04
3.082006035171772703e-04
3.133457953808978930e-04
3.185464954941052279e-04
3.238029786528444061e-04
3.291155194277235393e-04
3.344843921653895902e-04
3.399098709899869494e-04
3.453922298045824569e-04
3.509317422925890676e-04
3.565286819191724414e-04
3.621833219326249520e-04
3.678959353657392092e-04
3.736667950371660215e-04
3.794961735527394540e-04
3.853843433068032957e-04
3.913315764835224560e-04
3.973381450581616727e-04
4.034043207983673647e-04
4.095303752654343588e-04
4.157165798155412306e-04
4.219632056009910647e-04
4.282705235714262494e-04
4.346388044750423493e-04
4.410683188597677175e-04
4.475593370744485283e-04
4.541121292700210708e-04
4.607269654006525468e-04
4.674041152248876139e-04
4.741438483067837088e-04
4.809464340170139509e-04
4.878121415339780166e-04
4.947412398449012490e-04
5.017339977469023257e-04
5.087906838480691675e-04
5.159115665685244916e-04
5.230969141414589484e-04
5.303469946141745571e-04
5.376620758491170837e-04
5.450424255248775178e-04
5.524883111372032004e-04
5.599999999999999509e-04
