-5.450085745229564793e-01 -2.035348616604615857e-01 1.800912446383442500e+00 -4.315631777905853950e-01
2.148900041399207372e-01 2.628500611873952342e-01 -4.270265008180138544e-01 9.954587508517315220e-02
2.484385396719537564e-01 2.557017947785754086e-01 -1.494222048205395836e-02 2.224386696511986283e-01
2.848920831332399484e+00 2.140956412114841445e+00 -5.665137614595634474e-01 2.671591041219222529e+00
1.965871448507054697e-02 1.422888725621557215e-02 3.211648268791358340e-01 -8.480299428208376566e-02
-1.346059109691644107e-02 5.487236362928360478e-03 2.000575667363100330e-01 1.352587760965584529e-03
4.282750423523611905e-01 2.725407575578651098e-01 9.662697584030306430e-01 6.875799823192308979e-01
-3.028758134870627727e-01 -3.313702490951713209e-01 7.015296956762870906e-01 -2.156333965064168856e-01
8.601448399141617407e-02 1.939783739995781797e-02 6.589716752531855626e-01 6.341318646027654937e-02
-2.115508605675595177e+00 -1.494905808181693718e+00 1.433632524665036101e-01 -1.970781882373223937e+00
2.628757453647763143e-01 4.575890203920656152e-01 2.847026838531405701e-01 1.870414730959546468e-02
2.167083918916435925e-01 2.298109187534831399e-01 -1.037677965875204222e+00 7.850713979513271323e-02
1.736936785665312843e-01 1.180407250617831472e-01 -2.743502136498534583e-01 2.405375352847511639e-01
-2.371646209542043471e-01 -8.971578318524270346e-02 -1.123523390617126694e+00 -1.016560475924543350e-01
-1.676194822057902600e-02 -8.460146625928866015e-02 -3.869485421167828676e-01 -6.620403450300024750e-02
1.116801397206218516e-01 -1.854329604736343340e-02 1.602754066837363212e+00 4.452134344638025709e-01
-2.733635207228235497e-02 -5.342631374925921328e-02 6.162695921434107049e-01 5.732775872562478892e-02
-8.233598345452244893e-02 -6.754792816582927406e-02 -2.150422214549401190e-01 -5.348515134619946654e-02
4.488077289942493664e-03 -1.038067396924110403e-02 3.443855905694626074e-03 1.278432842240928569e-02
5.290122357233936201e-01 2.831156440585036460e-01 -1.697709599513914647e-01 4.676362777931504233e-01
-1.671787581816712442e-01 -2.927166882401784909e-01 -2.947114976633220529e-01 -6.515567848877262813e-02
-8.345347937316294207e-02 -8.901145017883216326e-02 5.508539371727834144e-01 1.389139605026788737e-02
-1.290872777362565560e-01 -5.083296554905053499e-02 1.262788053974412961e-01 -1.345176421116965892e-01
2.250760809488133729e-02 7.714836843747774342e-02 2.784181977688322540e-01 7.897338779022838873e-02
1.328248106818936958e-01 2.452245083731649511e-02 6.554394390161437656e-01 -2.382629874908337442e-03
-2.869986805704588528e-01 -5.558504741527083015e-02 -1.383290643165292266e+00 -5.198796292280783993e-01
-1.437083190029239121e-01 -3.629999835649916351e-02 -6.268169471149960259e-01 -2.173845950051545017e-01
6.291856517925090153e-02 9.033360296129638867e-03 2.264389195455613901e-01 -3.682318287416053160e-02
-2.056148372331811913e-03 4.914077402887627455e-02 -1.076942322004015296e-02 3.128881146522921597e-02
-5.945458315227547530e-02 -3.890227434935744633e-02 -4.331569839093551977e-02 1.884152918828281287e-01
-1.765411158390302604e-01 -1.077654289979648738e-01 -6.206220244373781281e-01 -1.382881822262352900e-01
-9.386007719462188814e-02 -8.449666191254845415e-02 -4.396058048327544654e-02 5.992625061918294138e-02
-3.211364397073129817e-02 -1.602317458963806174e-02 1.383476202321171078e-01 -1.207377863165532972e-01
-1.365708735135971741e-02 -1.171111517793810286e-02 -2.328190116572637081e-01 -2.127334540295933163e-02
-4.232074639640283353e-02 -5.979425031221230480e-03 3.851652415223522086e-02 -3.247416984455570726e-02
1.561131142737503391e-02 4.455082536954833861e-02 4.300773403419633212e-02 -1.861729366685910270e-03
1.225748543308430305e-02 1.459940908930479342e-02 -1.040156213899154913e-01 -1.182343249030125276e-02
4.466190165200724371e-02 1.994601072699300759e-02 2.786840860823391886e-02 6.129248654732248613e-02
-2.171910900591409246e-02 5.513819230359283396e-03 -1.245644029237293893e-01 2.075997153730349543e-02
-6.279431782452153665e-03 -1.894975662341999434e-02 -6.218437634941970105e-02 -2.032462112694777279e-02
7.138182943432710981e-02 -1.415327521435703201e-02 3.539294049838912493e-01 1.524924519611585982e-01
6.247217324078876977e-02 1.883433204632312813e-02 2.514931255928511966e-01 9.657033077081755845e-02
-1.493663896932120871e-02 1.680936626407802947e-02 -3.918233772481283239e-02 3.183121882696382521e-02
5.396690928653746777e-04 -1.947795753868804269e-02 1.833929890271801533e-02 -1.469163172210702362e-02
-6.466359190753853681e-02 -5.564113482998250815e-02 -2.830004051192802628e-01 -3.055216779522854642e-01
5.634765998616111937e-02 2.366649613289731335e-02 1.978026294661762163e-01 -1.493856975861179714e-02
4.678431354639400741e-02 4.781568307109401728e-02 2.861001373934968228e-04 -5.806868113773155926e-02
2.556339565983845041e-02 -1.347189817193200634e-03 -5.742090949770062291e-02 7.309863985086667570e-02
1.047428573900995724e-02 1.298898136807857817e-02 9.344397950255189933e-02 -1.014485261888459222e-02
-3.810317954210173941e-02 -1.217807254698000108e-02 -7.366241982112678999e-01 -3.553729398872937928e-01
-4.023422333248660721e-02 -5.787617400242417443e-02 -6.892544107036178147e-01 -1.804328900962822169e-01
-3.491563799754088260e-02 -1.472440844521810677e-02 -1.946633076419028718e-01 -3.518266853846707676e-02
-2.912657503098886602e-02 -6.909077331866853022e-03 -7.712927863122676087e-02 -4.381340859657711917e-02
-7.387741493437016693e-04 2.453174719767470258e-03 4.003029560483373217e-03 5.580375567129425285e-02
-3.810948472414810162e-03 -2.358668035889485703e-02 -3.473897492176503121e-02 -3.817071270865546317e-02
-5.299392085789087492e-01 -5.791876256076884388e-01 -1.079510690722038646e+00 -5.552796210621877560e-01
2.812673061792074838e-03 3.502502295348270799e-03 4.739261822521138694e-03 5.483774552045583145e-03
