2.339140504721573866e+00 2.376954424748305872e+00 -3.118367663355733121e+00 0.000000000000000000e+00
1.574795465469244204e+00 -1.633841916381570725e+00 -6.558298013443848440e-01 0.000000000000000000e+00
-7.589266586294144412e-01 -1.745511567328989155e+00 -1.497012093076174333e+00 0.000000000000000000e+00
3.245097623701720391e-01 -1.341041228347465752e+00 -4.869121705550800705e-01 0.000000000000000000e+00
-3.311361103517169724e-01 -3.904020124741457987e-01 8.824187476664739627e-02 0.000000000000000000e+00
3.736454703232094943e-01 1.189990693340382988e+00 1.000022672765615017e-01 0.000000000000000000e+00
-8.677196235531444909e-03 2.627032935522334078e+00 -1.408749039864546138e+00 0.000000000000000000e+00
-1.238056378296700899e+00 1.330225342309254988e-01 -3.714295559982615513e-01 0.000000000000000000e+00
4.857283367268057095e-01 1.318381366362313845e+00 -2.565055911439417802e-01 0.000000000000000000e+00
7.360038113590235964e-01 -5.414177888902163005e-01 -7.192970472651655234e-01 0.000000000000000000e+00
-6.246890528420706579e-01 1.965734808922892651e-01 1.564936088167576678e-01 0.000000000000000000e+00
-6.341155822715192070e-01 2.301151833629415111e-01 -2.700862661788296371e-01 0.000000000000000000e+00
2.600062357908823896e-01 1.094038972260522602e+00 -3.438885064674932490e-01 0.000000000000000000e+00
-3.817769514287739363e-01 -1.706263165528205450e+00 1.387397519707744831e+00 0.000000000000000000e+00
8.241934460902020643e-01 -1.842650025316118212e-01 -1.394119680375248416e-01 0.000000000000000000e+00
8.891718527804970407e-01 -1.797390842136278311e+00 1.476949586546046633e-01 0.000000000000000000e+00
1.525962441067185926e+00 -2.550416515330451439e+00 7.814476960865394117e-01 0.000000000000000000e+00
-1.347665418761368139e+00 -5.313728896666148893e-01 1.763108871390542731e+00 0.000000000000000000e+00
-1.402352194505241068e+00 4.178019717451712522e-01 1.374628726219110364e-01 0.000000000000000000e+00
-4.025862164794268283e-01 -9.300315520030902894e-01 -3.288140028742367327e-01 0.000000000000000000e+00
-2.725213687260693574e-01 2.103569803891641998e-01 6.721695184782006116e-02 0.000000000000000000e+00
-2.255200858150832599e-01 1.176957044912384648e-01 -2.722438427274103123e-01 0.000000000000000000e+00
1.212721253629341217e-01 4.151347306304878915e-01 -2.887412506010813562e-01 0.000000000000000000e+00
-1.049477813004830340e+00 -9.242518305826215030e-01 9.023249311242085291e-01 0.000000000000000000e+00
-2.619066670995296442e-01 -6.174834077298331225e-01 9.565164970962912461e-02 0.000000000000000000e+00
4.673707145502791760e-01 -7.661386777929703185e-02 -2.464795786303238811e-01 0.000000000000000000e+00
1.315314195125928842e+00 -4.000380069360960356e-01 1.835613941935331450e+00 0.000000000000000000e+00
7.204611723774535514e-01 9.757166207978211492e-02 1.948222229570712116e+00 0.000000000000000000e+00
1.256317556405032176e+00 -4.840812412498187722e-01 1.441159397522600860e-01 0.000000000000000000e+00
-2.978707247981548512e-01 5.563552212006146469e-01 -3.459801994976179906e-01 0.000000000000000000e+00
-2.249676797280161455e+00 9.363037197001040646e-01 1.326585690213003099e+00 0.000000000000000000e+00
-4.230445289614340076e+00 -1.017891781785315863e-01 1.113754108461932901e+00 0.000000000000000000e+00
-5.069098461449779158e-01 7.319009439235426573e-01 6.553291042823852219e-01 0.000000000000000000e+00
-2.306286734608761879e+00 3.767756967931717438e-01 -1.616351199549323492e-01 0.000000000000000000e+00
9.029144677719815396e-03 2.225433272815890540e+00 -9.333170929855969522e-01 0.000000000000000000e+00
2.771801498228836369e-01 1.838039519138323771e-03 -4.287303790558218836e-02 0.000000000000000000e+00
2.548676694836518944e-02 -2.187447249862518872e-01 -1.686480486541744317e-01 0.000000000000000000e+00
-1.033260320445694297e-01 -3.685674740353715451e-01 -6.106236962075719393e-02 0.000000000000000000e+00
-7.040551174375582200e-01 -1.602592627021894589e-01 1.830595948403081485e-01 0.000000000000000000e+00
-8.925086291066974820e-02 3.126365814892539952e-01 -1.192186477178285020e-01 0.000000000000000000e+00
-2.888391288427227810e-01 1.462712998846474044e-01 -2.973175127457552969e-01 0.000000000000000000e+00
2.220066350725837800e+00 6.134116649151536566e-02 2.038650358436830956e+00 0.000000000000000000e+00
1.196825807165583067e+00 -3.072237007012815213e-01 1.613724724018623213e+00 0.000000000000000000e+00
8.918776787435251929e-01 -5.661191475354218072e-01 -2.041631108228852132e-01 0.000000000000000000e+00
-1.133029834944230957e-01 -5.597106780972969098e-01 -3.087830455255096140e-01 0.000000000000000000e+00
-1.347057672340049139e+00 -1.896939466584628198e+00 1.566717150787696911e+00 0.000000000000000000e+00
-3.538944624742914158e+00 -1.243100106848417097e+00 1.044478878383207521e+00 0.000000000000000000e+00
-6.232224117652523931e-01 -8.426374610241296192e-01 2.033940442764733125e-01 0.000000000000000000e+00
-1.477516638351690448e+00 3.668334006401144376e-01 -8.386413526045729538e-01 0.000000000000000000e+00
5.338237950300910306e-01 -1.330223351187244774e+00 -1.941938008807718163e-01 0.000000000000000000e+00
-2.931367760831490532e+00 -1.647054606797779819e+00 2.909494254553440573e+00 0.000000000000000000e+00
-2.482991998821014956e+00 -9.565386601821856960e-01 3.685976325283047750e+00 0.000000000000000000e+00
1.768102386600942877e+00 5.520266169241798693e-01 9.263816292382093254e-01 0.000000000000000000e+00
-1.711061821665571525e+00 7.613151284173231836e-01 1.636110721996002271e+00 0.000000000000000000e+00
-2.693176588782722369e+00 1.381141231870739228e+00 1.321925023987593706e+00 0.000000000000000000e+00
-8.031391992353003051e-01 -1.125681779785963510e+00 -2.817375718791445549e-02 0.000000000000000000e+00
