-1.154181805627096935e-04 3.019187408526746719e-03 3.268190444712382181e-04 -6.009869547298762882e-04
-4.731033402857454107e-02 -4.729021408295341899e-02 -4.721401058028451558e-02 -4.784320892992294239e-02
-4.726502136241958474e-02 -4.737520900531544399e-02 -4.720532350650888387e-02 -4.724932705434026214e-02
-3.138778819294381073e-01 -3.182522910046861053e-01 -3.151306042139955244e-01 -3.128584931271438663e-01
1.503863628417700937e-03 3.174145805928674235e-03 1.880046217995090529e-03 1.799302008094583183e-03
1.737182342901322230e-03 1.973133956196249095e-03 1.767253873946397769e-03 1.975833364530998892e-03
-2.901535636093299786e-02 -2.629754784771876075e-02 -2.974221768782925324e-02 -2.583266790303762050e-02
2.961960736784319259e-02 2.877159534060247381e-02 2.925875795767526877e-02 2.982615865364113272e-02
3.364016000001468498e-03 3.070295994119121019e-03 3.447238981623357290e-03 3.182638836616236144e-03
-6.555367840659354073e-04 2.230334808329903495e-03 8.384154467803162092e-04 -1.484508317462607252e-03
-1.398374546437874955e-02 -1.854612885283413171e-02 -1.262696126814166764e-02 -1.869929362660349703e-02
-1.206788445770112794e-02 -1.040350500987274884e-02 -1.137318092643413436e-02 -1.240291483119082550e-02
1.659010388951998038e-03 -5.007709025984574680e-03 2.392558312314108093e-04 9.204007182428419753e-05
3.986094400496575929e-04 2.600266230272652024e-04 -3.276590813583446504e-05 2.553581253847969634e-04
-1.526679181035772714e-03 -1.936066108550127396e-03 -1.543761987885916565e-03 -1.872318180716980862e-03
1.143250110068327885e-04 -1.768084248916501622e-03 2.709358150357332740e-04 3.299555149882671401e-05
3.793695191029733405e-04 1.363948174519791223e-03 4.003942706349850056e-04 4.163521799472880147e-04
4.686146423740211731e-04 6.869050252302777437e-04 4.661173078649716306e-04 2.082474184075255863e-04
1.285371311211536138e-04 -1.400157848681082839e-04 9.142898229774765184e-05 1.032082288088265187e-04
-5.677352837203386571e-04 -1.563236842169302143e-03 -1.350567309036279640e-03 -2.951884573908492015e-04
-1.339012201580724870e-03 1.196459314423137243e-03 -2.242148726192993990e-03 1.299774048568597129e-03
3.099792228828723850e-03 2.087224140285726115e-03 2.597207953528524182e-03 3.252537758543894153e-03
4.197670496705052656e-04 6.226353837487152987e-03 1.708475625805228049e-03 2.165146661840755549e-03
4.932146678786608618e-04 7.309999450528792408e-04 5.052871424065519257e-04 6.683152445847717615e-04
-7.487682833267061966e-04 -2.856183214769991707e-04 -3.187501920641766517e-04 -3.460906853526846128e-04
-2.129652592801623001e-04 1.774435934080553778e-03 -4.297389231070480875e-04 -4.548677061828598767e-04
2.814978809229096157e-05 -7.279577925723978993e-04 1.991159172269885147e-04 -6.106119627380390824e-05
-2.426792899770102707e-04 -5.272815446706324849e-04 -1.995866739407103907e-04 1.055483392420342170e-04
-1.502600541319898397e-04 9.411275010151598508e-05 -1.216218683384173715e-04 -2.504412289088264743e-04
1.222088784529340444e-04 6.636935517483344427e-04 7.877331603223236556e-05 6.786249820711631742e-05
9.190769251238295467e-05 1.720699416789539526e-04 1.814025431157162416e-05 1.808593941803326999e-04
1.374821897610623012e-04 8.105315770579046841e-05 9.978487259615365090e-05 1.310125780740190038e-04
7.755174640111661688e-05 8.528464675916502813e-05 8.039291383127311619e-06 3.010555928057989661e-04
2.783807742134936092e-05 9.585092929920158156e-05 -4.011272338727556175e-05 -1.251427009423267123e-04
-2.581928993214965828e-04 -1.104904396766470676e-04 -1.094287160141767246e-04 -2.853027659606849342e-04
-1.356166310319900647e-03 -1.825284406531541004e-03 -1.160935860988018820e-03 -1.858955374079269973e-03
-3.800239001530564265e-04 -1.748252282174761474e-04 -2.597223775332030415e-04 -3.971469138763089601e-04
-1.897840072795919930e-04 -1.643026344993026022e-03 -5.347155360755362352e-04 -7.168784160082875001e-04
1.792489176912492876e-04 1.846969540642007246e-05 6.493648717341427012e-05 3.524396918745675844e-05
-5.558981847308963609e-05 -1.023195635789231339e-04 -6.198988755426459996e-05 -8.474681616055246280e-05
3.026525767451104798e-04 -1.971181297011348477e-04 3.985906407136807772e-04 4.129202405282472732e-04
1.222828606833592513e-04 2.364810728518185190e-04 3.069039613351476348e-05 1.281199159664514475e-04
4.182530209936863308e-05 1.130840921562681345e-04 1.536509563698773562e-05 -8.019294415723132730e-05
5.296011258804078636e-05 -1.789044605382539288e-05 3.786873456834705109e-05 9.795400072482030041e-05
-1.400391727692795740e-04 -3.425484271555312432e-04 -3.523303709868086386e-05 -6.246552919586534358e-05
5.196024924963849045e-05 3.297449626005199974e-05 7.446198499461154086e-05 1.918311217063983776e-05
-6.797074155379112526e-05 -1.496957841740087503e-05 -3.226806529504910870e-05 -6.860702186739509045e-05
-3.341508316490049424e-05 -5.120526389046364812e-05 -4.086776545286774365e-06 -1.505097782711350973e-04
-9.049334453170576609e-06 -4.011688509697464156e-05 2.375382288329064284e-05 8.369532880059260549e-05
5.805527098612373038e-06 2.582043858889715437e-05 3.501585705345533484e-05 2.441727471665933180e-04
1.462178087787702196e-04 1.260404522839264629e-04 3.375274381522963552e-05 2.038168150155228453e-04
7.740467324257593873e-05 4.224108110195690102e-05 2.215803769511914822e-05 1.123799594673902114e-04
-3.299375610707477868e-05 2.810686745136070641e-05 -2.135320095505988114e-05 -1.461609453302925576e-05
-3.942242556886910165e-05 5.159136837659672459e-05 -3.267794944769586429e-05 -6.533545450637667784e-05
-1.785268438225795506e-05 1.790328361195303586e-05 2.130903191757682613e-05 7.700542984201419472e-05
8.824640862900399174e-01 8.818123374334654319e-01 8.824127172823951204e-01 8.825080340243569577e-01
4.609240431366265173e-06 8.635324987306081544e-06 5.113746707981977128e-06 6.057306077084125120e-06
