1.636235787858886237e-01 3.015247907194976151e-02 -4.146410256750554524e-02 2.885997590107240995e-01
-4.598102085337004707e-01 -4.284289601107704182e-01 -3.730263423486538388e-01 2.838076117886931815e+00
-4.260262024676655934e-01 -4.204902530567756203e-01 -4.215559189523877537e-01 1.046941855755377571e+00
-3.966989417041998922e-01 -6.319635233588249967e-02 1.711755631243006004e-02 1.448796306616919605e+00
3.074464126393330332e-01 -8.594546377153858274e-02 -2.713482420340528334e-01 7.221673979975040680e+00
-3.464777815323361043e-02 -1.673782076247849054e-02 -7.488830900951691516e-02 -1.246944615547858515e+00
-3.958805520205972428e-01 -2.489749919606009665e-01 -1.919262075629790121e-01 -1.356732288127828312e+01
3.373004931954377006e-01 2.760145770137784615e-01 4.044449406062186614e-01 -3.286509602784855488e+00
7.320409858849410978e-02 -2.604896677471815747e-02 -1.896018551374844541e-01 8.726533962823728174e-01
5.488322243894019348e-01 2.135821679012909757e-01 1.881147410116588148e-01 -2.171174161415763137e+00
3.801114174859446249e-01 -1.145477306797766104e-01 -2.584258117828389656e-01 1.473570361069833368e+01
-2.450469669002780515e-02 1.005705513507845483e-01 -1.603932525354884175e-01 3.008864579469165523e+00
-4.009829858431935290e-01 1.178428902154698144e-01 5.413399472640549881e-01 -4.139256683833796302e+00
-1.328365914589775820e-01 -5.231042087843587596e-02 -5.097646167095515324e-03 1.272130484141688278e+00
8.951351618190378501e-02 3.207878618605070065e-02 4.190242389466139472e-02 2.436600711524364193e+00
-7.605624676634725745e-02 -7.445869249071881968e-02 -6.124174447144820066e-01 -7.311473280997832447e+00
-2.833016148727728334e-01 -3.177267194070232392e-02 -3.444201933003417371e-01 -7.444383571491925977e+00
-1.717525015386503484e-02 8.188310855565372748e-03 -1.538242517237304874e-01 -1.235358732432793261e+00
3.562322046491107896e-02 -3.566552121925248287e-03 -4.079645182784112645e-02 1.075978058677561355e-01
-2.747673478516739487e-01 -1.288572780879455315e-01 -1.319217531060848381e-01 1.082024754872603634e+00
6.717499423377182310e-03 3.938628709088740076e-01 4.576967058442033554e-01 -5.717509058991742776e+00
-2.374137347547625176e-02 -1.158658957349246316e-01 4.588805510948862354e-02 -1.015508431904307507e+00
-1.082366101792799906e-01 -4.059817507919325497e-01 -7.901282800015514418e-01 -3.503808694845241156e+00
-5.215470990386450456e-02 -2.251911607809484184e-02 -1.451223904887963267e-02 -1.593251941756587131e+00
6.725680876217271509e-02 7.361831123672769872e-02 1.170305207795043212e-01 -2.229207001108737707e+00
-1.086735862885065407e-01 5.120815521147542571e-02 4.353319013472233268e-01 1.315874658346642434e+01
3.061020058021460266e-01 -2.000090452441888322e-02 3.750607218480004890e-01 6.872573536460136800e+00
-5.784562344802371414e-02 -2.128273788668863520e-02 1.721610621295108778e-01 9.160455943637790810e-01
-6.244460205203111736e-02 1.512370088898420950e-02 9.559476911217459905e-02 -2.191938036026221115e-01
-1.162139936616301439e+00 9.446515278488329392e-02 4.576032726210244039e-02 -1.193093506745210775e+01
-2.416000556442086111e-01 1.487490664472716495e-01 3.700049749709818925e-01 2.190710733492968743e+00
1.406480407584244641e-01 1.051496853039576990e-01 4.566403644830894226e-01 1.794400843127280432e+00
4.542774254684400770e-02 4.612902217237060953e-02 3.073613736826312781e-01 3.781711048320657298e-01
-8.895135130903425447e-03 1.183817170872764057e-02 6.525142373813296037e-02 2.482524589950854121e-01
3.933254539531081534e-02 1.619423253625745449e-02 1.820638142727938613e-02 -1.858147827530995944e-01
-3.564986367153782226e-03 -9.570591220229864027e-02 -1.014967971054315521e-01 6.842356088769291356e-01
2.109807304885857882e-03 2.342291859765071801e-02 -8.298571872940453675e-03 1.004801123478663571e-01
1.558069397093530539e-01 2.331880068878449674e-01 3.174945328919267507e-01 2.176453888188298880e+00
2.508694121145696454e-03 -1.183280029846901782e-02 -3.681570316984363739e-02 6.750175626814290952e-01
9.094650664044287569e-03 6.167926246685231928e-03 1.700137952405568476e-03 3.401124356768114310e-01
-1.221390604919320999e-01 -8.069743677280022398e-02 -1.976700112876138560e-01 -5.319402033322337964e+00
-1.478611934678173978e-01 2.259349576381902702e-02 -1.277577622762605114e-01 -1.208248825223819267e+00
2.352782321697352574e-02 1.856579365808295329e-02 -6.245001626482023227e-02 -1.640493564000056192e-01
1.999439565585026807e-02 -5.281593244486140759e-03 -3.438751454278539399e-02 6.602478446442301696e-02
7.793835669787676501e-01 6.971652860770261029e-02 2.879260535156596967e-01 3.376669881505165449e+00
1.666563256926035241e-01 7.141297316146155705e-02 -1.393288063127351428e-02 -3.331306474219501101e+00
-8.805909538391756830e-02 2.200822460110002377e-02 -9.727743551262305055e-02 -8.349059847989650507e-01
-3.183569978677014412e-02 1.316563795084609023e-03 -2.847295141964975573e-02 -8.638452657518835842e-02
-2.544347979946959271e-03 -2.491356754261472850e-03 -3.261298021845340789e-03 -8.310120323982117529e-02
9.925070584129099815e-01 1.428467410041585339e-01 6.385111555477527290e-01 7.666149437877555428e+00
6.870081909468135350e-01 1.881092608686537049e-01 2.693144757654224453e-01 4.291708363099009382e+00
2.348284179549461059e-01 1.183977353362131724e-01 3.339703920215023603e-01 1.722139657829395709e-01
4.319054660767757126e-02 5.856171743287916232e-02 3.127531043281631673e-01 -2.193584420502159293e-01
3.019619181010884529e-02 2.108954520849137815e-02 1.050852791766507255e-01 -1.910065061543865517e-01
5.687495113080864861e-04 3.111517052979295705e-03 -3.737850144436921651e-03 2.944170520791955514e-02
-8.299490257767536128e-02 -6.628208304286621610e-02 -4.501377518569914943e-02 -4.269178668433568635e-01
6.311246674544751176e-03 3.411359595268922355e-03 5.550738390002476867e-03 1.326417183441444200e-02
