-2.350243130910564471e+00 3.520942439177153105e+00 5.556800964650676633e-01 0.000000000000000000e+00
-8.421531984964150119e-01 1.256235937605036712e+00 6.098712602888006762e-01 0.000000000000000000e+00
-7.299465358510143220e-02 -5.089465290834837008e-01 2.190241232267405636e+00 0.000000000000000000e+00
4.442419965021536798e-01 -1.326250336296964649e+00 1.397533591810737663e+00 0.000000000000000000e+00
-1.080192387819658845e-01 8.798444964926446787e-02 2.981317485672781431e-01 0.000000000000000000e+00
1.686499330196487900e+00 1.374439496124488513e-01 -1.128878443823573052e+00 0.000000000000000000e+00
1.797209248765853709e-02 1.799477588084996471e+00 4.912148365593044796e-01 0.000000000000000000e+00
4.143355575183085282e-01 -1.845177800263051587e-02 9.982055183274756160e-01 0.000000000000000000e+00
3.733240245525073497e-01 -1.608276060544889530e-01 -7.728497580599790195e-01 0.000000000000000000e+00
8.212446391711474281e-01 -1.670477282762121929e+00 1.221376253989411076e+00 0.000000000000000000e+00
6.208284336889136751e-02 -1.990945427833152315e-01 5.566103371898790259e-02 0.000000000000000000e+00
4.960712769723468751e-01 -1.555058543690982231e-01 2.315573477822889525e-01 0.000000000000000000e+00
4.562438270455940748e-01 -2.844346670380077519e-02 -7.705763396377885988e-01 0.000000000000000000e+00
1.229685081399656266e+00 -1.755053124880839865e+00 -7.375805157366065457e-01 0.000000000000000000e+00
4.666363131438115985e-01 -1.125278145851205336e+00 8.510241556815293373e-01 0.000000000000000000e+00
6.558030561299234007e-01 -2.922598718895457193e-01 -5.763120273703345453e-02 0.000000000000000000e+00
-2.545860893714977924e-01 4.604302923792845115e-01 1.911918642042763850e+00 0.000000000000000000e+00
-6.162004002054132235e-01 -2.861272735400043898e-01 -1.997207430736423373e+00 0.000000000000000000e+00
-2.537381189901204426e-01 -1.527467433526967233e-01 1.389891062009137812e+00 0.000000000000000000e+00
6.510053074050834443e-01 -7.069177293424148134e-01 1.213476578793978300e+00 0.000000000000000000e+00
3.478651798356281050e-02 -1.672670049384487878e-01 -4.641562148533637938e-02 0.000000000000000000e+00
2.350813341423803604e-01 -1.431107419076982912e-01 -1.233527307282987623e-01 0.000000000000000000e+00
7.316093375321101877e-02 1.693031432518770918e-01 -2.933330661566319608e-01 0.000000000000000000e+00
6.242792462065480663e-01 -1.143513429542082127e+00 -5.359369800758899682e-01 0.000000000000000000e+00
3.907564577504683001e-01 -4.680963874784755396e-01 -1.669331854305104168e-01 0.000000000000000000e+00
1.368611602807049965e-01 -1.594899751106614583e-01 3.471054987831137528e-01 0.000000000000000000e+00
5.578709989490751031e-01 1.907077081784178674e-01 -1.673418661156362841e-01 0.000000000000000000e+00
7.338227598623651635e-03 -6.769448703021996305e-01 -1.149339388649716742e+00 0.000000000000000000e+00
-2.849399123814920776e-01 2.549399949164265003e-02 1.213821641051271299e-01 0.000000000000000000e+00
3.654288746414106615e-01 -2.911651948982148519e-01 -1.696993579111918671e-01 0.000000000000000000e+00
2.888668145952038468e+00 -2.292921284215132971e+00 -1.811911877158690842e+00 0.000000000000000000e+00
2.078405499999997907e+00 -1.181643413298782558e-01 -9.794025220612804228e-01 0.000000000000000000e+00
8.693489739373971847e-01 -3.825854979359467056e-01 -1.490243824714142074e+00 0.000000000000000000e+00
1.130990988177711598e+00 -1.244441139795879891e+00 -6.655089220727741228e-01 0.000000000000000000e+00
2.523999087490191306e-01 3.635143660615017258e-01 8.338047306694769123e-01 0.000000000000000000e+00
-4.170760719745547629e-02 -9.237839883323191795e-03 -2.887515973132704847e-02 0.000000000000000000e+00
-1.012141343448324515e-01 -1.540858160137281718e-01 -1.520485617869022088e-01 0.000000000000000000e+00
-2.776699902917697527e-01 1.964437670767986421e-01 4.090038968258695173e-01 0.000000000000000000e+00
-1.616464395033868559e-02 -1.426029354599900878e-01 2.091741626510670859e-02 0.000000000000000000e+00
-5.327055429447348223e-01 1.075571702223507176e+00 -1.878876520184557253e-01 0.000000000000000000e+00
-2.685805322341230927e-01 1.452925654053008053e-01 -5.654887631094731313e-04 0.000000000000000000e+00
6.425092301583357202e-01 -1.816896826553570377e-01 -1.286572271625223252e+00 0.000000000000000000e+00
6.097121393582398685e-01 -1.257892798526118794e+00 -3.267053540906242337e-01 0.000000000000000000e+00
-5.796382134651631990e-01 3.868460916399871913e-02 -3.545651011975763933e-01 0.000000000000000000e+00
2.847435782023461925e-01 -2.063725583063837632e-01 -5.628469606718730645e-02 0.000000000000000000e+00
1.424605662093006542e+00 -1.832756406448364350e+00 -9.594621876953218775e-01 0.000000000000000000e+00
2.034024571424767114e+00 -3.331727789264832262e-01 -7.183572827524408178e-01 0.000000000000000000e+00
-5.307295657969067770e-01 5.919334168325045553e-01 -3.832638364312678236e-01 0.000000000000000000e+00
8.482732771476952927e-01 -2.134809229422135690e+00 -1.868047695790812923e-01 0.000000000000000000e+00
-1.517051211112277476e-01 -7.958962378286953410e-01 2.838102031913388723e-01 0.000000000000000000e+00
1.433575553711365774e-02 3.736229677440225938e-01 1.661055822379111868e+00 0.000000000000000000e+00
-2.195435533396277616e+00 -3.163371273590314114e-01 -1.158126377787020572e-01 0.000000000000000000e+00
-9.969614435962784738e-01 1.221447695957777579e+00 -1.043273739418210333e+00 0.000000000000000000e+00
-3.987951788959123167e-01 1.343246014953150214e+00 -1.435522948998669390e+00 0.000000000000000000e+00
-4.980243720463307655e-01 3.396024076053227314e-01 -4.485923442650497917e-01 0.000000000000000000e+00
2.203066274256627599e-01 5.822249600642336737e-02 2.821533089180225939e-01 0.000000000000000000e+00
