1.553767870104216797e-02 -2.897597840552812443e-01 9.727777244699864490e-03
6.394138973750657096e-02 3.359778635959656534e-02 4.870433001016162555e-02
5.754038890242345328e-02 2.402792117123169618e-02 2.989269678230749988e-02
-5.921224451181658077e-01 -3.528266894402738996e-01 -5.890436173817226173e-01
3.358011293769372352e-02 6.370028757992647617e-03 6.620438622843728693e-02
1.949957182006244183e-02 1.302419380370211863e-03 -5.563606161020598351e-03
5.397177090177424086e-03 5.947512783306211498e-02 3.281293534884463514e-02
-7.285165719235688064e-02 -8.665959875503389392e-03 -5.493072190447936820e-03
4.126109097973938711e-02 4.848284987919421196e-03 2.642352522782604948e-02
1.398551155027099591e-01 8.512709303702109542e-02 1.441291849305856299e-01
1.263357912174714950e-02 -1.915469536148524735e-02 -1.080139924516902196e-02
2.769555697467589173e-02 -1.639108689938436475e-04 -4.505181661978191476e-03
-5.290057919870846947e-03 4.242012485267962832e-03 -3.274455055126984648e-02
-3.812550692243337619e-02 -1.403758170977763807e-03 -1.577729456582339235e-02
-1.532395289153267587e-02 -6.566291085054786272e-04 3.709479511418999065e-03
1.338938893291938964e-02 3.056189295413916374e-02 4.835586219950271242e-02
3.114434950205444835e-02 1.174530029053741853e-03 1.302919649514377651e-02
7.484847032223844454e-03 1.997782266377479132e-05 1.890214796020731405e-03
2.214726720050453485e-03 3.832497127433404788e-04 -4.068663119849956489e-04
8.683037538085028872e-01 9.815999888924549222e-01 8.640008170041901803e-01
4.028943390555563692e-03 8.913836355050808917e-04 9.824605588580833954e-04
