-1.109316430033772782e+00 1.317875388503249479e+00 0.000000000000000000e+00
-6.406058222003178093e-01 -1.327731730068419269e+00 0.000000000000000000e+00
-7.398880015162798696e-01 -6.200945993089413966e-01 0.000000000000000000e+00
-4.700560159386517056e-01 5.992941987954795297e-02 0.000000000000000000e+00
2.040964376453522633e-01 -1.280613127279119023e+00 0.000000000000000000e+00
-1.442724149029976699e+00 9.280075365208814153e-01 0.000000000000000000e+00
-1.158395123051036979e+00 1.433004463497304926e+00 0.000000000000000000e+00
-1.462841170694803905e+00 1.616939562149438958e-01 0.000000000000000000e+00
-9.285644025422468140e-02 -9.580533764350538384e-01 0.000000000000000000e+00
-4.322849956759720613e-01 4.564771939230523601e-01 0.000000000000000000e+00
6.619241524467848192e-01 7.076553549052606862e-02 0.000000000000000000e+00
-1.398124345511485123e+00 1.417856849757894722e+00 0.000000000000000000e+00
3.034637308490862884e-01 1.043855732542666309e-01 0.000000000000000000e+00
-1.378174551329093278e+00 1.432235174805553291e+00 0.000000000000000000e+00
-4.485804163904474340e-01 1.113795513461256936e+00 0.000000000000000000e+00
-5.044686248381244909e-01 -6.318858405699574465e-01 0.000000000000000000e+00
-1.514728165941921612e+00 1.465953568789380324e+00 0.000000000000000000e+00
7.352290337910039053e-01 5.605496785844479302e-01 0.000000000000000000e+00
-1.293333202255476655e-01 -8.356916792973069219e-01 0.000000000000000000e+00
8.714077101891931632e-02 -5.508595839837285985e-02 0.000000000000000000e+00
