-7.507547392264829478e-01 2.307762082398197578e-01
5.321267951512814731e-01 -6.923442253861673557e-01
1.175436161311449901e+00 -5.310308597084967275e-01
2.782067940556553487e-01 -8.530681392748271086e-02
-7.697121503960397959e-01 1.488085418517200109e+00
-2.631830528129429636e-01 2.540197604759190098e-01
6.856433320353041982e-02 4.473829050294374221e-02
-1.061402614196751193e+00 2.883995244910199096e-01
3.047142564214453953e-01 4.737553185355106722e-01
-4.780537799336566362e-02 1.864731134167717241e-02
2.385280650120739920e-02 2.038732822267674133e-02
3.550766353375733320e-01 -7.160290807100300192e-02
2.692048318840767340e-01 -1.098601675419653922e+00
-4.800281779286476314e-02 -1.970299240517068284e-01
3.353917858197778545e-01 -7.307089587132659103e-02
6.005084845340089572e-01 2.298938310711934108e+00
-1.445817672723437752e+00 1.572213883110847199e+00
-9.573619787102513046e-01 6.191302264680855760e-01
-5.433232286244712439e-01 1.839270395746880893e-01
4.194703824348769081e-03 -1.498721948394184968e-03
-2.065279887523414210e-02 -9.466061589192120013e-04
-2.727600067293552838e-02 6.912616534712244000e-03
1.068908726110493895e-01 1.183513557360477558e-01
-7.028885144769603244e-02 4.074143991801539022e-03
-1.809494997324023191e-01 1.320602055163420940e-02
-8.500818974072741341e-01 -4.467374253526466554e-01
1.056084802180652815e+00 -2.749222461412887397e-01
1.770988520753490891e-01 -1.270325945021332781e-01
-3.068470017145827344e-02 -4.279274196576429712e-02
4.288552912349606339e-01 1.047601175395740825e+00
-7.316603252341649100e-01 6.821676243523427940e-01
4.293325774294850516e-01 2.001494052530377876e-01
1.084790917804927313e+00 4.361392016850264286e-02
1.793759542021683973e-01 -2.549175036202242298e-02
4.616772914299619446e-01 -2.864485342541800983e-01
1.318929128835616138e-01 2.623572298375059439e-02
