-1.878542395635911799e-01 -3.050102191198837409e-01 2.728110142617894418e-01 -2.421007532406140583e-01 7.542814100022673940e-02 -2.136183749305468060e-01 -2.614819977337389245e-01 -5.412674909411008262e-01 -6.623507943431909684e-02 -3.270130927137622490e-02
5.317782908521669905e-01 3.437495563895484607e-01 -3.121494736911112344e-01 3.554770260682591498e-01 7.474868407477923693e-01 2.948164400950524788e-01 2.430017231125611299e-01 1.056097305308798529e+00 -3.430190366810328961e-02 5.106939687803285777e-02
-2.749081744618513817e-02 7.904465187672271576e-02 9.831641132465682165e-02 1.477920190414705459e-01 1.309363378770379144e-02 2.566661382421153714e-01 3.175185437702468527e-01 -2.370315148138042727e-01 -1.308276449600472291e-01 2.138590383411110574e-01
3.026411624992420349e-02 4.939887035959036193e-02 -1.000816627952631488e-01 3.441035833421232648e-02 -2.477196329790078144e-02 2.723589175244833793e-02 3.375639917719327338e-02 1.289749027499118850e-01 1.124186072825603816e-02 -5.930081866499921535e-03
-2.040396787236398723e-01 -1.143646026526336512e-01 2.871227276350676316e-01 1.218753948979160034e-02 -5.330041220268946223e-01 1.347230995010498811e-01 -3.371263786862838674e-01 3.948026761388590877e+00 1.467821476874183295e+00 -3.503023427568581483e-02
4.721658331774406664e-03 -6.117116028718340773e-03 -2.158225383108569317e-01 5.997218601340439589e-03 -8.576570712661603368e-02 2.139987556332822137e-03 4.595744584797564238e-03 2.134159484869853518e+00 3.146576907559368863e-02 -2.892969034247108717e-02
-8.422585092265812146e-02 -2.385002221403336592e-02 3.086724930355325691e-01 -4.043475022441595651e-02 6.154204911120870342e-02 -3.822140792059498110e-02 -2.665616023572527429e-02 -4.489175053569055551e-02 6.739951825417465903e-02 6.426450178362097532e-02
-2.000694605232594334e-02 -5.115068048545671348e-02 -4.689649877697830982e-02 -9.328600009236841240e-02 -1.905864977665694404e-02 -1.431773567362435717e-01 -1.746463267870349556e-01 2.456058211579785489e-01 -7.651197084539622037e-03 -1.149122348008510819e-01
3.820941604265332137e-02 -3.416822409962170376e-02 -5.734781050413710890e-01 -7.268356907159284619e-02 -8.607937575486760418e-01 -1.161507628208935383e-01 -1.451591811292136380e-01 -1.777398322255459295e-02 4.498006614055808372e-01 -2.112042026838825970e-01
-4.190694320853085020e-01 -5.817378633118375220e-01 1.506652456816786612e-01 -4.487308668646283194e-01 -3.056062015800370180e+00 -3.228266311241796416e-01 -2.425371362576707324e-01 -1.082418494226646377e+00 -5.028191002205911753e-01 -2.022702360368837660e-01
1.680500824180565234e-01 8.198226323489463813e-03 -5.831053191978716743e-01 -6.724024494761163262e-02 -4.837741838367056735e-01 -2.066007397159444203e-01 2.898298943731752314e-02 6.022509007572541817e-01 -4.421657116258711495e-01 -1.692304689810937846e-01
-1.528294825328325723e-01 -3.629785968750761649e-01 -6.234673207871559431e-01 -3.554327316868280962e-01 7.223431007624274702e-01 -4.803917944734563683e-01 -4.041267708371180101e-01 -2.938713338151679455e-01 -1.246945390219407201e+00 -7.719621610031100756e-02
-4.497271114632974132e-01 -4.016243127698094217e-01 1.344786781658859412e-02 -4.122773967293352770e-01 3.241459596081055494e+00 -2.776377377970664084e-01 3.325521452656243770e-03 -3.069945895959971249e+00 -1.384981755449972152e+00 -8.683193618130523317e-02
-3.910130738691419694e-02 1.407236659669213949e-02 4.936993301251542121e-01 -3.500273410366542409e-02 2.918581409083775835e-01 4.080020692534607960e-03 4.002152891707830284e-02 -4.049299021402164911e+00 -1.198285844268549838e-01 1.826210046981541768e-01
-1.395015430688730310e-02 1.318426820395338095e-02 -2.169943908853892364e-02 3.417790732221463040e-02 8.560382920103504212e-02 6.221883915733735643e-02 2.380609397794430926e-02 -1.978276384802024057e-01 4.183274148803718673e-02 3.690700481515802461e-02
5.078087355497711008e-02 7.865654071720387663e-02 5.073073639927420109e-01 1.089960851989024981e-01 9.857174356947190352e-02 1.564141435783626410e-01 1.072780712234071843e-01 -2.711505788406790574e-01 1.273743597191022703e-01 -1.289621880543780075e-01
2.559603395353436395e-01 4.441555782119079310e-01 -1.273845485062654811e-02 3.669543192732857562e-01 3.936281631904100381e-02 3.336849775088595593e-01 4.169962651226724604e-01 -3.445712608919622166e-01 7.545780253791997683e-02 1.461704255581676715e-01
7.960073110026931811e-03 9.407792651338274872e-03 3.051614237523118597e-02 7.965540659181990363e-03 2.746104794112418090e-02 1.101341286102460945e-02 1.205398489489921399e-02 1.465914705064540469e-01 1.469977129241727999e-02 1.328819308645191183e-02
