7.802676905970123977e-01 -2.562952322426192420e-01 3.104585744312409190e-01 -1.148684906212113083e-01 2.203817764672733048e-01 -4.628363467933235831e-01 5.822287370071130286e-02 -1.702061407794139627e-02 -1.868627615263072222e-02 3.402270418381617145e-01 7.604087588032089340e-02 3.301366022422981272e-01 1.644952213820325970e-01 -8.000491205178519860e-02 6.104662292554877828e-02
-5.751216266075513950e-01 -6.009026634319107885e-01 -8.452991624749869870e-02 2.078434531581417610e-01 -4.339163408587513593e-01 -1.785679835017732475e-01 1.722256996033026510e+00 9.045330112462784955e-01 5.882447306202504000e-01 6.890076075831423896e-01 -3.346501934013726420e-01 3.056577840496192411e-01 -1.274101604591075798e-01 -5.333489703788367731e-01 3.698720793562383924e-01
5.223552725137541736e-02 2.491911133797340694e-01 -5.720168259223121776e-01 1.475384480534928655e-01 -4.712868897364803633e-01 4.225547387749452599e-01 6.676193823524566306e-02 1.294352385743719469e-01 1.358709041369193793e-01 -8.137646316129316937e-02 -1.587924820197398335e-01 -5.048931060046482067e-01 -3.818884967768642058e-01 5.346020330832781248e-02 -3.799016992294474981e-01
-4.391122182057335260e-03 6.756047017280183975e-02 -5.942931045911004073e-02 9.846118239769505523e-03 -4.263513901655630739e-02 3.485697474752852409e-02 2.013394080610321490e-01 -5.131000132046988939e-03 -5.831481903766181155e-03 -6.042635446784545145e-02 -2.331144499837988285e-02 -5.996382274209417773e-02 -4.823958545200204145e-03 2.068012654910224637e-02 -7.650293895839614146e-03
1.570164027530669193e+00 -5.972841228977164851e-01 -1.397429055359441785e-01 -3.823134682701022635e-01 1.366967453513153963e+00 -3.854636725700324451e-01 3.990620345878325370e+00 1.398124497573809188e+00 8.300330447175791049e-02 3.694566149325559490e+00 -5.990145242332567399e-01 8.863351956439458057e-01 -3.354145093001400513e-01 -6.945033468611042649e-01 -2.440218866565762923e+00
-1.599676235013842707e-01 1.108825154818932207e-01 -1.839169256431298638e-01 -5.679614046836561903e-02 5.549483163266347510e-03 -1.923849105731290088e-02 3.778050800357431183e-02 -1.419336550228648963e-02 6.752830534978158591e-03 -1.487940891704350385e-02 -2.594497219651323849e-01 -3.096591973722433999e-01 7.645338879144754352e-02 8.897982330995590772e-02 1.074038030447544145e-01
-2.871013434988351154e+00 1.229303307372503484e-01 -4.707840421873985687e-02 -1.873449888608609559e-02 1.104656916519485138e-01 7.951523151279810131e-03 -7.554026165263669768e-01 -9.796005649916537938e-02 -5.173042685349261288e-02 1.792362907126904825e-01 4.279906016654536766e-02 1.886879493669037233e-01 -1.597950421673721144e-01 1.085953338006873520e-01 1.949457832556591441e-01
-3.778287522859155589e-01 -9.527954215808558114e-02 2.672377355003226485e-01 -1.397287773329812174e-02 1.772473459527260931e-01 -6.582482290899321908e-02 2.143572318539979094e-01 -2.104286079680217636e-02 -3.057877071432671748e-02 2.832053907606321003e-02 1.782973110050737817e-02 2.084728791914836343e-01 7.273635285486713953e-02 7.250571844886868900e-02 7.751315987669213370e-02
4.216356217897849312e+00 1.927049071088076104e-01 -1.753846647343647036e-01 1.906740623188570016e-01 7.207616154440535383e-02 2.438180514292345447e-01 1.171180433801263909e+00 3.622656450953335439e-01 2.045745264547469133e-01 4.004219179733242151e-01 -6.239242300175729117e-02 -5.566078709653229373e-01 -2.360591301806416742e-01 3.463434493504163880e-01 -3.932331735298393027e-02
8.192864541764514286e+00 6.691503632614015373e-01 1.436747756106596663e-01 -1.603381560587527344e-02 2.982770220170889441e-01 5.844442004607828256e-01 -2.844377507222184409e+00 1.970100255862488492e+00 -2.249484551281326628e-01 -4.613113258823219986e+00 3.006791849132369188e-01 -3.183167336255967594e+00 9.628204825206501116e-01 6.944386132896811503e-01 -2.400076498200819142e+00
2.552816639636956708e+00 4.098344743922264222e-01 -1.255854175818053253e+00 1.926113634848148903e-01 -9.509607501199918156e-01 1.251400043312067556e+00 1.327279195687400826e-01 1.593512428439674070e-02 -6.840114022249425829e-02 -3.371108882954595654e+00 -3.762215224335654362e-01 -2.491192160775085984e+00 -9.777208679767499522e-01 2.791080345779364258e-01 -6.018504124316513826e-01
-5.683984447445410204e+00 2.605199319186359691e-02 7.150511814517972464e-01 -1.804077585209076517e-01 1.177291228216916785e+00 -4.268862037053556269e-01 -1.845449750570884451e+00 1.449061237383574008e-01 -1.418351351263786100e-02 -2.064010993727248167e+00 3.458231489644457146e-01 -4.350850042918903426e-01 1.855396744075715310e+00 7.412409111439361986e-01 9.133804629653435869e-01
-1.051211125501609800e+01 4.538887813450748210e-01 1.907266229606202401e+00 -7.182060499252423957e-02 -3.831985794345449947e-01 -1.471155817944512778e+00 -2.010514433581000571e+00 9.259279691822732694e-01 -2.272137700769793350e-03 2.174565268358288339e+00 1.077754674025521053e+00 4.524077645476298315e+00 2.892469142106629310e+00 8.114657942338627805e-01 6.854676477845058180e+00
7.442506712622051213e-01 -2.075126212412876092e-01 6.452417436649586779e-01 1.402810954210131356e-01 1.592607834643376685e-01 6.516582182461858053e-02 -2.998585175048786411e+00 1.517654135031338281e-01 8.126693965892257954e-02 -1.756509504359827709e-02 4.819434901291894113e-01 5.167464842753446419e-01 -1.748016272499141321e-01 -1.913749843477200452e-01 -3.770347631979463210e-01
7.150362047920132656e-03 -1.069152658105459452e-01 2.547506738821873062e-01 -4.559045758191147303e-03 1.867058954301627216e-01 -1.185695086865382608e-01 -2.473989933027999355e-01 1.679836495265830607e-02 3.411566475060522075e-02 5.041602668363571738e-01 1.051545660845262381e-01 4.205029572364284429e-01 8.713702777670434552e-02 -6.452889228459721127e-02 2.367172180571699286e-02
8.621894203276510016e-01 7.226891597955716062e-02 -4.898605858942955416e-01 2.502370323937140595e-02 -4.144491550026239701e-01 8.359828969727851888e-02 7.045076682546409785e-02 1.978142529666499644e-02 2.735942517003894445e-02 1.098206117937685911e-01 -1.707161391965322517e-01 1.020103238011040164e-01 -2.635785819873876501e-01 -3.675102388944742615e-01 -1.762153092011304045e-01
-6.702098069551889470e-01 1.710751847663186664e-01 -2.091303380971653303e-01 2.825957624967895265e-01 -3.844900067945556388e-01 4.227362729892039095e-01 -9.267680231959262160e-01 1.428716545542993155e-01 2.038075960110206919e-01 -4.243618506467969342e-01 2.376953291239530114e-02 -2.833204799000661467e-01 1.742652441094327820e-02 6.780387233701519467e-02 9.700763014493507530e-02
4.274643320066466579e-02 2.660771259043123033e-02 2.723783079119245637e-02 2.435345956772868095e-02 4.633851388155594414e-02 2.975154311590328185e-02 1.266416872572554697e-01 2.574926011467335712e-02 1.933590732701506373e-02 1.254911635971342303e-02 2.894644624833793076e-02 2.003625524791956963e-02 2.095253088901343624e-02 4.649413016107248331e-02 1.295615420639001890e-02
