-3.311532255220549226e-02 -1.563935948391958819e+00 6.732303364351097663e-01 4.388829562273310891e-02 4.389765244002299394e-01 4.649264684760675004e-01 3.490700218662826787e-02 5.630111632216284745e-01 1.255135561365260388e-01 4.166629708005292060e-02
9.314232494913922134e-01 2.532522515522716677e+00 -5.010444682296104624e-01 4.360736823581449761e-01 4.498271279380821608e-01 2.053227757153675836e-01 6.184661168649178142e-01 -4.199864779005261783e-01 4.899906469242183427e-01 6.929110922856742683e-01
1.568775254849262557e-01 -5.415457244413288684e-01 -2.490508493291734293e-01 -3.609182724790994112e-01 5.833565500941607918e-02 -5.607166560373215702e-01 3.269181419038410530e-01 2.503749235201376266e-01 9.234893450506860557e-02 1.698446807293502447e-01
-3.128843021474092545e-03 3.129150137777502727e-01 -1.365852303081238894e-01 -7.332071943241091905e-02 -5.412632985400913505e-02 -1.110852848900158729e-01 -1.154492110734203422e-02 -1.252255052187396245e-01 -1.166979606515161985e-02 -1.243940078969719802e-02
1.321322351580996424e+00 -7.025243211776071028e+00 -3.351716662109097827e-02 -9.186647611248879297e-01 2.040885128521604308e+00 1.717389573955797610e+00 3.342441991743265728e-01 2.284288855904364368e+00 6.561294723657246086e-01 1.120392420235625908e+00
2.325828597941574996e-02 -1.912844617421720628e-01 -4.339740775548115437e-01 -2.073598922275937950e-01 -2.982872189131158605e-02 -8.221585013605031689e-02 -1.575841576179333112e-02 -1.675241184327090904e-01 8.499600104883697771e-02 8.721801477334248029e-03
-1.471698865777344156e-01 -1.926313265501465199e+00 1.348755171347979231e-01 -2.983644070930963621e-01 -1.836791099672891725e-01 4.710305759176409979e-02 3.947334454713679469e-02 3.730887127385195678e-01 -1.184782173787330556e-01 -3.532896797832190544e-02
-2.413113622027997576e-02 7.164108177954542356e-02 2.255903275706922784e-01 1.381975730598137275e-01 3.901182003302929024e-02 2.830082224217674303e-01 -3.015364675951916554e-02 -1.706215653337939814e-02 -1.020239480032773122e-02 -2.191869681750425666e-02
3.514517834916936478e-01 9.023140603236293744e-01 -3.625676753621344117e-01 3.681693960186473991e-01 -3.945695266186098893e-01 3.274807922729523479e-01 -6.477663002406937320e-02 -5.592333408040649489e-01 -1.092136030345359915e-01 2.002914420661146278e-01
6.738853863576811376e-01 -5.919605648966385081e-01 4.670406420868986053e-01 -4.809166694552816645e-01 -6.188026406990412287e-01 -2.876302463978653856e-01 -2.846468690250586242e+00 -1.559140440480324408e-01 -7.197178119937439611e-01 -1.861614356735054931e+00
-1.883467304428579903e-01 5.726572243338250878e+00 -1.909434065671822278e+00 1.012117209759636483e-01 -2.034427714886467342e+00 -6.826534439530094200e-01 2.526829046748485519e-01 -2.799805674260473332e+00 -7.956384535382972079e-01 5.547299126139738218e-02
1.179604113019811912e-01 2.106729938824448922e+00 -4.447817881447365673e-01 2.680152823639641579e-01 -1.284430257522497509e+00 1.544145743200175946e+00 -2.385084729606534282e+00 -1.455142162958674934e+00 -1.054070433372207072e+00 -2.281936089113992261e-01
1.452358386986201122e-01 1.111545074075183770e+00 2.198056541547366738e+00 9.454371848251150734e-01 -5.881625846799919399e-01 -1.429424751655901105e+00 -3.708549004831380724e+00 9.680661218206354501e-02 -3.164088027469473263e-01 -3.923528144176945620e+00
2.472753463498902210e-02 7.091396120942560222e-01 9.013411854195247930e-01 4.857857657411471797e-01 -5.034518630304708753e-02 1.519259424431734229e-01 1.278336135215604047e-02 2.461273650171322824e-01 -1.900892394784742812e-01 4.753495623856814067e-02
3.406059503606878591e-02 -5.995016964329351605e-01 3.248993809659027066e-01 1.855602860524245279e-01 3.294967978455111690e-01 1.930822953120068519e-01 -4.432236411635169515e-03 4.383747043375618713e-01 1.063571380749614714e-01 1.429798719396257328e-02
2.108091026126808140e-02 -4.762453297104334293e-01 5.087199506281831277e-03 -7.184902984798119396e-02 3.451623950510183114e-01 -5.699854628272277290e-01 4.381059501740709461e-01 5.061186734938016851e-01 2.916493250715950780e-01 1.408293290007786233e-02
1.436722332428772286e-01 1.459000504664138553e+00 -3.169947289065637164e-01 3.564468190909816925e-03 -3.985146464267507738e-01 -5.438317691119939346e-01 -7.334946196968367138e-03 -4.166082817391295046e-01 -4.364634042042399298e-02 -2.486265060985020856e-02
1.927845006528209823e-02 8.289108873110952180e-02 3.902115646060945464e-02 7.300693630085622332e-02 2.184593698768876394e-02 4.818673762400891430e-02 1.479840359051120061e-02 3.913464699167979594e-02 2.173613158120039912e-02 1.621420130778199881e-02
