9.453570198448382755e-02 -2.072166329282266961e+00
2.823269938675828650e-01 5.522388822391335328e-01
1.148707811187532346e-01 9.477664907170207931e-01
-7.277402716047340347e-02 1.307785220757161859e+00
3.158430550986084384e-01 1.226644133199643605e+00
-1.834079382869574851e-02 4.379304160945650670e-01
-1.738491032714370166e-01 -2.487811293742236973e-01
-1.437935278142359330e-01 -1.375297490412500601e+00
4.506988887113707459e-02 2.356194861370083160e+00
1.919108683484632011e-02 -3.151495409619028965e-01
5.044403733984943738e-02 -1.318110933128048556e-01
3.511183223163174411e-02 6.367581496077489023e-01
-2.510537325512429696e-03 -1.219234976396565973e+00
-9.197267126396471704e-03 -2.350546206563617790e+00
2.241018438584064382e-02 3.545908375078787866e-03
-2.267593817088779107e-01 -3.414528451953465771e-01
-3.387549747626471264e-02 -2.524239419642168580e-02
4.177025972407725357e-02 -4.866312928750078370e-01
9.756567305705739213e-03 -1.270690299405687063e-01
-1.589164385779900327e-03 2.231658483757261932e-02
-5.103672318355295320e-03 4.290072438341147043e-02
-2.823592798979941438e-03 -1.123027728553134819e-01
-5.341849524788550583e-04 2.467801931143915328e-01
-3.476563834324506407e-03 -4.417816367081381368e-02
2.354354843463330772e-03 5.384095105027051353e-01
-9.765712059339392084e-03 2.540040591634321610e-01
1.504076685264265842e-02 2.603555095176797174e-01
-6.920598431707346981e-03 5.204688247287110325e-01
-3.890537662699403935e-04 7.679769446537978994e-02
-5.792876379981120039e-01 3.549634838740799991e-01
-1.955999001862481212e-01 -7.486198015543676920e-03
-4.436534780732723227e-02 -6.108357210433796869e-01
2.000908667009000663e-02 -3.629835927158969744e-01
-6.255496636594519433e-03 -3.160252062671670137e-01
-5.626064089730283685e-02 1.038594531382488695e+00
1.392795684713200172e-02 1.151777639614397220e-01
