-3.459719294973103154e-01 -6.930441876619850561e-01
-5.517527634533725411e-01 7.662602048530601229e-01
-1.560613910733350540e-01 3.287510658519077755e-01
1.739939715751674665e-01 2.955722858388435403e-01
-3.011935944374296015e-01 -7.798682769521164682e-01
2.577262233028787194e-02 -3.470534959767997835e-02
4.954382239409451105e-01 -5.123919671410097632e-01
1.928375126189684971e-02 -2.503283591837093258e-01
-8.683780933432744265e-02 1.410159990271750985e-01
-3.624168510866491999e-02 -5.480982259118662853e-02
-1.673201070440981653e-01 1.583251558220476751e-01
1.744455195367273018e-02 7.281819180207431408e-02
4.549874309769654651e-02 3.993546528121343919e-01
1.126357094594479524e-01 -5.748259066627814384e-02
-3.144300865597786376e-02 -9.996589029618377364e-04
6.964804769215322544e-01 -9.398316706536384846e-01
4.427026522657819818e-01 -4.130299902173915072e-01
2.127678975730788458e-01 -2.488107156269903641e-01
1.015086275018843853e-01 -2.196452238280828528e-01
2.742024034763271279e-03 3.587662050191440556e-03
2.027268231129577755e-02 -1.605085660701098885e-02
-3.106731433938004182e-03 -6.687355335826510559e-03
-1.834817929489628366e-02 -3.793642835592800355e-02
4.389260112106344904e-03 4.345038158476562454e-03
-2.329794629652963064e-02 1.580547465522031542e-02
-2.628155158477209485e-01 1.559492961700336411e-01
-1.054960151008314390e-01 7.212749361020509564e-02
-3.846147194775099282e-02 3.787251693228911587e-02
-2.201863571147966159e-02 3.451488263131886197e-02
6.929186260337689696e-01 -3.977303764825101257e-02
6.283192369155160550e-02 -2.888142956071703127e-01
9.581530023550087483e-02 -1.953544146521049296e-01
-1.785049997339850647e-02 -2.161047624087353014e-01
4.793207420121100432e-02 -6.863120488963497801e-02
2.321006862604434451e-01 6.319939620440379047e-01
6.288091068074090628e-02 4.722655445412384662e-02
