-2.164896180375459889e-01 -2.140816630327298797e-01 1.814459678258061315e+00 2.035733459990847760e-01 4.507566706491432651e-01 -1.668575546605872706e-01 -1.032927377361479993e-01 5.701308802873539250e-02 -1.946598877494229440e-01 6.019769611833913903e-02
4.398123149686226641e-01 3.532257220468150161e-01 2.962507504651090695e-01 1.369306338698882408e-01 2.168979635141274454e+00 2.870187586207380570e-01 2.230207044678235440e-01 2.082630382176090811e-01 2.937587341813724384e-01 2.209406853461086395e-01
2.107367283902011612e-01 2.570787259731650565e-01 3.047057945338619289e-01 5.864241417814187729e-01 -5.941221759586745588e-01 3.491637047430130592e-01 3.919756119562847196e-01 4.496752811699864516e-01 3.023720854226112364e-01 3.816878064034322504e-01
5.149535630802879772e-03 3.993577608485138902e-03 -7.061531550974164961e-01 -1.286702363707257768e-01 -6.045715472405788216e-02 -5.023551997622173471e-03 -2.059160859138126076e-02 -6.745591078611425095e-02 1.533344109173910216e-03 -5.900394474422211710e-02
3.301809164024389065e-01 -1.747156728313958157e-02 1.868260957161780755e+00 -2.959528132927622401e-01 7.865797254186785992e-01 -6.077123654019481180e-02 -1.917194027982148663e-01 2.898136523507678364e-01 -5.655728906002593925e-02 4.479461163211133079e-01
1.733332297584010140e-03 1.196126122095691677e-03 1.923176758742643072e-02 4.076286753583116540e-02 4.085861141190656742e-02 2.815315470240477291e-03 5.088117942134120358e-03 1.389818424482989687e-02 2.840441508055354270e-03 5.429741939737359191e-02
9.798094810859085679e-02 1.259965499346697992e-01 1.646700983626848691e-01 2.461067176352475516e-01 -1.275916960287147850e-01 1.520920766295050797e-01 1.795745267676842616e-01 1.912894428779154943e-01 1.443384554253325791e-01 1.945992524954626990e-01
-2.209481731384774911e-02 -3.321001087968879217e-02 2.512662996595707576e-02 -2.133249097151879159e-01 1.310450052195377690e-01 -6.522066193254820454e-02 -8.766933780999681958e-02 -1.199179406045039892e-01 -5.011402875278289648e-02 -7.139300455993885519e-02
5.239895772467079854e-02 4.911425417983031338e-02 1.590621107331942063e-01 6.958405893849850532e-02 3.237435484964443777e-01 4.785596723091214977e-02 5.473887408572385149e-02 5.748189715575511421e-02 5.070077737265436812e-02 8.275270407353443880e-03
7.282765478388589231e-02 1.247011606759335957e-02 -3.968264879843521609e-01 8.816348979647066486e-03 -9.719809556998821876e-01 1.195427309003375266e-02 2.728167759353064895e-02 7.264614887240353203e-03 2.785899349268950581e-02 -4.734137726313897288e-02
-7.231969486522180079e-02 1.083503681393522822e-01 -2.779695817514285405e+00 4.987109316977146323e-01 -7.533719581764484197e-01 1.595461661097519745e-01 2.901126061492035890e-01 -2.659344033776333549e-01 1.300768594960515223e-01 -4.211435812372230636e-01
1.936080546867570418e-02 2.237217123648591044e-02 6.292405397934268674e-01 2.052973741504149352e-03 1.245562260535613142e+00 -5.292103312489770950e-02 1.846640601563275669e-02 3.358142097595145231e-02 2.527273195657592578e-02 2.109993368260099089e-02
-1.012302517430431481e-03 -8.133009473054543526e-02 3.500025093317584712e-01 5.295344051795727869e-03 1.279598237459538490e+00 -5.189196133024057134e-02 -2.917551807568150024e-02 -3.261141857401746169e-02 -4.042957637816969180e-02 2.048024202417881856e-01
-2.620213075447269668e-03 -1.639322155521510949e-03 1.447308196588214524e-01 -3.273824014279928807e-02 -8.000069121708838771e-02 6.622905494874653520e-04 2.714672413716062715e-03 -3.821931295880473534e-03 -4.837188291275957425e-04 1.062475138833426369e-01
1.337058208552143607e-02 -8.082513270137359901e-03 1.064170288528714536e+00 -1.557065010841806041e-01 1.079405252067199283e-01 -2.221714959866837036e-02 -5.757958357747716693e-02 9.940432986762347267e-02 -1.412535820705502349e-02 1.057399784500414885e-01
6.999809378315617614e-04 -6.404002906377492810e-03 -5.268091851385280355e-01 9.430269111936784299e-03 -3.082752438542155637e-01 2.035014038315721696e-02 -3.287585807855625264e-03 -7.534256782537940289e-03 -3.156972223741730948e-03 -3.364007314054406894e-02
5.603798184157978701e-01 5.622316652192494990e-01 -8.657765196097946259e-01 2.089235913078267559e-01 -1.234215671943916792e+00 4.971214448689578180e-01 4.339802489172167599e-01 2.987186940650063960e-01 5.288230285103305839e-01 2.621474077154930526e-01
1.027817637218127319e-03 1.367639088622312317e-03 1.786515096765871596e-03 2.539222541566214884e-03 1.116311940191661023e-02 9.833321204921828106e-04 1.380408210905419500e-03 1.306297286144554332e-03 9.040915400857114925e-04 3.050375811732317349e-03
