-8.292397677855495308e-02 -2.653484439595386046e-01
1.392876368935421771e-01 1.081013616188071097e-01
4.404098039685557242e-01 6.420985797906684223e-01
8.009288656807599105e-02 1.854700491291023656e-01
7.434271185014770800e-02 6.907353326856671694e-02
2.150072141926900188e-02 9.236588056495903531e-02
1.908330646960865185e-01 2.665497554497124888e-01
-2.013596760565903587e-01 -4.546319676686298994e-01
2.270325815713321316e-02 1.768245475699430913e-01
-1.559609952742366940e-02 -3.833864271041753646e-02
-1.390528452692544464e-02 -6.229054395305373693e-02
4.386115496047358203e-02 1.430296772063677224e-01
2.232149357101552434e-02 -1.022104520736633396e-02
9.106809376008231927e-03 -1.263509571403040044e-01
-8.606182846136560538e-03 -4.602430081801311967e-02
2.827087249105596223e-03 7.286765815382886813e-03
1.213809905833096447e-02 -2.244783547035222870e-03
5.583532391360696012e-03 -2.940865100202744165e-02
5.270207097979618185e-03 -2.086614373787765153e-02
1.062590158334294653e-03 2.478073852836586849e-03
5.368340655736271796e-04 8.749283714418036942e-03
-3.467713606658810732e-03 -1.664376378602892836e-02
1.814421906196603956e-03 1.071890892610580237e-02
9.664211710637415909e-04 6.214015738727346472e-03
-7.279344990976880508e-04 2.900341238630629176e-02
-2.411190771200895366e-03 -4.568363124659708535e-03
6.281138759838059138e-04 1.089770647681057025e-02
-8.723748456457118550e-04 2.303879372554454297e-02
-1.173422749207404803e-03 1.376895413187312345e-02
-8.532542790401599631e-02 2.087989799998274387e-04
-2.524520505581148017e-02 -4.155558179280459397e-02
-3.305962819488299231e-03 -6.006457203665330202e-02
2.342795346731540995e-03 -1.316151522756225933e-02
-8.479165037178076902e-04 -8.388660303243811178e-03
-1.629512292249099548e-01 -6.082868346575920349e-02
1.884731116007885105e-03 9.584318677443436074e-03
