7.790216474857856177e-01 2.414467800782300888e-01
-1.653162028469467304e-01 2.561242901195643351e-01
-7.061724318484807750e-01 1.196264390471048489e-01
-3.317305436185175038e-01 -8.944856741091392061e-02
-8.781078828376169820e-01 1.784926101648998120e-01
-4.172158404696019868e-02 -2.013902764708479926e-02
4.376439702983505459e-02 -1.150415317272012600e-01
7.919925158541333277e-01 -1.690195658463622408e-01
2.346240461393128141e-01 7.364329552441025717e-01
5.902216786597942744e-02 1.454435534015436834e-02
-1.572714435905068001e-02 -1.286243067323655440e-02
-2.417193653023459732e-01 6.099843443364078022e-02
2.316244604198196277e-01 1.615856259524721394e-01
-7.027080988612835477e-02 -4.549496425381855946e-01
9.964792006533990110e-02 -3.418382674500088092e-02
-4.145334991775672107e-01 -6.563662101021607853e-01
-1.348591811916585725e-01 -2.434518352218195680e-01
1.391720351195695760e-01 -2.908671199147758735e-01
-2.189145580079235875e-01 -1.399974726055715213e-01
-3.875400579703910942e-03 -9.333833532506163443e-04
8.812449932574173894e-04 3.938047941208238159e-03
2.253975313940689493e-02 -6.724669755327353574e-03
-3.008204320125686115e-02 -4.041478293809983718e-02
-1.700713593636207430e-02 8.177623116586886162e-03
-1.021753035286596806e-03 6.033206694456909325e-02
2.626948057081054388e-01 3.359084716687769645e-01
5.008746612066739858e-03 -1.107120532000244531e-02
-4.571707612515303609e-02 5.332612043147211267e-02
4.441371839577330782e-02 5.099368847224847179e-02
8.767462320497557693e-01 -4.007071238196677765e-01
-7.984492756272945635e-02 -5.623964712203932681e-01
-1.543714824883717918e-01 -3.181193652014081552e-01
-5.838470090435733673e-02 -3.930655650056845418e-02
-9.733529980747582244e-02 5.565002895044703080e-02
-5.843825620326112968e-01 -2.220062878403415985e-01
4.140370840483019454e-02 4.131409823356442523e-02
