4.017352195684488758e-01 5.097995560586812136e-01
-4.396942627016370286e-01 3.009782720089296815e-01
1.797632685828025600e-01 3.868511316951661616e-02
-1.922708359074125906e-01 -2.462888596238018146e-01
-7.238664685191815995e-02 5.144170592596499780e-01
3.546365054806518424e-01 -1.891478042167785978e-01
1.637262965327541675e-01 -2.553105034813565877e-01
-6.344868060477532046e-02 8.841846247770915324e-03
1.401037571091788836e-01 2.217198787470420485e-01
4.010608029096421334e-02 4.397576246003914724e-02
-4.481540745911889029e-02 1.154370704301172640e-01
2.058240758393122417e-03 1.011117960469008412e-02
-1.736309863239516860e-01 -4.800556629984573109e-02
-5.222818386505126420e-02 -1.270832165701982208e-01
-1.305369967296035050e-01 1.269099791128253107e-01
5.109724558578258025e-01 -7.115309000720089483e-02
-7.818072293978403642e-02 -5.953374339242785140e-01
2.873745479375389711e-01 -6.845411002765212638e-01
-1.307948480796911755e-02 -1.700693955342309494e-01
-3.047527055604709167e-03 -2.554442245245875341e-03
2.593708944840075661e-03 -1.490257733599865270e-02
6.602352269921224828e-04 -3.520715793028064873e-03
2.457454382063865503e-02 1.919200348964924391e-02
1.306647650567469010e-02 -2.307234969889036813e-02
6.770893099706501786e-03 2.056476273710992203e-02
6.873023565874503138e-02 -1.225385220757621019e-01
4.153031268701179446e-02 1.910018374444107381e-01
-5.972452013236929230e-02 2.809457407944399576e-01
-6.923022416635903759e-03 5.470662063152079146e-02
7.339663151225223059e-01 -8.473262402551229311e-01
1.022106137490531030e-01 -3.308362036698515030e-01
4.396606917998240743e-02 -4.247698520544599954e-01
-8.111748674827519434e-02 -1.009493097459591010e-01
-4.704554589251280783e-02 -4.758207449170991782e-02
-3.243188911011525843e-01 -3.504223895338741124e-01
2.944503811695748513e-02 8.351324267122442468e-02
