5.027392446836042028e-01 -4.646201426083694241e-01
7.094200824901645275e-01 6.230109223227815463e-01
4.541503054808607720e-01 8.206421979286521173e-02
-2.008940315910478225e-01 2.302954783075023548e-01
1.991447404472931337e+00 2.274705869828289595e-01
3.886287333364276675e-01 -1.433081284043957182e-01
-1.276881487537636861e+00 -2.832561008967207083e-01
-5.797037508953230001e-01 -1.380750495766412955e-01
6.368438876163768914e-01 6.049811035507056678e-01
4.156865293122367910e-02 -4.952056355451742164e-02
3.818078989979591387e-01 8.026013399776402157e-02
1.463989887685712421e-01 4.403634649923234001e-02
-7.884139587710465857e-01 3.394109877092799099e-01
1.497238518570148669e-01 -2.695180111288794644e-01
-1.236847534951587974e-01 5.458797962812037691e-02
-1.005430477523935107e+00 -9.186545181123781934e-01
-8.964596642865965692e-02 6.038798370774364210e-01
-1.214079097752373687e-01 -1.538040576533065140e-01
-1.047689362647971911e-01 -8.989835902004519874e-02
-2.969221583698411840e-03 3.905247338717757980e-03
-3.505953171228304993e-02 -6.497210172110965028e-03
-9.447512950286514333e-03 -3.971241875973842428e-03
-5.544007471574030621e-02 -4.740596686818429606e-02
-1.820103482759687433e-02 -5.493606601840663080e-03
-1.072086015452995839e-01 2.987181908592077134e-02
1.291435536051596111e+00 8.704203506847769944e-02
7.164345025519248678e-01 -1.036964715015863958e-01
5.468817735903062083e-01 1.416258788292850367e-02
1.008366163508512964e-01 1.416193611527680890e-02
-1.236542074283525139e+00 -1.237428052399894618e+00
-2.525633518447442327e+00 1.528670420479915637e-01
-2.286161887325623088e+00 -1.295035845585663092e-01
-6.228770826650344983e-01 -1.130032554600580857e-01
-3.887441810626571237e-02 -1.001081952413518383e-02
-4.070603087360396555e-01 3.190701887206466858e-01
1.063046362377572940e-01 3.275738640846348471e-02
