-1.832554042616405088e+00 -3.072189719236853023e+00 -3.489638696224266923e+00 2.139437698618351646e+00 8.124726795500249565e+00 -1.034116817485458251e+00 -4.761999193918529549e+00 -3.039744042717606121e+00 2.090341151506381223e+00 -3.039887829527244900e+00 8.100522977292354820e-01 2.479147046462143678e+00 -5.300209179065321630e-01 -2.819105918011962642e-01 0.000000000000000000e+00
5.198205312380246162e-02 1.758227925812019032e+00 4.221175802640045660e+00 -2.822082195928707016e+00 -2.092663206210833682e+00 -9.815684498188504969e-01 4.927225331124613028e+00 -3.368473247676398330e+00 -5.820825815930699143e+00 7.569778559426056042e+00 -1.745628602819501163e+00 7.100675248786448845e-01 -3.893049364475797969e+00 7.293720934346673568e-01 0.000000000000000000e+00
-2.656858444741974079e+00 9.617078849026968967e+00 9.787890071455329632e-01 6.511917815251313080e+00 -2.405544620084629770e+00 4.493599127803754811e+00 -9.505257158638682924e+00 5.450726894068308681e+00 -3.844025934245221432e+00 5.284979759581169834e-01 -2.045979591419012866e+00 -2.112565806401407453e+00 4.674259079394432526e+00 -9.434739887804038716e+00 0.000000000000000000e+00
-9.404026177635984141e+00 1.437431554209289608e+01 -7.086797613903969006e-01 1.101381542754792520e+01 5.105609399202086784e+00 5.257302732401418766e+00 -6.097469280729304941e+00 4.699000902846129257e+00 5.222377865540021702e+00 5.926371292548717307e+00 -1.157409423874288912e+01 -5.561779119668280869e-01 8.983734122838033187e+00 -6.498547604764155494e+00 0.000000000000000000e+00
5.425507826968651859e-01 -1.150320289108348382e+00 -4.567862555867495122e-01 -1.033188402231595582e+00 -4.050049987950154140e+00 -1.508226026708203493e+00 -1.074491924334768436e-02 -1.791450130868099899e+00 -6.645598291066130425e-01 -2.288126588259604244e+00 1.259336724089239468e+00 1.893922523908738720e-01 -1.374794949534198896e+00 8.107785980908956969e-01 0.000000000000000000e+00
-4.670880152557192133e+00 4.390731092148939751e+00 1.521545003513624428e+00 -5.892912659559202959e-01 -7.934430757026066594e+00 3.370579931559945841e+00 5.613486977437892600e-01 3.287831219583528863e+00 9.343540862304109851e+00 -3.133290535294716239e+00 -5.035261375602978262e+00 5.541251996518887779e+00 6.759279918896901052e+00 -8.426839026936832511e+00 0.000000000000000000e+00
6.998563638912193241e+00 -1.190358869748701487e+01 -3.289872911826879687e+00 -1.006467215711635443e+00 1.080310693562762125e+01 2.174661130842353574e-01 -3.292294587276981765e+00 6.908708752360103178e-01 4.579147644046339671e+00 -7.971329977130446665e+00 3.271339112365628132e+00 -6.348399361058768342e+00 4.767052938716086707e+00 1.179992415303710906e+00 0.000000000000000000e+00
-6.562481604614856856e+00 9.784458284575620723e+00 1.740030488356866023e+00 8.374873700417944988e+00 7.086928007795489037e+00 2.860424539616748252e+00 -3.029570413316928779e+00 4.064764028691942421e+00 5.445900077214307800e+00 4.733582614233940333e+00 -9.454638874694088813e+00 -3.499454214730446378e+00 3.901663077673446445e+00 -5.535138897172705796e+00 0.000000000000000000e+00
5.442656799194055955e-02 -3.143547986108044423e+00 -8.205759855896554988e-02 -5.548160022017695203e-01 -1.844585802131411656e+00 -1.526092266454008639e+00 8.336371760650092000e-01 2.265917915117188652e+00 -1.521993994775225678e+00 -3.350438148574491404e+00 6.381992655712913631e-01 -2.042891130082324480e+00 -8.101618972078378222e-01 2.663178877911784315e-01 0.000000000000000000e+00
3.494695098043785642e+00 3.610546076097072454e+00 -1.325828568137357166e+01 -1.147721150968567860e+00 -2.943180669172019925e+00 2.967479190658973698e-01 -1.438490615058499067e+01 1.298399674649839675e+01 1.180715625597369289e+01 -1.163960330885052841e+01 4.971038954929870357e+00 -1.282624220921580971e+01 1.201090162951182450e+01 -7.502364420899817254e+00 0.000000000000000000e+00
1.325645349229365832e+00 -6.424745017229158250e+00 -9.684569092694676584e+00 -1.047414362743945127e+01 -3.058290191668764813e+00 1.736909287872786090e+00 4.348941256431714031e+00 -6.409673456991001883e-01 -9.618134507648500309e-01 -4.830285135203604696e+00 -4.488920456365803169e+00 8.621538290994086751e+00 -9.809281749418135021e-01 5.941687086183686795e+00 0.000000000000000000e+00
9.568232960487591532e-01 5.278904914929024583e-01 -4.208745288568796816e+00 -2.153131406955223426e+00 -4.596493829320727476e-01 2.991527741297632215e+00 4.724400251612148161e+00 4.487478677245171355e+00 1.706632096254964703e-01 3.306045759649807181e-01 -7.311964533067722094e+00 -5.063125384017171937e-01 2.465632735694254674e+00 -6.037169556919325109e-01 0.000000000000000000e+00
3.957222037906839240e+00 -9.785703743282304856e+00 7.238884069572950608e+00 -1.022960076561038711e+01 8.196582875778952726e+00 5.411558515617340831e-02 -8.681095221091911895e+00 -1.066662552988991930e+00 -1.981253913209723549e+00 4.324764273212976740e+00 3.423807288934360926e+00 -2.486961757535828266e+00 1.136100149463697306e+00 -5.898516848882251473e+00 0.000000000000000000e+00
5.881725944018475261e+00 -1.255541346768165489e+01 6.919476790364987195e+00 -1.422067342669586942e+01 1.690453305468037293e+00 -1.680604671616093393e+00 -3.588521227809045921e+00 -5.747100961640661865e+00 2.944377523396843443e+00 3.234436465808809391e+00 1.155683053863345400e+01 -3.005091198587147572e-01 -6.678809602696880177e+00 3.844851087766707476e+00 0.000000000000000000e+00
-1.209550839388755072e+01 2.060851606416454818e+00 9.534312953715913252e+00 1.665281742984765945e+00 -6.947805303591434445e+00 1.124966987021864639e+01 1.131535901824608104e+01 4.866005378172735263e-01 -4.444366239840266353e+00 1.705961078796579855e+01 -1.465638845262602707e+01 4.636535761068545369e+00 -9.526620433458729664e+00 -2.986306206385735962e-01 0.000000000000000000e+00
-2.649203053968494537e+00 -3.334343931552411266e+00 -2.794700085360417141e+00 2.738181113875118200e+00 7.592237801245580009e+00 2.044336904746889338e+00 -6.151183591555526853e+00 4.557849940873389905e+00 3.504310297821650266e+00 -2.359026816187269837e+00 -3.011781206998006333e+00 -3.156363028768610857e+00 4.171382821783063299e+00 -3.591083559863301300e+00 0.000000000000000000e+00
5.985923436741990677e+00 -1.335126360124966105e+01 -2.142952581362627118e+00 -1.770439888305394671e+00 1.557658739281751803e+00 2.036379464845975207e+00 2.542566830594910066e+00 -8.296015252852678046e+00 -1.379342947099756689e+00 2.121286607554933479e+00 8.726750655587494521e+00 8.556482486264425091e+00 -5.815257422449935376e+00 6.205152357202561753e+00 0.000000000000000000e+00
