8.250600625407904509e-01 0.000000000000000000e+00
5.358150062847325534e-01 0.000000000000000000e+00
-5.792634043024331714e-01 0.000000000000000000e+00
6.162225093035478100e-03 0.000000000000000000e+00
4.851520334882179764e-02 0.000000000000000000e+00
-1.277698495797739697e-02 0.000000000000000000e+00
-2.919251678233915070e-01 0.000000000000000000e+00
3.413914278964629706e-02 0.000000000000000000e+00
-4.893510326165227686e-02 0.000000000000000000e+00
-3.113031621945581019e-03 0.000000000000000000e+00
-1.131847342857437294e-01 0.000000000000000000e+00
1.375946210758341171e-01 0.000000000000000000e+00
-3.560184679057164236e-02 0.000000000000000000e+00
-4.418216741070479237e-01 0.000000000000000000e+00
1.098659179712099115e-01 0.000000000000000000e+00
-3.713122712381211055e-01 0.000000000000000000e+00
-2.009043584797596052e-02 0.000000000000000000e+00
2.481715009335826450e-01 0.000000000000000000e+00
5.977025017536691243e-01 0.000000000000000000e+00
-2.289498032346596879e-01 0.000000000000000000e+00
1.435595780165731077e-02 0.000000000000000000e+00
7.052149358516252671e-04 0.000000000000000000e+00
6.186464348933566962e-03 0.000000000000000000e+00
-3.833373819903803520e-02 0.000000000000000000e+00
1.390131759612508455e-01 0.000000000000000000e+00
3.144630984073050299e-03 0.000000000000000000e+00
-6.367979723532558867e-02 0.000000000000000000e+00
3.794056730283878326e-02 0.000000000000000000e+00
-2.934099176391810615e-01 0.000000000000000000e+00
2.870994395797113463e-01 0.000000000000000000e+00
-9.203209319078623496e-01 0.000000000000000000e+00
-2.564086248996169312e-02 0.000000000000000000e+00
-5.511558806035545821e-01 0.000000000000000000e+00
-1.069431838360711984e+00 0.000000000000000000e+00
-8.085712647605114434e-01 0.000000000000000000e+00
