1.970773625597620551e-02 0.000000000000000000e+00
1.329045479157722059e-02 0.000000000000000000e+00
-1.088660688512945507e+00 0.000000000000000000e+00
-3.834125508883053923e-01 0.000000000000000000e+00
-9.942035552860760753e-03 0.000000000000000000e+00
5.189017330496797920e-02 0.000000000000000000e+00
5.774285123654977064e-02 0.000000000000000000e+00
-6.423912225735519677e-01 0.000000000000000000e+00
-2.488337622004075655e-01 0.000000000000000000e+00
4.663658092858212201e-01 0.000000000000000000e+00
-7.021848361711189451e-03 0.000000000000000000e+00
-2.514099747219273318e-01 0.000000000000000000e+00
-1.368561280612047848e-01 0.000000000000000000e+00
3.146692382235021790e-01 0.000000000000000000e+00
6.916150268058979256e-02 0.000000000000000000e+00
7.304415983795123357e-02 0.000000000000000000e+00
6.355074661235420308e-01 0.000000000000000000e+00
6.864151349617300113e-01 0.000000000000000000e+00
-7.321932822670886853e-01 0.000000000000000000e+00
-4.662297617215551138e-01 0.000000000000000000e+00
7.404812472753415607e-03 0.000000000000000000e+00
-7.063606915478778947e-02 0.000000000000000000e+00
3.204554388778946272e-02 0.000000000000000000e+00
4.175422722932916608e-01 0.000000000000000000e+00
6.126728297364560094e-02 0.000000000000000000e+00
-3.387210310770303462e-02 0.000000000000000000e+00
8.866613450286847664e-01 0.000000000000000000e+00
8.462164705848526092e-01 0.000000000000000000e+00
-3.283571774998381709e-01 0.000000000000000000e+00
-8.703207281174517307e-02 0.000000000000000000e+00
3.334190487724197349e-01 0.000000000000000000e+00
1.470411588282467319e+00 0.000000000000000000e+00
-1.901996991693248040e-01 0.000000000000000000e+00
1.035923356328252165e+00 0.000000000000000000e+00
7.650803925058170807e-02 0.000000000000000000e+00
