7.954413690898569644e-01 0.000000000000000000e+00
5.880097133413042521e-01 0.000000000000000000e+00
-6.088832086276808608e-01 0.000000000000000000e+00
-3.845627568557215548e-01 0.000000000000000000e+00
2.679616160982287165e-01 0.000000000000000000e+00
1.118024236732769516e+00 0.000000000000000000e+00
-1.500727947636522508e+00 0.000000000000000000e+00
1.727766150076705254e-02 0.000000000000000000e+00
-7.016442991506213755e-02 0.000000000000000000e+00
1.848371098001771351e+00 0.000000000000000000e+00
6.369450151432293206e-02 0.000000000000000000e+00
3.375158757667340997e-02 0.000000000000000000e+00
1.873269731634028823e-01 0.000000000000000000e+00
3.960032173391414556e-01 0.000000000000000000e+00
5.345956699540032053e-01 0.000000000000000000e+00
-9.283692723502044997e-01 0.000000000000000000e+00
-1.857028873262708712e+00 0.000000000000000000e+00
-6.242330158381192290e-02 0.000000000000000000e+00
-9.966772716567298129e-01 0.000000000000000000e+00
-1.287206910310522590e+00 0.000000000000000000e+00
-8.376843249313738193e-03 0.000000000000000000e+00
-5.335467347215396006e-02 0.000000000000000000e+00
4.600665585413756670e-02 0.000000000000000000e+00
-3.912926326501663388e-01 0.000000000000000000e+00
7.348915842952415123e-02 0.000000000000000000e+00
-5.746188559068833301e-01 0.000000000000000000e+00
-1.549487377298628621e+00 0.000000000000000000e+00
-1.488684905528314228e+00 0.000000000000000000e+00
9.457769140383480710e-01 0.000000000000000000e+00
1.908970822844969495e-01 0.000000000000000000e+00
-1.507261298557110329e+00 0.000000000000000000e+00
-1.318917106130403472e+00 0.000000000000000000e+00
1.107519522282994995e+00 0.000000000000000000e+00
6.996177814874119383e-01 0.000000000000000000e+00
-1.758695577037676427e+00 0.000000000000000000e+00
