-7.692626224676217817e-01 0.000000000000000000e+00
-8.914710988217363630e-01 0.000000000000000000e+00
-7.749788163027483412e-01 0.000000000000000000e+00
3.098581656986355348e+00 0.000000000000000000e+00
-4.124212482345014363e-01 0.000000000000000000e+00
9.618567910834152634e-01 0.000000000000000000e+00
6.912220381739638819e-01 0.000000000000000000e+00
3.263175248613274793e-01 0.000000000000000000e+00
9.639578724247184205e-01 0.000000000000000000e+00
-1.552833591793447265e+00 0.000000000000000000e+00
-6.225103588187833742e-02 0.000000000000000000e+00
3.574659713202956168e-01 0.000000000000000000e+00
-1.105333763041790179e-01 0.000000000000000000e+00
1.485383288959270187e+00 0.000000000000000000e+00
-1.024580576646367591e+00 0.000000000000000000e+00
2.946749540954221036e-01 0.000000000000000000e+00
2.803173160316442480e+00 0.000000000000000000e+00
2.670166395358779976e+00 0.000000000000000000e+00
-4.270783274823479747e-01 0.000000000000000000e+00
-3.931124373371126524e-01 0.000000000000000000e+00
6.890527911901219056e-03 0.000000000000000000e+00
9.384839950321565219e-03 0.000000000000000000e+00
-9.387083808491104853e-02 0.000000000000000000e+00
1.305633397414560859e+00 0.000000000000000000e+00
-2.277173570605997843e-01 0.000000000000000000e+00
8.018547165083595996e-01 0.000000000000000000e+00
2.958194750922214400e+00 0.000000000000000000e+00
-2.421286697623985795e-01 0.000000000000000000e+00
3.071167540469981749e-01 0.000000000000000000e+00
-1.238362982670346613e+00 0.000000000000000000e+00
2.625841716592695274e+00 0.000000000000000000e+00
3.691520957791242896e+00 0.000000000000000000e+00
-8.833646848369123283e-01 0.000000000000000000e+00
1.678673850818099389e+00 0.000000000000000000e+00
5.030576593315003731e-01 0.000000000000000000e+00
