2.407554007198745571e-01 0.000000000000000000e+00
-5.077367660903403523e-01 0.000000000000000000e+00
2.489115266809108995e+00 0.000000000000000000e+00
2.597214706562546827e+00 0.000000000000000000e+00
-3.662100068992074076e-01 0.000000000000000000e+00
-8.333318405158594011e-01 0.000000000000000000e+00
1.720017991135918578e+00 0.000000000000000000e+00
1.246241135806948508e+00 0.000000000000000000e+00
1.121776244823598168e+00 0.000000000000000000e+00
-1.610717215027659188e+00 0.000000000000000000e+00
-5.431002124543455462e-02 0.000000000000000000e+00
4.020138810681704311e-01 0.000000000000000000e+00
-3.915751454980075930e-01 0.000000000000000000e+00
5.590963661851604538e-01 0.000000000000000000e+00
-5.843289284339844847e-03 0.000000000000000000e+00
7.345342179147290596e-01 0.000000000000000000e+00
1.537457877526371863e+00 0.000000000000000000e+00
-1.226717022539157265e+00 0.000000000000000000e+00
-1.631487249308679388e+00 0.000000000000000000e+00
1.388575127714481550e+00 0.000000000000000000e+00
-9.072014600987441876e-03 0.000000000000000000e+00
1.620488550932573935e-01 0.000000000000000000e+00
-4.199316742826472021e-02 0.000000000000000000e+00
1.091327959318687091e+00 0.000000000000000000e+00
-1.450524541143037860e-01 0.000000000000000000e+00
1.029883776779656257e+00 0.000000000000000000e+00
-3.844467796939445847e-01 0.000000000000000000e+00
-3.439505014605302780e+00 0.000000000000000000e+00
-1.856195114292841453e+00 0.000000000000000000e+00
-2.587780236740434003e-01 0.000000000000000000e+00
8.615143128249284077e-01 0.000000000000000000e+00
1.571140317472996095e+00 0.000000000000000000e+00
1.229417957429187469e+00 0.000000000000000000e+00
-1.981210297402600240e+00 0.000000000000000000e+00
2.879497160613781137e+00 0.000000000000000000e+00
