4.856213905656203700e-01 0.000000000000000000e+00
-5.718074527859969836e-01 0.000000000000000000e+00
3.789689053371984584e-01 0.000000000000000000e+00
2.703979747111019183e+00 0.000000000000000000e+00
-3.193065326744256027e-01 0.000000000000000000e+00
-2.529309489361056151e+00 0.000000000000000000e+00
1.814410002643105591e+00 0.000000000000000000e+00
4.150452404324635469e-01 0.000000000000000000e+00
8.041199385406098132e-01 0.000000000000000000e+00
-2.878658892939020664e+00 0.000000000000000000e+00
-2.353038015720127288e-02 0.000000000000000000e+00
3.018466292019560404e-01 0.000000000000000000e+00
-3.751289810116637535e-01 0.000000000000000000e+00
-3.949709314206250044e-01 0.000000000000000000e+00
1.245652993710111983e-01 0.000000000000000000e+00
8.536935512921854929e-01 0.000000000000000000e+00
-1.214407164934486971e+00 0.000000000000000000e+00
-2.093160475095704687e+00 0.000000000000000000e+00
7.798272544475799428e-01 0.000000000000000000e+00
2.230973666782894771e+00 0.000000000000000000e+00
-4.694052430444673601e-03 0.000000000000000000e+00
8.312883033448492665e-02 0.000000000000000000e+00
6.024089637259032876e-02 0.000000000000000000e+00
1.022456570860701852e+00 0.000000000000000000e+00
2.618180145166414396e-01 0.000000000000000000e+00
1.291007141973596228e+00 0.000000000000000000e+00
3.860597075557076208e-01 0.000000000000000000e+00
-2.650986913423694524e+00 0.000000000000000000e+00
4.054863257081692818e-01 0.000000000000000000e+00
-5.414374747956808287e-01 0.000000000000000000e+00
-7.433742833771713257e-03 0.000000000000000000e+00
3.113407882125418080e+00 0.000000000000000000e+00
-1.793113087953232432e+00 0.000000000000000000e+00
-1.156948477978393619e+00 0.000000000000000000e+00
1.911065176967551960e+00 0.000000000000000000e+00
