3.164063111971905373e-01 -1.419614126967435608e-01 -1.149613678335297706e+00 -8.822758559696922687e-01 0.000000000000000000e+00
-4.404034703387322836e-01 5.881608363618070490e-01 -1.108819472382995608e+00 2.205604992771767470e-01 0.000000000000000000e+00
-1.118244036440528388e+00 3.845531585830485044e-01 4.983348362892051076e-01 9.623810877069247649e-01 0.000000000000000000e+00
5.188700638797280607e-02 -4.570858049516091093e-01 1.814777423221351771e-01 5.437558083213648308e-01 0.000000000000000000e+00
-6.624453243687873361e-01 6.802141558555846457e-01 -5.202627617212386008e-02 3.185684354759092951e-01 0.000000000000000000e+00
5.154817208357492797e-01 -5.626160493937225338e-02 -2.792702419846526674e-01 3.708998243665968531e-01 0.000000000000000000e+00
-3.794809906169215319e-01 -2.956256483611781616e-01 -7.130859360222384646e-01 -9.945732221699397219e-03 0.000000000000000000e+00
-1.083737511730012759e+00 5.167969244866823519e-01 -2.258924976393399675e-01 6.556613958437657042e-01 0.000000000000000000e+00
-3.592724397172533668e-01 -4.944629662785061108e-01 -5.231023763632092205e-01 8.290534582467240510e-01 0.000000000000000000e+00
-3.855105168640786673e-01 1.083180338273631360e+00 -6.519126114100608493e-01 -2.858163111660029232e-01 0.000000000000000000e+00
-7.414404840298386423e-01 5.169158523680366102e-01 2.761992755551377909e-01 3.280684019548639196e-01 0.000000000000000000e+00
-5.444448005125368528e-01 5.208448067306521434e-01 -7.550824680142073086e-01 3.850067250844534938e-01 0.000000000000000000e+00
-6.234176635641013320e-01 -5.638098414471477415e-01 -2.746024207573968257e-01 9.987465524970646769e-01 0.000000000000000000e+00
-2.613778861337908155e-01 2.246582853336470398e-01 -1.683605014610079498e-01 3.671561360618617043e-01 0.000000000000000000e+00
-2.707159061686635337e-01 8.341565487411845004e-01 -6.405891322958374712e-01 3.533486772725450975e-01 0.000000000000000000e+00
-6.392938864120313314e-01 2.210366454838871286e-01 1.540989582513300482e-01 3.294579594748784368e-01 0.000000000000000000e+00
-1.119702564337376582e+00 2.834833868743633079e-01 6.938582415833504102e-01 7.765883976612563133e-01 0.000000000000000000e+00
6.653416056651675348e-01 -1.131203524051908493e+00 6.880506642075413515e-01 -3.057861678309195530e-01 0.000000000000000000e+00
-1.087277507286308564e+00 -4.769540204383768689e-01 1.107905069142377241e-01 9.367211369252266551e-02 0.000000000000000000e+00
-5.218488110645084221e-01 -2.763550579793112166e-02 -5.580654790462857839e-01 -5.304176943401378574e-01 0.000000000000000000e+00
-7.862751799720814061e-01 3.517318826223911343e-01 4.230105548093421874e-01 3.985037358274297614e-01 0.000000000000000000e+00
-2.921419491004841329e-01 5.072543934348564543e-01 -8.131520637205323920e-01 2.667463038834124167e-01 0.000000000000000000e+00
-9.927334936975750201e-01 -5.973247312670657561e-01 2.772104488776457321e-01 1.040613627060531288e+00 0.000000000000000000e+00
-5.681631055749538639e-01 3.139773794692296560e-01 1.022889927909624852e-01 4.106414944408278700e-01 0.000000000000000000e+00
-6.763159054641670886e-01 1.136116398529242039e-01 4.358562982841556743e-01 4.402787180977968395e-01 0.000000000000000000e+00
5.015902924044836064e-01 -4.901820947361158753e-02 -6.547800261877078087e-01 3.302322700778300146e-01 0.000000000000000000e+00
-9.716883679166304910e-01 4.304616906898338646e-01 6.547940536842580261e-01 7.915893575122164849e-01 0.000000000000000000e+00
-1.299257468183714626e-01 -1.044457888427493542e+00 5.665766670981968733e-01 6.281909714388758115e-01 0.000000000000000000e+00
-3.044890735871235710e-01 -3.058790736243087172e-01 -4.860582310503974157e-01 -9.025682579083678381e-02 0.000000000000000000e+00
-1.000468168682751680e+00 9.067090137760984436e-02 -1.360319394511914637e-01 7.211048648636055880e-01 0.000000000000000000e+00
3.019118302376853635e-01 -3.764186874479288902e-01 3.211331161028913583e-01 5.177007543155893732e-01 0.000000000000000000e+00
-4.873019039762516713e-01 3.890602728767327823e-01 1.048006603702541506e+00 -1.660380134312142708e-01 0.000000000000000000e+00
5.453614996520706956e-03 1.192200646841802963e-01 2.441724642142440449e-01 -3.519838112443417488e-01 0.000000000000000000e+00
-4.384627926157591005e-01 1.135625614882926904e+00 -6.167905144663974326e-01 -6.287566927820281704e-01 0.000000000000000000e+00
-5.011030076023428315e-01 -1.669270444184469959e-01 1.075575906054497544e-02 -1.277158801114815223e-01 0.000000000000000000e+00
-8.200015281795878241e-01 1.800062158339259533e-01 5.391840504500676756e-01 4.677942019046900657e-01 0.000000000000000000e+00
-1.340439205070939888e-01 4.607995904356941841e-01 -8.546536960483902545e-01 2.167352837773829644e-01 0.000000000000000000e+00
-1.132944550708238296e+00 -4.659405810986814722e-01 4.955357723501214728e-01 1.050035500839140878e+00 0.000000000000000000e+00
-6.416974571135100058e-01 2.840828991747094134e-01 3.445574380351097421e-01 4.997014596313803514e-01 0.000000000000000000e+00
1.130401985122696074e+00 -2.390476454959735569e-04 -8.205140890372341067e-01 2.563942545594085076e-01 0.000000000000000000e+00
-5.858144451631904781e-01 8.969078572044836967e-03 6.045082334206924868e-01 5.059629354054994144e-01 0.000000000000000000e+00
-5.897393169735175578e-01 5.424461324848344201e-01 2.143432128328447844e-02 5.649277776635216464e-01 0.000000000000000000e+00
-3.619417927580961258e-01 -6.794907708223684173e-01 2.516329902213377823e-01 5.986489462615603996e-01 0.000000000000000000e+00
-3.876602240282102374e-02 -6.574118910930488724e-01 -7.882247463006869515e-01 -1.421494980507397865e-01 0.000000000000000000e+00
-1.105236832776859135e+00 1.488956113242607127e-01 2.909861782665419949e-01 7.724845391240847681e-01 0.000000000000000000e+00
-2.724728744415601533e-01 -6.942752928220710662e-02 2.978829757556049618e-01 5.127510312405488824e-01 0.000000000000000000e+00
-2.083540731256957046e-01 -4.138413426565920594e-01 -6.023205512935571049e-01 6.411851616934091114e-01 0.000000000000000000e+00
-3.293536355408474559e-01 1.140891023756731987e-01 3.713962083465078279e-01 4.296412918588525809e-01 0.000000000000000000e+00
-2.364162288994205441e-01 1.084007066943867281e+00 -7.775906907804934765e-01 -5.623224424070203398e-01 0.000000000000000000e+00
-5.404725084585215722e-01 1.698705800280982392e-01 3.210282558514322426e-01 3.627640564073285057e-01 0.000000000000000000e+00
-1.111879157739357638e+00 -1.852086914035851739e-01 6.856450554993492874e-01 7.259426377352256043e-01 0.000000000000000000e+00
6.853249641452650032e-01 -1.127238871228743333e+00 7.525217867177809161e-01 -1.375731204787279116e-01 0.000000000000000000e+00
-6.574678588962949988e-01 -7.654414335238817202e-01 6.179626118767217458e-01 2.829037698848822502e-01 0.000000000000000000e+00
4.317060070563021323e-01 -1.020489440797262004e+00 7.555127662077402162e-01 -7.553339052760957850e-01 0.000000000000000000e+00
-6.444273397821650429e-01 -9.039342716427525293e-01 -1.701781436512224688e-01 -1.946916724886625094e-01 0.000000000000000000e+00
-3.418424763617497475e-01 6.079007762137001586e-02 -3.374031230468433340e-01 -6.298382284375340090e-01 0.000000000000000000e+00
