-8.659604361656788596e-01 0.000000000000000000e+00
-5.519314272044716363e-01 0.000000000000000000e+00
7.193819506133249941e-01 0.000000000000000000e+00
2.308832822000311813e-01 0.000000000000000000e+00
-1.112428540527818505e-01 0.000000000000000000e+00
1.992372233857041819e-01 0.000000000000000000e+00
3.116482790943874148e-01 0.000000000000000000e+00
2.564361471453373009e-01 0.000000000000000000e+00
-2.556967845883577686e-02 0.000000000000000000e+00
6.777394829388192488e-01 0.000000000000000000e+00
8.989787792796800903e-02 0.000000000000000000e+00
4.396994990699412686e-03 0.000000000000000000e+00
-7.556503770146524857e-02 0.000000000000000000e+00
4.305323882815847991e-01 0.000000000000000000e+00
1.922877676757025756e-01 0.000000000000000000e+00
4.655068561548852957e-01 0.000000000000000000e+00
-2.355308811492559384e-01 0.000000000000000000e+00
-2.615503296216477036e-01 0.000000000000000000e+00
-7.838317054205151679e-01 0.000000000000000000e+00
-1.177279951162708421e-01 0.000000000000000000e+00
-2.681341026950114295e-03 0.000000000000000000e+00
-4.851970420090832847e-02 0.000000000000000000e+00
-8.545352799797026333e-03 0.000000000000000000e+00
-1.647091371643213953e-02 0.000000000000000000e+00
-1.386345490762658228e-01 0.000000000000000000e+00
6.550931386508633547e-02 0.000000000000000000e+00
4.950997499611110575e-01 0.000000000000000000e+00
2.107686247944746127e-01 0.000000000000000000e+00
-6.492169745210589482e-02 0.000000000000000000e+00
2.980325683084449895e-01 0.000000000000000000e+00
1.063755129416288359e+00 0.000000000000000000e+00
-3.868683641362808401e-01 0.000000000000000000e+00
7.064456805774966819e-01 0.000000000000000000e+00
-1.404980924250855412e-01 0.000000000000000000e+00
7.859008091148143027e-01 0.000000000000000000e+00
