-7.695988890659283932e+00 -5.974822006168269972e+00 -1.211268606122091418e+00 1.035242860312265734e+01 -1.284971137519865803e+00 8.374043735810362321e+00 7.684134182803155078e+00 1.479529054011319067e+00 8.209827532913227088e+00 2.206577726256907734e+00 -2.865240064060141201e+00 5.953698522863977161e+00 -7.462565997675087992e-01 1.501232386222998816e+00 -4.766861795232487431e+00 6.050583330424719186e+00 -5.460103581813491758e+00 2.347983923464789027e-02 9.423666710522516254e+00 0.000000000000000000e+00
-6.799617193105919277e+00 -1.783997909532288206e+00 2.216004380536321428e+00 2.078830945247704509e+00 1.529240435504675366e+00 2.564366483469374014e+00 4.015314098007165988e+00 2.126993476532653915e+00 -4.468967838026854267e+00 4.644840132045078285e+00 -3.193893041274423972e+00 2.972503579976692456e-01 2.149384559720469490e+00 2.288569294038655944e+00 -1.266509951802161638e+00 3.818405092449574934e+00 -2.844910793987687203e-03 2.923936660688473577e+00 8.054747999863989261e-01 0.000000000000000000e+00
4.161102271894563387e+00 1.634511271788366971e+00 -1.694360573431135997e+00 2.277104185970663774e+00 -3.899954899291306898e+00 2.454926592322369761e+00 1.131424116173092465e+00 -4.292305899434453842e+00 9.611853290643320946e+00 -2.074236061502750861e+00 -2.313374425365079257e-01 1.185377308548388964e+00 -1.314663807699691045e+00 -2.162306636439754293e+00 4.206048304974937535e-01 3.006828169564597086e+00 4.019462054634654891e+00 1.755252909651600357e-01 2.343445584907167145e+00 0.000000000000000000e+00
4.500899485041537140e+00 2.717159321182249232e-01 -2.247569085810173561e+00 -2.922058268654277757e+00 -6.142947074156839271e-01 6.745738442579427563e+00 7.771503379087473462e+00 -3.003102052023355895e-01 3.394823001824212927e+00 -1.241581502487627997e+00 1.280079358072404361e+00 5.398656703175789495e+00 1.230635862442518436e+00 2.989068483852299618e+00 -1.023028302632556300e-02 8.391297984221246509e+00 -4.818957793625875397e+00 -2.043998513703314313e+00 -2.078272075659671980e+00 0.000000000000000000e+00
2.778676281414775295e-01 3.865316599197206604e-01 8.356574092867329051e-02 -3.226133494062311868e+00 3.505569572215228580e-01 -3.188441244808347452e+00 -3.537304181201339492e+00 -3.235501476867135295e-01 -2.444266985310133700e-01 -1.496654204254610043e+00 4.489905275913484983e-01 -2.208322587805713333e+00 6.762255428614853681e-02 -1.166059520623034806e-01 -4.119275083641800728e-01 -2.693137827167280118e+00 9.801597801136916477e-01 -1.472706819223237595e-01 -2.406119530229038794e+00 0.000000000000000000e+00
-6.345762816497677150e+00 -1.024031078334260991e+00 -2.314539502682112726e+00 -2.182571022061284616e+00 -4.430424475938714579e+00 4.984114336706199744e+00 7.172979376749688107e+00 4.975255080928865148e+00 8.105442422896654620e+00 8.827869220881391144e+00 -1.353596594674168596e+00 4.228029914603917305e+00 -3.721523019845160984e+00 7.153991167703864562e+00 -6.408426987905063710e-01 4.188479524342893612e+00 -2.197887859340188044e+00 -7.138028479739306320e+00 5.607023677594057398e-01 0.000000000000000000e+00
1.505849332311812949e+00 -2.853163886840925367e-01 -1.646600379884439080e+00 2.622249078683123735e-01 -1.694700128150464780e+00 2.145011103030180610e+00 2.624613665696909237e+00 2.726513574638878001e-01 6.985517696770073393e+00 2.502787967825520710e+00 -4.574512720772922592e+00 4.183835959307049990e+00 -7.001181963239245798e-01 -8.153778735617790430e-01 -9.417871012779630568e-01 3.559490770454344144e+00 -6.138751035976943715e-01 -4.152827680530621457e+00 2.893854301612180713e+00 0.000000000000000000e+00
-3.111958655104491989e+00 2.513164502344716222e+00 -2.426160198204911467e+00 -5.655382489115634570e-01 -7.594085540611189566e-01 4.552793585215211714e+00 4.747259895217247561e+00 -2.217854193452279965e+00 -2.741220146645080291e+00 1.142257711319272007e+00 -9.173769721915733810e-03 2.685176755709876240e+00 -2.075596589622741739e+00 -1.503531075102276793e+00 1.399425603832992415e+00 5.886460211508676821e+00 3.679593035872419815e+00 1.993887360510879780e+00 1.921863520972116213e+00 0.000000000000000000e+00
-2.710338883718088177e+00 2.855117966453953660e+00 -6.242505737026549095e-01 3.213959459519966533e+00 -4.144558316530982389e-01 -2.660348149716150079e+00 -3.852393879155048939e+00 -1.571035205761096565e+00 -4.290299161360384694e+00 4.348230225410238542e-02 -1.033391063848420943e+00 -3.671137468953084571e-01 -1.254822960179942104e+00 -2.306236673982081875e+00 -2.532541110682198782e-01 -3.996219253506988700e+00 2.523986527511754563e+00 4.535694405263842599e-01 2.229553133970292755e+00 0.000000000000000000e+00
5.237733151827836942e+00 2.612721117942974569e+00 -1.213668988957940842e+00 -9.375975183075544450e+00 1.939942086007697908e+00 -5.116609621104782235e+00 -3.817859439532225174e+00 -6.951880096272843035e-02 -7.567638054477239251e+00 7.248786218237412982e+00 5.684766064948281183e+00 -7.217340601102654851e+00 -1.038891999790895748e-01 8.221518943182950068e+00 4.092687433293598964e+00 -5.156877982164958851e+00 -7.848459990690011878e+00 -1.391138135470753046e+00 -6.494440336041745532e+00 0.000000000000000000e+00
1.669159264548026114e-02 1.537076333562488115e-02 5.528334760409796544e+00 7.683855898647967919e+00 7.915098124084231301e+00 -1.465599424952199303e+00 -4.646328076210335389e-01 5.340401533379060872e+00 1.043632973594512947e+01 -7.894925865058214143e+00 -1.756835898536639906e+00 7.907652756608611888e+00 1.665535040797927691e+00 -6.389120368079692192e+00 2.584074534882493612e+00 5.229614998146276506e+00 -8.479858029019958110e+00 -5.236795817112014362e+00 7.121032513963053701e-01 0.000000000000000000e+00
-2.740444969323421187e+00 7.731060470097939064e-01 1.676532442845653614e+00 -4.655011411231402718e+00 -3.930555161930677222e-01 1.859321998505203188e+00 3.757625052980319680e+00 4.989462213816148406e+00 -8.290221117769229764e+00 5.759858092135242913e+00 -4.975833587939670899e-01 1.407941058585803429e+00 1.344568393583800869e+00 6.514109734230459914e+00 1.714889601577380018e+00 1.034872315111797780e+00 5.139735403770485933e-02 -2.909340648346615765e+00 -1.297026776178580088e+00 0.000000000000000000e+00
4.165482407923584596e+00 -2.380783462671547390e+00 4.243004329405659192e+00 -4.797513991979997172e+00 4.965684947657209136e+00 8.017582115031144374e-01 3.958132031260814254e-01 4.178994594199186174e+00 6.652919187925227185e+00 -5.521423475445872420e+00 7.599725663867361591e-01 7.181205737449588566e-01 3.896764672028708798e+00 -9.475085612473329588e-01 2.033227221363530735e+00 2.186701836429189250e+00 -4.751378868427991620e+00 7.832561156524572299e-01 -4.063124856562459364e+00 0.000000000000000000e+00
-4.054433800802240917e+00 -1.779368841331654405e+00 -3.426189496100522369e+00 5.041939445397472852e+00 2.014140622539589476e+00 -2.904397535942931707e+00 4.711859543474844259e+00 -1.423782836951200892e+00 1.041086502551540249e+01 7.198599697634534778e+00 -7.142123901449125567e-01 5.218760867329981679e+00 3.382735915126738213e+00 8.689015023570155094e+00 2.539304887629040497e+00 6.064969357242595116e+00 -8.839255005553216193e+00 -8.660053890574602065e+00 1.888936494437958524e+00 0.000000000000000000e+00
1.902392568595702993e-01 -3.774503799628819989e-01 2.097929364021508203e+00 1.235754108497431281e+00 -2.854390203304318696e+00 5.126925324154760766e+00 -1.023823065029881185e+00 1.263088427059122276e+00 6.041204995784559273e+00 -4.565746776062804990e+00 -4.058135144711347841e+00 1.223055882810818007e+00 2.090855769164415012e-01 -4.263955113024256782e+00 4.775133192243038310e-02 8.896774709339684506e+00 -9.390434948706752882e-01 4.655741080208654070e-01 4.040058765672093877e+00 0.000000000000000000e+00
4.056267410419499342e+00 2.076166235324349851e-01 -2.687747161688931463e-01 4.451663154184043236e+00 2.296746873546901546e-01 -3.780842840024694063e-01 -3.498738986834804443e+00 -2.015562414596839602e+00 1.313803744891622216e+00 -6.444313944677591444e+00 1.772833855562990113e+00 8.395087296097680785e-01 -2.323826071415875660e-01 -5.903207860931461326e+00 1.324386888379525340e+00 -4.599833956165579885e+00 -1.308916563380853493e+00 9.684938946084656886e-01 2.566893898269665630e+00 0.000000000000000000e+00
-2.811905241161404057e+00 -3.583920897495930902e+00 1.085501845739403670e+00 -8.708034825985728755e-01 -1.451037821393331040e+00 -4.072824769408621037e+00 -6.798793630994789616e+00 1.195508560003184728e+00 8.303105573072292245e+00 8.049107020349287822e+00 -1.964881184633497702e+00 -1.584135427586740752e+00 4.219197240584616759e-01 6.418058918500796572e+00 -6.644816075357666829e-01 1.699895159921226639e+00 -2.498189218882586271e+00 4.554891206722058716e-01 -7.160075417625574312e-01 0.000000000000000000e+00
