-1.802057664222737943e+00 -3.373595736046260285e+00 6.901318022526821139e+00 1.135738886328082664e+01 3.026824597865000466e-01 -3.233392697924081904e+00 -6.143797079678956941e+00 7.761290569395822736e+00 -3.115068858692087161e+00 -6.769505913583101275e+00 -1.791036920400195687e+00 -9.370058966597593297e+00 -9.420315860160110022e-01 1.063768391652948964e+01 2.305381323860585496e+01 -1.630932213109048901e+00 1.110722382799385954e+01 9.932726620620924152e+00 -4.664313442390497499e+00 0.000000000000000000e+00
-3.930346702674198944e+00 3.620607084948029186e+00 2.205768284580687855e+00 -7.441477609001200477e+00 2.993621652859861815e+00 1.308589297851192379e+00 4.823732866266911556e-01 -4.627939307230287902e+00 -2.279056327785101477e+00 2.079997521462907173e+00 2.922866978604071519e+00 8.361063648499666101e+00 1.940237925863249391e+00 -5.623984183940673454e+00 -1.559996779815644530e+01 3.787321022301540552e+00 -7.042060888095798887e+00 -7.087188756085408770e+00 1.349449089288569992e+00 0.000000000000000000e+00
2.952370846057671017e+01 -1.505935165722611302e+01 -5.031867327801317735e+00 -1.147746120807465608e+01 -2.107895036645343367e+01 7.380687873002164778e+00 -2.293684028823056664e+00 8.335004501001169741e-02 -3.317245880866295682e+00 9.740196589668816962e-01 2.034473998609137624e+01 -9.733589350404388441e+00 9.255923296530716993e-01 2.800802867941790009e+00 -1.445814869194400742e+01 -1.917738601351593530e+01 -7.505943238089393788e+00 -3.592905453499868340e+00 -1.352796602008632298e+01 0.000000000000000000e+00
-9.706030145833084433e+00 -2.057717680699667540e+00 2.034458044050440506e+01 -8.396834279444966853e+00 1.009226754763741241e+01 5.376966153943324445e-01 -1.804524879525847680e+01 6.355701862067633101e+00 1.522135507541216448e+01 -1.172196582760894756e+01 1.084727547386195479e+00 -1.818545599950484704e+00 2.841651274017133133e+00 1.136659885585308949e+00 -1.223132311923567883e+01 1.222057792786432628e+01 -4.356403488943603186e+00 1.699755367321141719e+01 -5.844679340420319669e+00 0.000000000000000000e+00
2.888297660046404758e+00 -5.186506771327575871e-01 -5.769743883903925230e+00 1.812662542937692134e+00 -1.878541158732799587e+00 8.252183626068270161e-01 2.051404559034371466e+00 -4.913488640648869255e-01 -3.843725714471094013e-01 1.443632004740511787e+00 -1.033984552533350476e-01 -1.992853708310884819e+00 -3.333802487567951167e-01 -7.551487082224086489e-01 1.426347426380781158e+00 -1.384246950908227136e+00 7.601870822719131171e-01 -4.383658232088072815e+00 -4.015728641161417367e-01 0.000000000000000000e+00
-2.315837602001132645e+00 3.652700279908995373e+00 -1.360219659730823238e+01 1.291001611588559683e+01 -6.622364703565893684e+00 -1.180994991933307148e+01 -1.342018131180111151e+00 -8.955175579999007596e+00 1.050521578520901445e+00 5.424819907185512990e-01 -1.433650407269714577e+01 -3.034625357212931807e+00 -1.210482169034514222e+01 2.862273083795322526e-01 9.682087970119887643e+00 -8.570064884652930814e+00 8.913385808610392758e+00 4.190395589801086729e+00 -1.665838238718980957e+00 0.000000000000000000e+00
-2.379574040274450297e+00 -4.253417740969831051e+00 -4.214054883034705767e+00 4.803355338329742708e+00 -8.146394094351938620e+00 1.508819923135014340e+00 -2.394851173000132505e+00 1.263689229655195589e+01 1.115873338785921653e+00 5.010297543303519063e-01 -1.095768091397328003e+00 -2.129872522225608189e-01 -2.485676055594350231e-01 7.725844441025173204e+00 1.361435054262225108e+00 -1.137819885236706519e+01 4.732709179498467700e-01 1.921534696808425124e+01 2.761954755554562269e+00 0.000000000000000000e+00
-1.301276571866959308e+01 -9.851727967655707907e-01 4.944032859155788273e+00 7.823799918575249368e-01 2.960130097197161358e+00 -7.058593800003882812e-01 -3.904954521790924726e+00 -4.666577097635761007e+00 4.428416637046241000e+00 -4.231009845821365190e+00 -4.657089466789520849e+00 -4.388552816878846130e+00 -6.880567124478994545e-01 -2.253410963870954298e+00 7.331784544118764124e+00 2.569831830743406709e+00 3.109749326900525634e+00 2.357000410175170924e+00 -2.190409784325077602e+00 0.000000000000000000e+00
1.026741431519146985e+00 3.961427877749201798e+00 -4.452722791907589572e-01 -1.603710443356405613e-01 -1.129728217172020877e+00 3.207853801983847064e-01 3.391816987168684516e+00 -9.770504915042446115e-01 2.545615547038752258e+00 1.746564497459128118e+00 1.180876193651424266e+00 -9.645885815293596677e-01 2.050736937057287435e+00 -6.877345940497735732e+00 2.739885580782733587e+00 2.910706453687878503e-01 -4.980842661230468593e+00 -5.147474818444415234e+00 -2.962935499378162696e+00 0.000000000000000000e+00
-1.305119564835828427e+01 7.983129296208393733e+00 -3.829836347715829259e-01 -1.401309472497237429e+01 -4.897858061241375793e+00 1.465255623087476877e+01 -1.303744666821209153e+00 1.416777234073934855e+00 -4.786356936643761273e+00 3.669159599218667189e+00 -6.415936265707292030e+00 1.561434142326548979e+00 5.442594277518089996e+00 7.326746367249839409e+00 -1.256434336240377903e+01 -3.314000172412574940e+00 -9.217807930541845052e-02 -5.965212968878984334e+00 -2.970842162285061594e+00 0.000000000000000000e+00
-2.226598215474104858e-01 -2.232983288550518086e+00 2.647740525964984215e+00 -5.145058876939224035e+00 1.910076933179523095e+01 -2.662580006839935720e+01 -1.597780315470640033e+00 1.514156850647855457e+01 2.104775270126369779e+00 -1.314228831171230105e+01 -3.372971403297100323e+01 6.691975840362374583e+00 -6.216194566658296061e+00 7.009797302258409246e+00 -8.568279960362377157e-01 2.247211241685802463e+01 -5.667899391919426932e+00 1.330186054952849639e-01 9.219286124135226856e+00 0.000000000000000000e+00
-8.442452601444694338e+00 -1.435399770552892251e+00 4.114953915026740461e+00 -1.501749293340658120e+01 9.048699409233698088e-01 -3.850816918597526062e+00 -2.460101834200758564e+00 -8.537864006838114861e+00 2.780559716339441767e+00 6.706214178445285556e-01 -1.001854300823038102e+01 9.075293041680849271e+00 -1.138910397494474314e+00 -1.004979551298705687e+01 -1.744670733650625394e+01 -4.111567848986207863e-01 -1.526464175875351614e+01 -8.864206922998320026e-01 3.808224426506592764e+00 0.000000000000000000e+00
-1.432194375959286070e+01 1.331735204357710245e+01 -1.770195369242247097e+01 -8.915046612806259319e+00 5.829227173696601483e+00 1.006077718465411230e+01 -3.145490643993145596e+00 -1.314936809024516684e+01 -1.140029777722133097e+01 2.530453843870503405e+01 -1.609202533128084767e+01 -4.919371499801547643e+00 -1.359955927656674568e+01 -1.077521697002272916e+01 2.631147165256326304e+01 4.912972075013292361e+00 -1.368132629969638003e+01 -1.302977100514885400e+01 -1.181259046000083579e+00 0.000000000000000000e+00
-1.476788210055933348e+01 2.680401790891464486e+01 -9.656738952779375662e-01 -1.194029131984856829e+00 1.185252101392872426e+01 -2.753237134344231052e+01 -2.106996587783114805e+01 1.815785198374539178e+01 1.883419908986544433e+00 -3.055666747310493037e+01 1.155668562541295685e+01 5.062807592566719528e+00 -1.669203161824074044e+01 1.655830435309675330e+00 1.371485373253476858e+01 1.512196022438950749e+01 1.708111332929100357e+01 -6.005748023457121221e+00 1.013718283487630600e+00 0.000000000000000000e+00
-1.993484782332050997e+01 1.726626333311234518e+01 7.800499146260152727e+00 -1.524399885302514157e+01 1.277242846952843536e+01 -9.290349611451878431e+00 -1.176922253946271191e+01 -1.508040806495923825e+01 -8.971985280628222981e+00 -5.135658665830907799e-01 1.101246818247685777e+00 1.446497370548521033e+01 9.842340241509875298e+00 -1.613308782688405074e+01 1.356383493690895614e+00 1.124608489673418177e+01 3.416995230235967185e+00 -1.946821859279738831e+01 -3.889313934857224542e+00 0.000000000000000000e+00
-3.461531622182970391e+00 -2.288055601223645930e+00 5.851778192517719468e+00 -4.968066458024102960e-01 1.961538506639525448e+00 3.410003349948518836e-01 -3.729352995343576893e+00 4.966228428755139035e+00 6.436720486983967815e-01 -2.637370496955536048e+00 2.837306093368861415e+00 -1.198447330651090104e+00 2.189026486569859209e+00 5.453026896402885626e+00 2.922451455206509507e+00 1.140527153209089484e+00 2.537882554249158318e+00 8.967302576680278747e+00 1.183152210951119221e+00 0.000000000000000000e+00
5.966624097164921814e+00 -1.020210789946558982e+01 -8.003489190449718294e+00 3.900562320282478623e+00 -6.994580881173897424e+00 -7.737637825691288995e+00 1.110421868400108281e+01 1.384739733743326484e+00 -6.703309995831550516e+00 1.519727806249770996e+00 1.261054946155540257e+00 5.458046578515962644e+00 -4.418886760778364398e+00 9.967695442866395084e+00 4.735302889252949399e+00 -1.149977671328431938e+01 1.785327001091657451e+01 3.442800116239840502e+00 9.979072857325146373e+00 0.000000000000000000e+00
