-3.132621968045568472e+00 -3.590033602266835988e+00 -3.494871801603972816e+00 0.000000000000000000e+00
-9.540833904563595924e-01 -1.244577629442974454e+00 -1.312310674541868671e+00 0.000000000000000000e+00
3.386023151807299181e-01 -3.556215294011124128e-01 -2.839912047097731262e-01 0.000000000000000000e+00
3.583355854887133041e-01 6.535978726865740995e-01 3.490432822663710466e-01 0.000000000000000000e+00
7.302960588473550452e-02 9.289963784349239417e-02 -9.372620371336831679e-02 0.000000000000000000e+00
2.372042277492805162e-01 -2.198505983131480601e+00 -4.163188075178997916e-01 0.000000000000000000e+00
-1.026166123806479202e+00 -1.744717022544559626e+00 -1.377658278754828602e+00 0.000000000000000000e+00
5.128715196032633816e-01 3.037088831812345679e-01 1.165456860336112621e-01 0.000000000000000000e+00
1.068531656538514785e+00 1.016280264773635311e+00 4.816319415818331451e-01 0.000000000000000000e+00
-2.838547295926759251e+00 -1.793768998500468781e+00 -3.298365798949120520e-01 0.000000000000000000e+00
2.909224731142645570e-01 4.462824358413665093e-01 2.266986569924590578e-01 0.000000000000000000e+00
1.535869733810387439e-01 3.416753382013353046e-02 -3.712419993407026220e-01 0.000000000000000000e+00
8.970646275863350949e-01 7.980094053592602377e-01 2.065425754769879552e-01 0.000000000000000000e+00
8.845220807914897510e-01 3.291923467180153939e-01 1.339140360142942132e+00 0.000000000000000000e+00
-2.381527859118734158e-01 3.114615164876282094e-01 7.887504408148982016e-01 0.000000000000000000e+00
-5.251632961975395419e-01 3.698265350047743039e-01 6.555078581776471180e-01 0.000000000000000000e+00
4.902134530341273333e-01 -1.706911398216928388e+00 3.213590041760233107e-01 0.000000000000000000e+00
-1.890747235718853947e+00 2.793360393212712123e-01 7.856113629757365269e-01 0.000000000000000000e+00
1.411258521038738722e+00 -1.289020761556009809e-01 4.983897276848140989e-01 0.000000000000000000e+00
2.783467077759661512e-01 3.834878063363969525e-01 1.746118174199459971e-01 0.000000000000000000e+00
1.789204155049624323e-01 3.027404698516614756e-01 1.729744217465493394e-01 0.000000000000000000e+00
-3.393573073764022657e-03 -4.845507214900925119e-02 -2.817532664364828521e-01 0.000000000000000000e+00
3.222359559606233215e-01 2.740863853416208862e-01 1.881149931896141346e-03 0.000000000000000000e+00
5.021607355375879989e-01 8.266872914241213399e-01 1.068004361288094506e+00 0.000000000000000000e+00
-1.644830411940087223e-01 5.525895737764622284e-01 6.671653530380564634e-01 0.000000000000000000e+00
8.272961438771683218e-01 6.709553521451033786e-01 7.689722321395349169e-01 0.000000000000000000e+00
-1.529630232622475772e+00 -1.712665686815302513e+00 -6.954452944043671980e-01 0.000000000000000000e+00
5.317727780607617305e-01 3.074669370570407567e-01 8.968250087325577713e-01 0.000000000000000000e+00
7.217353166983229151e-01 5.867142355686916222e-01 4.440535984285700621e-01 0.000000000000000000e+00
5.951886541088187155e-01 7.364011300121299231e-01 7.269271137456139176e-01 0.000000000000000000e+00
1.426933526941401409e+00 -1.347297962573303032e+00 6.142397020498938653e-01 0.000000000000000000e+00
-1.867032785516723470e+00 -2.514506166519956398e-01 -1.255570990504136342e+00 0.000000000000000000e+00
3.768388776768608395e+00 2.400310013586916202e+00 2.126549096098987679e+00 0.000000000000000000e+00
-2.114366201163278003e+00 -5.972609709991346660e-01 1.247526715437143746e-01 0.000000000000000000e+00
7.822133794117842598e-01 -6.662084928097915526e-01 4.048513377351221632e-01 0.000000000000000000e+00
-6.469907612723384271e-02 -1.351037692450422489e-01 -4.459911211580976781e-02 0.000000000000000000e+00
-1.887718325104712630e-02 8.350002610017048799e-02 1.757247747205844257e-01 0.000000000000000000e+00
-3.410453397431554290e-01 -3.728873152245676947e-01 -9.385857289731475150e-02 0.000000000000000000e+00
4.336472967582153532e-02 3.060630376370538919e-01 -1.703315470090106766e-03 0.000000000000000000e+00
8.218119500936850175e-01 5.200374475205347125e-01 5.110454572284474084e-01 0.000000000000000000e+00
-1.773842426799341065e-01 -1.100763741926968908e-01 -2.374942976191790345e-01 0.000000000000000000e+00
-2.118690718258678718e+00 -1.619193881432354543e+00 -1.334922811452358804e+00 0.000000000000000000e+00
1.100363943597837180e+00 3.276712210534629688e-01 5.134423141161263970e-01 0.000000000000000000e+00
-8.249715703285996626e-03 6.683326925887742576e-01 5.355095935810989527e-01 0.000000000000000000e+00
5.899576775008615881e-01 2.297735841307728955e-01 5.661072314213059231e-01 0.000000000000000000e+00
4.279240316159308444e-01 6.625973377667743192e-01 8.110000923338598344e-01 0.000000000000000000e+00
1.667046638832917038e+00 1.500305310893627952e+00 -5.723179757671355006e-01 0.000000000000000000e+00
2.769212848095329083e+00 2.847592373507275010e+00 6.798306480862744694e-01 0.000000000000000000e+00
-1.923482002493970278e-01 1.075498415137102093e+00 5.778145073575355894e-01 0.000000000000000000e+00
7.963741945428581825e-01 1.607656756484643346e-01 1.241936987417496807e+00 0.000000000000000000e+00
1.807223051326759311e+00 -1.258880450380099603e-01 3.066687162380752341e-01 0.000000000000000000e+00
-2.531482782786405039e+00 1.031656804545350470e+00 1.157512032914168376e+00 0.000000000000000000e+00
2.366238168280759613e+00 -4.459915919150945762e-01 -1.937095725711446559e-01 0.000000000000000000e+00
-1.866894175130393574e+00 1.247921714244641489e+00 -8.736723558896748454e-01 0.000000000000000000e+00
1.142927455600867503e+00 2.788624100097673586e-01 6.994163014112730892e-01 0.000000000000000000e+00
2.268754819513405518e-01 -1.700429154314278268e-01 5.985683502797258804e-01 0.000000000000000000e+00
