-2.935183328065744668e+00 1.289731234173159713e+00 2.570318876609916980e+00 0.000000000000000000e+00
-1.153623748196571430e+00 3.448676893472157334e-01 1.393376165223654262e+00 0.000000000000000000e+00
-2.085125987069416653e-01 1.342933825089851263e+00 -1.341721743407948697e+00 0.000000000000000000e+00
-4.827812988363469615e-02 9.446892662596760859e-01 -1.559771064787825789e+00 0.000000000000000000e+00
-3.683760322192535797e-01 2.253673940542128551e-01 2.336054808816387662e-01 0.000000000000000000e+00
4.422432094569845873e-01 1.028213034997595754e+00 1.662234012675706252e+00 0.000000000000000000e+00
-9.106653621751963357e-01 1.009089278727058225e+00 6.535097188554732373e-02 0.000000000000000000e+00
3.770219168328776682e-01 -3.986388209927133053e-01 -7.204578799199172767e-01 0.000000000000000000e+00
7.940967952363262583e-01 3.507140106058795892e-01 -1.564908890229945282e+00 0.000000000000000000e+00
1.177616740763905323e+00 5.191512848820980519e-01 -1.757838940031248409e+00 0.000000000000000000e+00
-8.443842647329566353e-02 8.209443161583801496e-02 -1.107067139616583623e-01 0.000000000000000000e+00
1.742726639377854270e-01 -2.842497095538593643e-01 -5.704646708557846724e-01 0.000000000000000000e+00
6.354522733621005282e-01 -1.610284791440581564e-01 -1.000800627524935704e+00 0.000000000000000000e+00
1.291428474124043380e+00 -4.776388657137666666e-02 -7.716387873829530508e-02 0.000000000000000000e+00
1.212902806447308413e+00 -2.476125658082675429e-01 -1.521053448234326755e+00 0.000000000000000000e+00
3.915765634652826344e-01 -6.824597282351055894e-01 -1.094535154235778962e-01 0.000000000000000000e+00
8.663870509951281385e-01 2.037206145426323223e-01 -9.181394848411178478e-01 0.000000000000000000e+00
1.514378509616766122e+00 6.032221284268805134e-02 -4.335857208012617314e-01 0.000000000000000000e+00
-1.169935559701110045e-01 6.270365676419313861e-01 -1.402834480037398190e-01 0.000000000000000000e+00
-4.686743193886259151e-01 -3.512562775526444914e-01 -6.705409594807609786e-01 0.000000000000000000e+00
1.520067140832843423e-02 -9.314932673180028808e-03 -1.297423893580291199e-01 0.000000000000000000e+00
-1.418276155550445526e-02 -1.648974317078152063e-01 -2.699750937495178360e-01 0.000000000000000000e+00
1.744972308843722730e-01 -1.890943607166192808e-01 -2.522022083163404371e-01 0.000000000000000000e+00
6.643002670028436141e-01 -6.096491928940735855e-02 -6.082946324247880954e-01 0.000000000000000000e+00
3.985010644530663226e-01 -3.976431301320219602e-01 -1.304633243341832560e-01 0.000000000000000000e+00
5.012438180385104802e-01 -4.262570983506482891e-01 -2.576701094604348929e-01 0.000000000000000000e+00
6.843876773125174839e-01 -1.276324342809589396e+00 4.676984232202650860e-02 0.000000000000000000e+00
7.111686918794426493e-01 -5.510438713384798737e-01 -2.549636124569922280e-01 0.000000000000000000e+00
-2.795574207667008704e-01 -4.196188376748529181e-01 3.903484343599744055e-01 0.000000000000000000e+00
2.977485801746998506e-01 -3.954562733598541713e-01 -9.355519101130176374e-01 0.000000000000000000e+00
2.403111299683962976e+00 -8.990356649839396919e-02 4.753158366831657378e-01 0.000000000000000000e+00
9.607891405484833003e-01 -9.641855423009397796e-01 -1.062743598714400939e+00 0.000000000000000000e+00
6.173006669310536765e-01 1.895596351488821607e-01 -7.061738011673156512e-01 0.000000000000000000e+00
3.698277483116559350e-01 1.808959638314516227e-01 -5.327460215443732272e-01 0.000000000000000000e+00
-4.895814382336736159e-01 1.046326973661185905e-01 -1.092522143679454105e+00 0.000000000000000000e+00
5.278511171093028254e-02 -3.795783687537544054e-02 -1.196771600877965733e-02 0.000000000000000000e+00
-1.145382436149688932e-01 -6.800075118586507150e-02 2.836873910943023269e-02 0.000000000000000000e+00
-3.589954034928848348e-01 -8.057835176289759871e-02 4.174851379622715464e-01 0.000000000000000000e+00
3.892405240522978788e-02 -2.183801919806509922e-02 -3.106701946112925272e-01 0.000000000000000000e+00
-2.081238016539369018e-01 -1.086813668618843709e-01 9.530723639605853670e-01 0.000000000000000000e+00
1.177952167227725444e-01 -1.103226288803452471e-01 2.593246826655823956e-01 0.000000000000000000e+00
2.424789193870526827e-01 -8.117506918073699174e-01 7.870750475679366698e-02 0.000000000000000000e+00
-5.422821916363304018e-01 -4.235356099987902523e-01 8.029439609264474864e-01 0.000000000000000000e+00
-6.704915618452753634e-01 -7.909916659050360288e-02 2.929696099140891019e-01 0.000000000000000000e+00
1.361126384951400203e-01 -6.007594349408962309e-01 1.375081491418912449e-01 0.000000000000000000e+00
1.804191009785798938e+00 -1.112701500047034830e+00 -4.536510813133074471e-01 0.000000000000000000e+00
3.325349479389008156e-01 -7.177749573602968391e-01 -1.254914830911778578e+00 0.000000000000000000e+00
-4.020172634075170337e-01 4.205941768653591595e-01 -3.304868888991743803e-01 0.000000000000000000e+00
-1.757709490435932151e-02 5.192773926619300706e-01 -4.990652991855148435e-01 0.000000000000000000e+00
4.282662951607752594e-02 -5.383901602186279556e-01 -5.916910153698292651e-01 0.000000000000000000e+00
1.594288163472572961e+00 8.763455938222733943e-01 -1.832551155809756027e+00 0.000000000000000000e+00
2.011940829536428055e+00 -9.284875323001080538e-01 -8.121725156801179457e-01 0.000000000000000000e+00
2.271450254960851456e-01 -5.984620103847942962e-01 5.104384498831233269e-02 0.000000000000000000e+00
-5.482113419183644032e-01 9.706948486875222395e-03 6.488460159337298139e-01 0.000000000000000000e+00
-2.413171164790833267e-01 5.752694872525464936e-02 2.177049895557708892e-01 0.000000000000000000e+00
-4.399486541647912308e-01 -8.348239961635577355e-01 -2.326436721521936146e-01 0.000000000000000000e+00
