-4.608613738082208422e-01 2.720983097138934603e+00 -2.045211056890737122e+00 0.000000000000000000e+00
2.978094840709425428e-01 1.081029052650356759e+00 -5.038665453825823537e-01 0.000000000000000000e+00
-7.298014428913431884e-01 1.606013241107764056e-01 4.072772406490258734e-01 0.000000000000000000e+00
-2.022281500657412134e-01 -3.051047177729198090e-01 -7.947650096591651891e-02 0.000000000000000000e+00
3.982575644360438760e-01 1.086865048879344098e-01 1.641223216175226596e-01 0.000000000000000000e+00
-1.592779333369779282e-01 1.121486890899558997e+00 -2.195003165634545617e-01 0.000000000000000000e+00
-2.507548191838873120e-01 1.260037550282524288e+00 -4.811402386292831790e-01 0.000000000000000000e+00
-2.900069670046478976e-01 -8.381250707271690192e-01 6.082482690967856431e-01 0.000000000000000000e+00
8.578047795080315230e-02 -5.952227381995802702e-01 2.825127296929902387e-01 0.000000000000000000e+00
-2.009824878741373055e+00 1.281318622040846567e+00 4.660563150588489800e-01 0.000000000000000000e+00
2.880080392299245173e-01 -1.736183118717593010e-01 2.595501801619059523e-01 0.000000000000000000e+00
-1.218184739730135829e-01 -4.412087603668153335e-01 2.746180681064664397e-01 0.000000000000000000e+00
1.303070499001849070e-01 -4.670813728996003333e-01 2.686318426401707593e-01 0.000000000000000000e+00
-2.640114120242247411e-02 -1.030226466336404689e+00 6.692792977102850482e-01 0.000000000000000000e+00
-2.411778031521071841e-01 -1.045415995661180153e+00 7.603856994844608863e-01 0.000000000000000000e+00
-2.098291020794662565e-01 -6.482459006721850991e-02 3.620290448334132494e-01 0.000000000000000000e+00
6.587316101428749571e-01 7.717410051959623374e-01 -6.458779274980238627e-01 0.000000000000000000e+00
-1.594192594361250714e+00 -5.218022201194560949e-01 5.393162499196016979e-01 0.000000000000000000e+00
-7.568386190625138177e-01 2.606316618497607311e-03 -2.248112229857406053e-01 0.000000000000000000e+00
-6.356372762542646937e-01 -5.600697202323725449e-02 -1.407247766752903195e-01 0.000000000000000000e+00
9.638442654538946497e-02 -1.347124800912047060e-01 1.391681768632596627e-01 0.000000000000000000e+00
8.764719862686771654e-03 -1.113244872967210086e-01 7.277656741852862876e-02 0.000000000000000000e+00
6.785114238395542618e-02 -1.487007316757413267e-01 1.155649001788105201e-01 0.000000000000000000e+00
-1.613320244226642275e-01 -1.079931172566589881e+00 3.107433894911630357e-01 0.000000000000000000e+00
-1.501621414928447362e-01 -3.953848215783031805e-01 1.599685665402383605e-01 0.000000000000000000e+00
2.093343446968053689e-01 -8.651682016405443099e-01 3.357530619242774517e-01 0.000000000000000000e+00
3.136307790733062206e-01 1.597045890978560534e+00 -1.016832107259467710e+00 0.000000000000000000e+00
-2.734376270224754268e-01 -1.047833602610550141e+00 5.091799882250300779e-01 0.000000000000000000e+00
-1.598943152957595371e-01 -6.590312063481339466e-01 -2.794232390411708344e-01 0.000000000000000000e+00
-2.433225722197535079e-01 -6.664179388153506078e-01 9.459627641815492038e-02 0.000000000000000000e+00
-4.738380777902078123e-01 8.589480474439383784e-01 -1.394788996951853433e-01 0.000000000000000000e+00
-2.292042799010492182e-01 1.211254293677805016e+00 -2.061623925266716506e-01 0.000000000000000000e+00
1.095309242215772194e+00 -1.244986952037571371e+00 6.520592546361502206e-01 0.000000000000000000e+00
-1.941945971786981362e+00 1.356425402462455576e+00 5.087415667622819937e-01 0.000000000000000000e+00
-6.806437258181496919e-02 -2.858019905238049496e-01 2.051940191186894802e-01 0.000000000000000000e+00
-9.642743232310663215e-02 4.069953062072949324e-02 -6.444017814991592763e-02 0.000000000000000000e+00
6.699851098307708919e-02 1.330919441033035291e-02 3.596349051344299719e-02 0.000000000000000000e+00
-4.354566059722236177e-02 2.147325431927257500e-01 -8.135628697827770872e-02 0.000000000000000000e+00
-2.852985087998438085e-01 -6.136088517980167190e-01 -3.456500161540122518e-01 0.000000000000000000e+00
1.169155912966736953e-02 -1.515214385539047914e-01 -2.114336099027959992e-01 0.000000000000000000e+00
-1.096866445824884462e-01 -2.165930056470791454e-01 -3.305625387023730655e-01 0.000000000000000000e+00
-1.754395012715214905e-02 1.960665685875718545e+00 -1.094456857247758430e+00 0.000000000000000000e+00
3.492274762154251033e-01 -8.827695257684333718e-01 2.164868093786402048e-01 0.000000000000000000e+00
5.627708056692012906e-02 -1.813021086934151760e-01 -6.133100929655539435e-01 0.000000000000000000e+00
1.472314758866409209e-02 -6.790627872653116626e-01 -3.035283611620137253e-02 0.000000000000000000e+00
-6.259903260996779739e-01 -4.344637418143938445e-01 -6.842223821076426349e-02 0.000000000000000000e+00
1.901161014767492663e+00 -1.172311879731350093e+00 2.951620757998598549e-02 0.000000000000000000e+00
4.914784474195122432e-01 -7.172105023050741046e-01 1.994606214168387071e-01 0.000000000000000000e+00
-1.817698039269040888e-01 -3.850122107421964368e-01 4.957625242865120740e-01 0.000000000000000000e+00
-3.889238838370979723e-01 -6.099391458964328327e-01 3.295708180180354496e-01 0.000000000000000000e+00
1.866144561031051863e+00 -9.476894998452379815e-01 4.265319092858423783e-02 0.000000000000000000e+00
-1.460680224981561359e+00 -3.733593498313645398e-01 1.462972998549592341e-01 0.000000000000000000e+00
2.110882591142979603e+00 -1.409082605852330916e+00 -6.629689251271023709e-01 0.000000000000000000e+00
-7.417114185705927509e-01 1.671308820012713969e+00 -6.076414888712733386e-01 0.000000000000000000e+00
-6.051650670896379092e-01 1.814952451721240090e-01 -9.627386298595005942e-02 0.000000000000000000e+00
-4.896416007297496042e-01 -4.428413308894901257e-01 -2.366496290543996794e-01 0.000000000000000000e+00
