3.300198140169583461e-01 -2.633115369978948905e-01 -2.954198783842376663e-01 -2.215402350372518148e-01
1.003478126664472558e+00 3.701798564959527527e-01 3.867562814853545139e-01 3.984354080185716906e-01
1.596463535030556713e-01 -3.796956978210799249e-01 -3.720343612858114657e-01 -3.631666083112687904e-01
-1.259457139192546649e+00 -7.511219441630251348e-02 2.142547660768191753e-02 -1.526826231214029606e-01
7.175732847940983206e-01 1.560013222944603983e-01 1.255391828357342310e-01 2.042194714408842038e-01
-7.339097393954876480e-01 -1.170373703396574705e-01 -1.279901803780502390e-01 -1.337642171253614620e-01
-1.400675329906359678e+00 -1.936836952931649258e-01 -2.660265033330089235e-01 -3.223714871494562928e-01
-9.714936380902887691e-01 -2.675501918787309696e-01 -3.062173607043469636e-01 -3.790554720813027467e-01
-7.673489534793658251e-01 1.386826805809494856e-02 1.607324593717063266e-02 6.699448322443540826e-03
9.499794962577663426e-01 6.326590665492703991e-02 -4.583353200161988106e-02 1.172022113769318752e-01
1.051557965316511023e+00 -1.918360296086540906e-01 -1.135562420128607697e-01 4.079652258490218397e-02
7.552579779017811745e-01 2.874656825478210664e-01 3.362873693647741025e-01 4.848439396713102312e-01
3.523655719684271048e-01 -3.469153083589134740e-02 8.310967369999588961e-03 -6.662090933257822090e-02
6.644218417521043918e-01 -4.097509802117819122e-01 -3.994322987056856955e-01 -4.601410000583268101e-01
9.989479220012995597e-01 4.041873465010603628e-02 8.512540499100443303e-02 4.763805958400313401e-02
-1.776472634515326110e+00 1.782812640614209188e-03 9.232220296220602918e-03 -1.583550383604304945e-01
-1.368926451997484861e+00 2.279799134660687177e-02 3.154908634919405264e-02 -1.316485041897761943e-01
-1.712299295906092311e-01 -1.009909104328493568e-02 -2.046013675492749928e-02 -1.854032428448643133e-02
-1.964252337388958658e-01 -6.693480163160903107e-03 -7.331501401998397061e-03 3.202190230403445526e-02
-3.042960241940328991e-01 -3.089618880721553551e-02 2.038862904961119549e-02 -4.644476091245400284e-02
-4.439750109103404174e-01 1.224890578444762373e-01 8.864168861318774684e-02 -1.993504555168751358e-02
-2.229321483459507647e-01 -7.640212083287939437e-02 -9.986959485017399274e-02 -1.972680247758890060e-01
-6.149883818738146601e-01 -4.864781095297691926e-02 -6.626629750490303783e-02 -2.116637096682187635e-02
-5.239319097802122016e-01 2.839655599131940544e-02 -1.186827554050159939e-02 3.347162026289129955e-02
-4.281290813521851923e-01 2.115055595942920141e-01 1.994329763555120483e-01 2.612242813150233989e-01
9.578493544970898554e-01 1.986309860851478981e-03 4.436736541181839077e-02 1.255765445737333508e-02
7.137628992970581621e-01 -1.235576275559089332e-01 -1.198868605371488094e-01 1.304556053200550680e-02
5.240246431793815773e-02 -2.880284937672017431e-02 -6.280369493940091141e-03 -1.015921741079073293e-02
5.131912956699391515e-02 1.206798147707044411e-02 2.259183561087230174e-03 -3.766773655770205842e-02
-9.614379006521707183e-01 -7.206121950394933640e-02 1.963438664309355430e-04 -2.052549838239770552e-01
9.397284322998444850e-01 -3.210957140314130154e-02 1.397165443956169262e-02 4.556588559580559972e-02
4.614737578723708822e-01 -1.917777270792003774e-02 3.458428389806006420e-03 1.521082648579596963e-02
3.850165083297387714e-01 1.660679233643769237e-04 1.136783136416470719e-02 3.528423236767924687e-02
1.600132694628730867e-01 -2.769862754535223903e-03 7.041321259795563225e-04 4.389903663370553488e-03
3.389016368487685060e-02 5.706697400917289109e-03 -2.809625256241066182e-03 7.265896426894825899e-03
7.135261571581358320e-02 -2.430154587664152405e-02 -1.885419881553417748e-02 4.054535654515342702e-03
2.217996862513427203e-02 5.857170780579970537e-03 9.962672346357212549e-03 3.004245185198116397e-02
1.513768554138132938e-01 7.610711656100888067e-03 1.261774023859971172e-02 -3.142456405143372045e-04
1.047160113200410470e-01 -3.402675966821624987e-02 -2.877814611451770532e-02 -4.347270791672810941e-02
9.483863618482302194e-02 -1.169615550172181662e-02 -1.391506072030999908e-03 -1.413970755696589143e-02
-2.671649958847608364e-01 -2.580904586823334901e-03 -2.153809627622172568e-02 -9.865837907069144319e-03
-1.517157294740400231e-01 2.899855269385112622e-02 2.477434130814684665e-02 -1.246760902710584984e-02
6.345975797349079350e-03 1.029726019846055607e-02 5.371565765561490957e-03 5.894729119242714255e-03
2.318674245837781811e-02 -4.109958138206193379e-03 -7.125859529050482255e-04 1.057061802158287822e-02
4.081327836531962738e-01 8.259125160116580211e-02 1.579801453035354492e-02 1.102748469757674488e-01
-3.844327373280318483e-01 2.076716391713387400e-02 -2.327551771167728212e-02 -4.497145852882348388e-02
-1.697115425646016362e-01 1.317838847343422159e-02 -2.924550683953142105e-04 -1.379235363233427547e-02
-1.694248164265718115e-01 3.424082739849454438e-03 -7.141133783418414371e-03 -1.282778774564541369e-02
-5.993677862350210717e-02 1.874144455114246099e-03 4.213157112607501809e-04 5.111951824861793447e-03
1.111455541999242236e+00 5.677015261407208913e-02 7.087557794534002364e-03 3.495201588035740103e-01
5.781713631539722176e-01 2.865878363850532518e-02 1.683507530419584008e-03 1.688607351447647398e-01
1.067502727759692682e-01 3.391588798816064232e-02 9.545698414379605312e-03 8.470521406270997700e-02
-6.099186128340439161e-02 2.616812472882756868e-03 4.835345709714965190e-03 7.844712090515515435e-03
-5.860845220101029707e-02 1.234681216586708263e-02 -1.534140107630713179e-03 -2.845501919935872204e-02
6.942617269309669936e-03 -2.847284876169864365e-03 5.558174306717150737e-03 -1.314940364836447717e-02
3.677387591199074990e-01 4.847370802320252747e-01 4.875612550125903444e-01 4.783577084663468426e-01
3.201725481023855180e-03 1.325015126494079884e-03 7.599090891287225416e-04 2.189007315950054072e-03
