-3.364719424112389223e+00 -2.763360423322677839e+00 -3.446968803645765078e+00 0.000000000000000000e+00
-1.034075072592963496e+00 -9.131088493386902982e-01 -1.147185320844315903e+00 0.000000000000000000e+00
-5.583753817842786876e-03 -1.602722875858627882e-01 2.809235826673776582e-01 0.000000000000000000e+00
5.007480194828829445e-01 1.436631367703481654e+00 3.556474205543003753e-01 0.000000000000000000e+00
2.238414925829448898e-01 -6.255273009786835314e-02 1.995186935277037943e-01 0.000000000000000000e+00
-2.586252353388897696e+00 -1.387030393230860303e+00 -1.998478423701472773e+00 0.000000000000000000e+00
-1.986379806889382760e+00 -3.383422819299465312e-01 -1.992421714781764219e+00 0.000000000000000000e+00
5.880776240638216912e-01 9.122801794426640964e-02 2.481068294323499901e-01 0.000000000000000000e+00
8.772336110960198274e-01 1.778284301549393556e-02 1.120523115642169110e+00 0.000000000000000000e+00
-1.411918115879284008e-01 -2.368074339563261521e+00 -7.346808511728514235e-01 0.000000000000000000e+00
4.819949032340580808e-01 1.598115522354499052e-01 5.437438681845868649e-01 0.000000000000000000e+00
5.738089177383188799e-01 2.714988099812251088e-01 2.201296655184647177e-01 0.000000000000000000e+00
6.352478333641445873e-01 -3.069474512918573539e-01 9.643150387300470916e-01 0.000000000000000000e+00
1.589541709927917157e-01 4.914493914985978984e-01 7.052970663595257150e-01 0.000000000000000000e+00
1.179649258045329718e+00 4.282291245302161098e-01 5.482045194496094620e-01 0.000000000000000000e+00
-2.290169200936865990e-01 -1.347208263735251987e-01 -4.470300795458281296e-01 0.000000000000000000e+00
-1.329376405293064778e+00 -1.596689093952867802e-02 -5.688089893514024498e-01 0.000000000000000000e+00
2.774825036116102331e-02 8.778973406787585199e-02 8.277211834553499514e-01 0.000000000000000000e+00
-7.834010737603572805e-01 -3.850751448283545875e-01 -1.004939064109342944e-01 0.000000000000000000e+00
7.549685577834891470e-01 1.552723695036323237e+00 7.443280388025129701e-01 0.000000000000000000e+00
2.603749017560360035e-01 1.263417726902365534e-01 2.960217217860603434e-01 0.000000000000000000e+00
3.865992800697629628e-01 2.460174161998139042e-01 2.328550731713351363e-01 0.000000000000000000e+00
1.969476395536873814e-01 -1.911780709750681428e-01 3.860128489716966316e-01 0.000000000000000000e+00
1.167127385226728542e+00 1.067701648951468574e+00 1.386707501101811069e+00 0.000000000000000000e+00
1.572685810496166070e-01 1.052802893499692333e-01 8.080389620507408277e-02 0.000000000000000000e+00
8.739332458621443811e-01 7.070930527743484184e-01 5.558394254075822438e-01 0.000000000000000000e+00
-1.812167567451041128e+00 -1.108324751929553820e+00 -1.880523148682301970e+00 0.000000000000000000e+00
4.988004293162693337e-01 7.781926806632685212e-01 6.442144224204702230e-01 0.000000000000000000e+00
-7.917338325346165995e-01 -8.361186650408609922e-02 -3.977050657423659707e-01 0.000000000000000000e+00
5.776738103595825402e-01 2.927482424103569625e-01 7.613745328388653588e-01 0.000000000000000000e+00
-3.075759101815451757e+00 6.958871343418944477e-03 -1.578507510731596009e+00 0.000000000000000000e+00
-3.157804812512710613e-01 1.084855997263153737e+00 2.114188334666844860e+00 0.000000000000000000e+00
-3.403740129836804740e-01 -3.580419101272976357e-01 1.531295350614083894e-01 0.000000000000000000e+00
8.591264344620211935e-01 -2.058661958433096739e+00 6.759680296634722196e-02 0.000000000000000000e+00
-4.942141472757133891e-01 6.943922088634719714e-01 -3.360957387135872221e-01 0.000000000000000000e+00
-1.303494579698645239e-01 -1.350222846957281619e-02 -1.704817125456929705e-01 0.000000000000000000e+00
1.904748069546020051e-01 1.249342520848526067e-01 3.295297309565896060e-01 0.000000000000000000e+00
-2.143113303459290020e-01 5.962434796134479659e-02 -3.088870850057725548e-01 0.000000000000000000e+00
1.379677170886187465e+00 1.049208541680336060e+00 1.085511028903706210e+00 0.000000000000000000e+00
3.089647542789899365e-02 4.499844684983247967e-01 1.408164945352662623e-01 0.000000000000000000e+00
6.339755800198391966e-02 1.526782097723334009e-01 -2.138314513621645749e-02 0.000000000000000000e+00
-1.878201349112174734e+00 -1.449927922892899623e+00 -2.130886902213216860e+00 0.000000000000000000e+00
9.611821537945977045e-01 1.435287705772664069e+00 -1.942956944166119304e-01 0.000000000000000000e+00
-5.753504259466477588e-01 6.473347037368247792e-01 -3.711209019090136452e-01 0.000000000000000000e+00
7.438287523146308589e-02 4.202704984787045822e-02 1.269831500665850876e-01 0.000000000000000000e+00
-1.970616333685250687e+00 1.430695590927585137e+00 3.367721950033599754e-01 0.000000000000000000e+00
-4.545274790891887795e-01 2.738037359678874960e+00 1.918500824739155508e+00 0.000000000000000000e+00
7.280078659332047675e-01 -3.327063990484634831e-02 6.296058320771658057e-01 0.000000000000000000e+00
1.361324144575378980e+00 -9.564129570739708930e-01 1.504129448645546319e+00 0.000000000000000000e+00
3.140386669528779096e-01 1.785196286496396056e-01 6.093874467433321174e-01 0.000000000000000000e+00
3.952439880603710320e-01 3.897853041945576469e-01 1.540159111436485206e+00 0.000000000000000000e+00
-2.308442618355419085e-01 1.776233109746353733e+00 1.705563898842506587e+00 0.000000000000000000e+00
-7.274297809262584291e-01 -7.367455399078435274e-01 8.928785998774366739e-01 0.000000000000000000e+00
7.653710652157398320e-01 -8.565397952336038789e-02 8.477545698456692702e-02 0.000000000000000000e+00
1.712307906574442651e+00 -1.302799340098390157e+00 -8.631269229769092943e-01 0.000000000000000000e+00
1.417156323711256105e+00 1.631748862146543244e+00 4.011016179530181303e-01 0.000000000000000000e+00
