6.987672370056607907e-01 1.595391026773975429e-01 1.352001464437383671e+00 5.237312636737490035e-01
-2.714258656615638476e-01 -3.061488924335607070e-02 -4.753746401534608146e-01 -3.990726486863127587e-02
1.197770227667557807e-02 2.831295594985576772e-02 -4.970025371930167357e-02 -3.191926304591652386e-02
-1.106667407363343569e+00 -2.171056501811085421e-02 -3.519682846084666750e+00 -9.027843141646685332e-01
2.588740322320586262e-01 2.704803559244970401e-01 -8.934412381944092374e-01 1.075994413374262715e-01
-2.134712359819498917e-01 -2.615832486231229326e-01 -9.488587525823042323e-01 -3.865908500843275308e-01
7.443811515825820013e-01 -9.005651739613365625e-02 1.820411580987037814e+00 1.530421077567367671e-02
-1.383624886824330602e-01 -9.074025377327095410e-02 1.230915614397645186e+00 3.819663181234703719e-01
2.521432974418542083e-01 1.593067581747133893e-02 -4.070588080723321900e-01 -2.622745143650508926e-01
8.555695192636523227e-01 -6.149193603170605149e-02 3.293174580292771214e+00 7.511777334683846785e-01
-9.639609350385774933e-01 -4.861663774820876305e-03 -1.718650073654309551e+00 1.043950314768480325e-01
-2.403771485697112908e-01 -3.980132870905186415e-01 -2.209402235164571238e+00 -1.055149184805469931e+00
-7.268804988756811802e-01 -2.353528468380274297e-01 8.810478495969917834e-01 -5.626595344138711763e-01
-1.746049826210262168e+00 -9.404935693652874962e-01 -5.858001295495552929e-01 -3.949181702887849532e-01
3.069544826931618897e-01 1.045277374886639521e-01 1.073632261109461306e+00 3.774070522067057842e-01
1.046804446504325803e+00 3.641011533845138759e-01 3.900986329503499661e-01 1.960480065271966721e-01
5.414070862928372918e-01 -1.587010852771562203e-02 2.314747204044080853e-01 -3.838616394212620020e-01
-6.784348952700323121e-01 -4.036135831402720697e-01 -7.572192171360232482e-01 -6.992673849822546028e-01
-3.233351591578263462e-01 -1.618271666579430834e-01 -7.450375004944762569e-01 -3.214916525597252828e-01
-2.584875475659178523e-01 7.797635607016654979e-02 -1.258586938148218426e+00 -2.588571462005311297e-01
3.045417391214061409e-01 -2.513524341070002555e-01 4.414286565221209324e-01 -4.398918187068485697e-01
2.500322244646083769e-01 3.261692063503689454e-01 1.243167539266005761e+00 6.525913532887193114e-01
5.190346031585759690e-01 4.076859268140618081e-02 -7.395872199075903541e-02 7.254673844285377537e-01
-2.164386382868501435e-01 3.980861205044930462e-02 -6.123424932202730098e-01 -1.245221902978426720e-01
9.483050992586137262e-01 2.615320478425652850e-01 1.529744251394161703e-01 -9.992354998060209992e-02
-1.870880101779949900e+00 -1.475733598795244961e-01 -2.133767643643862399e+00 -4.993577653155895080e-01
-1.357558062057481640e+00 -4.541519434264671418e-01 -9.587474814146367263e-01 -3.037584943922627678e-02
7.417525395058752746e-01 2.030523184694284500e-01 7.181591231181131407e-01 7.587166148042294722e-01
3.263784564453608428e-01 1.868037933743825485e-01 6.957150520203425614e-01 2.618600296902022229e-01
8.908339106239451244e-01 -2.549239498918694224e-02 1.456466469503823635e+00 3.810476676726730627e-01
6.523065661041211882e-01 -3.757975742332916869e-02 1.158074336352594491e+00 3.293277870928024154e-01
-2.873598669721638688e-01 1.277337013245419262e-02 1.252466552076704653e+00 7.606841465152724968e-02
-2.594803815073529751e-01 1.220223771245497468e-02 -6.814110740322909532e-02 -9.782969068227453935e-02
-6.799027045875691289e-02 -3.137794340168326146e-02 4.241954605595008587e-01 1.584552305019126806e-02
2.923194679032486976e-02 -1.484121633179148747e-02 1.772687984553416585e-01 3.837654566352385194e-02
-3.308315335018822967e-02 8.751849224471222599e-02 -2.733818042407498705e-02 1.411632477563850574e-01
-5.636025270319199726e-02 -6.486172232838442742e-02 -2.286548757292590217e-01 -1.184251732746885721e-01
-1.487949539640603669e-01 -4.545134181104480003e-02 -9.591329239064047552e-02 -2.656249214255706481e-01
-1.430946792240884724e-01 1.496869507522382431e-02 4.291598426542016231e-02 8.290283195299172347e-02
5.225529755658463865e-02 -1.694395940079199137e-02 1.342435092684771958e-01 9.552548999333936031e-03
7.433858229471576040e-01 2.003978034426407151e-01 9.007125306604067960e-01 3.577009396815490350e-01
3.413047003635103493e-01 1.066445612394344156e-01 3.398110534148091055e-01 -4.128190837927841333e-02
-1.990634128299145489e-01 -1.936731060413410949e-02 -1.955370599786957486e-01 -2.199642597782657250e-01
-6.748783414078110554e-02 -4.700862300733357063e-02 -1.477631179245396387e-01 -7.041781075707438664e-02
-4.107000998796129787e-01 1.671181692044009515e-01 -7.408692585645635376e-01 -1.656222401782512788e-01
-3.121016560029167275e-01 2.519761020695489018e-01 -4.875712739916370775e-01 1.988403897766391482e-02
1.121360797682636745e-01 7.958434850988101161e-02 -5.388871512026646160e-01 2.197086671876757880e-02
1.432856628214328465e-01 7.681348969369006241e-03 -7.727453658455230023e-03 9.311476685382447105e-02
4.049348838614368756e-02 2.363587645887778310e-02 -1.366068287666579728e-01 -2.975202583358421693e-02
6.051415071310548566e-01 -1.495816928730941409e-01 1.203322477212902308e+00 3.044051727860740408e-01
5.844303806640384069e-01 1.739677881289192485e-01 -2.616188324802429938e-02 4.696288167027747873e-01
1.199744056501404754e-02 1.433091107300922817e-01 1.898704993199817892e-02 6.212998062521193215e-02
-7.689993653702330290e-02 7.883503472403807777e-02 -2.808224497813541776e-01 4.265468377443078218e-02
-1.152411419544677462e-01 1.015098057573043944e-02 1.711278529236356372e-01 2.085402865410573847e-02
-6.004655551798754320e-02 6.881037473136120131e-03 8.435607076236917301e-03 1.495646299748998598e-01
-4.109222387210428318e-01 -3.297979632765725144e-01 -3.051535244267038482e-01 -3.503851031751453737e-01
2.663623002577503521e-02 1.108439478586119645e-02 4.714206471473165322e-02 2.734061894364790690e-02
