-3.597321715796620301e-01 -1.570769429989840926e+00 -1.700740667715872956e+00 -1.542765957046591807e-01
4.633824218197484246e-01 1.120795326593809316e+00 7.909592965720807500e-01 2.146905175546455768e-01
8.483099762136403488e-03 2.318497293665115200e-01 -1.298176543277144435e-01 -2.284748490757445849e-01
9.826527360016238388e-01 3.498444512834869347e+00 3.799120087484877395e+00 2.251235921162639264e-02
-1.458866455436406140e-01 -1.471972823375609307e+00 8.495627234389183657e-01 -4.444391665383833900e-01
8.422708544721848600e-01 2.652333643455295764e+00 1.422199876404337537e+00 5.173908839076020172e-01
-1.041234293464851746e+00 -1.094318790691264809e+00 -8.849362355360492760e-01 3.149722874759554314e-02
-3.575315599944059453e-01 -2.104015217179726172e+00 -2.230444358233659163e-01 2.753171592310815763e-01
2.945757403884025072e-01 1.767851002315523390e+00 1.504520147556321685e+00 3.462761194530351166e-02
-1.011049722009769392e+00 -3.102087666875746219e+00 -3.316135251981237264e+00 1.449702486477950358e-01
1.353527864935879510e+00 3.051351583870464124e-01 3.176180349969331962e-01 2.231599199737339667e-01
9.699322400933632071e-01 2.716815537323653551e+00 6.403542914967792488e-01 1.687020156161645190e-01
2.055608574288384782e-01 6.240605425863526179e+00 1.777976814614982137e-01 4.770535786932804112e-01
1.513260838295120037e+00 -1.757913766677341449e+00 -1.341067149135624526e+00 1.798875968408791604e+00
-2.607277443136799988e+00 -2.854390543048109130e+00 -2.080235917145779823e+00 -4.488844983493177621e-01
-9.724822147252270010e-01 -7.027115098629902690e+00 -2.028717352753605763e+00 -9.397449605422438790e-01
4.604688730235638738e-01 -1.705282653096346301e+00 7.603834311158058634e-01 3.709128211900749039e-01
6.997386573500903317e-01 1.990040079601602452e+00 1.364030594059422619e+00 8.260396902651703233e-01
-3.774448730883898651e-01 1.311825231453566332e+00 1.139672497388042771e+00 2.749195019634928516e-01
4.239877848933065185e-01 1.214936691770060584e+00 1.284461875476065051e+00 -9.860460223358283316e-02
-4.614594774114094133e-01 4.469259358107571800e-02 3.137023871796147390e-01 -6.636601457583261865e-03
-8.259271088975806974e-01 -1.306539556319037398e+00 -3.470697971015013761e-01 -2.468777942315840135e-01
-6.546328683321225306e-01 -4.969560378991118910e+00 -1.358565583494202977e+00 -3.605936901628064017e-01
2.660431564723223286e+00 1.149369819145959148e+00 1.139292557885628776e+00 7.426640778961651757e-02
-1.257870471286161473e+00 1.330858005900725338e+00 9.749410261688054025e-01 -1.197408210397376660e+00
1.211586208278372156e+00 9.793257225445511693e+00 2.252350434990227690e+00 4.185970029139462478e-01
5.991719123003620417e-01 1.627697823107227659e+00 -1.817754031468237663e+00 -2.401765642463480344e-01
-6.609515912445513841e-01 -1.783661844685036746e+00 -2.347844718310602818e+00 -7.456598792488214889e-01
8.513219110464659289e-02 -1.067019006400079961e+00 -8.739266349227968744e-01 -3.934778896993561537e-01
-4.662574608547517263e-01 -5.293989678362903462e+00 -2.014414407893732051e+00 4.732201369261145735e-02
-1.321096201586398067e+00 -4.353255457799308559e+00 -9.117658209139746228e-01 1.148265165769891405e-01
-1.537926580349778583e+00 -8.806567652633323640e-01 -8.052463928015597405e-01 -2.909968954931771989e-01
1.060273134183476740e-01 1.899582773427316018e-01 1.088327998180293466e-01 -1.176294636934687443e-01
9.523962529123636278e-01 -2.166415309153553181e+00 -2.998414114817754550e-01 3.535608540570881614e-02
-5.956936616700615750e-02 -1.713338151313177071e-01 -1.818553203240485527e-01 2.119610200127180002e-02
2.493043222258162911e-02 -4.857754023480952144e-03 -1.319769599499389101e-01 -2.828531497612172402e-02
2.040872708490880649e-01 2.202866406833157153e-01 4.847192507137228212e-02 6.223711988509526144e-02
2.194011492306490174e-01 1.017289210297938506e+00 4.168940654446426364e-01 6.948435522840727685e-02
2.418015784000551727e-01 -3.765522682479734429e-01 -2.622724135989275007e-01 2.220813296749841459e-01
-7.348851051306249937e-01 -1.934362551109176376e-01 -2.117358133586941804e-01 1.364315687801021318e-02
-7.662705989609942536e-01 -3.395912076962193105e+00 -1.165666346486685656e+00 -5.328786778594135631e-01
-1.990885702122193179e-01 -3.667345770919328007e-01 5.657069984823726028e-01 6.873302720186577619e-02
3.300340782295884678e-01 3.745389498142486784e-01 7.797029619442813475e-01 2.070835619200898925e-01
1.206438655649383490e-01 1.255072511924857914e-01 2.607317850704239381e-01 1.014426093297561005e-01
5.370433967449979029e-01 2.918226469302805270e+00 1.456060798613678875e+00 -3.445318023438552479e-02
3.506938577370563581e-01 1.702551781949071863e+00 -1.472634919393460695e-01 -9.670546249037041964e-01
6.455002689942892502e-01 4.636972156044892879e-01 1.866464506943856239e-01 -1.123906332972795657e-01
-1.825317091631914190e-01 -2.486887200715721113e-01 -1.165632223691796532e-01 -3.394132698080486871e-02
-7.643414107484441944e-01 1.061194094228445906e+00 1.332427236818504723e-01 -5.023969083962372129e-02
4.292180583161428475e-02 -6.841477322126108263e-01 5.788388552855981972e-01 7.207947346385663590e-01
-1.787364590519418428e+00 -6.777784535344795191e-01 3.331329926990266865e-01 -4.859096363867548840e-01
-1.277031862573818177e+00 4.242216375371601900e-01 -5.139021430534512769e-02 -4.046486729343726219e-01
-2.021808621860525235e-01 7.926504910824555550e-02 -5.325535863659608404e-02 -2.067372502519783384e-01
2.091165601980560229e-02 -2.112088480573482974e-01 4.093108856439963139e-01 -1.644386967890246742e-01
3.262466497668903287e-02 4.296931155866056673e-01 -6.276006094855596240e-01 2.236454989584141240e-02
5.529793102978265706e-02 1.036837861355933421e-01 1.108237157028874875e-01 7.154229998184483130e-02
5.007425165496059982e-02 6.648740230892320746e-02 6.701010666630145829e-02 2.445580072185920759e-02
