-7.402457332580996141e-01 -3.959055638599041638e-01 -3.187648184896776371e-01 -1.967647652535278735e-01
7.979932294377580781e-01 7.463372583275351690e-01 7.390265987799271574e-01 6.693850907203562350e-01
-5.433826060148434500e-01 -5.361223085951957179e-01 -5.498805013325369639e-01 -6.542540203833643320e-01
1.140660178513126510e+00 4.718183489872118663e-01 2.060016703786882175e-02 -1.671634792507670220e-02
2.446945741224729187e-02 3.083067941539074930e-01 1.631274825381869853e-01 1.574590485555201480e-01
-4.708058520174186468e-01 -1.753439556254632881e-01 -5.012444739199265475e-01 -1.786329623283765544e-01
-1.020660967189532808e+00 -4.155424607348356392e-01 -7.967731911711772863e-01 -3.142736573623878815e-01
-7.355602340269120631e-01 -9.051442181803214249e-01 -8.557154082323801259e-01 -4.843459948074368970e-01
-4.769480027624047880e-01 3.927479156815111283e-02 -1.961977993987206736e-01 3.676963551670300867e-02
-8.769789366022224808e-01 -2.692540332034535910e-01 2.754523925063981915e-01 1.783702577743149775e-01
9.634909863528792195e-01 -4.034822242742571730e-01 3.727730994863345249e-01 -4.417896174239825391e-01
1.504657134878840452e+00 1.411932270578770243e+00 1.263780016907422921e+00 9.373385285312898496e-01
7.159966472617143030e-01 2.602418854233919387e-01 5.265172618147896388e-01 1.696620592051600873e-01
2.075377517609168498e-02 -7.349077097988645502e-01 -3.424064735183868780e-01 -5.679030712930981384e-01
3.267125584560659490e-02 2.101996543119863670e-01 9.247547027997913283e-01 1.583752738246908542e-01
-4.784331993408147410e-01 -4.949014255417920061e-01 -5.876620147211121248e-01 -1.044195247483187677e-01
-5.129037923283142897e-01 -4.700871348510683445e-01 -1.398086726672057578e-01 -1.918670733786098648e-03
3.390822276576594962e-01 9.813684740219605351e-02 8.819214643706267953e-01 9.303346201076810595e-02
5.724621850853400806e-03 3.123857025859466674e-02 1.399750869527793817e-01 5.939590007439871089e-02
3.554404273670996317e-01 1.079277676295972710e-01 -1.522149851565278156e-01 -7.304731002223463499e-02
-4.389339786967141332e-01 4.947753677994478072e-01 7.599946332866114318e-02 5.146895658162687903e-01
-8.394445823287484121e-01 -6.114201784942226992e-01 -4.496345791942184533e-01 -3.891498497171784199e-01
-5.960355273030116807e-01 -5.281065884535145472e-01 -5.035954143470535715e-01 -2.510097592487157137e-01
2.247422473751539140e-01 -9.095385974996972323e-02 -5.963411198301424854e-01 -2.675406960184656402e-02
1.464907520731250079e-01 6.751227245463802262e-01 4.733595254747338110e-01 4.929909332718176440e-01
1.531725282384305831e-01 5.842223820408951607e-01 1.818803519588729767e-02 1.105481952669856716e-01
6.636193973822862580e-02 3.471879957786098703e-01 -9.182984173845110121e-03 1.092079634777803898e-02
-4.314979250178846426e-01 -4.375845387574534007e-02 -7.803852152059256309e-01 -1.608486181844380469e-02
3.156194747454038607e-02 3.705488290200442680e-02 -2.818948284390572212e-01 -9.003426325726129886e-02
-5.671043470528925878e-01 -6.044788496098272290e-01 -8.189947509006170190e-01 -6.964604928355072611e-03
9.595802940061610720e-01 -2.710021133959642503e-01 -1.479909022800571239e-01 -4.485987280640968411e-02
8.974251129120937032e-01 3.029891343972112572e-01 6.068460492495564296e-02 2.508572013555737668e-02
4.080474610463082907e-01 9.706111979400738887e-02 -3.303635697043114661e-01 4.546102800340870442e-02
4.575842420347125405e-01 -1.407967236465557104e-02 6.569246090584701658e-02 1.569510283371011727e-02
-5.420588380485592134e-02 -1.746046915677877329e-02 2.655156740167579493e-02 9.669590210720460655e-03
8.448129467537081327e-02 -1.100914221697293915e-01 -4.094753969133246851e-02 -1.180013740549970269e-01
1.563352078670093293e-01 8.733589722880583106e-02 4.199263459437005408e-02 5.071136323707263471e-02
1.599685857977402592e-01 1.783054366586158124e-01 1.335334495138328081e-01 1.090086611223472224e-01
-1.974139977905675636e-02 -1.698454250379611841e-01 -1.415720284211487712e-01 -1.099441608620113919e-01
-6.044807893685809341e-02 1.103605871106441358e-02 1.227783776809591165e-01 -5.614028453083487469e-03
5.805115690756999791e-03 -2.029490905909401566e-01 -4.648305193369801913e-02 -5.757197310462318363e-02
1.048124998492020454e-01 -5.116122947864613912e-02 -4.210432845220046794e-03 1.989754169094772041e-02
1.572351360620303229e-01 -2.064130625783295453e-02 1.657755718680597734e-01 -1.865456884658590192e-02
-2.852490860546882945e-03 -1.718480219246516782e-02 8.980186187058442071e-02 2.642520353910148348e-02
2.834430523805762103e-01 5.068225872659353204e-01 4.944973570074546743e-01 -1.617344649222538649e-02
-5.396529121851451061e-01 2.818849469673218588e-01 2.156617919098809955e-01 1.335317049754988772e-02
-5.200754394460849195e-01 -1.011140045775325014e-01 4.838081234033186906e-02 -1.419555652144417063e-02
-2.173670712181922093e-01 -5.437267216141178361e-02 1.731885385927344201e-01 -4.475255836584964009e-02
-2.253604692310143542e-01 1.281284650521902213e-02 -3.596266378089263416e-02 -1.189719275433498424e-02
2.134390013833404598e-01 1.263278077738235750e-01 8.753513184621940502e-01 4.282847278381680250e-02
2.649761625930356912e-01 3.444305031213215074e-01 5.105183051137593964e-01 -2.323249715238781543e-02
-4.810452636083322603e-02 2.385287369471532359e-01 8.181118852227825533e-02 -2.483973757585063863e-02
-1.078313931233977618e-02 -1.639935203077773351e-02 -3.941433919882590675e-02 2.251112469911155378e-02
-1.672708475797408112e-01 3.779580251334013763e-03 2.834547775760859478e-02 -9.672754783221347574e-03
-8.423859678521211647e-02 -5.588338875044629450e-02 1.371067437577142001e-01 -9.792365933451729898e-04
-4.668171297734158981e-03 -8.058262500858484612e-02 -4.495245966194413856e-02 -8.644459569636736562e-02
1.994222661290687496e-02 1.030055013605674606e-02 1.677780296848449884e-02 4.446835703668193703e-03
