3.198148103256359676e-03 1.826561023261508154e-04 -1.537070805643914184e-04 -7.371004501126598996e-04
-4.727737399400733231e-02 -4.691502995827021016e-02 -4.698586992347331126e-02 -4.828626307622360669e-02
-4.651800651534632181e-02 -4.683689183746045370e-02 -4.686636386832687684e-02 -4.655781177257500847e-02
-3.161467463566642877e-01 -3.120544335757009513e-01 -3.111601861855903817e-01 -3.091422651344895023e-01
4.205674444742513174e-03 1.569898361731963954e-03 1.767285053135170259e-03 3.134749820114302032e-03
1.752550803205799035e-03 1.719261653867015793e-03 1.708497288537336178e-03 1.816057312800517520e-03
-2.671020221545994389e-02 -2.897878808706383369e-02 -2.832644849211085614e-02 -2.309323247912553612e-02
2.826814582035241941e-02 2.921487905901987148e-02 2.938363533531129779e-02 2.867341343517360031e-02
3.523135402110133541e-03 3.368942367347693700e-03 3.296133706953419118e-03 3.694136966056582594e-03
3.085954649046707132e-03 4.220853466414542510e-04 -5.501986703763117603e-04 -2.631981579753972511e-03
-1.676169344952116447e-02 -1.307454893772172499e-02 -1.448774590030588172e-02 -2.099445669740318543e-02
-1.056044918730525417e-02 -1.162117269495910321e-02 -1.192643485819055993e-02 -1.111653233075760028e-02
-5.534297089067052866e-03 1.468984972100184638e-03 8.688365695326272231e-04 -4.032310510409198301e-03
-5.375810986203433117e-04 2.019908655873647874e-04 3.853145239194333271e-04 -8.697307305354229356e-04
-1.601875329398927406e-03 -1.467269226695377959e-03 -1.461084372965826272e-03 -1.756815923493748599e-03
-4.699730060578888313e-04 1.224874011153676001e-04 7.984450516596020009e-05 4.458871018242493989e-05
1.755993337071437566e-05 3.968695343774669704e-04 5.728927616773793474e-04 -7.935400089920108258e-05
3.198244810556638562e-04 4.552794501012369377e-04 5.874547160976406612e-04 2.453202179385494119e-04
6.749367935798833429e-05 9.714737388999417078e-05 1.807027783412018529e-04 -6.870719505847056041e-05
-1.984179783342643333e-03 -1.127369012269507920e-03 -6.687491003807277679e-04 1.920517367348661963e-04
2.400408427472022765e-04 -2.071435162882800940e-03 -9.666683817347587748e-04 2.280593357394056220e-03
2.277437013378624808e-03 2.795228431933471924e-03 3.001924411626666345e-03 2.562695110892243555e-03
5.986683126140590616e-03 3.917426812432012184e-04 1.108774444377402801e-03 5.203795498375241024e-03
5.683481903632214838e-04 4.346387961242648146e-04 4.617143336934637077e-04 6.351027187850855071e-04
1.924591790727347984e-04 -5.825181277546720437e-04 -6.439283519179550552e-04 3.495491208798107152e-04
4.381587678042864198e-04 -7.789255325568733568e-05 -3.427800620507959195e-04 -2.451563874338313909e-04
6.570568996147052587e-04 2.545575877972439116e-04 -1.223710940401190328e-04 4.776274795517121419e-04
-3.000724579627078725e-05 -2.092140610431281189e-04 -4.020542762610823662e-04 -9.392935277185987530e-06
-7.670074395305093162e-05 -1.116259297437860454e-04 -2.056517401677337986e-04 8.901749818734927544e-05
2.452283175481406730e-04 3.588855100972176970e-05 -2.456393319445471235e-04 6.622280830688165310e-04
-1.977844304423825861e-05 5.353383415718226956e-05 -1.366024735716120375e-04 2.013846937455876507e-04
1.503284165450535781e-04 1.018910199390710147e-04 -1.270403956168952853e-04 3.722532752665763667e-04
1.999434267974109503e-05 5.340138490567136742e-05 -7.879234690255643159e-05 6.762413330141381351e-05
3.321552519763848466e-05 9.122154016216743599e-06 -7.873404447439336096e-06 1.243358104127123553e-04
-3.811017311378117611e-05 -1.496126195912050871e-04 -2.271471573918881770e-04 -3.514954787004198611e-04
-1.638273445840943143e-03 -1.136407906889874697e-03 -1.418623542693980832e-03 -1.987619013165270454e-03
-2.125378511807773929e-04 -3.047785295408611539e-04 -3.508831057985606350e-04 -2.616143467013831714e-04
-1.524817640385145445e-03 -1.351988147531013595e-04 -3.873876798456410420e-04 -1.380875408184628617e-03
-7.833673871662782950e-05 1.457124406672449801e-04 1.375221860417524811e-04 -9.993392316309801515e-05
-7.636811304609358864e-05 -3.812937634775637186e-05 -5.103244497822040371e-05 -7.837605353679111264e-05
1.430084739765802304e-04 2.101213000060830893e-04 3.676034328513044791e-04 3.406485646918477883e-04
-1.087100765916337863e-04 -2.290285686767923323e-05 1.289244543017931122e-04 -5.111415405123498346e-05
-2.790308550928988218e-05 1.921201828380958432e-05 7.817291901661416187e-05 -2.485217851952437051e-05
2.419201840941909154e-05 3.078778612769506040e-05 6.194260943742646575e-05 -2.887082707742072429e-05
-1.574733155138008378e-04 -4.711620341006639290e-05 1.320206066592888305e-04 -3.311081136136984071e-04
9.346501122975414688e-05 6.198999389073200916e-05 1.498316752374106997e-04 3.152831272140721453e-05
-5.310600723351655006e-05 -1.071738934027566259e-05 9.179442205875520955e-05 -1.662381639268573075e-04
-1.146458629619484526e-05 -3.522892204116390147e-05 3.356167329610082461e-05 -2.769464407004207374e-05
-1.570612746037980401e-05 -7.080557787253471957e-06 -6.664940414319309170e-06 -5.840069913881640318e-05
1.345292150736754344e-05 6.373105310847337890e-06 1.982166628270443098e-04 7.833347718705363505e-05
3.376163813900712185e-05 5.018575435400407514e-05 1.914442249276171459e-04 3.249089754457923362e-04
-1.680331882142338529e-05 4.954818805613658839e-05 1.294848324783354210e-04 1.707648416787721501e-05
1.042075783108664666e-06 2.396732705622905968e-05 5.429991202784978377e-05 2.955967419596139401e-05
-7.396471841281115900e-06 -4.666688768695248513e-06 2.581064005527378136e-05 -7.202825118568512153e-06
-1.360907888670048749e-05 1.188054984277431281e-05 -2.028139507082027393e-05 -3.379943085191072782e-06
8.757518148925691470e-01 8.765732172917805043e-01 8.766073575504813586e-01 8.765666205359988750e-01
7.566153782601539856e-06 3.916367788658247024e-06 4.374956293267896399e-06 8.281617559871605689e-06
