-2.848022774780510358e-01 -9.221627013246378457e-01 -1.975397752954483749e-02 -1.367951103581950489e+00
2.578243672162484623e-01 -1.424037224881618546e-01 4.196132132136805581e-01 -1.027406178658549774e+00
3.151261362625096818e-01 4.248164743149025480e-01 4.255403643282755222e-01 6.660683749959261934e-02
4.797687852920868301e-01 1.636232641050226366e+00 2.502085279130494833e-02 1.696928929355506543e+00
-1.935235003217126992e-01 -1.261180440242206879e+00 8.381473530963753915e-02 -1.197767954934622736e+00
2.040175590760660018e-01 1.666473456119264007e-01 6.932425564748087576e-03 1.050862809793043695e+00
8.642678022945811112e-01 2.113040488239736447e+00 2.731263620584452045e-01 3.904571656205544805e+00
2.607734094652447432e-02 2.717644048452969585e-01 -3.086334430095754033e-01 4.468594159806990040e-01
3.211714200568930311e-01 -1.339390745086697532e+00 1.804413142296198633e-02 1.029473006742746000e+00
-5.657518904261881199e-01 -1.411279833513822357e+00 -1.776982747399232232e-01 -9.300450638971451411e-01
-8.021393190760934822e-01 -2.628269465239680525e+00 4.943098374428445130e-02 -4.430689123664846463e+00
-4.235809510021088520e-01 -1.517738943560696274e+00 -5.043540866690227054e-02 -6.396123779985117830e-01
1.408996700724217677e-01 4.343315781256058550e-01 -1.439587874934973311e-01 7.590937041176208933e-01
-3.216869984502285229e-01 2.823612447438748063e+00 5.507658648040487936e-02 -1.182055574293558120e+00
-2.962604305518827807e-01 -8.093705486993290066e-01 -1.093006285481500084e-02 -1.255403140684107077e+00
7.243445455913044562e-01 1.302912211279688037e+00 1.132385019973887463e-01 5.658406212604519148e+00
3.372340713743297025e-01 3.193642490049701355e+00 -1.146522161460060418e-02 2.220394598588939061e+00
-2.534844911787976773e-01 1.739786231060215016e+00 -2.780276424496481991e-02 -8.784288835310226640e-01
-2.108809109841440765e-01 -7.987220138372084222e-01 -6.562176588208457062e-04 -1.200098215169060900e+00
2.731589099187521907e-01 5.665772461912863545e-01 1.163945496741083524e-01 1.882567499746382600e-01
1.239647151472538789e-01 1.009769711935176062e+00 -3.342891186767542600e-01 2.153293583188547800e+00
2.556667446910143582e-01 1.146317600929308345e+00 8.303005388599757342e-02 2.921658458780070911e-01
4.633313685592641007e-01 3.291403151396417592e-01 4.372025555725946866e-01 -3.705006449156655890e-01
1.955616179580514924e-01 9.194991075189850038e-01 5.086435112440182427e-03 4.036553958848225765e-01
1.645863762137821373e-01 -1.762707972544664603e+00 -7.512657754406870669e-02 3.004800510036156336e-01
-1.753537120906916713e-01 1.066644076372528227e+00 -4.827857605160296162e-02 -3.092821513810192435e+00
-2.473865651238109920e-01 -3.083226415990253599e+00 7.322326933757811185e-02 -1.040579802755571492e+00
2.977061735348270344e-01 -1.757068212597536316e+00 5.623657391620667800e-02 1.696352439808372470e+00
2.783306296277472947e-01 5.977906114643243285e-01 1.195217586088184736e-02 1.030127842864644316e+00
3.127109075569026175e-01 3.237866635843837493e+00 -5.942853636846101573e-02 1.221338081033911838e+00
-5.874825574471493894e-01 -9.767806585690248511e-01 -1.389720615138436144e-01 -3.086928242658323551e+00
-3.550224180396827633e-01 -1.137009602291482846e+00 -9.102692140999701920e-02 -1.976855606637005103e+00
-4.550160369940883798e-02 7.237052446479044221e-01 -2.586178852224790825e-02 6.471522982569692939e-01
-1.280980920503612397e-01 -6.287721981260618875e-01 -2.960892548403815105e-03 9.272935854492458940e-03
-3.915178117135201252e-02 -8.381331550512050033e-02 -1.517132896448152024e-02 1.035737475643089267e-03
-9.093918547107837647e-04 -1.471639577414896594e-01 8.046801522072383195e-02 -3.984877780841623029e-01
-4.500920826490539817e-02 -2.644138526722800142e-01 -1.617097765921509181e-02 -4.621162548067245246e-02
-2.487702739202381774e-01 -9.246477644685412167e-02 -2.345686400192978360e-01 -1.620105949254246891e-02
-3.549750191650122289e-02 3.467716726922251969e-01 1.356489049893231519e-02 1.059146638230365478e-02
-4.865382465281145596e-02 -2.615340741131246260e-01 -5.398933228743553470e-04 -2.218434637511371155e-02
7.171365529044142206e-02 -1.786739730514632085e-01 8.051938309185144305e-02 4.540571927502305982e-01
9.653076195451640307e-02 1.020491962489445958e+00 -1.523895042313322401e-02 -2.882558776412713630e-02
-7.270572649994762326e-02 4.380262164573582861e-01 -1.580634291565109761e-02 -5.994563479388091976e-01
-8.036231282223674222e-02 -6.266569609180888678e-02 -4.031430174966821323e-03 -1.959707095516558806e-01
-5.700686172818290043e-01 -2.274082892338157968e+00 -7.661784605733730491e-02 1.300983566191429963e+00
8.580158662325734764e-02 2.463555903447924855e-01 5.423747817510260472e-03 2.014360837359673528e+00
1.345229738349164039e-01 4.880273478463388326e-01 2.624877917144628758e-02 1.040531306785586585e+00
-1.325308435199859525e-02 -3.271150225007759538e-01 5.603790706731795468e-03 -5.228329383601457714e-01
5.846573584103131188e-02 2.481456548439670562e-01 -9.539744240247560736e-04 -3.145043208681455593e-02
-8.731456422091252723e-01 -3.090792993028380842e+00 -1.642055163545388663e-01 -5.837959469361305942e+00
-4.827072758468816116e-01 -1.525671903456801370e+00 -1.247179561470856540e-01 -1.886656248653807655e+00
-2.355665336787137187e-01 -1.801460129351974415e-01 -7.451341954519556665e-02 -4.935767257728783108e-01
-1.320933388322356183e-01 -2.152893060262100478e-01 -3.025054835435264655e-02 4.529188115619890986e-01
5.728891350553150241e-02 1.767272857753915960e-01 -1.651847477172252443e-02 1.239035716069776805e-01
1.801661258747334904e-02 -1.141396094768490632e-01 -8.686242941146664343e-03 1.213233286796383537e-02
1.272116169581355705e-01 2.814806393218675651e-01 6.610107724162528342e-02 4.239605597948670201e-01
5.113365643216134793e-03 1.246417371068666777e-02 4.136026534581148557e-03 1.063614244053081616e-02
