1.075515448026084092e-03 2.233041756799902799e-02 -9.200963582018772957e-03 2.740265449703521705e-02
-2.486791562120401200e-01 -2.512842375933087014e-01 -2.421228480465013044e-01 -2.557317171489021934e-01
-2.485060887554440545e-01 -2.464116519713810405e-01 -2.476635769068635251e-01 -2.456577695674467821e-01
4.502155610473429492e-03 -1.034462736207819589e-02 2.071088134286142024e-02 -3.301443095255301996e-02
1.866344389914176283e-04 -3.541687539970972409e-03 1.072846562883089661e-03 1.483189947745233717e-02
2.316648966565831858e-03 -1.974286098885280616e-04 3.146810853491888160e-03 9.934931495525489709e-04
-1.589215000051198423e-01 -1.529335487276168859e-01 -1.948208023687116874e-01 -1.327447115978053205e-01
1.626777025467915916e-01 1.514848515643729687e-01 1.567085675494656327e-01 1.484574431226881597e-01
3.378544782532771906e-03 5.232938290908761836e-03 2.239467847284681845e-03 1.286296213960053114e-02
6.093416398850998172e-03 -2.904670488624194746e-03 -4.961606642156016211e-03 2.996052311177099803e-02
-7.201420977241779209e-02 -8.575313592691091724e-02 -1.895741892313296262e-02 -1.036852163692845163e-01
-6.569937442787321391e-02 -5.111088915479711225e-02 -5.551931028522183453e-02 -4.730106542891138188e-02
-6.094531526879554129e-03 -4.602933900126288114e-02 -2.133910869526367549e-02 -6.937077733495322640e-02
3.630745465552379092e-03 -6.684009052723371980e-03 3.483908408706271054e-04 -1.952387614517459014e-02
2.111388892508225812e-03 -6.895385362152284259e-04 -1.130873568685464292e-03 4.604739557503456648e-03
-1.068123592735045757e-03 4.576492521543018555e-04 -2.492437960228688354e-03 3.059514815357378126e-03
3.025592928106085600e-03 -1.060353358278254277e-03 1.774645997685286858e-04 -6.655025206567799501e-04
4.930629327131022532e-03 6.484529050193810207e-03 4.616068654281046957e-03 2.943724402801217721e-03
1.536345239514999572e-03 3.328004342599610865e-03 9.728951871299518217e-04 4.602812196074279605e-03
1.289041271286622825e-03 1.111593970442159574e-02 4.510474995913726914e-03 -6.004392218588339158e-03
-8.407192993778039858e-03 2.720767716669181269e-03 -3.850231768785827846e-02 6.730344779803276722e-03
1.724230348620681141e-02 1.021891749121173198e-02 1.086679388543526636e-02 7.949962468735694010e-03
-1.147585619859933792e-03 4.709814051603444796e-02 1.813383846251270803e-02 5.874961203577977464e-02
-3.752171337750700997e-03 5.952204244368264341e-04 -2.957165664761729484e-04 -4.311371914335559996e-03
-6.711882744618813401e-03 3.391343208416275345e-03 -7.369584542324669751e-04 1.087593024617583559e-02
2.943137747145552208e-03 -1.115578960365404271e-03 6.445967092889581807e-03 3.504356235872196912e-03
1.795598721210434068e-03 2.184665514745498527e-03 6.573833257638495020e-03 7.386944279888396636e-03
-2.684905366808432170e-03 -4.052518456317155682e-03 -1.853234121018343394e-03 -1.025148519503638056e-03
-1.510465587151579858e-03 -2.174636731266943457e-03 -9.385088691898912927e-04 -5.278407391483830313e-03
9.369686052101144913e-04 1.086040558533296618e-02 2.886706555166096422e-03 2.228017945177157566e-03
5.684838665337421659e-04 6.540715159221943686e-03 1.598260659386951943e-03 4.076824955887375923e-03
1.998504365780418013e-03 1.123549100741838558e-02 8.944215791223675271e-04 1.917245582241988711e-03
1.309607139715174284e-03 -2.450907801806900821e-03 1.320094343525424208e-04 -8.388532430986250787e-04
2.298077551279864572e-04 1.055758766377756785e-03 -2.548126221421087578e-04 5.974924953977556186e-05
8.795171382283521744e-04 -1.190425134470457502e-03 5.838831598455676564e-04 1.783909782019740820e-03
-4.000932572956979183e-03 -6.612082621727147225e-03 1.823250536199166882e-03 -6.472399572161502412e-03
-2.167161013141280512e-03 -9.489373715897420070e-04 -8.293097689525130711e-04 -5.085157987117921996e-04
-8.228931068210473820e-03 -2.235939399915620740e-02 -1.432562638422724133e-02 -2.425864532937405116e-02
2.060274831619135494e-03 -8.782758679773683408e-04 -6.209756415130607277e-05 -2.250924455740654917e-03
1.170210184483398697e-03 -3.795508789999901822e-05 1.188200871837796768e-04 9.440256396637813907e-04
-2.256175806294807851e-03 -2.225590599906568379e-03 -3.426085926701738504e-03 -3.929639298679288295e-03
5.038965454393362631e-04 -3.367014523009692617e-04 -1.364521053386164029e-03 -1.595599099848604707e-03
5.046929702483271551e-04 5.862950584946124977e-04 1.580820535189431109e-04 4.202241676765083866e-05
4.791405963775752230e-04 2.197333443160198740e-04 2.565811556344554933e-04 1.361681931449532090e-03
-1.980537983211017039e-03 -3.997254247749382206e-03 -1.415347743050521245e-03 -2.011681722083741297e-03
2.246885786493235670e-04 1.093050377717341703e-04 1.162181465743018782e-03 2.796730459492524634e-04
-1.816106771539649500e-03 -5.043797508746117320e-03 -3.024384562805466914e-04 -3.189480644764652872e-04
-1.473464544524960562e-03 1.277622151282131746e-03 -8.932902040770240859e-05 4.401318908209272962e-04
-2.596351427196497141e-04 -4.006373013620834200e-04 1.226534057688910551e-04 2.788478250526083002e-05
8.509038498840659770e-04 7.835869087613141215e-03 1.194288123673920010e-03 2.028442551830281215e-03
2.472455672087092715e-03 8.911955356970535647e-03 1.647856305874106919e-03 2.402899112522893788e-03
2.994613370483789616e-03 1.620617811855296075e-03 -5.110049400837701761e-04 1.150165500894417825e-03
1.600807586130681415e-03 1.235299160879860247e-03 2.202233708364920162e-05 1.827553585753982635e-04
1.768180103419170202e-04 2.466029004555281290e-04 -1.756715399389707777e-04 2.636269459852513819e-04
-2.994201524108286439e-04 -3.641804123530878456e-04 -1.330394947593738220e-04 5.830285523628908617e-04
-7.031312262028800719e-02 -7.177876721643508540e-02 -6.820121318957249323e-02 -7.598207216958673127e-02
4.195021657324004422e-05 1.456791069447215372e-04 6.146863435766962576e-05 1.142689963156467352e-04
