-2.426619112006663581e+00 1.107509462089407704e+00 -2.137063700837334324e+00 0.000000000000000000e+00
-5.465709784811010330e-01 2.192878665241656810e-01 -5.295362011356204990e-01 0.000000000000000000e+00
1.340258534263971679e+00 2.277559703296882621e+00 8.382784518928263484e-01 0.000000000000000000e+00
4.565205050717659370e-03 3.000147985212250901e-01 8.451039434249289772e-02 0.000000000000000000e+00
1.563980402636062084e-01 -1.695900143794015422e-02 2.040848828227154882e-02 0.000000000000000000e+00
-8.688495035745303907e-01 3.737883875837388903e-01 -9.146575057853848500e-01 0.000000000000000000e+00
-1.433137463054553917e+00 6.146039102375896457e-01 -1.282757197311639175e+00 0.000000000000000000e+00
1.313265088405941583e+00 1.678950767351833906e-01 4.917364383146920481e-01 0.000000000000000000e+00
2.278679987639821991e-01 -4.735364937872944546e-01 -2.900254305727046223e-03 0.000000000000000000e+00
1.332115084403186489e-01 -1.037245366730811247e+00 -4.454528732304299243e-01 0.000000000000000000e+00
2.513344816884975352e-01 -7.301635296192821034e-02 1.400269603565297838e-01 0.000000000000000000e+00
7.998686454720821404e-01 -6.969062462017323600e-01 2.566622216352155705e-01 0.000000000000000000e+00
2.169053949370330914e-01 -4.259594211038651435e-01 1.979564753322520312e-02 0.000000000000000000e+00
8.819965542879100173e-01 -5.107613758769737888e-01 7.032338836383464908e-01 0.000000000000000000e+00
-1.182334709116624090e-02 3.524580991991793644e-01 -3.866326999905849160e-01 0.000000000000000000e+00
-2.780049293481148820e-02 -1.874415327348236959e-01 7.078501818554125413e-02 0.000000000000000000e+00
7.571572507656652018e-01 2.222185104578086712e+00 4.521950393776623112e-01 0.000000000000000000e+00
3.723737195952382395e-01 2.514199189151394287e-01 -2.055203046870506811e-01 0.000000000000000000e+00
1.248664404799602279e+00 1.073346081829577026e+00 3.222463759576523756e-01 0.000000000000000000e+00
-1.368386397962743362e-01 4.982550332998054166e-01 1.042591768977158967e-01 0.000000000000000000e+00
1.268278480270355058e-01 -4.351879743969958025e-02 9.274652272852311474e-02 0.000000000000000000e+00
2.248339759418316319e-01 -4.531424625397207917e-01 6.363086493608474670e-02 0.000000000000000000e+00
9.042888002129302605e-02 -1.510542584244563835e-01 -1.842355454308223801e-03 0.000000000000000000e+00
5.265027575483435252e-01 -2.817439716564003049e-01 6.018307987408375581e-01 0.000000000000000000e+00
1.427378084247671874e-01 -1.972705043051645457e-01 1.679125310284820538e-01 0.000000000000000000e+00
-1.154859324795555336e-01 4.060372269002133772e-01 -6.675859789558732937e-02 0.000000000000000000e+00
1.357061155639828487e-01 5.106659221546958616e-01 8.062561830788972372e-02 0.000000000000000000e+00
-1.325104666014600974e-01 -9.936743290113828619e-01 4.741181007226924482e-02 0.000000000000000000e+00
4.399527452767222901e-01 -2.566179640638045489e-01 -1.040714481023550519e-01 0.000000000000000000e+00
1.676679891440182105e-02 3.897510113565318818e-02 2.810053179767305620e-01 0.000000000000000000e+00
9.154064154488504856e-01 -1.033000656939802031e+00 1.917233046522220097e-01 0.000000000000000000e+00
9.724443941659653978e-01 -9.060629852919680483e-01 -6.574699702764470466e-01 0.000000000000000000e+00
3.861602652197098640e-01 -1.169369940780691230e+00 9.076329917815844084e-01 0.000000000000000000e+00
9.578552908558420897e-01 -1.173938104433004614e+00 1.432852020361969347e-01 0.000000000000000000e+00
-6.258808970526850146e-01 3.957720883477151841e-02 -6.036901474736012796e-01 0.000000000000000000e+00
-5.174697433609663083e-02 2.718048488586767911e-02 -2.180762337949331692e-02 0.000000000000000000e+00
-2.561853335177015079e-01 2.800248907183607305e-01 -1.019849517998809019e-01 0.000000000000000000e+00
-8.735374387597892587e-02 2.127425646441717388e-01 -7.891022498888988768e-02 0.000000000000000000e+00
-1.727120883448508837e-01 1.719149482146174746e-01 1.917758698071563850e-01 0.000000000000000000e+00
-1.117305401300157236e-01 1.303016778274790621e-01 2.979305937889270006e-01 0.000000000000000000e+00
-5.044290614224663377e-02 -3.735595320907813405e-02 -5.194565998253938832e-02 0.000000000000000000e+00
-6.013891138436593398e-01 -4.829507496297605340e-01 -7.837772279285086519e-02 0.000000000000000000e+00
-4.845919813942925480e-01 -8.901197290247747640e-01 -1.851546342823911367e-02 0.000000000000000000e+00
-4.812936370707507350e-01 -3.080230677616873636e-01 -2.405099189844529806e-01 0.000000000000000000e+00
-2.252366943209669226e-03 1.430106538027865228e-02 2.689110185406047293e-01 0.000000000000000000e+00
1.656107957764583416e+00 -8.557842424406728599e-01 1.183226839438350497e+00 0.000000000000000000e+00
-8.801795752118128646e-02 1.207939558187233420e+00 -5.715380335154303104e-01 0.000000000000000000e+00
4.500296949630382959e-01 -1.192207979996876999e+00 1.362164828079568180e+00 0.000000000000000000e+00
9.479082450859654951e-01 4.884606558905640328e-01 2.079216271537795979e-01 0.000000000000000000e+00
3.415078474940126951e-01 -4.816371410640787332e-01 2.021621788068108938e-01 0.000000000000000000e+00
1.035652398175889388e+00 1.762255359618335682e+00 9.074548795840625681e-01 0.000000000000000000e+00
1.708312411906595552e+00 -8.513267112007392168e-01 5.768524490025760398e-01 0.000000000000000000e+00
-7.406302741476582518e-01 3.655135088423195344e-01 -1.437705911089353916e-01 0.000000000000000000e+00
-6.952193662808915375e-01 2.926618803259066759e-01 -3.765895496344369708e-01 0.000000000000000000e+00
6.706518091702883266e-01 5.435806786242848299e-01 2.591350024863427470e-01 0.000000000000000000e+00
2.999741925631145278e-01 9.568996536053368807e-02 1.723552423286563995e-01 0.000000000000000000e+00
