-1.372082625706524173e+00 2.967960077120431084e+00 2.858056237135274458e+00 0.000000000000000000e+00
5.215237755337014391e-01 1.596882045170693987e+00 6.999061036557262527e-01 0.000000000000000000e+00
-1.595049769811651696e+00 -2.335479428685533154e+00 2.621560946238642220e+00 0.000000000000000000e+00
-8.590734952695797122e-02 -5.359383412578689887e-01 -6.789810272159831905e-01 0.000000000000000000e+00
7.076248677922886143e-01 1.878735816213196741e-01 3.273491195085335703e-01 0.000000000000000000e+00
-1.164288117096816011e+00 2.348610128744724079e+00 -3.607166346596772044e+00 0.000000000000000000e+00
-4.290392108311009145e-01 2.226067698565146191e+00 3.366094551711341087e-01 0.000000000000000000e+00
-9.412846329701285431e-01 -3.915325994630990403e-01 -1.244408716478545118e+00 0.000000000000000000e+00
3.354153813117720373e-02 -8.356130051503910527e-01 3.413877844891974878e-01 0.000000000000000000e+00
2.936978839009957154e-01 5.449672404708072460e-01 -3.050201814215165008e+00 0.000000000000000000e+00
4.923195742133568142e-01 -1.506775106845963108e-01 5.850477684016848479e-02 0.000000000000000000e+00
-2.406713925209178762e-01 -2.784429306451042807e-01 -8.317152389562009196e-01 0.000000000000000000e+00
1.146967466756441123e-01 3.346810230950220295e-03 1.408503395763970600e-01 0.000000000000000000e+00
-2.472055290834911934e-01 -1.022410941704739340e+00 -2.393596310511304281e+00 0.000000000000000000e+00
1.408020179577102737e-01 -1.268217984465422887e+00 -2.278059472652082806e-01 0.000000000000000000e+00
3.708146249639945879e-01 2.368657931903085379e-01 3.501746031624011768e-02 0.000000000000000000e+00
-1.635845702151335734e+00 -1.036403935506770679e+00 -9.614426995250212604e-01 0.000000000000000000e+00
3.721944278585374161e-02 -1.577144370191481570e+00 -2.897299588631343376e-02 0.000000000000000000e+00
-8.927838605647206993e-01 -1.620184606145208317e+00 1.380281217972767260e+00 0.000000000000000000e+00
-3.425551957793983304e-02 3.220250474464989021e-01 -6.415517413053053453e-01 0.000000000000000000e+00
1.727462896618992272e-01 -1.172496818923613737e-01 -5.839205441341833308e-02 0.000000000000000000e+00
8.295882857459718762e-02 -1.590093562296774066e-01 -3.300208793686543185e-01 0.000000000000000000e+00
1.196305109010729756e-01 3.161979367292502840e-01 -1.588396848050754179e-02 0.000000000000000000e+00
-3.742137354800059712e-01 -1.733189797066288618e+00 -6.906123389453456829e-01 0.000000000000000000e+00
2.334704349801699219e-01 -6.256787263820483558e-01 1.012141549240816313e-01 0.000000000000000000e+00
-5.702532279159712447e-02 -2.113220323706165860e-01 4.631489175809257453e-01 0.000000000000000000e+00
-3.920940163582699034e-01 -3.865527564791993997e-01 -6.248842861424148687e-01 0.000000000000000000e+00
-4.864762561664630613e-01 -2.164973601597904196e+00 1.248918195811653753e+00 0.000000000000000000e+00
-1.236495844100008734e-01 8.255093527069967685e-01 -6.121690087863790319e-01 0.000000000000000000e+00
-1.159507262073250222e-01 5.834609135512772854e-02 3.023093727347709314e-01 0.000000000000000000e+00
-4.354903901028296387e-01 2.526151989239594498e-01 -3.206781508050817742e+00 0.000000000000000000e+00
-2.224595586796063451e-01 -1.283089371817654589e+00 -1.935720067470130923e+00 0.000000000000000000e+00
-1.015376266224388591e+00 -1.611687266054002254e+00 -7.773258575910499957e-01 0.000000000000000000e+00
2.116426223788264449e-01 -2.114466182576484776e+00 -6.333825889708039059e-01 0.000000000000000000e+00
-5.665008402928772835e-01 1.326418083377497670e+00 -7.369580484007448584e-01 0.000000000000000000e+00
-1.431280533934816968e-01 -8.628348762363033386e-02 -7.090962232764590201e-02 0.000000000000000000e+00
1.911116036236699608e-02 -2.006896617214521533e-02 1.958922635493792752e-01 0.000000000000000000e+00
6.973973879101984241e-02 2.185849522671436396e-01 -8.189301180451437345e-02 0.000000000000000000e+00
-7.194780632219576200e-01 -1.290675562549719713e+00 -3.985018821831605267e-03 0.000000000000000000e+00
-1.127318885115318331e-01 7.165959895478731800e-01 -5.363542630701256114e-02 0.000000000000000000e+00
-7.441080385540109476e-02 -3.434431753842257518e-01 2.691524455194987953e-02 0.000000000000000000e+00
1.377605371140073531e+00 -1.182378212251873562e+00 1.307444387004548902e+00 0.000000000000000000e+00
-7.897550829823934970e-01 -7.726853346602341466e-01 1.035739596828186393e+00 0.000000000000000000e+00
5.767613639818017779e-01 1.148210989690492845e+00 -4.706405050203881224e-01 0.000000000000000000e+00
-2.530970909363471910e-01 4.080814364264012672e-01 2.455894755523497786e-01 0.000000000000000000e+00
6.314199917041550814e-01 -2.699719969980483025e+00 -2.427201943313755272e+00 0.000000000000000000e+00
2.311508033505804971e-01 -2.789156284744677361e+00 1.783336190044082059e+00 0.000000000000000000e+00
-7.343455273908332526e-01 -2.659489083644866358e+00 5.200474509613757235e-01 0.000000000000000000e+00
-1.700347901099227843e-01 -2.441726034474361207e+00 1.189420004526928087e+00 0.000000000000000000e+00
-2.256273712874471427e-01 -7.678833965511385751e-01 -5.022413788373509824e-01 0.000000000000000000e+00
-2.544212540655066412e+00 1.749862642279014002e+00 -1.447905546046141190e+00 0.000000000000000000e+00
-3.980641630451707269e-01 -4.754098952753089691e-01 -1.470448304869766298e+00 0.000000000000000000e+00
-1.074983807956589432e+00 2.764641469469754642e-01 2.861941628789692674e-02 0.000000000000000000e+00
-1.937354982252613433e-01 -5.032497608699949554e-01 6.780482342471748636e-01 0.000000000000000000e+00
-9.892512449968283716e-01 -1.291731420969138844e+00 1.503436738046464383e+00 0.000000000000000000e+00
2.969270576265599093e-01 2.981765178200027067e-01 -3.130737936524189968e-01 0.000000000000000000e+00
