2.766668890356561716e-01 2.917799414328380858e-01 -6.486882433998059083e-01 -2.782810508354872647e-01 0.000000000000000000e+00
7.084057244708666379e-02 2.027214798269075802e-01 -2.045544699724445303e-01 -2.424024813062958805e-01 0.000000000000000000e+00
6.528489534621884083e-02 1.567467987757623082e-01 2.942679818350426788e-02 7.370140879132308642e-02 0.000000000000000000e+00
-1.926571259110375009e-02 1.254040395865911872e-01 3.462930465738759955e-01 -8.807436000359478157e-02 0.000000000000000000e+00
1.231647891647908496e-03 1.321116585577251090e-01 -2.161919439948153596e-02 -1.795861687661048089e-01 0.000000000000000000e+00
-2.466675206297996026e-01 7.025518026125718296e-02 -2.903056036315355137e-01 -1.804564878195830946e-01 0.000000000000000000e+00
8.691851746548930058e-02 1.146895219960630125e-01 -3.651465623348003064e-01 2.187066208709129711e-01 0.000000000000000000e+00
-2.689829973512613756e-02 4.794939285797502476e-02 7.502799702837698037e-02 -1.102090762843859276e-02 0.000000000000000000e+00
-5.825556932889258688e-02 5.321578391261555518e-02 2.318322000896859969e-01 -7.029294548483452920e-02 0.000000000000000000e+00
-4.472334311065009893e-02 4.195969365646142202e-01 -1.551669968339654650e-03 -1.260453589506184413e-01 0.000000000000000000e+00
1.331775887201281337e-02 -3.937434264362034420e-02 1.014580713167634318e-02 -8.747650171624397897e-03 0.000000000000000000e+00
-1.074983756950473462e-01 6.420976008863806504e-03 1.264914398039482246e-01 1.137292491812664924e-01 0.000000000000000000e+00
-1.060103178299182276e-02 -2.759359899611363645e-02 3.156985570018058795e-02 3.664026311531141944e-02 0.000000000000000000e+00
-6.610876390799046154e-02 1.652628071834773282e-01 2.138225592566465535e-02 1.107036565612816020e-01 0.000000000000000000e+00
2.784637032356745978e-02 4.047878516521732917e-02 3.866562927282760770e-02 -9.774543201409910398e-02 0.000000000000000000e+00
-1.001229588885737265e-01 -4.130159217612514380e-03 1.012686519741790997e-01 -4.642003252922465018e-02 0.000000000000000000e+00
1.470477205225795281e-01 -2.949718562887160278e-01 -1.003705294514694590e-01 8.051537354443488725e-02 0.000000000000000000e+00
-1.158292350815756655e-01 -4.277180708222958483e-01 -6.912831300210026120e-02 1.780886008853169722e-01 0.000000000000000000e+00
1.114754441448423811e-01 -3.987503899324627149e-02 1.369911193819296769e-01 -1.421673067014651015e-01 0.000000000000000000e+00
-3.161048835899910731e-02 1.833157750564086974e-01 1.242968053680248430e-01 -1.580360954401352214e-01 0.000000000000000000e+00
-5.194170507376911772e-01 1.009488577520528257e-01 -9.243008744002222110e-02 3.363490227657531945e-02 0.000000000000000000e+00
2.459886453500086546e-03 -3.027414682921947958e-02 1.816658686644460619e-01 -2.383773355890593248e-01 0.000000000000000000e+00
-4.906365504047343618e-01 -1.586039352320085805e-01 1.169575498943012104e-01 2.726269901500533721e-01 0.000000000000000000e+00
2.852969159153326273e-01 5.393337306650114460e-01 6.086559363755610075e-02 -2.471149210952001130e-01 0.000000000000000000e+00
-9.464518658409676322e-02 7.593336127767766341e-02 -1.517542759299241040e-01 4.438077880908992134e-01 0.000000000000000000e+00
