-4.173869908747883661e-01 -9.883179432343602855e-02 -2.766703588206579356e-01 -3.181270253382265101e-01 -8.055768992942083928e-01
-2.125241046279241208e-01 -1.476889630559339306e-01 -4.199602892381429919e-01 1.863986519500798744e-01 -6.189838157943611252e-02
9.037311749864054833e-02 -5.835795234827405586e-01 -5.597049530981201143e-02 -1.002095106375280320e+00 2.024018752508069396e-01
5.215354423592202804e-02 -7.367209985329284394e-02 3.280626088149767028e-02 2.280539519649105520e-02 1.238904214522283942e-01
-3.243493909649983742e-01 -5.205347823586450318e-01 -1.153847412180944776e+00 -1.896013726444695235e-02 -5.931221083483515510e-01
1.092026161634471887e-02 -3.020218764385964594e-01 8.927702229420983460e-02 -6.327903763437735529e-01 1.445531031225053553e-01
4.711757071052895263e-02 -1.058048252515370741e-01 1.741377969198246167e-01 -5.827384681978999836e-01 -7.613126841914923115e-02
-2.003976635266010650e-02 3.804274950927961640e-01 -8.858861063676965603e-04 8.452964823446044162e-01 -8.984330587240749177e-02
-6.126233132676024706e-03 -5.871562468448524585e-01 2.537426536215880435e-01 -3.143200629315442640e+00 -3.445898957064635892e-01
-1.537917892625991433e-04 2.733171025811451452e-03 -7.597376510158832582e-05 -5.371838570702753592e-03 -7.568904430717752043e-04
-1.654523859902421704e-05 9.319499005116745755e-03 -9.898273516633561853e-04 7.809114400676014922e-02 4.978763565373568040e-03
1.578629361884460345e-04 -2.333972454778079908e-02 2.831403021612651687e-05 -5.698401466936655474e-02 2.455463754851124492e-03
8.325967309054074089e-03 7.154388159610468312e-03 1.027041462360587729e-02 -1.736826709298519011e-01 1.201640165575939070e-02
-1.996886487108085438e-04 2.435306610319668691e-02 -1.289455667358492151e-04 1.183807742908109945e-01 -7.360482032555067805e-03
7.994657953744408602e-04 7.778159418339973541e-02 -2.591280100297218073e-03 2.433281853266336947e-01 2.581343089119281578e-02
5.255276888780179706e-02 2.343586945765703256e-01 -1.613246652448358243e-01 3.953685857297949413e-01 1.218556936599608509e-01
-1.280297665005240837e-02 1.199070784714253157e-01 2.766665852061508946e-02 2.041111015082833768e-01 1.034338395990470477e-01
-1.062938879669937144e-02 8.218463965366934465e-02 -1.368254003529910390e-02 -6.460165930824962599e-02 3.282220186372526716e-02
-2.873037495072063366e-04 4.028378919871351826e-02 1.041719727213267013e-02 -3.249489977856243050e-01 -1.603835993953444533e-02
5.793096128343944162e-03 3.266053396737335079e-01 2.470955860453122543e+00 5.398549672476997685e-01 6.570417002960878827e-01
-1.656198073563583117e-01 3.637834251649448847e-01 -1.065504283865159607e-01 2.424182709178537287e+00 3.517573629152985770e-01
-1.300337748365125168e-01 5.991481430044616197e-01 -1.438502864549544291e-02 -6.882874749842029516e-01 -3.172929236809688414e-01
-8.056119208258535891e-03 -1.074629443899527415e-02 -2.253976474174579636e-01 2.386037817605936695e+00 -1.103621801803444380e-01
-1.771567370039944800e-03 4.728088388121703955e-02 -5.687218685205076840e-02 8.669099680255749618e-01 8.998447457346403500e-03
7.116479127835304563e-01 6.208166667506636038e-01 4.603131832785620214e-01 8.495487368137744078e-01 1.272089186071078348e+00
1.235115982791466956e-02 3.523299293863155213e-02 4.926123731049082688e-02 7.423617383726589802e-02 2.552982493802343281e-02
