-1.230214302580500546e-01 -5.728657913796554313e-01 -2.978341864662685870e-02 -6.055813598836548572e-02 -6.587288732049719625e-03
2.266844467444527333e-02 -6.628455482289849487e-02 1.893869975567657182e-01 -2.100761725978745886e-01 -4.527343610629956383e-01
1.528485549934325283e-01 5.211340329272229344e-03 -1.456653474433893536e-01 -3.736024270394667779e-01 -1.255149857824897075e-01
1.331841681187193732e-03 1.068472800924538391e-01 1.082157738262029198e-02 1.048313754846029108e-02 3.853491840024080798e-03
2.840920241701445081e-01 3.645606765136567562e-01 6.781982592916027119e-01 3.547982143753972695e-01 -3.113387531616051973e-01
3.650416833220477830e-01 5.931233229698731207e-02 -7.416291435677319077e-03 -2.816401319624018962e-01 4.879336624971464947e-03
2.406184993846080256e-01 5.027842603787868042e-03 -1.508746317490901878e-01 -1.206149286609738830e-02 2.540659089311825963e-02
-2.314198551485087130e-01 -5.964432228009034637e-02 9.584251948842478774e-03 2.596263439442808574e-02 1.684562909348323589e-02
1.930123141719482405e+00 2.847550342612864549e-01 1.537876945526102934e-01 6.399646632593108952e-02 -7.712535943867754318e-03
-3.837986374626994076e-04 -9.514961946845664539e-04 -8.273851934133610994e-05 -2.880857347378011014e-05 -1.115387318613442072e-05
9.076147161323877555e-03 -2.935087133611707921e-03 2.215437681826437112e-03 1.400052920020819231e-05 2.277355343741570802e-05
-9.326683385868796659e-04 2.534049822495603333e-03 4.419812030755672491e-04 2.294069126722313341e-04 -5.640937165957638015e-05
-4.180383710647755935e-02 -4.181598947249218212e-03 -2.447787404164143005e-02 6.673807728791421659e-04 2.066120490037635753e-03
-1.706571214792903385e-02 1.477585174823031061e-04 -1.404435509445936276e-03 6.731866434456683715e-03 4.819990953641825789e-06
4.665759111598091757e-02 -2.498221061807260474e-02 -1.268819601073876112e-02 -3.037528149896372501e-03 1.627638225237381525e-05
-4.441011975478232343e-01 1.074816037525798545e-01 1.483425325586917864e-01 -6.479438720319768974e-02 2.771882249667213804e-03
-2.249507851307842310e-01 9.464004869965725320e-02 2.381240171379531145e-02 6.814851750790471008e-02 -4.035914630108687270e-03
2.369398634936911996e-01 5.642574874212614652e-03 3.024924517254218292e-02 -7.929870101397278048e-03 1.196310391420294522e-03
1.692120685742041497e-01 -1.555545852700845368e-02 1.154682489090870338e-02 5.793005432158480905e-02 -9.061426049319018516e-04
7.623209406045615699e-01 -1.273250383025653631e-02 4.207081723993106870e-01 1.094766121886219690e+00 -2.308994101520955508e-02
-1.722455754278657158e+00 2.702629896659915487e-01 5.112551851961081306e-01 -8.168306104086433539e-01 -3.368373008007034819e-02
-1.413591634171189604e+00 3.959515007991867841e-02 -7.044982376821362635e-02 -2.652227676551549562e-02 1.133613013565390459e-02
-1.021926394529486526e+00 -6.647444037295324737e-02 -1.481830664813620080e-01 -6.085479113691705244e-02 -1.616188668154414088e-02
1.868960007815203550e-01 -1.611738524022380409e-02 -9.677808444257533088e-03 3.182144536492929610e-01 -6.535775283088379739e-03
1.165428418215766204e-01 7.024593528590898917e-01 -1.605021170809663167e-01 -7.098533397415641988e-02 -1.369903244888823202e-01
1.206674200970767330e-01 9.344622259338282097e-03 9.104814278404911240e-03 6.817643568792811429e-03 3.163256513913767151e-03
