-1.176414517076993738e+00 6.989588771810130163e-01 0.000000000000000000e+00
-4.658117685683189624e-01 -1.407143810299926467e-01 0.000000000000000000e+00
-1.708355333227730977e-01 4.883069246590033274e-01 0.000000000000000000e+00
1.175187008134242067e-01 -7.777554026725012060e-01 0.000000000000000000e+00
-1.762458020240169898e-01 -2.316347583223103412e-01 0.000000000000000000e+00
1.277359683246539340e-02 5.996107527686544980e-01 0.000000000000000000e+00
-5.008500469620900120e-01 4.453588742811764312e-01 0.000000000000000000e+00
-1.809715552631552954e-02 3.349471575617034291e-02 0.000000000000000000e+00
1.434002215320403784e-01 -1.383829683998659965e-01 0.000000000000000000e+00
5.820922031130439933e-01 2.054850770871474441e-01 0.000000000000000000e+00
-2.368066726772042815e-02 -1.282037179591881959e-01 0.000000000000000000e+00
3.479422159760021949e-02 -8.007322733191574171e-02 0.000000000000000000e+00
8.245163624003781777e-02 -1.200637768147270606e-01 0.000000000000000000e+00
7.331757011450459327e-01 -1.110295187825817154e-01 0.000000000000000000e+00
1.959525740948491468e-01 1.190077351808467437e-01 0.000000000000000000e+00
2.026217177940358161e-01 -1.058695676771524152e-01 0.000000000000000000e+00
-3.367203319969366837e-01 4.824009174354068619e-02 0.000000000000000000e+00
1.872967275685970268e-01 8.521619713195374146e-01 0.000000000000000000e+00
-1.829436478955674128e-01 1.872501212367945755e-01 0.000000000000000000e+00
-2.048590028278809705e-01 -2.045002994025661158e-01 0.000000000000000000e+00
1.222993712135763723e-02 4.300461913273443543e-02 0.000000000000000000e+00
1.774847276880804278e-02 1.239726786026117133e-01 0.000000000000000000e+00
-6.300504807820983544e-02 1.285002212362666013e-02 0.000000000000000000e+00
5.193267388724442934e-01 -4.565154485948811486e-02 0.000000000000000000e+00
1.357107225022118890e-01 6.697024815219786154e-02 0.000000000000000000e+00
6.258729985677519148e-02 -1.132474122381108422e-01 0.000000000000000000e+00
-1.429270599551960841e-01 -6.580305690779526540e-01 0.000000000000000000e+00
2.431788447068753134e-01 6.270538559510328014e-01 0.000000000000000000e+00
2.377459406452001999e-03 -3.729997086390207661e-01 0.000000000000000000e+00
-3.132026469533159552e-01 2.031417663176169064e-01 0.000000000000000000e+00
4.421271149853778781e-01 4.318286957164606532e-01 0.000000000000000000e+00
-8.635708148268037565e-01 8.896099265760325503e-01 0.000000000000000000e+00
-3.415776354271717330e-01 7.765514252136069828e-01 0.000000000000000000e+00
-4.750915471881522190e-01 1.808210337182091232e-01 0.000000000000000000e+00
-1.306651249050976293e-01 3.411853015457564919e-01 0.000000000000000000e+00
