-1.991158485166165670e-01 4.262779096573603155e-02 4.404822711420874892e-02
3.660809247928873411e-01 -1.180638868364478414e-02 -8.703782280764850443e-02
-1.520703542351463933e-01 -8.398942859120592241e-02 -1.053988679944482254e-01
2.629292042653457728e-01 -2.657561266256088309e-02 6.770462402023530446e-02
1.971711125917705587e-01 1.862438145386843824e-02 2.211005931079885467e-01
1.024379278064822818e-01 1.875140177008401479e-02 -4.888423783850677495e-02
-6.020054774414475007e-01 -2.373268028898884441e-01 -3.654141563754106370e-01
1.056094767449427402e-01 1.094634488196752631e-01 1.374585937646215228e-01
-2.325029610675904690e-01 4.948069420505369492e-03 -3.341947450329493807e-02
-1.084422551327547390e-01 1.939476202824162721e-03 -6.368381906495187983e-02
2.828542158784465022e-01 1.379605894940022781e-01 3.272422967072916022e-01
-1.589740808015661921e-02 -4.953507064074218202e-02 -5.882627551618827000e-02
-2.294022415663293790e-01 -1.397966108626569059e-01 -4.702519958032846392e-01
1.615274242603377541e-01 -4.559210129052140847e-02 5.441256179543503546e-02
-1.026650531354611900e-01 -1.872070023049523732e-02 6.745033082511082967e-02
-7.154812361931182085e-01 -3.491482216857651477e-01 -6.784158038823619175e-02
-1.782485209811366933e-01 -2.428455097427704157e-01 -1.294385166734520753e-01
-5.221472042171754896e-02 -9.096669829069278790e-02 -2.622675900221593803e-02
1.040556095113472357e-01 -3.069666488873585251e-03 -6.077861705627678190e-03
1.316455690176918623e-02 -1.995569252841505534e-04 1.172345187574688405e-02
-4.353705082570646229e-02 -2.032583093164250926e-02 -7.241842295171770083e-02
-7.661122923444842322e-04 7.574659419473364977e-03 6.991429093406045445e-03
6.716892336950118503e-02 5.180574931636082459e-02 1.740675741977922575e-01
2.410563873997924322e-02 4.646802859225436684e-03 -2.155187128727341014e-02
-2.792955256338141776e-02 1.802416616588945614e-02 -1.049773263794437708e-02
2.124391718495296788e-01 5.691527823789484242e-02 -5.996093084341338336e-02
6.227999963343789497e-02 6.429917798479198310e-02 6.429880750179567395e-02
1.991882509189009040e-02 2.309651948689971784e-02 2.003060149905735651e-02
-3.973937424154368875e-02 2.228291436474078967e-03 3.089625463833572602e-03
-2.200825041942599536e-01 -1.992576092996239945e-01 -1.968979413131728140e-01
-9.605396650835987954e-03 -1.555449369378000268e-01 -1.072191763652412255e-01
-1.126885687372824324e-02 -6.351627896971021037e-02 1.543151860939511247e-02
3.306638687140019562e-03 3.661391853268764623e-03 3.534668554688907144e-03
7.470285115272182544e-03 -6.068559279272210671e-04 1.676877841144572626e-03
6.459079866057469699e-02 6.562449367579993587e-02 2.586658629806468795e-02
1.255850298734042560e-02 7.962460222461213710e-03 1.914624772906689879e-02
