9.515221961693890451e-01 1.867991340140072065e+00 0.000000000000000000e+00
6.920154297669829369e-01 5.903528797241315296e-01 0.000000000000000000e+00
-1.365881605513205033e+00 -7.274432377832937835e-01 0.000000000000000000e+00
-2.147320972902854452e-01 -2.744440743200815547e-01 0.000000000000000000e+00
1.121433453775180222e-01 -7.096067434290756482e-02 0.000000000000000000e+00
-9.417421191955193116e-01 -1.605788340726265195e-01 0.000000000000000000e+00
-5.433462360324753382e-01 1.911344966525320155e-01 0.000000000000000000e+00
-1.279854104426972672e+00 -4.589329623445834172e-01 0.000000000000000000e+00
1.315412158564036038e-01 -7.523997506037941041e-02 0.000000000000000000e+00
-1.951075644793804464e+00 -9.903042897059032013e-02 0.000000000000000000e+00
-4.926469137150275152e-02 -2.056989427382542868e-01 0.000000000000000000e+00
-5.292019527405401602e-01 -1.102613342431951610e-01 0.000000000000000000e+00
-6.538247774276042222e-03 9.942226906159036537e-02 0.000000000000000000e+00
-8.885963603327889926e-01 -1.179051644868636950e-01 0.000000000000000000e+00
-1.126745295412244108e+00 2.878535329906234952e-01 0.000000000000000000e+00
-3.630588464833824913e-01 -4.910177792459038959e-01 0.000000000000000000e+00
8.004813450783183626e-01 -3.033445751392264134e-01 0.000000000000000000e+00
-9.388776208124349765e-01 5.153461234433077687e-01 0.000000000000000000e+00
-1.451769311077613533e+00 1.087533279794577340e-01 0.000000000000000000e+00
-2.362854124614335860e-01 5.098078475693236244e-01 0.000000000000000000e+00
-5.597042477041179118e-03 -5.655158436359312285e-02 0.000000000000000000e+00
3.124245004014802873e-01 2.618639536948774160e-01 0.000000000000000000e+00
-2.338119158282638693e-02 2.107347781621910637e-02 0.000000000000000000e+00
-2.486673029763668552e-01 3.832651776529343857e-01 0.000000000000000000e+00
8.032694487883323964e-02 -5.306660830151062325e-02 0.000000000000000000e+00
4.662766336970081138e-01 -7.746518972712404527e-02 0.000000000000000000e+00
1.865978937298566231e+00 8.027354316118954225e-01 0.000000000000000000e+00
-3.552603333886107939e-01 -3.749756689975309865e-01 0.000000000000000000e+00
-5.808060926911629007e-01 2.473549960904756484e-01 0.000000000000000000e+00
1.601382659560700306e-01 1.473980597085355615e-01 0.000000000000000000e+00
-1.146953216339358761e+00 -3.381890915214100790e-01 0.000000000000000000e+00
-1.127197861598994849e-01 -8.511890810670014185e-01 0.000000000000000000e+00
-3.458939851948805710e-01 1.771031227085101134e-01 0.000000000000000000e+00
-2.983611121169338909e-01 1.377566763531914984e-02 0.000000000000000000e+00
-1.895393460344976799e-01 4.768671255774571682e-02 0.000000000000000000e+00
