1.668316641019790714e+00 6.473934426807408382e-01 -2.582328565354426453e-01
-4.919345191775802983e-01 5.495748140620061450e-01 2.163711425842544112e-01
-5.079855894438547459e-01 1.427530219039156445e-01 6.320905182269898059e-02
-1.920366973785665010e+00 -5.553033525531740899e-01 2.634639430613514022e-01
1.407595118817268398e+00 4.090605412031876886e-01 8.950831034475272008e-02
3.063366658610995330e-01 -1.098585438302425443e-01 4.122580034340851685e-02
2.029970188563482991e-01 -9.601783567374343464e-01 -9.235181398500173777e-02
4.628070427987753255e-01 -4.248236656283975732e-01 -1.747065612037884130e-01
1.723912831654542399e-01 4.252023776774615724e-03 -1.323287053737184915e-01
8.404128042498786311e-01 1.986680377712115309e-01 -1.109704895364973798e-01
-8.583773198821512129e-02 5.419711197296466221e-01 -7.964074447825866820e-02
-1.481739881715110618e-01 2.512484887668051114e-01 1.312602291390552456e-01
-4.909465390918325012e-01 -6.197151974907308958e-01 1.926632008345443292e-01
-2.369553066028196875e-01 7.187093321920924593e-02 1.962685027139046690e-02
-2.166138496445386141e-01 4.119580307421481791e-02 -1.626387225022780381e-01
8.820670336514453425e-01 -1.375928177935212549e-01 -6.255307413485622359e-02
3.599159637386538657e-01 -4.139499487477558692e-01 -6.982762261228681044e-04
2.557170936080743751e-01 -1.837251538497524095e-01 3.993798378863108733e-02
2.375002246237099546e-01 2.695245425436458842e-01 -2.612613766361329692e-02
-1.236463893361326033e-01 -2.547364460698351915e-02 1.676942238518343981e-02
1.944029464011939184e-02 -9.457658719150385807e-02 2.939762066473456531e-02
1.683636189398096672e-02 -4.156799994464173420e-02 -2.728834989402677269e-02
1.312824096023863241e-01 1.554551520455747515e-01 -8.741141793596118870e-02
4.844191128337967112e-02 -4.859628970638372146e-03 5.007236969889984624e-02
8.230307268129041787e-02 -2.117267958241512982e-02 9.670492834157459403e-03
-7.633416073085126652e-02 7.435902164047551721e-02 1.391538586043630232e-01
-1.129408160591899579e-01 1.558121772249912163e-01 9.769472723125860805e-03
-1.011500639768411897e-01 7.660859559709649880e-02 -3.611210305879249127e-02
-9.956094612978616532e-02 -1.015220174282312066e-01 -1.114388540909138844e-02
-1.834124447562597071e+00 -8.852589232497380667e-02 -2.819890772195161599e-01
-2.385598423339216623e-01 -1.189743743619317007e-01 7.140304507730983741e-02
1.748372476560823563e-02 -5.833571228099133921e-02 -5.293982349258107012e-02
3.269352787896188245e-02 -2.458788249045702062e-02 4.204129822122019966e-02
-8.858613363514820926e-02 5.083927427526333670e-02 1.066173184104971111e-01
-5.404204843149360560e-01 -1.955003096609893853e-01 9.855100067625084670e-02
7.984505583743412016e-02 3.371634007763894131e-02 6.663839848379925213e-02
