-2.751412732708814410e-02 -3.541779288337851828e-01 0.000000000000000000e+00
-7.944067277151944939e-02 -6.688307433481065212e-02 0.000000000000000000e+00
-3.395844233539002666e-01 -7.968019498306250226e-01 0.000000000000000000e+00
2.266858576970006978e-01 -1.685858140923718884e-01 0.000000000000000000e+00
-6.837619701786504245e-02 3.913076591077865179e-02 0.000000000000000000e+00
4.293182836039930450e-01 -6.546084865798236230e-01 0.000000000000000000e+00
-7.357914921060298985e-02 -1.657828837692436608e-01 0.000000000000000000e+00
-2.712368675368327930e-01 -4.836115028563813256e-01 0.000000000000000000e+00
1.822219740714685343e-01 -1.317323746230742998e-01 0.000000000000000000e+00
2.896564878631662787e-01 -7.353555379963025995e-01 0.000000000000000000e+00
-2.441956423082204328e-02 6.088453957137945904e-02 0.000000000000000000e+00
-1.115501157620865796e-01 -2.371830037444551953e-01 0.000000000000000000e+00
1.184932246193524247e-01 -5.156295160373273317e-02 0.000000000000000000e+00
2.911124915167503380e-01 -3.567146665660225757e-01 0.000000000000000000e+00
1.365608966447080797e-01 -4.192932843112190944e-01 0.000000000000000000e+00
-1.672369728037053360e-01 -6.405548366112798209e-02 0.000000000000000000e+00
-3.342455446812099829e-01 3.112420232886256577e-01 0.000000000000000000e+00
-5.813679885963837224e-01 -1.046873094094692980e-01 0.000000000000000000e+00
1.983045179638309174e-01 -1.377113638932400408e-01 0.000000000000000000e+00
3.526354554502437316e-02 -8.531428989522324424e-02 0.000000000000000000e+00
2.641300548428617695e-02 3.933407687557859828e-02 0.000000000000000000e+00
6.025403070158782785e-03 1.616370926582899950e-02 0.000000000000000000e+00
3.060517301371163193e-02 5.002045062033979445e-02 0.000000000000000000e+00
2.422393293231607236e-01 -1.629342838150535933e-01 0.000000000000000000e+00
-1.727029295783633067e-01 -5.688367082724163359e-02 0.000000000000000000e+00
-1.114561078240879424e-02 1.179252850192695212e-01 0.000000000000000000e+00
-3.545676566589427425e-01 7.150855968534838292e-01 0.000000000000000000e+00
-6.871228038071146571e-01 2.164213860177858495e-01 0.000000000000000000e+00
3.370892539523128728e-01 2.196227144307155155e-01 0.000000000000000000e+00
-1.049412180257593558e-01 -2.786411804195593547e-02 0.000000000000000000e+00
3.030203681169457708e-02 -2.874248439063640248e-01 0.000000000000000000e+00
-8.497744826007154195e-01 9.562194530148861171e-02 0.000000000000000000e+00
4.834771676849506927e-01 -3.160506003448751433e-01 0.000000000000000000e+00
-1.475727680674258913e-01 -3.474292419494138390e-02 0.000000000000000000e+00
9.086935626566802759e-02 3.066232388512802887e-01 0.000000000000000000e+00
