-1.891631062490059190e+00 2.974029171220983481e-02 0.000000000000000000e+00
-7.363512879737615924e-01 9.313357102967080581e-02 0.000000000000000000e+00
-1.268970872446526788e-01 -1.553925968185104978e+00 0.000000000000000000e+00
-3.071723311785468091e-01 -1.038641685239215379e-01 0.000000000000000000e+00
-9.007338221486119179e-02 1.754064474325531947e-02 0.000000000000000000e+00
-3.024159364659562699e-01 -1.541666425060086665e+00 0.000000000000000000e+00
-3.904521744491283308e-01 -5.249683894580912114e-01 0.000000000000000000e+00
1.189801709040663041e-01 -1.111897457503425724e+00 0.000000000000000000e+00
-8.779588092290417645e-02 -2.723567663578316950e-02 0.000000000000000000e+00
2.293418480522632918e-01 -1.198268819035407384e+00 0.000000000000000000e+00
1.804148414760461949e-01 1.778001071100049693e-02 0.000000000000000000e+00
-6.483556235110452502e-03 -4.896144646604442818e-01 0.000000000000000000e+00
2.317666390481457755e-02 -3.941709571662846412e-02 0.000000000000000000e+00
7.460958094918425099e-01 -8.266063921499181566e-01 0.000000000000000000e+00
-3.142096857414354849e-01 -8.920582166778875388e-01 0.000000000000000000e+00
4.341990759076109763e-01 -1.478074622679126371e-01 0.000000000000000000e+00
2.644225930324374182e-02 6.021465097317939552e-01 0.000000000000000000e+00
-4.115532394875266453e-01 -2.114008581299379186e-01 0.000000000000000000e+00
-2.135574154651836976e-01 -5.023699186252010840e-01 0.000000000000000000e+00
2.039849182386896942e-01 -2.075665601687370909e-01 0.000000000000000000e+00
5.796338986550371442e-02 9.645098486121966852e-02 0.000000000000000000e+00
-2.185819660574922219e-01 2.615195762059438836e-02 0.000000000000000000e+00
7.565589869217070884e-02 2.628089049379042988e-02 0.000000000000000000e+00
1.524780106191207518e-01 -2.432943819731968049e-01 0.000000000000000000e+00
-4.078440775068093577e-02 -1.229423691310933299e-02 0.000000000000000000e+00
-9.582295570425117259e-02 -1.573373094684351048e-01 0.000000000000000000e+00
-7.577424779008075373e-02 1.234993178670507286e+00 0.000000000000000000e+00
-5.693119136763715726e-01 -1.114167732879071337e+00 0.000000000000000000e+00
1.270342596695249460e-01 2.397510875111773243e-01 0.000000000000000000e+00
-1.551822676086048181e-01 7.354241947614402475e-02 0.000000000000000000e+00
7.903119436795283947e-01 -7.298466266753427245e-01 0.000000000000000000e+00
-1.443634411925018013e-01 -4.179024254034873764e-01 0.000000000000000000e+00
-6.653721150686149333e-01 1.418384996310456114e-01 0.000000000000000000e+00
7.422676299139377987e-01 2.465975762398832372e-01 0.000000000000000000e+00
2.885281041513930167e-01 5.303988212161658833e-02 0.000000000000000000e+00
