5.081932694000902417e-01 1.628456841995186768e-02 4.556151829878939408e-01
-6.953196978569959885e-01 -1.465217591135047244e-02 -3.317384620360511183e-02
-3.087702519266050660e-01 2.557209156830537317e-02 -9.498197229241929149e-03
-3.626836973303476097e-01 -3.097890027700580043e-02 -5.289492508181021790e-01
-1.943497412362840127e-01 -2.584542639643431020e-02 -3.595219142833283588e-01
-3.430833074611475304e-03 6.725125452113662680e-03 -1.130350208133724249e-02
8.938983202546652018e-01 5.506223767445077300e-02 6.782249761795987320e-02
4.239542790085196189e-01 -6.434911545241881782e-03 -5.515094489392849408e-02
2.169667316122905754e-01 6.376723960218353554e-03 1.998078363146783276e-01
1.032301375940943150e-01 1.531298625716285937e-02 2.323719245995660154e-01
-4.050212334045949492e-01 -1.236073940976441417e-02 3.031142059239100295e-03
-1.946909647718189640e-01 -5.772223925145640588e-03 2.252098278455965524e-02
-1.569377627161178401e-01 -1.491719102450710620e-02 -2.577448141185733066e-01
-1.941597438001575748e-01 -1.795992349226804147e-02 -1.980461974165638184e-01
1.426444033258107008e-03 1.412347010365091159e-03 4.655323484762727282e-02
6.581482892027479270e-01 5.269853963190761215e-02 1.585587266563935269e-02
5.422603346046723782e-01 -1.194068413473016628e-02 3.061667153058101887e-01
1.334436263798610411e-01 -1.376503931373418074e-02 1.491722928990236452e-01
-2.007314484809200605e-01 -3.174080172831276764e-03 -8.195088668812751387e-02
-9.584583450078301703e-03 -2.047965174006878466e-03 -3.357948870015471654e-02
6.683780260300319076e-02 -7.530265342512484483e-04 -4.777143874991856935e-04
3.081904099812034573e-02 1.562174365671851898e-03 1.970083387872689990e-04
3.455678629098948157e-02 -1.109896707840372443e-03 5.601302558768187639e-02
-1.157273391411220171e-03 -1.123802407615232934e-03 -1.625261654633319147e-02
3.697439086754354676e-02 3.361728181687823665e-03 4.885327658343860402e-02
-3.087457760998508771e-01 -6.305759536073191063e-02 -1.240415653507802723e-01
-2.210685843268674067e-01 5.859010661695630146e-03 -1.581521868540747833e-01
-5.893893931656825347e-02 5.677235850382972467e-03 -6.504261078968735788e-02
7.611071533029549474e-02 3.563164659302289587e-03 6.446681161400896753e-02
3.752236979897757285e-01 7.332029344751811450e-02 7.459305079602867039e-01
1.264289899100934644e-01 4.834584143778700160e-02 5.015696109010891329e-02
2.332976081379971312e-02 9.594101377107091058e-03 7.164238008432731453e-02
-3.382753067810170128e-02 1.003607295312745201e-02 -7.644652180653016549e-02
3.653860148291483353e-03 -5.122460237968588966e-03 -4.457657486651080136e-02
-1.827024102726296784e-01 5.113822169200564656e-03 -5.235840783847539592e-02
3.696787850308803219e-02 1.487241842232958980e-02 4.915069211801836174e-02
