-1.438410161712297075e+00 2.807700406100497315e+00 0.000000000000000000e+00
-1.654355414901466370e-01 4.622701595028066435e-01 0.000000000000000000e+00
3.875552592976588828e-02 -9.611042690624370666e-01 0.000000000000000000e+00
-2.584444197549722322e-01 -6.883425957469452294e-02 0.000000000000000000e+00
1.350520031190888537e-01 -2.369180751986488254e-01 0.000000000000000000e+00
-1.704238175597274085e-01 3.018293003758789617e-01 0.000000000000000000e+00
-5.545060448396476049e-01 1.576598005297246585e+00 0.000000000000000000e+00
1.928993202033867926e-01 -1.584453484807728074e+00 0.000000000000000000e+00
1.840143191947038459e-02 -5.641453199932707774e-01 0.000000000000000000e+00
-1.086906850342568842e-01 -1.204475322237687385e+00 0.000000000000000000e+00
1.211146360752218126e-01 -1.304848090937712479e-01 0.000000000000000000e+00
5.183716430201434910e-02 -8.611287311515797294e-01 0.000000000000000000e+00
2.571086311479649916e-02 -2.695448880091870780e-01 0.000000000000000000e+00
3.113321976266826274e-01 -1.418491550580180061e+00 0.000000000000000000e+00
1.612358902790853726e-02 -8.343288934191062101e-01 0.000000000000000000e+00
1.363011703536649022e-01 -4.249535076543050072e-01 0.000000000000000000e+00
-5.756730278772956844e-01 1.287640458690395784e+00 0.000000000000000000e+00
5.078628151362622918e-03 3.872298720629808733e-01 0.000000000000000000e+00
-1.332374868455349637e-01 5.559895760930615438e-01 0.000000000000000000e+00
-5.054806898134910076e-02 7.034429124433131397e-01 0.000000000000000000e+00
2.367521898091435456e-03 1.533448566469665375e-01 0.000000000000000000e+00
-7.358950311482395645e-02 3.084849442206117343e-01 0.000000000000000000e+00
1.238065891837935965e-02 1.670293526011463747e-01 0.000000000000000000e+00
-5.772471961120232559e-02 -1.108612043541635339e+00 0.000000000000000000e+00
-8.787383873905886544e-02 -4.698364088293844332e-01 0.000000000000000000e+00
-3.511241517566501130e-02 2.359176286091801411e-01 0.000000000000000000e+00
-7.088541290843436427e-01 1.269948830432808595e+00 0.000000000000000000e+00
9.828316276943335761e-02 5.460786001776315457e-01 0.000000000000000000e+00
5.107725139744770937e-01 -4.868157865187893174e-01 0.000000000000000000e+00
-1.555136866043280996e-01 1.279523996860224833e-01 0.000000000000000000e+00
-6.509783535344063066e-02 5.458747669730750207e-01 0.000000000000000000e+00
4.600954625953489890e-02 1.176635095379960028e+00 0.000000000000000000e+00
4.950832153287896276e-01 -1.255010569190109004e+00 0.000000000000000000e+00
-6.836213869238364493e-01 1.049077651006899842e-01 0.000000000000000000e+00
-1.474307561925857213e-01 9.006069628468240662e-01 0.000000000000000000e+00
