-3.189773192197893625e-02 -1.233427553016975264e-01 -7.715886859248871632e-02 -1.041118213444977153e-01
1.659014366550637387e-01 7.516600617926831873e-01 1.205846113430771721e-01 -3.066976668613273782e-01
1.965359982016804674e-01 -3.803619182975588597e-02 1.394862379410733988e-01 1.528766848487404795e-01
-8.702794579711557732e-02 -4.144339828318155394e-02 -4.570900488734611078e-03 3.115426279213471053e-02
5.245497139193322500e-02 1.119338629155197662e-02 5.364994822392595841e-01 2.024542613627710708e+00
5.107276635572456647e-02 -3.381640246916354231e-01 7.481101491849494189e-02 3.804233648472377799e-02
1.531496456065696565e-01 -1.076182271517254485e-01 2.011984486523039628e-01 4.304637641857905206e-01
-1.936798261614326444e-01 1.557145419217301485e-01 -7.442097203423919671e-02 -2.017810543360740727e-01
2.537541050151780886e-01 -6.898638328335251479e-01 2.226534653871505565e-01 1.957578640748746657e-01
1.305185334131421472e-03 3.614111290456412107e-05 -2.696447893508003082e-02 -5.878462668124939672e-02
3.542721336989872183e-02 2.412991270863171223e-02 1.165811285268316538e-02 1.618894266012847472e-01
4.901093037708546818e-02 -1.121910390627340742e-01 -2.223533428011904844e-02 4.777546423852232355e-02
2.713731383965129473e-01 4.529140263608610883e-02 -3.334634474923328096e-01 -1.992471449636358027e+00
-1.281397303243647368e-01 5.948112928701365654e-01 -1.049214633982085559e-01 -1.326046745192133169e-01
-3.776097853643837349e-02 2.803193969657753470e-01 -7.234531216080124227e-02 3.414815981645731580e-03
-5.297651587616702962e-02 -1.548444711159539855e+00 -7.142613211174136945e-01 -9.723798354124139065e-01
5.081800875788952676e-03 5.525905800014857538e-03 2.643559293690297962e-02 6.515908789290913994e-01
-7.992808929744341095e-03 -1.709118588753396895e-01 -8.627744027877595756e-03 2.299988657912603041e-01
2.814050875318291605e-03 -1.933855962796104944e-03 -1.469908788213241183e-02 6.274768609583461498e-02
8.127527015936006696e-03 6.154275297094728009e-03 1.022527751371645095e-02 1.763338757038856314e-02
-7.526288814110596026e-02 -6.971447386641876909e-02 -7.166124755661901213e-02 -1.157492694534953681e-01
-3.656035932754192648e-03 1.992503239076973826e-02 8.646249815581485976e-03 3.001368483518691149e-03
-3.932808967380367962e-03 8.322491502157200460e-02 1.408039707911197813e-01 2.998566622309861152e-01
7.191098452248651657e-03 -5.663427938145385032e-02 1.623275714721055321e-02 -1.764497424695735117e-02
1.517217597875534368e-02 -1.163314369260599335e-01 1.573122938404978438e-02 -5.358797523448923655e-02
8.289084924768752582e-02 8.375167025042120628e-01 5.343593387122768101e-01 1.559794415248097144e+00
-3.253612371321493169e-02 8.997733137944989579e-03 -3.877268957267102079e-03 2.545510089302644996e-01
-4.141540797782233482e-03 6.272976093951775078e-02 2.538225551388634260e-03 9.131801976977162172e-02
-3.754982132879143911e-04 5.890446508524521674e-04 1.239561434660406761e-02 7.529448564022745392e-03
-4.597227312042163894e-02 4.046720172037485685e-01 2.715178761074197311e-01 -4.719242103339812977e-01
-1.080829130174840863e-01 -3.215501587568411757e-02 5.095842657907218021e-03 -7.910200003760766707e-01
-2.741626876619621123e-02 -9.014070531064774516e-04 1.426317746415890764e-02 -4.290979819976458720e-01
3.426876276227419985e-03 -5.689089591877072999e-03 -1.219003891054274216e-02 -1.070359954519280454e-01
-3.325798616095345349e-03 2.467173832174686388e-04 -1.122448557471743963e-03 -5.746660236462105414e-02
2.857776508478603733e-02 8.890261740587132588e-02 1.644888807440779768e-02 3.704209753406364353e-02
5.223044386422418840e-03 7.213798493997830054e-03 1.364931389266371350e-02 1.839419417860301345e-02
