6.096907109657337398e-02 -1.437450279711248100e-02 -1.694938333992238033e-02 1.866900387125962846e+00
1.021076638643658052e+00 1.780712715948612468e-01 4.375850397241308476e-02 -2.799741896525096974e-01
-4.600243968187166244e-02 2.148006094132943189e-01 1.524387895387986636e-01 -2.394099800409373591e-01
-3.667247001896666303e-01 -5.421893702338265175e-01 -4.883822929561452697e-01 -1.842242340390073174e+00
-1.869970102315613225e+00 1.793936168502493697e-02 1.743916415610709536e-01 4.532936166476009276e+00
1.285822254819714294e-01 2.489161783186553956e-02 8.298680721762661042e-03 -6.220581431202792944e-02
-8.256745590052583239e-01 4.715713288439750683e-01 8.187405223303441115e-01 -1.571406305679047932e+00
-2.053543059887518729e-01 -3.299468843076148183e-01 -2.439657617830339464e-01 -1.608057003550161790e-01
8.288433764265596970e-01 1.723963492456614954e-01 1.099236916837796757e-01 1.149586032719518203e+00
1.708180022257384800e-01 3.180818940196759592e-01 2.697120167324382201e-01 4.142962900789077252e-01
7.265531144117477746e-02 -4.080930151980227683e-01 -7.051696256449895284e-01 2.870258040066545835e+00
1.711375781337646229e-01 1.163272799489402931e-01 1.012601929309313309e-01 5.196504142764584167e-01
1.917997672266316789e+00 3.571382867259211835e-01 7.665055075684167052e-02 -4.722977279214523705e+00
-7.745474810613003358e-01 -1.611586973165071712e-01 -1.535580093657898659e-01 -2.508700101755657830e+00
-1.076762395805376110e-01 9.684895653512326508e-03 1.547595012245063170e-02 -2.264484103595970355e-01
2.079974181316307735e+00 3.036489380547010078e-02 1.257901849757895596e-01 -2.378284444067003012e+00
1.636305106695970513e-01 1.045618071714719405e-01 -1.723366189918157723e-02 1.989628611790921431e+00
6.563014867579446132e-02 7.676208684358769296e-02 1.780753357158593869e-02 1.027017887872935908e+00
1.063068147554642184e-01 2.004653362394843985e-02 5.119018047724595288e-02 4.808140932601817630e-03
-1.600199254707177290e-02 -4.692636513957609140e-02 -3.385733087449690343e-02 -1.895876837343902013e-03
4.616674470962877502e-02 7.785468939057443860e-02 1.509401788682948053e-01 -4.572021646251048232e-01
-3.265048390035350107e-02 1.194238444839944638e-03 -1.221081971219293953e-02 -3.372909095615828079e-02
-6.759559804543255890e-01 -1.955570928195494440e-01 -1.361101752636407758e-01 -1.056506981831197622e+00
2.330157301158070765e-02 -4.055016395362306958e-03 -7.118186545820420416e-03 -4.559296051909057790e-02
1.479490802420838358e-01 1.358990864711137614e-02 3.324524145603473257e-02 -3.493087630212475814e-01
-1.593898474409696786e-01 2.497781099143656439e-02 -1.319494695037353449e-01 4.670899906381443145e+00
8.914676307853977577e-02 -1.180891675255538592e-01 -7.723492246298920699e-03 2.494446574460213562e+00
-4.747723181091530187e-02 -7.082885599319249659e-02 -5.380867504209421726e-03 4.788254522024041338e-01
-3.962033663652017590e-02 2.092302354647298385e-03 -1.539942154279594355e-02 -3.894128194142823518e-03
-1.055559333380815756e+00 -1.314238852901540577e-02 -4.240103904128973700e-02 -9.979104815734317624e-01
-3.887942474005741111e-01 -2.952420236803310338e-02 -2.362113543660238069e-02 -3.021289833767573541e+00
8.128694383322097872e-02 4.623416043703967165e-02 3.355881504597818185e-03 -1.309517128937262020e+00
2.958317076027163275e-02 3.282172453542096802e-02 7.741432005182187492e-03 2.892674874444647881e-02
2.662214799904456461e-02 1.722227067195705036e-02 2.000536467911902261e-02 2.120152598957729048e-02
1.585947406146545058e-01 2.679175707989245314e-01 2.615373165738253403e-01 -4.468421902638031185e-01
1.041405874559789453e-02 1.239597184059655459e-02 3.971108943547668052e-03 1.858715064562319746e-02
