2.187396895223595372e+00 -2.037702882230798540e+00 1.355412466668862059e+00 0.000000000000000000e+00
1.463464603423438870e+00 -2.767563311427474471e-01 3.511279744701575889e-01 0.000000000000000000e+00
-2.978742240287226561e+00 -4.762832735134678308e-01 1.280175482602002646e+00 0.000000000000000000e+00
-9.416971593995268619e-02 -1.055893759200825066e+00 2.800500721185025244e-01 0.000000000000000000e+00
5.755855600016329676e-01 3.095541182326727592e-01 2.380864287257501433e-01 0.000000000000000000e+00
9.121778981817558751e-01 -5.901306856552614999e-01 -4.663741537822434502e-01 0.000000000000000000e+00
2.509033675910539163e-01 -1.056018137541910207e+00 9.221477554286948708e-01 0.000000000000000000e+00
-1.403527107575203159e+00 -2.720337148397883580e-03 3.679043775998390164e-01 0.000000000000000000e+00
1.498429362216157912e-01 -4.894830242816122778e-01 1.433985158881199151e-01 0.000000000000000000e+00
4.264336423244670660e-01 -5.386155146544673311e-01 -1.097840825352569105e+00 0.000000000000000000e+00
8.208891885135961852e-02 2.829522212290929151e-01 9.852155588532830743e-02 0.000000000000000000e+00
-7.554321927765752509e-01 -8.755373847262564032e-04 6.874280952255686604e-03 0.000000000000000000e+00
3.413540158194317085e-03 -1.222555699068023777e-01 -4.127903294682162133e-02 0.000000000000000000e+00
-1.046952996764632937e+00 1.234161113306749158e+00 -2.187306059650198919e-01 0.000000000000000000e+00
-5.424298710709949400e-01 7.841561393321115625e-03 3.932622971265500311e-01 0.000000000000000000e+00
1.500221078483758019e-01 2.247244137138935671e-01 -3.514056150505346920e-01 0.000000000000000000e+00
-6.418164713818835798e-01 -1.342882751495433125e+00 4.950498043334990439e-01 0.000000000000000000e+00
9.558029989797791615e-01 -6.956690738704175425e-01 -6.392876039042588721e-01 0.000000000000000000e+00
-1.994885537758975369e+00 -6.547380951839512075e-01 8.102719499503381329e-01 0.000000000000000000e+00
1.740845422051032765e-01 -1.076359711619329779e-01 2.281116059015262654e-01 0.000000000000000000e+00
-1.008613834565644102e-01 -7.587497153194186494e-02 -3.963052633253363877e-02 0.000000000000000000e+00
-4.376211832292942194e-01 -2.923484806226238075e-01 -2.167776404669423673e-01 0.000000000000000000e+00
-1.309601209073855965e-01 1.360391982696447510e-01 -1.244909783561661959e-01 0.000000000000000000e+00
-1.615209272930421047e+00 1.319827538616038964e+00 -4.065121604673252453e-01 0.000000000000000000e+00
-1.784591375458264295e-01 1.023637977805520877e-01 -1.546176689271553106e-01 0.000000000000000000e+00
-2.772243559777394228e-01 1.060518537033264611e-02 3.488623247683950712e-01 0.000000000000000000e+00
2.556201799358709614e+00 -7.365130499291850930e-01 -4.101535563727912725e-01 0.000000000000000000e+00
3.135302437491682692e-01 6.229976594866861728e-01 -1.491434006615470313e-02 0.000000000000000000e+00
-2.620042161183198590e-02 -3.278883150448612116e-01 -2.845093537653654026e-01 0.000000000000000000e+00
2.065840783191785768e-01 -4.448410607366300173e-02 2.972732675543810488e-01 0.000000000000000000e+00
-4.920187064699362289e-01 5.996759416782906360e-01 -2.209245678935267687e-01 0.000000000000000000e+00
-8.203654003189340127e-01 5.680509511387670241e-01 1.004214440454947344e+00 0.000000000000000000e+00
-2.393847827873951395e-01 -7.158311157071720610e-01 -7.202119222886197436e-01 0.000000000000000000e+00
-3.113282803698327328e-01 1.936187733316336312e-01 2.466363038979511590e-01 0.000000000000000000e+00
-4.119272029407834435e-01 4.704367327473628624e-01 2.562082866440659745e-01 0.000000000000000000e+00
