-8.371990003560578764e-01 -4.091655452308248009e+00 1.727363328017390121e+00 0.000000000000000000e+00
-5.869697524882518946e-01 -1.364669833013370859e+00 -3.265658881942105296e+00 0.000000000000000000e+00
3.490879424883387205e+00 7.614105962703702213e-01 -8.929843744446385179e-01 0.000000000000000000e+00
-8.241300589997332948e-02 -7.732963404562621657e-01 1.811368038331503394e+00 0.000000000000000000e+00
-8.192957465254248339e-02 -1.914925492975217414e-01 -2.111340226464462511e+00 0.000000000000000000e+00
1.824372440379030014e+00 8.510414765252334313e-01 4.061540262758541964e+00 0.000000000000000000e+00
-3.512946728949749575e-01 -2.329043510026210129e+00 9.700690652779766499e-01 0.000000000000000000e+00
2.790352766444880395e+00 1.922476148502562099e+00 -1.604688768758679718e-01 0.000000000000000000e+00
3.303496001595422338e-01 1.439556882884790001e+00 -3.266637454306087207e-01 0.000000000000000000e+00
6.749924883000080200e-01 -4.422709479687260137e-01 2.206201131089176481e+00 0.000000000000000000e+00
1.106988488601547138e-01 -1.092787901541400070e-01 -8.564474235449183182e-01 0.000000000000000000e+00
1.391304798891599193e+00 1.551043511726734048e+00 5.590918058212883679e-01 0.000000000000000000e+00
1.460842197104554041e-01 7.049310955255195799e-01 -6.762493903542933504e-02 0.000000000000000000e+00
-1.482219051941194299e-01 2.426383063717403310e+00 1.865570914248451562e+00 0.000000000000000000e+00
-2.209946539680008037e-01 5.932220574821086556e-01 2.799394286469427881e-02 0.000000000000000000e+00
-6.326601602762049747e-01 -3.935238745297260921e-01 -2.048336658832770496e+00 0.000000000000000000e+00
3.391715067207905054e+00 2.085372396164357323e+00 1.069941260070143230e+00 0.000000000000000000e+00
1.618214097870025237e+00 1.026068103173785606e-01 -1.867634685701699659e+00 0.000000000000000000e+00
1.355288152575040428e+00 6.544248676264708964e-01 -6.191794009766831142e-01 0.000000000000000000e+00
-1.048869689926707149e+00 -2.724412424287545043e-01 7.122478160278736814e-01 0.000000000000000000e+00
-3.355040669364462574e-02 -2.523177263416552241e-01 -6.505503613367590379e-03 0.000000000000000000e+00
-1.047606456105933531e-01 6.641987516744460862e-01 1.248381347388185958e+00 0.000000000000000000e+00
-9.528850977628247620e-02 -6.287328670416372223e-01 -1.636737479558521002e-01 0.000000000000000000e+00
-1.803667867507979139e+00 1.482017215200518878e+00 1.987462812534060097e+00 0.000000000000000000e+00
4.893401926976588545e-02 -2.401769318493233649e-02 -5.151785476465221558e-01 0.000000000000000000e+00
-4.862190041053698342e-01 1.772191672715937305e-01 -8.196120632728191024e-01 0.000000000000000000e+00
-4.318561260043304179e-02 2.450859916298000929e+00 2.037390713159616507e+00 0.000000000000000000e+00
-5.639684384432016584e-01 1.226558087590717161e+00 -1.779511996261431861e+00 0.000000000000000000e+00
7.211875002112519972e-01 8.581060214857582080e-01 1.218098901202462336e+00 0.000000000000000000e+00
1.062520587587473919e+00 6.754389652652740272e-01 -1.156014780387310426e+00 0.000000000000000000e+00
1.112854704121162969e-01 2.176700974165729274e+00 4.529247943972413815e+00 0.000000000000000000e+00
3.244217248373177487e+00 1.080965095028891598e+00 -2.323062016474978897e+00 0.000000000000000000e+00
8.935968007779736544e-01 1.195272995773786651e+00 3.757157751914594002e+00 0.000000000000000000e+00
7.137051085187181565e-01 3.348867703237197457e-02 -5.564339939785482025e-01 0.000000000000000000e+00
3.843569381999762946e-01 1.946379565374248971e-02 4.666489007959886415e-01 0.000000000000000000e+00
