-1.355965505259414394e+00 2.828751475336191756e+00 2.062987743386029305e+00 0.000000000000000000e+00
-5.251450653617083519e-01 1.778120051663900192e+00 1.092829595173771817e-01 0.000000000000000000e+00
2.842968670267573272e-01 -1.215503224012701722e+00 2.283115329023162499e+00 0.000000000000000000e+00
1.106719659260520849e+00 -6.089315749901227370e-01 1.324829618222865268e-01 0.000000000000000000e+00
-1.544446851885798444e-01 3.856048003622782328e-01 1.661624137314989258e-01 0.000000000000000000e+00
-1.068969862152646666e-01 7.628630527001980521e-01 8.428434901768351306e-01 0.000000000000000000e+00
3.953199258614694123e-01 7.563201061497876188e-01 1.533342250213877822e+00 0.000000000000000000e+00
5.423102667723062043e-01 -1.688272537803958251e+00 1.486943972209242570e+00 0.000000000000000000e+00
4.619904782351145212e-01 -1.591721323867778537e-01 -9.062234912643007956e-02 0.000000000000000000e+00
4.410382682944619104e-01 -1.605349694546047035e+00 1.434908009142832896e-01 0.000000000000000000e+00
-6.554571233365985572e-02 -9.498069891187553571e-02 6.901648575449592649e-02 0.000000000000000000e+00
2.402961135058288566e-01 -9.621894761274326635e-01 5.835472152090014353e-01 0.000000000000000000e+00
1.799168821467989621e-01 8.601760468856958775e-02 -3.722611337607484305e-01 0.000000000000000000e+00
2.189881018902656018e-01 -1.598602589345914149e+00 -1.827379893728475979e+00 0.000000000000000000e+00
6.908258698423195288e-01 -1.087210379677678862e+00 -2.943342605145760071e-01 0.000000000000000000e+00
1.485689643254309578e-01 6.093192837858479871e-01 -7.546785878094394162e-01 0.000000000000000000e+00
4.827143725824400433e-01 2.150825583451097867e+00 -2.400020732921089861e-01 0.000000000000000000e+00
6.885680565638235828e-02 1.348464800795617036e+00 -9.958500400329231006e-01 0.000000000000000000e+00
1.148825071978109846e-01 8.865209090733001673e-01 -1.056586099752352403e-01 0.000000000000000000e+00
1.098590180165160746e+00 5.581540932294825064e-01 2.274417959127095767e-01 0.000000000000000000e+00
1.117227714433457510e-02 -9.761664559163280019e-02 -8.656656239312095213e-02 0.000000000000000000e+00
-3.883477873883994010e-03 -2.281027518699967407e-02 7.123271505470936404e-02 0.000000000000000000e+00
-1.214414277099029327e-01 -9.307350434874370193e-02 6.902336065594182057e-02 0.000000000000000000e+00
8.451191188278704691e-02 -2.050505598401081819e+00 -2.184871824922007377e+00 0.000000000000000000e+00
-1.183752035968353537e-02 -3.701636143160379477e-01 -2.998495109113386015e-01 0.000000000000000000e+00
-8.524421789789873860e-02 7.352746742630700272e-01 9.901819602103213713e-02 0.000000000000000000e+00
7.042269251297162969e-01 1.339335117289061072e+00 -1.488386448868385115e+00 0.000000000000000000e+00
-4.858199789856574302e-01 6.722735670972085353e-01 5.228842157632549448e-01 0.000000000000000000e+00
1.060531302603373582e-01 -7.862851004932126520e-01 6.022188562044773485e-01 0.000000000000000000e+00
-9.769481852738665095e-01 4.541787956734273934e-01 9.838768640644663943e-01 0.000000000000000000e+00
1.451359851920672961e+00 -1.588686009832007695e-02 8.259556591440826434e-01 0.000000000000000000e+00
-1.054785673967353787e+00 -1.881667568833560900e+00 1.505161520758548033e+00 0.000000000000000000e+00
2.849624954693019685e-01 4.150017476764162883e-01 -1.041469882544599157e+00 0.000000000000000000e+00
-5.438668314116421598e-01 -1.646794424040917137e+00 -1.405015726255824493e+00 0.000000000000000000e+00
4.118770417048401300e-01 -1.138972399728662488e+00 6.834208051598185119e-01 0.000000000000000000e+00
