-5.515631834948289125e-01 -2.922205109486365693e+00 6.743587674092306472e-02 0.000000000000000000e+00
-1.734707546708510184e-01 -1.824194569681120370e+00 2.165851046843594307e+00 0.000000000000000000e+00
2.603355193515733301e+00 -2.020538324906735905e+00 4.576705189250538375e-01 0.000000000000000000e+00
-9.812118861463041686e-01 -1.989946654356511135e-01 -1.167083413199381692e+00 0.000000000000000000e+00
4.702343971217721186e-01 -7.379589330103168976e-01 4.450945557406167929e-01 0.000000000000000000e+00
-1.423639864522299181e+00 -2.632472214908180841e-01 -3.976416075914404491e+00 0.000000000000000000e+00
-9.329546413312841402e-01 -1.698584634276783634e+00 -1.869467077537474153e-01 0.000000000000000000e+00
1.143480561327210321e+00 -6.102472291957665718e-01 -2.061511513619598723e+00 0.000000000000000000e+00
2.953379028009450041e-02 -9.651511709453519661e-02 -3.372473800137419930e-01 0.000000000000000000e+00
-1.889559524315425509e+00 -9.060067285797449577e-01 -2.587345678407660277e+00 0.000000000000000000e+00
4.163666493893633525e-01 -1.099538830911182541e-01 -1.790352131216799980e-01 0.000000000000000000e+00
3.807076251467550465e-01 3.814841860108208332e-02 -1.652980650668758988e+00 0.000000000000000000e+00
9.122611497335139652e-02 2.122905004013871388e-01 -1.928486999189715501e-01 0.000000000000000000e+00
-1.744936628697548064e+00 6.370042966393787420e-01 -4.689603721531310776e-01 0.000000000000000000e+00
3.228953840449470536e-01 3.396382852475913761e-01 -5.652957836930853075e-01 0.000000000000000000e+00
7.338617176262199338e-02 -1.650021236777702294e-01 1.416911058680068169e+00 0.000000000000000000e+00
-4.095952902040728150e-01 -9.006693713208671070e-01 2.080534048820697368e+00 0.000000000000000000e+00
-1.110626352696047148e+00 -2.563209035477709286e-01 -2.606872032896079827e-01 0.000000000000000000e+00
8.774336943721612325e-01 -5.586782946106843006e-01 1.786610751941555497e+00 0.000000000000000000e+00
-3.629237704095882311e-01 3.218864231010316046e-01 -2.532702711737269130e-01 0.000000000000000000e+00
-6.111131570118966128e-02 1.979727105698236567e-01 1.018257772177341564e-01 0.000000000000000000e+00
-2.388297910758766796e-01 2.970609810399680861e-01 -5.270020862294507724e-01 0.000000000000000000e+00
-8.261276296186841062e-02 -1.430375059801275786e-02 3.434324959790203274e-02 0.000000000000000000e+00
-1.619590830192774389e+00 1.360163561922083986e+00 4.462605449741224861e-01 0.000000000000000000e+00
3.329213434783094283e-01 7.490686183489912997e-01 -1.797539955146057744e-01 0.000000000000000000e+00
6.120726001150996742e-01 4.995671658950314176e-01 8.142294323676961820e-01 0.000000000000000000e+00
-1.314944893254134328e+00 7.156307950899278847e-01 4.724379978262721602e-01 0.000000000000000000e+00
4.236901172621279077e-01 -6.054720230044126072e-01 1.402980699317613711e+00 0.000000000000000000e+00
-1.685975250648863166e-01 2.527820818245793966e-01 -3.494541170817381803e-01 0.000000000000000000e+00
9.416428891769439147e-02 -2.871891297247891051e-01 5.604083879203743956e-01 0.000000000000000000e+00
-1.106724859530330285e+00 6.434476668167184998e-01 -4.718847929404089037e+00 0.000000000000000000e+00
-1.202414937080835244e+00 -1.317163082389380513e+00 1.922535480775748429e+00 0.000000000000000000e+00
-9.034813134983554761e-01 -1.251578768963777788e-01 -1.032409253751385564e-01 0.000000000000000000e+00
3.300561993479496359e-02 3.634732953946457901e-01 -2.526822852010010223e+00 0.000000000000000000e+00
1.976815369592842542e-01 -3.986400860840819682e-01 -9.195590275677256731e-01 0.000000000000000000e+00
