-1.672597009721361383e+00 1.696676587431423799e+00 -2.865869850905705674e-01 0.000000000000000000e+00
-7.737254359325566044e-01 -5.679292730112570631e-01 -6.296645218807632727e-01 0.000000000000000000e+00
7.676531715078717122e-01 1.173903090485750145e+00 1.902800820815062854e+00 0.000000000000000000e+00
5.859588816973781977e-01 2.330646819375763179e-01 7.523277321023126296e-01 0.000000000000000000e+00
-3.682392360594002878e-01 -5.480163849302314150e-01 -5.271521266480023726e-01 0.000000000000000000e+00
-6.462913926288517130e-01 1.409512757303769792e+00 1.370448213318662622e+00 0.000000000000000000e+00
-3.796816792475927183e-01 6.810622910446163525e-01 3.518860989917338977e-01 0.000000000000000000e+00
4.419925803274739606e-01 2.493904069635770049e-01 7.239503779872320521e-01 0.000000000000000000e+00
2.738266802920479859e-01 -5.590598655745704360e-02 -2.963056861824093224e-01 0.000000000000000000e+00
8.547891605111416213e-01 -1.405005836660303542e+00 -3.101471015767359729e-02 0.000000000000000000e+00
-4.567858639777446633e-02 -1.937212011947496149e-01 -2.746490551061180341e-01 0.000000000000000000e+00
1.980744666117784658e-01 2.272591291298142469e-01 1.049843689663419871e-01 0.000000000000000000e+00
6.600227273684748652e-02 -7.701724067021659126e-02 -4.717469548854420075e-02 0.000000000000000000e+00
5.890308275787136116e-01 -3.022937647964624719e-01 4.246083057551249818e-01 0.000000000000000000e+00
2.448652478869171589e-01 8.723720356799256892e-02 -9.365073968238463165e-02 0.000000000000000000e+00
2.560677172461875983e-01 -5.596592697600552002e-01 9.691296826085663008e-02 0.000000000000000000e+00
-1.040408877262677834e+00 -1.344182244660443670e+00 -5.441902232701314457e-01 0.000000000000000000e+00
-4.343204982051586116e-01 9.429170373649662373e-01 7.115652255137898397e-02 0.000000000000000000e+00
5.407861065872905382e-01 1.042642472933078102e+00 1.178886417938098008e+00 0.000000000000000000e+00
5.681835420346245114e-01 4.431154873185645382e-01 2.114591952935447605e-02 0.000000000000000000e+00
9.171013706286569589e-02 8.770320459337861696e-02 1.190093297273097095e-01 0.000000000000000000e+00
-5.632847620316117770e-03 2.871332821777141664e-01 1.351257435632262360e-01 0.000000000000000000e+00
-8.548801214311090024e-02 -2.318103414738524604e-02 7.608853172482071825e-02 0.000000000000000000e+00
3.190023327887028803e-01 -2.530815032219735916e-01 -1.911177790179668656e-01 0.000000000000000000e+00
-1.110508385409841592e-01 -1.778397614298329876e-02 1.357911162386135628e-02 0.000000000000000000e+00
-1.766085740934958126e-01 4.712570583205992758e-01 2.244452757512457597e-01 0.000000000000000000e+00
-1.606360436820819748e+00 -2.190237458809068727e+00 -1.875941578262238174e+00 0.000000000000000000e+00
2.496429977675125311e-01 -2.167237112349818806e-01 -7.211027819876690836e-01 0.000000000000000000e+00
-7.257581130377629974e-02 -1.037458649782989906e-01 2.906956446425459570e-02 0.000000000000000000e+00
-7.896139534555461637e-02 4.623610568298031631e-01 2.116859357563402044e-01 0.000000000000000000e+00
2.547983318589642554e+00 1.222538135564598782e+00 3.919745686381390093e-01 0.000000000000000000e+00
-1.752817929272623698e-01 -1.908869335742995110e+00 -9.723207612742968964e-01 0.000000000000000000e+00
4.989907714292370344e-01 9.985995780020108237e-01 -4.714407276240225597e-01 0.000000000000000000e+00
1.500406308917597298e-01 -9.555065109380603827e-01 -5.976482253629576968e-01 0.000000000000000000e+00
3.628508854330821931e-01 -2.376640339263685064e-01 -1.114226691925600810e-01 0.000000000000000000e+00
