-6.225321312976923593e+00 -8.776390621815919335e-01 2.263912976639222752e+00 0.000000000000000000e+00
1.089889269988950105e+01 5.786178592216213445e+00 -1.145601440162788442e+01 0.000000000000000000e+00
3.041897933746639637e+00 1.939177684751990149e+00 -1.220584866009339464e+00 0.000000000000000000e+00
-8.460130746636659316e-01 9.778495639476435519e-01 2.556549593005815191e-01 0.000000000000000000e+00
1.135306811034866747e+01 2.593600747761535708e+00 -6.813632449540585334e+00 0.000000000000000000e+00
6.823596767632516880e+00 3.618970097235343353e+00 -3.257356245740315792e+00 0.000000000000000000e+00
-4.345228954918746389e+00 -3.330982525899238489e+00 2.152122365456333952e+00 0.000000000000000000e+00
-2.343036963874145062e+00 2.602379411066001680e+00 3.359228818360472602e+00 0.000000000000000000e+00
1.932359156954001955e+00 1.213100495742326812e+00 9.944170549548770888e-01 0.000000000000000000e+00
-2.819668584886516616e+00 6.703385144887941571e+00 6.383161011872957147e+00 0.000000000000000000e+00
9.331809631051015685e+00 -2.800201912334472354e-01 1.597281244004532252e-01 0.000000000000000000e+00
-2.677880356435307529e+00 -2.302877249775751700e+00 -3.323848403294450971e-01 0.000000000000000000e+00
3.538208388703159901e+00 -2.913265614288334859e+00 -2.309428955345398382e+00 0.000000000000000000e+00
9.031443896347619571e+00 6.517215830842224555e-01 1.612564597282956314e+00 0.000000000000000000e+00
7.609351157943974320e-01 1.105208110818337863e-01 -3.983033092922280360e+00 0.000000000000000000e+00
8.180005859637597965e+00 5.913583219273292002e+00 -3.217836601777818828e+00 0.000000000000000000e+00
-7.566692293015701232e+00 -1.289105239130360347e-01 -8.528681053689260994e-01 0.000000000000000000e+00
-3.803324831197461897e+00 -5.355892451983381264e+00 2.381095468887028499e+00 0.000000000000000000e+00
1.602389751819724983e+00 1.591400701447703847e-01 -1.013956430308804668e+00 0.000000000000000000e+00
1.234749334794766007e+00 6.268725457669342971e-01 -6.453417779371675156e-01 0.000000000000000000e+00
3.575539454384761395e+00 2.326770731208360199e-01 3.374526379908899809e+00 0.000000000000000000e+00
-3.168675436525867806e+00 -3.941787356915881224e-01 -3.193090071268957608e+00 0.000000000000000000e+00
7.618772526525130484e-01 -2.604529024739575593e+00 -2.220491022708089623e+00 0.000000000000000000e+00
7.363180321981458443e-01 -2.556853145704870656e+00 5.753259233104850878e+00 0.000000000000000000e+00
5.102212200996263824e+00 1.727190314418736383e+00 4.391985528544322115e-01 0.000000000000000000e+00
2.148864485847253647e+00 -2.702968582289243749e+00 -2.389761975842354946e+00 0.000000000000000000e+00
-1.128248898081622187e+01 -4.033227744960477423e+00 6.251860430283490366e+00 0.000000000000000000e+00
-3.314624247120805389e-01 -3.258532015044151436e-02 3.734838161532069822e+00 0.000000000000000000e+00
-3.565338848024743434e+00 -1.106898372207238967e+00 2.109194662790027319e+00 0.000000000000000000e+00
-2.171814348995291244e+00 2.098674860125082642e+00 1.882999000857812133e+00 0.000000000000000000e+00
-9.376486386389480288e+00 -8.292642882759793110e-01 5.249726829299510733e+00 0.000000000000000000e+00
1.598044443415570504e+00 -3.217006818011370672e+00 -3.568801903098922090e-01 0.000000000000000000e+00
3.799550259788143869e+00 -2.008186350601928460e-01 -9.769448828541024143e-01 0.000000000000000000e+00
-2.905017368218787976e-01 1.223325488249252135e+00 4.859924791337327243e-01 0.000000000000000000e+00
-2.152917946773501345e+00 3.067385651896781251e-01 -5.387684196957062133e-01 0.000000000000000000e+00
-3.035705294529768672e+00 2.762985515868162434e+00 4.688318729804043627e+00 0.000000000000000000e+00
-3.717005123201072792e+00 2.904266711610894003e+00 -4.469443656738156356e+00 0.000000000000000000e+00
-3.692001143252380935e+00 3.208358819467796996e-01 -7.203635888795528741e-01 0.000000000000000000e+00
-7.155785179066339374e+00 -2.515835733695609422e-01 6.578464406472949833e+00 0.000000000000000000e+00
-1.267946576979704476e+00 -1.574303338185962797e+00 6.645197548061134059e-03 0.000000000000000000e+00
-1.224694628317129386e+00 9.339558234932162639e-01 1.729739765448358169e+00 0.000000000000000000e+00
-1.034192930148570966e+01 -4.452799331526926530e+00 5.084669817581740636e-01 0.000000000000000000e+00
4.203228944658218835e-02 7.994468997748227501e-01 -2.314720633228629865e+00 0.000000000000000000e+00
-4.760554289963181418e+00 -1.775856027567346063e+00 1.586345871348178727e-01 0.000000000000000000e+00
-2.317224307042651699e+00 9.141534360915633955e-03 1.889791675983571728e-01 0.000000000000000000e+00
-6.456369820818775196e+00 -4.471728460636015257e+00 8.199195741759314870e+00 0.000000000000000000e+00
-1.012656575280255211e+00 2.977272293704145589e+00 -5.099397025962259633e+00 0.000000000000000000e+00
1.454363730992240145e+00 -1.994602439504977287e+00 5.272582987034972746e+00 0.000000000000000000e+00
1.855251695631561004e+00 -1.923765042901660838e+00 -2.288901966495086260e+00 0.000000000000000000e+00
6.017126765735694605e+00 3.435587509877590318e+00 1.355568569520870348e+00 0.000000000000000000e+00
-2.953632372493979918e+00 -7.544146820945020870e+00 -3.736720334788408593e+00 0.000000000000000000e+00
-5.634419602459500354e+00 -3.795311101576326340e+00 -4.174483680167590194e+00 0.000000000000000000e+00
-6.521938899281594093e-01 1.021935309552377685e-01 -4.920515250117881045e+00 0.000000000000000000e+00
-1.707096674241759482e+00 -3.739031432223077545e+00 -2.555223106544565859e+00 0.000000000000000000e+00
-1.525105326041653386e+00 1.097882997786262305e+00 3.027609908803587935e+00 0.000000000000000000e+00
2.779056841497044572e-01 -9.991681543322582515e-01 -5.091559882668187376e-01 0.000000000000000000e+00
