-5.145444455463327849e+00 -6.615342076992407172e+00 4.078221410109924783e+00 0.000000000000000000e+00
8.454069523930085595e+00 2.806853886715731772e+00 -1.153951609841366022e+01 0.000000000000000000e+00
-2.520624867931450019e+00 8.676843618735805563e-01 -3.504589581000612686e+00 0.000000000000000000e+00
7.023831530116949606e-01 3.028050032586818041e+00 -1.419189201716320181e-01 0.000000000000000000e+00
9.779899050072557998e+00 7.609629258136255459e+00 -1.099412633573929732e+01 0.000000000000000000e+00
-5.427592751969346097e+00 -7.071463106806497478e+00 -4.400180950217190023e+00 0.000000000000000000e+00
-4.010459870979482311e+00 -1.585527737711127871e+00 4.446214488398242182e+00 0.000000000000000000e+00
-8.120289356760181931e+00 1.851094330764701423e+00 9.241357171110397006e-01 0.000000000000000000e+00
-2.482093978601420670e+00 4.886409668977165666e+00 -2.340938025219551744e+00 0.000000000000000000e+00
-1.603240334753613272e+00 5.690440924261763733e-01 -3.211215490871105249e+00 0.000000000000000000e+00
8.082299247296665712e+00 8.639419771556751115e+00 -6.907427894791164036e+00 0.000000000000000000e+00
-5.154337338452028128e+00 -1.257825682084187324e+00 6.294639049358202065e+00 0.000000000000000000e+00
-1.062987149100390383e+00 -5.492369422244773869e-01 -2.367660571375998391e+00 0.000000000000000000e+00
3.729916874917663439e+00 4.965121862387036900e-01 -8.910625860717141578e+00 0.000000000000000000e+00
-2.324162106908900238e+00 -7.615014809795352113e-02 2.058173730334753149e+00 0.000000000000000000e+00
5.819083274199864597e+00 4.207692374190825646e+00 -8.708528790125438235e+00 0.000000000000000000e+00
4.631489092146643394e+00 -8.089860063100227094e-01 9.094977295468399392e-01 0.000000000000000000e+00
-1.398556095698185953e+00 -5.463984491060393189e+00 4.332482215303882001e+00 0.000000000000000000e+00
-1.275480603180211281e+00 -2.096571126396387375e-01 2.173078960922703862e-01 0.000000000000000000e+00
1.761060598974395930e+00 -1.460143149769824511e+00 -1.444831931384624291e+00 0.000000000000000000e+00
1.373737358088386262e+00 8.736488047286888659e+00 -3.218774920842559339e+00 0.000000000000000000e+00
1.024996925698089756e+00 -4.400743438969445087e+00 4.500937266113274937e+00 0.000000000000000000e+00
1.093368458609573546e+00 -3.244892243003450805e+00 -2.961312949980737574e+00 0.000000000000000000e+00
1.577611225040344012e+00 1.929778263173409947e+00 -6.498653877643588928e+00 0.000000000000000000e+00
4.419719856030184246e+00 3.393927928218901435e+00 -3.682657292388904047e+00 0.000000000000000000e+00
-1.679443672178116520e+00 1.727146561893573573e-01 2.083105185480175869e+00 0.000000000000000000e+00
-1.368251743428736678e+00 -7.030019828734733522e+00 6.524321918287202315e+00 0.000000000000000000e+00
-3.320503275496530460e+00 1.613507356225500344e-01 7.421683446177986809e+00 0.000000000000000000e+00
-3.500507941229544784e+00 -4.969941483536201687e+00 3.043802164042992420e-01 0.000000000000000000e+00
6.188432736616130692e-01 1.175244231549575691e+00 -1.591290635542382814e+00 0.000000000000000000e+00
1.507756602286709935e+00 3.156681834352577543e+00 7.772386677221144957e+00 0.000000000000000000e+00
2.939829960680113263e+00 -6.708599047132760562e-01 3.176145763624712792e+00 0.000000000000000000e+00
-2.424117378476207119e+00 -2.769362980722234635e+00 -2.456304444389363351e+00 0.000000000000000000e+00
-8.240993037678211453e-01 -1.374413359340512342e+00 4.110283330500723586e-01 0.000000000000000000e+00
-1.152962550183505464e+00 1.611176040376763874e-01 1.265438914038340856e+00 0.000000000000000000e+00
-2.653891483362635917e+00 8.367129904935511675e+00 -1.211058361961490304e+00 0.000000000000000000e+00
4.942703136706938949e+00 -5.587013306601528839e+00 2.026025335934512839e+00 0.000000000000000000e+00
2.558934185195129274e+00 -4.398662616824857707e+00 -2.137522226017793514e+00 0.000000000000000000e+00
-5.534501570501284551e-01 9.573768716685862046e-01 -1.463205757417475716e+00 0.000000000000000000e+00
-3.412743597792611272e-01 -5.458668817127682038e-01 7.489543968158536291e-01 0.000000000000000000e+00
2.465189709033075438e+00 2.076119797113358256e+00 -4.664426123064952523e-01 0.000000000000000000e+00
2.163073737105111860e+00 -8.785332103698669570e+00 8.517145441646087889e+00 0.000000000000000000e+00
-3.439524891117710315e+00 3.489771759890853087e+00 4.078943444737989310e+00 0.000000000000000000e+00
-1.728328716127094378e-01 -6.521281836985624025e+00 2.240528790718089081e+00 0.000000000000000000e+00
1.300825575015912339e+00 -1.495083021144243629e+00 -2.116545847143395331e+00 0.000000000000000000e+00
2.644639391249158145e+00 5.846269470021988823e+00 1.247420409764776306e+00 0.000000000000000000e+00
4.173540646907511587e+00 -2.738610814947985972e+00 4.238778242787250683e+00 0.000000000000000000e+00
-4.178413619095352471e-01 5.570954520869891846e-01 -6.071615339767131303e+00 0.000000000000000000e+00
-6.500865780474780475e-01 -8.602093262801659979e-01 1.264376684072103796e+00 0.000000000000000000e+00
3.390661354481619760e+00 3.124097038827860384e+00 -6.304588081526196319e+00 0.000000000000000000e+00
-3.093728138111388581e+00 9.746082410788066142e+00 3.323276747612548654e+00 0.000000000000000000e+00
6.599540282063838248e+00 1.528150858411249757e+00 -1.612103640122823922e+00 0.000000000000000000e+00
5.208046456173441863e-01 2.321429688355856946e+00 -6.645987527635788261e-01 0.000000000000000000e+00
-4.957303105787748798e+00 9.089784112667796956e-01 2.066767010535347726e+00 0.000000000000000000e+00
-1.833463626420902770e+00 -1.521000392075627095e-01 1.476296095016297050e-01 0.000000000000000000e+00
3.626918393299442128e-02 2.796872913701053953e-01 1.609387088445427993e+00 0.000000000000000000e+00
