-4.878707354624855164e+00 -4.841444674941231874e+00 9.571825902666875052e+00 -1.505648864933575304e+00
-5.051580801122343423e-02 8.678653330444641156e-02 1.371054105790737720e-01 1.571115207842040951e-01
3.375834302729685543e-02 6.424178392065227339e-02 1.663964584204578046e-01 4.608385158005140481e-02
4.809622892312788167e+00 5.073968026669267495e+00 -8.120835059939021505e+01 -1.156671101698913162e+01
3.097708143274657822e-02 -3.040791565677147812e-02 -9.088383135974376081e-03 -2.934684896531342124e-02
1.433153762672967346e-02 3.389005529908303838e-02 6.748256357493970237e-02 1.546685222925744951e-02
6.753334991434756240e-01 -2.410982833566706063e-01 -1.741583281461572597e+00 -8.755618751269249600e-01
-1.103168050425913371e-01 -2.921308444895975853e-01 -1.768907675540633662e+00 -1.823087327372716615e-01
-2.562835924274478594e-02 -1.342416209830854523e-02 9.969533483572995403e-02 5.672954829381487984e-02
-1.655564290571867048e+00 -2.651459098403671888e+00 2.383381713591269886e+02 3.615840993948630455e+01
-1.572981816033064639e+00 6.030017749897353951e-01 1.332436225993322410e+01 2.385950802750084421e+00
1.596507972397782638e-01 5.728898839931977349e-01 6.808530874865541094e+00 3.162118371446585030e-01
-1.383382991874789747e-01 1.808730720595050911e-01 3.358716926851705864e-01 7.999933106692931339e-01
1.017107520803272047e-01 8.021951643912550445e-02 -5.006383920709254198e-01 -2.557085741462559181e-01
-7.362070380043261864e-02 -1.334366594877887113e-01 -6.573051874359228108e-01 -1.109605220868346009e-01
2.679223509013239912e-02 7.805828173611514820e-02 -1.553296206535936808e-02 -1.289291904563059643e-01
2.750983651805816166e-03 1.975642327971885437e-02 -5.565303770224494517e-02 -1.302966547987383095e-02
4.288443351618875798e-03 8.010159005184758207e-03 3.802578698838363080e-02 5.358328939718548511e-03
-3.892221453909522344e-03 -1.374270690919549009e-02 -1.647373953254480106e-02 -2.698532371154784004e-03
-8.277958847175241885e-01 3.783935472479136308e-01 -3.083201100039900666e+02 -4.292622195339247071e+01
1.640019650049863387e+00 -5.946888995453782911e-01 -4.019084446295096313e+01 -1.529672222738835075e+00
-9.693491517970009852e-02 -5.173046983067823845e-01 -1.100112336500116683e+01 -1.460756846282933452e-01
2.232824397430746011e-01 -2.573448338232759980e-01 -2.909545554661683298e-01 -3.482626519902089157e+00
1.263034557278279735e-01 1.705567155347327279e-01 2.183228479532576927e+00 2.366309188973194644e-01
-1.258529535686858658e-01 -1.266446897347055511e-01 -3.597914139430216096e-01 1.500776221276738376e-01
-1.940738580660572588e-03 -1.210902204547333050e-01 -2.133253419026761577e-01 8.883288603515757664e-01
-5.534884925522787213e-03 -5.310379612273885552e-02 9.404263863945487856e-01 2.257059579067943744e-01
-1.373188317956119953e-02 -1.656791984165550957e-02 -9.286470548065572927e-02 2.137248531330904200e-05
1.380879574729743098e-02 3.503939067152672671e-02 2.598432911164176851e-01 1.011875694574632112e-02
1.248019687207957418e-02 -8.200907774652765880e-03 2.531778483454477646e-02 -1.951406265976227128e-02
2.149671576254341687e-03 -1.672982618795365584e-03 -4.542805520571699396e-02 -2.172532489622361340e-02
-4.042856890004414838e-03 -2.804676557973673212e-03 -3.595114190972742430e-02 -2.938790560564202847e-03
-3.617427905367939789e-04 -1.466577275417435544e-03 -2.726538312732051939e-02 -2.698163352700913564e-03
5.599633478897102223e-04 2.024284846988640141e-03 2.111860342435496751e-03 -2.174012588434665050e-04
6.102048784361695510e-01 1.119956918844451366e-01 1.390546549751085763e+02 1.893826765920488242e+01
-6.416640601762300111e-01 2.012786318530608298e-01 4.161092096083376646e+01 -1.243650230202291596e+00
1.760024334601872908e-02 1.758080811408022637e-01 7.511649529413922721e+00 -1.376028026754951838e-01
-1.170018639810596062e-01 1.134548708689782082e-01 -1.182984067706065900e+00 4.322082640058859226e+00
5.659031412783410708e-02 6.037016957350527235e-02 2.218835562315627286e+00 3.620580576160294939e-01
-6.794764622948923360e-02 -7.103176000363281561e-02 -2.135620543566229657e+00 -1.529737078812534179e-01
-1.820245659605207456e-02 6.367218369606778006e-02 9.579541345301976207e-01 -1.332909086799435094e+00
2.633116448498951101e-03 3.170632910048071240e-02 -2.327423199983324587e+00 -4.869067576265395658e-01
1.518163424916862958e-02 8.984829603202237891e-03 -3.392862968116361344e-03 -2.827620878809522509e-02
-1.193872562208908583e-02 -2.135289189435918278e-02 -6.307568542273473966e-01 -1.681676185555908143e-02
-2.132213501351426510e-03 1.300933149863105903e-02 -2.063242952984709611e-01 8.705112714890639314e-02
-7.446258865292459950e-03 2.563986528736961201e-03 2.322790702996411216e-01 8.311612577704163840e-02
2.531422039161609905e-03 3.434015790939520807e-03 1.345106437672136668e-01 1.491860780774267869e-02
1.268858648716106319e-03 2.157439661698151712e-03 1.618027711623200582e-01 8.631457584638610459e-03
-1.244706269328835213e-03 -2.545055761677947337e-03 -2.087576872233642966e-02 2.561675410635622097e-03
5.065632517109092126e-03 -6.187832999119943778e-03 2.765280480558080997e-02 1.062905662108164923e-02
-8.033502074889092848e-04 2.431522819653725298e-03 -1.007531954397156149e-02 -6.460611700066856700e-04
-3.457318919089170245e-03 -1.719839370150424984e-04 -2.980655012310545748e-02 -2.905344902107614979e-03
2.693452076410057794e-04 7.578236972622109935e-04 -1.344286745875023295e-02 -5.172817087338021924e-04
-1.810292558446138095e-04 -3.008734783599142926e-04 -1.473819664439691979e-03 -1.418719781979618788e-03
1.522047113144894825e-04 -4.363280554422373225e-04 -1.937769661713698369e-03 1.104177878693411025e-03
1.434953243836303072e+00 1.414784893967154122e+00 5.178754041113987627e-01 1.175242825410622416e+00
2.418200461943430138e-04 5.183632929306513986e-04 3.946756477753709039e-03 5.429983737356836168e-04
