6.839456683988850982e-02 1.192573013032479867e+00 1.617490336828085740e+00 0.000000000000000000e+00
-5.430243989426469575e+00 -8.022315044520269112e+00 -7.535336014949512773e+00 0.000000000000000000e+00
-3.306326728012231264e+00 -3.063310162046119167e+00 -1.879103200636283777e+00 0.000000000000000000e+00
-5.644695739194356410e-01 1.968934638766943079e+00 -9.404997379414945513e-01 0.000000000000000000e+00
-4.366213717558205865e+00 -7.476159402613197003e+00 -6.289514225802614433e+00 0.000000000000000000e+00
-1.208580794461228569e+00 -4.210650638347589236e+00 -6.797365619885236576e+00 0.000000000000000000e+00
2.832419147171194140e+00 3.251612183445117044e+00 3.446892492897564608e+00 0.000000000000000000e+00
4.675520592477225179e+00 9.864448318756451339e-01 -1.749512575819825999e+00 0.000000000000000000e+00
8.788656517123851764e-01 -3.711030748175247584e+00 5.370281289877104625e-01 0.000000000000000000e+00
2.043920623273749460e+00 -1.888214347534242776e+00 -8.213223198338450715e-01 0.000000000000000000e+00
-2.572591676870718658e+00 -6.169545336371468736e+00 -5.074894116968827973e+00 0.000000000000000000e+00
2.851690825758910197e+00 5.731137141381749345e+00 3.384537558325749540e+00 0.000000000000000000e+00
1.043865363204687702e+00 -5.993850805079338206e-01 -1.960866880748771468e+00 0.000000000000000000e+00
-3.681888298971379481e+00 -5.526352434620928733e+00 -4.587675586756504664e+00 0.000000000000000000e+00
-1.582327448244013890e-01 2.594505931467494086e+00 -3.378080416041314926e+00 0.000000000000000000e+00
-1.654876768811518878e-02 -6.202129143400314071e+00 -5.253824778530092665e+00 0.000000000000000000e+00
-2.860998049940187415e-02 9.453956082720196274e-01 4.432535171266565932e+00 0.000000000000000000e+00
2.121680984454116903e+00 3.202176472895493120e+00 1.892681892933137933e+00 0.000000000000000000e+00
-1.734432869774385377e+00 5.880925901269783151e-02 -5.418018535367181698e-01 0.000000000000000000e+00
6.432080747573962198e-02 -2.994552882600396426e+00 4.828487194012860972e-01 0.000000000000000000e+00
9.330510000477465482e-01 -3.957766211157072611e+00 -2.541122188476084620e+00 0.000000000000000000e+00
-1.971813073124184523e+00 5.270053658454484591e+00 4.053533716236299433e+00 0.000000000000000000e+00
9.500871526821870194e-01 8.190546222522184783e-01 -1.593214248034227731e+00 0.000000000000000000e+00
-1.656508137973794259e+00 4.206111864915104137e-01 1.930610712606227297e+00 0.000000000000000000e+00
6.276193739666230398e-01 -3.608501267886575548e+00 -4.025213168274707876e+00 0.000000000000000000e+00
4.029185366375653832e-02 2.405256285651976578e-01 -2.822339232783577234e+00 0.000000000000000000e+00
4.898004075102305954e+00 6.664913867489033805e+00 6.214328590947876485e+00 0.000000000000000000e+00
-6.836275739968851184e-01 -5.034059764236031853e+00 3.338873524458157993e-01 0.000000000000000000e+00
1.045809810360837311e+00 4.461067091829963971e+00 3.360550660268251111e+00 0.000000000000000000e+00
8.481111434856276610e-01 -1.215187471586453682e+00 1.381628954334861437e+00 0.000000000000000000e+00
5.412235588233618166e+00 7.657119814231756472e+00 5.740667820244335751e+00 0.000000000000000000e+00
-1.030850877584390535e+00 3.945624251102970437e+00 7.385783663709116986e+00 0.000000000000000000e+00
-2.515258297908884888e+00 -5.008482087996004140e+00 1.106764437284990077e+00 0.000000000000000000e+00
-7.593176073625176326e-01 -1.421222209315027296e+00 -1.506288505796111732e-01 0.000000000000000000e+00
-4.449663537439101368e-01 1.653092478223526340e+00 4.394719025223858822e-01 0.000000000000000000e+00
3.299204082508318425e+00 -2.403671365761710366e+00 -3.003777148506846517e-01 0.000000000000000000e+00
-4.360346472184016164e+00 3.522300791147174870e+00 3.100409598988505433e+00 0.000000000000000000e+00
3.294514591340655385e-01 1.371044335194226305e+00 1.644681231626138884e-01 0.000000000000000000e+00
1.412372849204781344e+00 4.845636046033056310e+00 5.944214396956466473e+00 0.000000000000000000e+00
-2.245928425205633017e-01 -6.749805935380293054e-01 -8.941215271673493836e-01 0.000000000000000000e+00
2.684455922001233841e+00 2.971609970163245684e+00 5.803721508615736768e-01 0.000000000000000000e+00
1.450177594611550491e+00 6.319405604361923778e+00 5.772600896520952318e+00 0.000000000000000000e+00
-5.175094218641322463e+00 -4.398267176070879358e+00 -1.133373016469162886e+00 0.000000000000000000e+00
-1.327087875502934278e+00 6.175510040509252896e+00 4.025894553640887885e+00 0.000000000000000000e+00
8.414560767870952196e-01 1.046758340104154028e+00 -3.456286614915977662e-01 0.000000000000000000e+00
3.654806789622476071e+00 6.836229596270314346e+00 6.466595223439111528e+00 0.000000000000000000e+00
3.499425120897180719e+00 -1.024620861088688661e+00 3.107434299349157047e+00 0.000000000000000000e+00
-1.054866037485338692e+00 -1.560649755222817125e+00 3.288791672895965967e-01 0.000000000000000000e+00
-1.468158615565284153e+00 1.396148985894164474e+00 -6.764126528734324406e-01 0.000000000000000000e+00
-7.406350749966750247e-01 -5.360734845344127031e+00 -4.229383325617530609e+00 0.000000000000000000e+00
1.323567755019939618e+00 3.241497250672278341e+00 1.680990738357601044e+00 0.000000000000000000e+00
1.443497509821283442e+00 3.748656314965428393e+00 -1.080751439588632179e+00 0.000000000000000000e+00
1.988622224742795597e+00 3.911047792686485280e+00 2.064825784777788886e+00 0.000000000000000000e+00
-2.424745956600939500e+00 2.111400181965902068e+00 1.125037001528098379e+00 0.000000000000000000e+00
1.176207837049985550e+00 -4.574930708825489245e-01 -1.784752141952265392e+00 0.000000000000000000e+00
-1.610368848635877759e-03 1.449446331745912087e+00 -3.036949733117182415e-01 0.000000000000000000e+00
