9.561873062856171002e-01 -5.264959262398768436e-01 -6.718943607897851500e+00 8.669160674292690771e+00
1.685598262118779833e-01 5.048314086603270523e-01 8.350190763290474827e-01 1.291920989042594226e+00
5.879486266459719307e-02 3.509375681792710200e-01 8.250248944841372944e-01 7.228627651345990168e-01
-1.020997387478307594e+00 4.445682327854891369e+00 3.898008729759972368e+01 -3.391237469250280157e+01
3.866205661511958047e-02 1.271758908764589746e-01 -9.304023635660072511e-01 9.916783547908956109e-01
1.442762674899733533e-03 2.107758742713599920e-01 5.863678024353967677e-01 7.516726900233603459e-01
8.084771955672498400e-01 -5.758455796997963283e-03 -4.438030926612961835e+00 -1.214871866361030506e+01
-7.847693985169088005e-02 -2.226791219260958243e+00 -7.347870125725027179e+00 -1.140555647116112681e+01
-1.276862092833469520e-01 4.037662394473042204e-01 1.227135748346323885e+00 3.079253364833007378e+00
-5.800697639267589079e-01 -8.377660492160783789e+00 -8.196668069827217096e+01 4.771776282441777539e+01
-1.853405094740282699e+00 -5.517086638202368221e+00 6.323452733566168327e-01 5.568289550665436138e+01
5.844324924848065539e-02 5.549429510291034262e+00 2.096174990090830192e+01 5.158918294382838354e+01
3.293243528291315836e-01 2.455580465225066789e+00 2.018824270668173071e+01 -1.832734758021541399e+00
5.883500861376245172e-01 -1.174717563550214727e+00 -4.246400584585992455e+00 -1.936639198096669645e+01
-2.257488172095378776e-02 -1.124070220489872707e+00 -4.031119332605097583e+00 -5.411864850526644233e+00
1.300587802181161490e-01 -6.772594665500770716e-01 -6.047645858065392455e-01 -1.073102545726750234e+00
-5.648087208138484472e-02 1.129424812319393401e-02 -3.800020698495543137e-02 -1.738439252526001177e-01
-5.543767568067191343e-02 -6.839648318807163563e-02 -2.029013028365157512e-01 8.382763632880662064e-01
1.258075644672453086e-02 2.380965792684489046e-02 1.477838048543422267e-01 3.888889658345929257e-01
1.618721208886221730e+00 3.326098100924964385e+00 5.384129458633674403e+01 1.461048509559923048e+00
1.551575550950528903e+00 1.754860663087913508e+01 7.401036668317625811e+01 -1.046273529048565223e+02
-8.913491143271556894e-02 -5.285961229596944477e+00 -1.904637121109204045e+01 -8.549943710746477166e+01
-6.110765827579236475e-01 -1.248207754316970330e+01 -8.749959272648654007e+01 -3.572459030095808785e+00
5.661414608026504869e-02 1.528869716587524241e+00 4.796774938913805464e+00 1.445603975830568899e+01
-7.746055867493885083e-01 -6.145588225707381280e-01 -3.559974217826291198e+00 2.568124443860973471e+01
-1.813933783318610604e-01 4.418211514720703725e+00 6.374360202707751277e+00 5.998707749612335327e+00
2.001721707566862518e-01 1.162897908898163912e+00 4.328357278729436430e+00 1.346498477349430267e+01
1.409454500960567735e-01 7.213954666976041263e-01 3.182828648231391888e+00 -3.037482351719817508e+00
-3.190211916217031152e-02 -3.052881144274233183e-02 3.846873287188046220e-02 -9.870014716329236215e-01
1.139337058969891736e-01 -2.664207837859319250e-01 -1.463419323603200595e-01 4.078763541179564189e-02
-6.225681616956902503e-03 -2.298138590363250633e-01 -1.063381830980539844e+00 -1.658228846674416612e+00
-1.031830610120679226e-02 -6.844524013170241727e-02 -9.111719700706980563e-01 -1.046643563257069864e+00
-6.392465721791890099e-05 -4.963958548628785022e-02 -3.014942445443874464e-01 -2.699825898945886204e-01
-5.342816464155275211e-03 -9.118956038465356878e-03 4.475137709800974806e-02 -9.475129042539595647e-02
-7.311683701417580616e-01 2.469298690336203084e+00 2.172380927881537005e+01 -2.172944514598457033e+01
-4.694562238470889604e-01 -1.657264011111590918e+01 -1.328120010879466690e+02 5.390910428546813193e+01
5.779496994567812074e-02 9.460937787676666488e-01 3.292310405504511372e+00 3.613406230859525436e+01
2.892018651756887992e-01 1.526169921983477096e+01 1.128394198457850734e+02 7.184593073178905165e+00
3.224554535376349396e-01 3.092484618066166924e+00 1.077003449530264234e+01 1.740849198323505220e+01
-3.800699246948530119e-02 -3.754229790673475620e-01 1.918040607901973615e+00 -1.331022212876278132e+01
9.524929886232830212e-02 -6.799663639528427339e+00 -1.390523705278538635e+01 -6.621854473512787109e-01
-1.246392341167913975e-01 -2.564684140462258455e+00 -9.499516212524497405e+00 -3.242600307501987089e+01
-8.608652032006250399e-02 -1.085277678857202943e+00 -9.556204401215294908e+00 3.232376487404526433e+00
2.031406161093832208e-02 -2.403896162997842811e-02 -1.030637524548097428e+00 1.767305925537099753e+00
6.221839580435387096e-03 1.244653217889819974e+00 -3.203302863954349267e-01 -2.547953073790328204e+00
6.888051291429844736e-03 7.133172751455186811e-01 3.902847954379689899e+00 4.066014834173500958e+00
1.227262240560167417e-02 2.671885755734704215e-01 4.299593508734078640e+00 2.095055812491487313e+00
-1.809917747197884591e-03 1.205156788031034182e-01 1.375972264414050628e+00 3.688503943491439618e-01
7.357710896186838226e-03 4.060195337291280793e-02 3.046499434445640309e-03 4.306803493516916936e-02
4.937557587945387572e-02 7.283411198269451603e-02 -3.896892272424759551e-02 2.190401944674517654e-01
-1.754120706096472596e-02 -6.562066361143420457e-02 -4.459564959148079599e-01 -3.514795586925082427e-01
-2.543214290479056412e-03 -8.497121843176227984e-02 -1.904498646507941095e-01 -3.752741798976014231e-02
-2.142646799189266635e-03 -2.645784042921804635e-02 -1.331709537798806409e-01 -3.276082668014197452e-01
-7.676451899536968285e-05 -2.189852707134339743e-02 3.157373152075785422e-02 -1.281309754619278651e-01
-3.990851888958316801e-04 -3.956973325076069276e-03 -7.451027949125064997e-02 -1.718729845136603984e-01
-2.675603409538998001e-01 -1.238378681571333934e-01 1.906700474462929285e-01 -8.987999033906388657e-01
1.684573228487268141e-03 6.270718904536228683e-03 3.946559399101972482e-02 3.614924771447381585e-02
