-5.637382791524734316e-01 6.879783611637076746e+00 -4.894623751851650439e+00 4.096826579682923963e+00
9.601291889992432660e-01 -1.439766493663905134e-01 -1.441926105911941258e+00 5.834726461821497789e-01
-7.717199072389303582e-01 7.543108718479675512e-02 -1.167061561307553008e+00 5.058731171720662889e-01
1.139654909972806429e+01 -2.144379259895167422e+01 2.127094963808310979e+01 -1.594607613646534183e+01
1.788688394353319389e-01 -1.004339773738838065e-01 -1.944019710375449961e+00 -6.421082087849818709e-01
-1.083793487204843808e+00 -7.628493388672041853e-02 -1.209856337758812295e+00 1.634138493624460731e-01
-3.610629766001237861e+00 1.071689346040586077e+00 1.784075397552869191e+01 -4.104229675351678708e+00
1.122899137716931151e+01 2.996538220030576238e-01 2.016156735311261983e+01 -3.412681273095522716e+00
-1.293258590369696925e+00 -4.310788139004504416e-01 -3.717635725727086005e+00 -1.661433904186804950e-02
-4.193361955434618693e+01 3.096400706865275154e+01 -1.717582470424934726e+01 2.798524820321853568e+01
1.861541569844030874e+01 6.038983631366598992e-01 -8.953284102665730870e+01 1.054613882897020005e+01
-3.989662473215867777e+01 -1.544971962871335203e+00 -8.869022719210332184e+01 7.876787709408602289e+00
-1.714637843197563782e+01 -1.059322508024655995e+00 1.576566335891893011e+01 1.309370941507766117e+00
6.862159219734285998e+00 2.028048306821040203e+00 1.999403884013909050e+01 -2.897361596161115438e-01
3.972187756579749873e+00 3.846604994790983056e-01 8.794166030057720462e+00 -3.086765655729179492e-01
-2.272337613141701684e+00 2.147681331694653306e-01 1.339303686229612378e+00 -1.052419115010052308e-01
1.333291627315444705e+00 -3.079220593955066532e-01 1.335139799940730398e+00 2.733241054361902345e-01
-4.098287340260309275e-01 1.852750318676626637e-02 -8.660764516156905790e-01 4.781139081056154927e-01
-3.066674500256673652e-01 1.255259112305686167e-02 -1.414209855055628406e-01 1.082689703421557958e-01
4.939208847204815811e+01 -2.177336288623463290e+01 -5.835040012287755928e+01 -2.337734214549799816e+01
-4.013406277845314918e+01 -3.473044505320957764e+00 2.067091281587526055e+02 -1.057139356457043711e+01
4.290961514765425733e+01 2.069820014202566671e+00 1.410491251760625744e+02 -7.771174938414771916e+00
4.653675946099758676e+01 3.621851844315904678e+00 -5.281433096326014720e+01 -8.912195580154662622e-01
-2.922115042518345085e+00 -6.224919571773914750e-01 -2.231449418258136674e+01 3.174459888051853196e-02
4.742682981175360801e+00 -2.973747419850419682e+00 -2.063128870403468440e+01 6.036312180922723258e-02
3.286788127198474463e+00 -1.961339560860818843e+00 -5.271617691498467373e+00 -1.338628445420709245e-01
-1.019032948274552730e+01 7.977305749720415839e-01 -1.466176190050780370e+01 -8.306381934095337094e-01
-3.936490938096921077e+00 1.319023283397477431e-02 3.058505750076678797e+00 -9.577761054600533175e-01
1.139015326088655744e+00 -2.564288799485590215e-02 -2.488298808326817046e-01 -1.552979659547952251e-01
3.847690056872318243e-01 -1.656954352227135024e-02 5.867384164045670591e-02 2.498204628655997794e-01
2.791998850295145385e-01 -7.722535725985354288e-03 1.012994480340472236e+00 2.261071630736514182e-01
1.887360657412309406e+00 -3.289808324708680398e-02 1.563266898912040626e+00 1.827344359704069499e-01
-2.083015851406991858e-01 1.010939193060459047e-02 6.469744012080484996e-01 8.745940907150810684e-02
1.363954400263419631e-01 1.119584938956665748e-03 1.191075386205109887e-01 4.926668521259532432e-03
-2.397230594765908052e+01 5.992257694992030537e+00 8.249790049301054751e+01 7.456029770535492318e+00
3.404129956902237097e+01 2.148144283851636249e+00 -1.713874681047858815e+02 3.728541664110698761e+00
-6.091204672529451081e+00 -8.963512354266542914e-01 -6.124204147293475842e+01 2.822747524701085808e+00
-2.742218866711127845e+01 -2.501888188924740852e+00 4.759690959638884777e+01 2.777688445965847963e-01
-2.874201702335210840e+01 1.426436701658888584e+00 -1.591009685480810987e+01 2.323361743262656043e-01
-2.392475226768629337e+00 3.195090261945594534e-01 1.925414945733821881e+01 1.042998166028332729e-01
-1.248586600164656879e+01 1.779454191619217918e+00 9.975686220420039163e+00 1.103405615185847621e-01
2.217863142784841202e+01 -4.703809145819810023e-01 1.704766838655939409e+01 5.349822673325674849e-01
9.678402624940467547e+00 -4.486734220110982080e-02 -3.644425113965186647e+00 4.098028218663815059e-01
-5.424589381470170668e-01 1.451601874622411581e-02 8.719945528240091726e-01 4.249726140195143886e-02
2.944920353396387469e+00 -3.161200478141598658e-01 4.545254055169446472e-01 -2.544326020753405748e-01
-2.000351378656011203e+00 -8.005607362385962211e-02 3.650612401010195462e+00 -1.283603983648232139e-01
-5.893986379963849664e+00 8.990540894510334891e-02 -2.750636132343504237e+00 -2.858181809810692586e-01
-7.492488210284498074e-02 -1.745683319246544435e-02 -2.040531436576928037e+00 -1.088623411165114269e-01
-2.832338665910534292e-01 -3.107331796910991692e-03 -2.762293482997768002e-01 -2.443409900636080156e-03
1.474116409933134753e+00 -5.172764877219200585e-02 -7.037642001554946791e-01 6.685008819771931510e-02
-4.966816687194706703e-01 1.506004237569617474e-02 -6.290746593035129175e-01 1.055842692500648383e-01
1.253892821500956378e+00 -3.588390523251519526e-02 1.410789413555932070e-01 -3.472406879715989048e-02
-9.289169812681066785e-02 1.414129666519964301e-02 5.140313386272032936e-01 -9.129228039964897359e-03
1.464270006446080352e-01 -4.159014423877522432e-03 7.722339442498285522e-02 4.761961675338077446e-03
1.678311810701714479e-02 -2.257566502411007675e-03 4.521557325504110131e-02 -4.001235647072282596e-03
3.391337761616439184e-01 -6.918903072787895292e-01 4.328467496122417324e-01 -2.785118582604008686e-01
4.975573381462309458e-02 5.329032084646093993e-03 6.862444091099523247e-02 2.691549556058246868e-03
