-1.661508697345522867e+00 -1.440844073787895496e+01 9.109172329729475770e-01 -1.143558351378666016e+00
1.921177009314356532e-01 6.537367358838993558e-01 -2.073836540188912503e-01 8.441061627031364312e-01
3.114041440961647089e-02 6.401048772384583252e-01 1.881068653344517699e-02 -1.592263447322302475e-02
6.128994637202435314e+00 8.429631479129992044e+01 -1.973861521642072958e+00 1.179555267589197065e+01
6.105774905577533440e-01 -2.652396553003494306e-01 5.655208753274058031e-01 1.943797971714605000e+00
-7.111040288962476585e-02 1.107043105676342121e+00 8.357187835533799736e-02 2.363019664647132423e-01
-1.546817326793960445e+00 -1.633506259694247120e+00 1.656985285192311697e+00 -7.524800744540071307e+00
7.594258272832929979e-01 -7.573526459818925360e+00 1.941707462681219742e-01 -2.740084816680050939e-02
6.217601182952876837e-02 2.377949077514326159e+00 2.465491410675668127e-01 9.656020591427121325e-01
-1.005155820917122611e+01 -1.906391506455445892e+02 1.535654770135688185e+00 -3.326376139932229847e+01
4.317938520116805456e+00 -2.054334448914793398e+01 -4.895830416938053098e+00 2.584027290273936828e+01
-3.283850716656086632e+00 2.798291995942910759e+01 -6.498039122208749685e-01 5.804470609933873870e-01
-5.013222281089346755e-01 1.588038035685023530e+01 1.712851060924020230e-01 -5.330639265639050883e+00
1.373117504682255685e+00 -8.841412008271236189e+00 1.499003343915837339e-01 -2.418762703963191818e+00
7.964347672344346263e-01 -6.105210381730350022e+00 -2.059904937597340502e-01 -9.219437717352041428e-01
2.686099016077308499e-01 4.537331228295636287e-01 3.826897564690265874e-01 -5.381993557970413677e-01
-1.298986791218862957e-01 -6.189510771309564285e-01 2.846403224634276863e-01 -2.516377235151323957e-02
3.808300459978954805e-02 -8.918801867225302216e-01 6.458425923830667104e-02 2.843059417558495561e-01
2.328708407528830640e-03 2.020080686800812542e-01 -8.024096269957297495e-03 2.045829211821122498e-02
7.973735110924795144e+00 1.586224449717036578e+02 3.872244557069892679e-01 3.940134177636470980e+01
-5.681275792199106611e+00 8.799647636795157268e+01 5.370974313470725292e+00 -3.761359827413823353e+01
4.179053817730603804e+00 -4.109644695983496376e+01 5.951129407112005776e-01 -1.623976550669869567e+00
9.314980480691830156e-01 -3.774135251816638714e+01 -7.387186247194140742e-01 9.169796760676286240e+00
-1.484918006578300087e+00 9.247209082435960070e+00 1.354268390496288221e-01 1.026936568363724822e+00
-3.104111555702872671e+00 1.652578952132132883e+01 -8.826786322054183120e-01 1.766713149289019569e+00
1.724205875273134569e-01 -1.067753098317573013e+01 1.451028329588761601e-01 5.788700841859051316e-01
1.522192066677509059e+00 1.936020927988479912e+00 -9.633018024810865998e-02 2.335207215499522260e+00
-5.326944289815543909e-02 6.461349778000327504e+00 -1.184931957683528353e-01 -1.402000075429969683e-01
-6.358156890869320899e-02 -1.744709185680056729e-01 -1.083268973690471385e-02 8.056868994883628621e-03
-5.670767292030394202e-01 -2.178269770278264406e-01 -6.240471834254897043e-01 -1.613891752148347791e+00
-4.345235856144097908e-01 -2.345923618128410215e+00 -1.376682300632348643e-01 -1.248047430533373303e+00
-1.087039533093545757e-02 -2.102164003365986300e+00 -2.285458863723982895e-02 -3.306230176023407519e-01
4.171413410392225268e-02 -7.059186613071258831e-01 -2.997431216763698711e-02 -6.937037923681571572e-02
-3.608702575861321565e-02 -3.391229311767458149e-02 -6.452330915475604223e-03 -2.512579044197341127e-02
-2.368584686043892162e+00 -2.804458550390544502e+01 -5.597022532222326596e-01 -1.684086862815967223e+01
2.477125082139297163e+00 -8.008622326462534602e+01 -2.126071562096296219e+00 1.906551493031800604e+01
-1.693607842546259068e+00 1.986271224395976276e+01 -1.812335581080874725e-01 1.206573907159244508e+00
-1.099220038928223619e+00 1.518428627156366240e+01 -1.243073915653169492e-01 -6.291585546185287647e+00
1.622285270863740081e+00 -6.210676872705223062e+00 4.528393918869411117e-01 -2.669300234313284892e-01
7.574482000261747450e-01 1.552699879343300671e+00 -1.790710238388538988e-02 -3.163250053991938371e-01
1.975497019277544231e-01 2.291481849947132332e+01 -4.376247086272437581e-02 4.565898764901563656e-01
-1.213798505953095797e+00 -7.157324705341852500e+00 5.664552120281667047e-02 -2.846492601892606000e+00
9.064988736294987692e-02 -1.366710985386787769e+01 7.917723309130286768e-02 -4.384428725578266017e-01
8.230186019800361796e-02 -1.363953501825329040e-01 2.238926676801036506e-02 -3.173999036017959019e-02
1.108912608486119500e-01 -3.461225164383745057e+00 2.877178465170723842e-01 3.687177824654731539e-01
7.034130558367328589e-01 3.533553706798626681e+00 2.505192443854626916e-01 2.009792648146966787e+00
-2.198322958623890461e-02 2.951315492362005077e+00 6.232509886644741620e-02 9.684381273066475782e-01
-7.311653439599608006e-02 4.795440030568115519e-01 3.297636276174121389e-02 1.530713431645223943e-01
4.330008761243355625e-02 -3.137146557088681398e-01 6.004280673774491789e-03 5.847725131133540283e-02
-3.882128930138085132e-01 4.073359455679715357e-01 -3.910443881771165087e-01 7.948908428611219934e-01
-2.106217768197398699e-01 1.122733254718564000e+00 -7.145701746312951852e-02 -6.667600342610327524e-02
-1.132145560066164826e-02 1.363783222591333333e+00 3.087131327851939510e-03 -3.442413165752470361e-01
2.319881921464823915e-02 5.350370604113680040e-01 -3.197391206400382411e-03 -1.625432727514188602e-01
-8.293365081620738405e-03 2.531573205536972182e-01 -3.753699339577674238e-03 -5.874001443649187748e-02
-6.686077055486608703e-03 -7.595536544017728042e-02 3.123904931096985367e-04 -3.709375022337899324e-03
8.147884580594849657e-02 5.479617174397636292e-01 -1.991267909546344528e-01 -2.074568218331669656e-01
7.818554137037241059e-03 6.797322181938096619e-02 2.829543755526458572e-03 9.199689244670032975e-03
