-2.653910897847279182e-01 9.682688143052960161e-02 -1.808991447390518037e-01 4.086597193554691865e-01
9.674700441979695587e-01 -1.801443713697791216e-01 -1.791138864323201796e-01 2.748146926026042713e-01
4.889569841741822631e-01 -3.235291401636572473e-02 -7.230741694851325341e-02 5.713967084958922193e-02
-1.161228492381864097e+00 -1.574611866162155538e+00 -2.858088637134101884e-01 -1.694281087101094485e+00
3.786423850853245510e-01 -1.944891866084779375e+00 -8.431877752321430552e-01 1.413168523534301002e+00
-3.373508043730821804e-03 -1.497290193724216956e-02 -3.015733686497206190e-01 -2.975179168144586050e-01
3.297962923593588114e-01 1.921484560143289055e+00 1.620385940984074402e+00 5.937806493010782116e-01
-1.048689106616748967e+00 -3.201623300836645147e-01 5.126368069324525045e-01 -3.680644683962075447e-01
9.302122167454047741e-01 -5.299475825050226074e-02 -9.286767973652663155e-01 -4.532045391839379933e-01
9.140447142938417091e-01 1.058596798029026731e+00 -8.992090982254882792e-03 1.093132703712916598e+00
-1.182682214073093707e+00 -1.763328812864449979e+00 -1.562599969466420546e+00 -1.127089423199990392e+00
5.806001516547981689e-01 2.020477756643727640e-01 -8.563362118535597922e-01 2.243702848114040582e-01
-4.507939328610394147e-01 2.426135459496222335e+00 1.207371213114462716e+00 -1.036179705264270945e+00
-1.199024135931557655e+00 -9.544556617288134648e-01 8.632509719756745747e-01 -2.623253043347998914e-01
4.778867492622684843e-03 -5.672642652353654391e-02 -3.532330825651650574e-01 1.800026123235847764e-01
-6.320993823375276044e-01 -6.334335593399207376e-01 3.802351429187891818e-02 2.272176136477946251e+00
-1.062427311125059282e-01 1.394122587992356666e+00 3.302390571859686874e-01 -1.129708914453043223e+00
1.785917058602004004e-01 1.302040601572751477e-02 4.991351685380330250e-01 -2.044946640417504291e-01
-4.171931973185910580e-02 3.443310448683761793e-02 5.784433035831033909e-02 3.345285960173831341e-02
-1.575233334074859770e-01 -1.386189182946083731e-01 -2.075685376337508062e-02 -1.778389515552855626e-01
3.895694233920133920e-01 2.563044005902719302e-01 8.112192349252632662e-01 3.565857945630930281e-01
-9.529635026890195815e-02 -2.116531907572892501e-02 3.425513284349948062e-01 -3.551708846853349894e-02
-2.501232699055607744e-01 -1.293437754716982857e+00 -1.269049798319399791e+00 -2.497572946978358077e-01
-3.381442648441979060e-03 3.812756822045600125e-02 5.131999589767213266e-01 -2.627361598055358988e-02
3.115840966670991863e-01 4.093758993921677303e-01 -3.155057650615330500e-01 1.380557497644341880e-01
-1.477514274665644445e-01 1.317095014961474631e+00 6.665752616936243546e-01 -1.152569312766492438e+00
-1.456735488179035365e-02 -1.376128288801877764e+00 -1.181573185547220683e+00 3.654381567397893549e-01
-5.983539090713690251e-02 -1.463597125672120858e-01 -1.657688709543393424e+00 1.015230790368459313e-01
1.447018106551607730e-02 -1.014845509969172777e-02 -1.990683331385169341e-01 -1.141987860273354152e-02
-2.869814682033142716e-01 1.705551683619843883e+00 4.233415445644273523e-01 6.085945644900569995e-01
-1.413595040184789375e-01 1.242431325366198713e+00 1.659656444758882632e+00 -1.159765648694474766e-01
1.098955476562762518e-01 2.973661609420402141e-01 1.555408430436144851e+00 5.852049189095476223e-02
-3.978668241382886384e-02 -2.617427468705160742e-02 5.002818526217860384e-01 1.802957306617478106e-02
4.221762558035052626e-03 5.909152088453155371e-03 3.744453923547066965e-02 1.222844845098444017e-02
6.480223438549144177e-01 5.362247658394123651e-01 4.915548521499438217e-01 3.324651221400747869e-01
4.409342841804126528e-03 5.587085888668999814e-03 7.930697559603798463e-02 3.651382078807881553e-03
