7.500584832100878785e+00 2.686978113662287893e+00 2.543798682897928654e-01 4.096469450857652106e+01
-1.258374816829869847e+00 -4.011267767574334675e-01 3.914024523918180343e-01 1.807210028105217692e+00
1.900156306553154595e-01 1.473406520229340877e-01 3.579488798655919291e-01 -1.766681720545061118e+00
-3.357517566537165976e+01 -2.285902019391978968e+01 -3.839363028047059867e+00 -2.399138177210626850e+02
-1.983607339759379862e+00 -1.195598666827075940e+00 -9.622578052694270578e-01 -4.066951723379280459e+00
-3.019789482735719677e-01 -4.141235969894206392e-01 2.503266945702806168e-02 -7.616207205417611092e-01
6.076095677189855770e+00 2.580033154065379808e+00 -7.319504932578144718e-01 -4.051157334220228279e+01
-7.832854361926652187e-01 1.731985318881045011e+00 -1.469857262731244951e+00 6.701266322731257219e+00
-3.115864366176380185e-01 -3.825858470271290557e+00 -2.608052690529291673e-01 2.856776093915731618e-01
6.365645450485832413e+01 5.955846208234868300e+01 9.588000468091161466e+00 4.576330861165425858e+02
-1.401959125431917208e+01 2.465500654754260168e-02 -5.696455742342152462e-01 1.839714582109905336e+02
2.228049436960001017e+00 -1.155327799124430399e+01 2.658390016502480524e+00 1.372381344290178973e+01
4.716940313615917368e+00 3.020601881674225275e-01 3.515078706583553370e+00 1.456746863919635082e+01
-6.243687412147895799e-01 2.382072066928882847e+01 1.063799214592105358e+00 -1.043001342653814589e+01
1.269627237797881669e+00 2.483075996531955099e+00 -1.251768037120992438e-01 9.181654025466178481e+00
3.454155526497615369e+00 -1.970864727248088921e-01 -9.275818199501538741e-01 1.772400776091189734e+00
1.531710513158409670e+00 -1.006054603153401672e+00 -2.579555335238797320e-01 4.712279638801577519e+00
2.092632674220933353e-01 -8.391154260186167724e-01 8.242067378378414855e-02 6.695898197394875018e-01
4.708163986247315691e-02 -2.366441405219240485e-02 -5.171653407832029446e-03 4.898875847186737187e-01
-5.446196877848934292e+01 -5.380892286208869280e+01 -9.137835327906936200e+00 -2.714966868072631314e+02
1.111255506322489772e+01 -1.813949182289260520e+01 -4.140383795835227421e-01 -4.035663749980732860e+02
-3.201213726995277842e+00 2.844812794663452493e+01 -2.374552628439847712e+00 -4.508934767604863225e+01
-1.167104932515772742e+00 2.558641500784566425e-01 -5.404932816829016495e+00 3.283039554428302154e+01
-1.720770944416966319e+00 -4.348230387962007448e+00 2.419652963169811877e-01 -1.605284276528277942e+01
2.528709987133688664e+00 -5.012250213706142432e+01 -1.571515579136625096e+00 2.834753248866080355e+01
-6.636785479257688358e+00 5.276071257307242135e+00 2.186333796817663266e+00 8.573159600881243847e+00
-2.298522808429234843e+00 9.821794466527512535e-01 8.239560410568153026e-01 -1.307437928356330126e+01
-5.267727117808670423e-01 3.448304154965396329e+00 -5.749504635395551178e-02 -1.171038874719779077e+00
-1.066224304666303913e-01 -2.977469337757380208e-01 7.553042375437031553e-02 -2.552859545982745004e+00
2.999535651315335283e+00 7.537324705024466276e-01 3.018657146934696223e-01 4.273885325931848556e+00
-2.403480627700745609e-01 2.817961641388890826e+00 3.968945519229983426e-02 -5.987962442613570246e-01
1.298161725157876145e-01 8.175311054737958161e-01 5.534914958892232784e-02 2.293910503031542980e+00
8.492610842587204611e-02 1.945631219124217826e-02 5.804735184258793396e-02 -5.601294250594727187e-01
7.288208912285046998e-03 -5.279354779886503979e-02 1.747730174050926739e-03 -6.098212636125963648e-01
1.734630578059369910e+01 4.768714556100318802e+00 3.145916897675685053e+00 2.983993837193571963e+01
-9.305486459001865995e-01 2.649818116252362543e+01 8.676323878766124542e-01 1.997438719800800015e+02
1.529713837163634294e+00 -2.641180950413033557e+01 8.549183830854306665e-01 1.942688718438084194e+01
-9.650102376957812922e+00 1.257365619757918651e+01 2.078280504585733990e+00 6.457059979414145445e+00
-9.638185951757698433e-01 3.963597030422423728e+01 6.950774213237328469e-01 -4.056229947578602335e-01
7.775978338926701205e-01 3.033895577494491125e+00 -1.523047825354287010e-01 -2.480839325069403856e+00
1.714459408277198449e+01 -2.037738503770612652e+01 -8.023121919470285190e-01 4.460170362086887330e+00
-1.829678680183121742e+00 2.700495724885656479e+00 -4.462813712726334536e-01 -3.683633887640286098e+00
9.364591141683757669e-02 -1.340815690450608555e+00 -1.843770893072895628e-02 2.195218884263363179e+01
6.578605659200612021e-02 9.593898776022262709e-01 -7.584859513625402672e-02 -1.408215486474063249e+00
-7.283321207138414799e+00 1.234222964824160940e+00 3.758903577612986435e-01 -2.339926876307649550e+01
4.380586974935281930e+00 -8.057587652898481778e+00 1.454125309440334191e-01 3.559522496596802199e+00
4.111833078948464726e-01 -3.022403783945748046e+00 -3.113228504281392861e-02 -1.270174119611617947e+01
-2.533704693217118942e-02 -2.435648300720174575e-01 -4.676110915428829951e-02 4.475495225901327423e+00
-1.437794926203733031e-02 8.282379607555662160e-02 -2.565993614216258503e-03 9.532134035015098483e-01
-3.027861762488719410e+00 1.451096679050803973e-01 3.709892948190606221e-01 -1.838678606740347110e+00
-1.759435882684876162e+00 1.017624393583598241e+00 8.641363890000795800e-02 -1.129318504110975230e+00
-2.957988047750319538e-01 2.720469602026838185e-01 1.211281247729182817e-02 -1.576833621934897067e+00
-6.970630146376269320e-02 -1.961685912954053423e-01 2.235449501039542611e-02 -9.102598056758439693e-01
8.466902718501728708e-03 -1.550060369956067496e-01 -7.331167223600925514e-04 1.166285820501865855e-01
-9.265560886633890381e-03 9.945572486722670594e-03 -1.825220708165660455e-03 3.511196773242887259e-01
-4.352374402164300160e-01 1.324486499090160307e-01 1.042974455707803838e-01 -1.625395352551041617e+00
1.265094062587336643e-02 4.906528665433757680e-02 5.994792771555405159e-03 1.707845872230342177e-01
