2.041883728837806888e+00 4.044748367783304133e+01 -7.897371351156561303e-01 -3.899780276605334661e-01
-5.963779597573626301e-01 4.786224814750224255e+01 1.583080308805884517e-01 -2.323138775020853752e-01
-1.786859078926923972e-01 -1.846228873099225609e+01 -1.058456174887945425e-02 -5.082158217049580901e-02
-1.398328188600726385e+01 9.659560988796324921e+01 1.977396290984004601e+00 -1.111765098718762612e+00
-3.980171494591044357e-01 -9.732859317991972148e+01 -2.604170343819515732e-01 -4.341937408608410598e-01
-1.761839956920788486e-01 9.424033947182323345e+00 -4.368517633431436703e-02 -1.254602958208455299e-01
4.926736632902140478e+00 2.545308897136556681e+01 -2.164956862662442139e-01 2.866302735596558016e+00
2.215063301408486396e+00 1.653752316480654940e+02 1.875676219772822451e-01 1.151986185221234305e+00
-9.324487179798422037e-03 1.374721268172181112e+02 -2.412828332019250482e-02 -1.304168210380717841e-01
3.902333100338432104e+01 -1.178819917124996834e+02 -2.366959031281650638e+00 6.181970326892908929e+00
-1.582755557546369296e+01 -9.698854537608029887e+02 -4.614808380913336672e-01 -9.895936868128073272e+00
-5.755576609950880496e+00 -2.188653471337619862e+02 -3.843006357620647462e-01 -3.825008419475735000e+00
2.808726278632359907e+00 3.469922122566815119e+02 3.031381716167371176e-01 1.371484562755607373e+00
5.463841951942184638e-02 -3.393219608407109149e+02 -8.189173529598610390e-02 3.895018304872798209e-01
3.098396568393889106e-01 -6.272035284494500651e+00 1.719725798722828436e-01 4.499456651773582894e-01
3.715470003993735504e-01 -6.162444188945253032e+00 -2.389179582290559822e-01 6.073832299412320473e-02
3.643551033446215115e-01 -2.181176864011768259e+02 -1.145686296041867752e-01 -2.823044088870703128e-01
-1.806451075997694833e-01 7.325199110019424609e+01 -5.061647133635896467e-02 -9.547376270585067326e-02
7.077320915532449297e-02 1.107302879324097589e+01 1.394047874712586038e-02 -1.914237742117788632e-02
-5.076116409189495471e+01 -3.250671251004600322e+02 1.211525332241216502e+00 -8.811176609559339568e+00
3.080718389082112196e+01 1.288738893621470652e+03 1.007995656120836081e+00 1.352621780265683249e+01
4.573115000893241522e+00 1.526436089610359659e+02 3.199820571049107332e-01 5.054590994390363079e+00
-1.221622536443079632e+01 5.871482808322584788e+02 8.533090567090453882e-02 -2.425951771057905937e+00
1.922677677039219546e-01 4.377191797525548367e+01 -2.414042978189192834e-01 -6.809252663920885018e-01
3.575807124856467123e+00 1.158024448730293585e+02 3.171050315971565281e-01 -7.809768303312634163e-01
1.376854015673103948e+00 -5.126315976413997078e+02 4.371232399888853593e-01 3.010706957408720852e-01
-3.915481367099381771e+00 4.351139712230423129e+02 1.734519402851388836e-01 3.516663180609624906e-01
-2.884102848977448952e-02 -6.483409776750674780e+01 1.075670804233975625e-01 1.356311639313217687e-01
-6.209503930381329861e-02 -3.036176171607190000e+01 -3.700988659278760251e-02 -1.070871673448302829e-02
1.000878143621413835e-01 1.033788535820435470e+02 1.951854617418424809e-01 2.947238289720223725e-01
1.273954686093550781e-01 1.201081448461455459e+01 -1.280688872733996928e-03 2.191604614977277765e-01
2.215631501747414855e-01 -1.541689412897096929e+02 5.562613859109151980e-03 1.979880169038154558e-01
-5.586278754278495989e-02 5.927099934727659836e-01 2.098692707099580803e-03 4.738607188712180840e-02
4.227770963669714999e-02 2.518478198901722420e-01 5.840146142831303261e-04 3.321416000621087855e-02
2.540499159805527185e+01 -2.790442206572256367e+01 -2.141152569068364986e-01 4.012181092790033432e+00
-2.659188742885331180e+01 4.584947881424792513e+02 -4.796675955586066076e-01 -6.518289932943293508e+00
1.160131660953352545e-01 -1.637542939601576819e+01 -1.017701266011682149e-01 -2.393333150453019531e+00
2.038528460820929666e+01 -1.416664299979826410e+03 2.790818677132939074e-02 2.184622323120537946e+00
-6.997043097516009169e+00 -1.108548647806504590e+02 -1.816836040413263575e-01 8.697670333057352376e-01
-3.170949749180749233e-01 1.032958197768932607e+01 1.119526752389880531e-01 3.560472995528419782e-01
-6.347662734569781584e+00 4.990415971034411768e+02 -2.008575553487681187e-01 -5.366342528350807051e-01
6.855343268736235451e+00 6.172623026437331362e+01 -7.950624116089301252e-02 -4.089970719798255439e-01
6.110076568371332062e-01 -7.243439503487518039e+01 -6.277527818560330042e-02 9.520575267833518429e-02
-8.807173786733178689e-02 5.695779667036725336e+00 2.486911541386191762e-02 4.539999714690699795e-02
-1.343545341135989404e-02 1.411674215068503635e+01 -2.409178561926890449e-02 -2.542040326916807369e-01
-9.958249764809599114e-01 -2.421907316007026338e+02 -1.711259820440121787e-02 -2.898819767801472658e-01
-6.941358587516449630e-01 9.623746529903057478e+01 -3.916383921279333047e-03 -4.047601065134491249e-01
1.510425099099060309e-01 2.245469225170152683e+01 -3.040193129856813732e-03 -9.471083298135131445e-02
-7.403573685117774417e-02 1.030661162526069319e+00 2.055479992804318604e-03 -2.410477395411954674e-02
-3.065227452001651476e-01 -2.646226958082119296e+01 1.310994917907199186e-01 -1.038336832492275652e-01
-4.107659267237736764e-03 8.386860920013846510e+01 -1.100423524488813604e-04 1.475027323231387633e-01
1.373951891966946615e-01 6.486854535704125624e+01 2.447550942771041082e-03 8.798851060155746251e-02
-9.957195827433023422e-03 -8.871238760318998828e+00 -7.966563504914702352e-04 2.907106949790432687e-02
6.601011198753804592e-03 -1.241698956249077668e+00 2.768075247064863409e-03 -3.119467074203619017e-02
-2.106037566594772675e-02 3.631596280297309798e-02 -4.986764105753451869e-04 -1.106234837076944862e-03
-2.135596209370045628e-02 -9.079662401429146712e+00 1.268714424885273861e-01 1.302986426144402687e-01
1.473177382772184081e-02 9.547335716579689879e-02 2.838524016019672823e-03 6.764866107573433256e-03
