1.853756284054726677e+01 -2.117683411709350150e+00 -1.852806068760550540e+00 -9.877868515557264306e-01
6.055471510627496556e+00 1.023739375680506186e-01 9.145588374809188181e-02 5.889221191572230341e-02
3.075791951656280609e+00 2.115781345796877433e-01 2.637323736217024872e-01 5.252423582622240961e-01
-1.128724481536457631e+02 3.540520349170860559e+00 2.360709287098484932e+00 -1.549059405198551342e+00
-6.848938893843839359e+00 7.399405876535804227e-02 1.745417029606856629e-01 -1.807014302174017595e-02
1.439966427938281224e-01 3.257759236474090658e-02 4.002077032313553634e-02 1.817472985768798510e-01
-9.033604832151209507e+01 1.115955726773923073e+00 1.304936695263442248e+00 2.117576343609933964e+00
-2.462303197436629532e+01 -1.583123320591449223e+00 -1.700203191899469779e+00 -4.926025002267956587e+00
-3.431298222331036651e+00 1.166534776778444527e-01 1.574998138981679729e-01 3.129973378075069368e-01
1.418381451477888788e+02 -2.978747051927304490e+00 -7.034781132619389865e-01 7.053534067395131224e+00
3.698776953963664482e+02 -3.948918591444358306e+00 -4.041957440318237005e+00 -7.403486539172578595e+00
2.421739416060703221e+01 3.204651210821419127e+00 3.415053129218518890e+00 1.599803536019647510e+01
5.020080414350666587e+01 1.130801967825683318e+00 7.363925044241783624e-01 1.590636529884852379e+00
1.177432185644611806e+01 -2.080997610575305856e-01 -6.640922219363853962e-03 -1.323918886430244246e+00
-9.707570861796842365e+00 -8.694978743006509525e-02 -1.166330021189119909e-01 -1.076743828641376188e+00
1.911428150118413161e+00 9.903413762577328860e-02 1.322581285190310707e-01 1.998059291543130556e-02
-2.020008618907346065e+00 2.031581046606312502e-01 1.505350045616640417e-02 6.284531900683054673e-02
-1.017377027960912450e+00 6.339730575482734054e-02 1.157464726976092928e-02 5.830446603572722597e-02
-1.404483002398263958e+00 1.509144406909819144e-02 1.695417798496877404e-03 3.417968750416867929e-02
2.105122976999878404e+01 1.662589881793173685e+00 -3.723682518811957110e-01 -6.768511459643361761e+00
-4.247401293334114030e+02 3.134486367091409598e+00 2.702064274921576192e+00 6.655229290698106759e+00
-2.139809036230050054e+01 -2.779535308468055632e+00 -3.117090760672972749e+00 -2.323787532837043202e+01
-2.351724796313188506e+02 -8.192327616930731304e-01 6.451768510899186237e-02 -1.734148579049903383e-01
7.161492187899886730e+00 1.227964189297767739e-01 1.246260539282819518e-01 2.292252390409536211e+00
-3.346799527550670561e+00 2.864759457154858469e-01 -3.301510017495141724e-01 2.635850222622456052e+00
3.100608265068575520e+01 2.114006656645860127e-01 -1.167455591410488935e-01 -6.336403824108541860e-01
2.301450155674125142e+01 -1.934429662625335444e-01 2.587810718917030739e-01 3.668790832948091718e-01
8.561588765355381270e+00 -2.365022524425838824e-02 -9.481453252255682418e-03 1.111922638804812152e-01
2.673751856767588198e+00 -7.968291054102114024e-03 7.121839468066368251e-03 -1.836821373182835060e-01
4.101334289330546667e+00 -1.413364537627511547e-02 -1.381225403392232487e-01 3.546553276360571438e-02
9.880777211289480277e+00 1.686925617168576197e-01 -8.393709199835650003e-02 -9.863344703552301418e-02
8.016747681528716640e+00 8.865394675536247826e-02 -6.677361834594108814e-03 -7.025478203297447211e-02
1.509999729188554962e+00 3.983101489062423894e-02 -1.923588814904086865e-03 -7.648292853908434524e-03
-6.789570033711561647e-02 -1.702542078004111448e-03 -2.358764083217469547e-03 -8.523422690938977156e-03
1.408157136335825399e+00 -4.570815020076852697e-01 2.345220457685468496e-01 1.547066265169439347e+00
-3.236768853775876664e+01 -9.784127715100648937e-01 -6.261767987272812697e-01 -9.520106198483819782e-01
-1.872453194434866575e-01 8.723558838144657157e-01 1.073357910165069429e+00 1.227197664417167999e+01
3.128251990778763911e+02 1.745863480791581823e-01 -4.234136334415000702e-01 -2.225475164735923883e+00
2.259517927176867502e+01 -1.812946162787377746e-01 2.195593608230189953e-01 -2.173349222352450649e+00
-9.939567956399326665e-01 -7.774109093347841837e-02 -4.598921178126715026e-02 -1.517313001096388225e+00
-5.298364650145393284e+01 3.519252891455330878e-02 4.443289859180645784e-01 2.010625677995406591e+00
-2.292740824433800384e+01 9.511319365344023113e-03 -2.141174742721164981e-01 -3.555441595163495450e-01
-4.660085820991820782e+00 -6.949438828009231461e-02 -7.878617857553754655e-03 -3.688396502624673445e-01
1.015745640918540360e+00 -1.323083398975559433e-02 -1.339345555072593563e-02 2.604351263231508007e-01
3.417610216957983837e+00 1.000724634341602221e-01 9.363945367008442988e-02 -4.264814498747661609e-01
-8.810194747925988779e+00 -1.117335574832979406e-01 1.569376566732571532e-01 3.029306891167096172e-01
-1.186532626878622487e+00 -1.090553076933343662e-01 1.331744154475244385e-02 2.189450743558437051e-01
-4.808331012902405277e+00 -4.761870550845140326e-02 7.950340024311686529e-03 7.468882263191098381e-02
2.891147542152925909e-01 2.119897005376070176e-03 3.744106968238617404e-03 3.442294310649324229e-03
-5.739374241975426116e+00 -1.103783438721411478e-02 -9.339925968936307887e-02 6.420896617348481605e-02
-7.762825175855848414e+00 4.539652056113457207e-02 -4.340630759600061506e-02 -5.015112325633368923e-02
-6.373503796434712321e+00 2.016039546048585540e-03 3.960092274610430008e-03 -7.157442596704956250e-02
7.426891139732682001e-01 1.891738153754148749e-03 -5.069123964376513573e-04 -2.973259441551193497e-02
-2.466537298791960375e-01 1.479145295601461130e-03 1.363443013838078893e-03 -5.816175351767635671e-05
6.247757003936399434e-02 3.591671560540343582e-04 -7.938400245317625559e-04 4.442225021341648233e-03
-5.604088315565038947e-01 2.421992197338004305e-01 2.274455550495121381e-01 1.588145323502324346e-01
5.753576167969402799e-02 9.038075901906233306e-04 1.843366114331351389e-03 7.610837012186879615e-03
