-4.433937783608944194e+00 3.095846908886402904e+00 -4.973225369574456600e+00 0.000000000000000000e+00
-7.210154685621776860e-01 -1.037467305773789938e+01 1.096216169518259953e+00 0.000000000000000000e+00
-1.861852178986754258e-01 3.203659288344686829e-01 5.377908297460312070e-01 0.000000000000000000e+00
2.769742473708603492e-01 -1.531830464638603839e-01 -1.781806359316004729e+00 0.000000000000000000e+00
2.024983069072752606e+00 -9.567322219614021961e+00 2.940140622596319808e+00 0.000000000000000000e+00
4.601136741521539619e+00 -8.365931187616002518e+00 4.705669927232651872e+00 0.000000000000000000e+00
5.474373600703318354e-01 4.309702172027211731e+00 -2.411485105858007572e+00 0.000000000000000000e+00
3.713421886680191575e-01 -5.153799541314347366e+00 -4.920404789069618978e+00 0.000000000000000000e+00
4.634533382959787673e+00 -1.656458964389720734e+00 3.715345726464407417e+00 0.000000000000000000e+00
3.975193500129737822e-01 -4.213876881866900348e+00 3.068655398564363423e+00 0.000000000000000000e+00
3.880770579081016969e+00 -5.517107258186798369e+00 3.297878380984742730e+00 0.000000000000000000e+00
-1.474473429546473202e+00 3.455325628845977715e+00 -3.837287758217473144e+00 0.000000000000000000e+00
3.859246265004198095e-01 -2.523534221091005225e+00 -5.266071522871065280e-01 0.000000000000000000e+00
1.394935414028628085e+00 -8.365809665192248445e+00 6.687447526377344076e+00 0.000000000000000000e+00
-3.898346006293914812e+00 6.790300223332184082e+00 6.080270739865086677e-02 0.000000000000000000e+00
-5.966040027847921978e-01 -6.941957406575368417e+00 1.831195721313933378e+00 0.000000000000000000e+00
-7.171454034842142944e-01 -1.165923841417534357e+00 -2.958667696636185340e+00 0.000000000000000000e+00
2.951392606010185382e+00 5.838396078832556846e+00 -3.639335904978230896e-01 0.000000000000000000e+00
1.200323027159279077e+00 2.492770887000123281e+00 9.772908813608507383e-01 0.000000000000000000e+00
-1.601011611302194382e+00 -2.326624476805101011e-02 1.827352180966207662e+00 0.000000000000000000e+00
4.098974735223504418e+00 -2.655569446027095548e+00 2.667991266712889331e+00 0.000000000000000000e+00
-4.812941669767687891e+00 6.732092991488625167e+00 -1.681759027566194664e+00 0.000000000000000000e+00
-3.493259783363418247e+00 -2.392758131389595366e+00 -3.121525545004724567e+00 0.000000000000000000e+00
2.413288585843592626e-01 4.488015180558179829e+00 5.130898223358184573e+00 0.000000000000000000e+00
-3.898164926496188176e-01 -8.201377234348221634e-01 9.860732921060443301e-01 0.000000000000000000e+00
-2.090025035837722811e+00 1.031197492982237895e-01 -7.161801490673856685e-02 0.000000000000000000e+00
3.327690752935385521e-01 7.919532522496840699e+00 -4.894478540532857913e+00 0.000000000000000000e+00
1.726203000434965107e+00 1.030311235503824363e-01 3.764775231296423108e+00 0.000000000000000000e+00
-2.299651473511782118e+00 3.115654283057655238e+00 -4.279933217429879200e+00 0.000000000000000000e+00
3.661601123262154811e+00 7.067806860913636857e-01 2.512137442515974595e+00 0.000000000000000000e+00
1.722778842295302981e+00 8.999835855533113715e+00 -3.322184458357258841e+00 0.000000000000000000e+00
5.302094384651846681e+00 -3.328319344417891568e-01 -3.985752741666343635e+00 0.000000000000000000e+00
7.065773716667363757e+00 -5.362991089131250888e+00 4.196842822706901899e+00 0.000000000000000000e+00
1.765087437515624025e+00 -6.464136908920512514e-01 2.615486708405788452e+00 0.000000000000000000e+00
-4.085096596898425692e-02 1.652645124656472453e-01 2.413901932553314811e-01 0.000000000000000000e+00
2.632520140054995128e+00 -2.125680557880674115e+00 1.295386939157192829e+00 0.000000000000000000e+00
-5.829412176837568182e+00 5.597917372900359290e+00 1.790663348900518870e-02 0.000000000000000000e+00
-5.417904160003637060e+00 -1.571948217256795344e+00 -3.748778068203718394e+00 0.000000000000000000e+00
1.965315885299676379e+00 8.819002532642722159e+00 -6.225053698646770828e-01 0.000000000000000000e+00
-1.040314575611859915e+00 -2.327345943652417759e+00 -7.884883873064444382e-01 0.000000000000000000e+00
5.923113617617687954e-01 1.818407100855448988e+00 -1.712141725054391328e-01 0.000000000000000000e+00
3.699567218937170332e-01 8.111529300641148410e+00 -4.087665626660505147e+00 0.000000000000000000e+00
-3.020235533606482115e+00 -3.592973661451192680e+00 2.635002726199257683e+00 0.000000000000000000e+00
-4.156915310243145534e+00 5.383960185005789434e+00 -3.232568947756664812e+00 0.000000000000000000e+00
-5.851977686811703216e-02 -1.290302224418732102e+00 -2.079233100283986779e+00 0.000000000000000000e+00
2.611868186133938785e+00 9.313732939250913390e+00 1.953222258913009934e+00 0.000000000000000000e+00
5.856013232289086545e+00 1.549198923710209730e+00 -6.154459482474323728e+00 0.000000000000000000e+00
1.117752963627571372e+00 9.515629567093112362e-01 3.587375430802393517e+00 0.000000000000000000e+00
-2.552639342146300727e+00 3.660690880963457516e+00 -1.592815627789657018e+00 0.000000000000000000e+00
-4.699457549944905943e-01 -2.850668646646393523e+00 7.525605853841685899e-01 0.000000000000000000e+00
-4.839529318040541206e+00 2.392705969090973106e+00 -1.353757513532861889e+00 0.000000000000000000e+00
-6.764113586267909817e+00 4.320604774538993276e+00 -4.157597983098516164e-02 0.000000000000000000e+00
-2.476785022205623576e+00 3.075579292057237790e+00 -2.083543268382104685e+00 0.000000000000000000e+00
2.327405392732785128e+00 1.051782874377036991e+00 -3.034314505444721366e+00 0.000000000000000000e+00
1.199535428926984837e+00 3.443190670007348908e-01 5.584755845354774095e-01 0.000000000000000000e+00
-1.633700004221839031e+00 2.924141799398927710e-01 -1.437340648820251587e+00 0.000000000000000000e+00
