-9.621823540231631000e-01 -1.442461411805022520e+00 3.566932514454749015e+00 0.000000000000000000e+00
-9.420561230514893580e+00 5.840788343419228923e+00 -9.505894140702002559e+00 0.000000000000000000e+00
1.122814184919626923e+00 1.140659460983922902e+00 -3.975731596813718571e+00 0.000000000000000000e+00
-2.734347288117037866e+00 -1.922179993861748537e+00 -3.069030490440908032e+00 0.000000000000000000e+00
-7.543519541553410868e+00 3.469225338089593436e+00 -8.964534685749612208e+00 0.000000000000000000e+00
-3.738839493097044997e+00 7.053832692260968429e+00 1.135880527704977716e+00 0.000000000000000000e+00
6.661992102209281619e+00 -4.767400765725223977e+00 2.711654484061222448e+00 0.000000000000000000e+00
-4.966255243987884427e+00 -1.290356830905753593e+00 2.137899205361009969e+00 0.000000000000000000e+00
-2.611237006708762021e+00 4.701801043773302879e+00 2.724645886579841747e-01 0.000000000000000000e+00
-2.561599137941061421e+00 -1.896415412009444523e+00 1.437381137170706813e+00 0.000000000000000000e+00
-3.068202194208561107e+00 -1.865405355586199354e-01 -6.191075086915456716e+00 0.000000000000000000e+00
3.396637310928163900e-01 -1.156600988853401756e-02 3.279249891850407828e+00 0.000000000000000000e+00
-4.359581760090609492e-01 2.652034600979197521e+00 -4.559993781834864590e-01 0.000000000000000000e+00
-3.580104993412846603e+00 5.455340597592710949e+00 -4.385484775562265902e+00 0.000000000000000000e+00
3.249207886644459808e+00 -5.470751555300245705e+00 -2.852719491928214612e+00 0.000000000000000000e+00
-8.284611332004326201e+00 1.648061409555949375e+00 -3.328680211613685103e+00 0.000000000000000000e+00
4.367739059955114023e+00 -6.718950582085331469e+00 3.544437001619556771e+00 0.000000000000000000e+00
3.423150167324824356e+00 -6.906311567561022713e+00 -1.835360592445371752e+00 0.000000000000000000e+00
1.205451688886326922e+00 1.474169902774828955e+00 -2.263613455048283374e-01 0.000000000000000000e+00
1.301916427295668033e+00 -1.487570283494109136e+00 1.441930355137851061e+00 0.000000000000000000e+00
-1.030811423300980412e+00 -3.162740288231099317e+00 -7.148449633753390930e-01 0.000000000000000000e+00
4.205214432313457706e+00 2.426377554293849936e+00 5.206837701957192976e+00 0.000000000000000000e+00
1.619336800035923174e+00 -3.811952844982434030e+00 -1.333820920380336394e+00 0.000000000000000000e+00
4.244138020816349055e+00 -2.396264965827704874e+00 -2.774336702475086014e+00 0.000000000000000000e+00
-7.607214812530971315e-01 -3.142940703136943847e-01 -3.522932536791869573e+00 0.000000000000000000e+00
2.295673689479430291e+00 3.058117833800684249e+00 -5.134914810113858641e-01 0.000000000000000000e+00
2.815409184634264594e+00 -6.884477282911131368e+00 7.121728542159695863e+00 0.000000000000000000e+00
2.750472064546503059e+00 -2.240915871103349721e-01 7.063279470655136727e+00 0.000000000000000000e+00
-3.548636599040547956e+00 2.629370799235679623e-01 -7.623962397349068887e-01 0.000000000000000000e+00
-5.785241313964690768e+00 3.881381754982058396e+00 2.932975601269090848e+00 0.000000000000000000e+00
4.789495265610618446e+00 -8.829859006195846405e+00 6.802028758320735058e+00 0.000000000000000000e+00
-8.031818888777877419e-01 -6.328912937915919246e-01 -6.870113897019599847e+00 0.000000000000000000e+00
-2.441606318612869142e+00 2.819016821359535907e+00 -7.719341536576648233e-01 0.000000000000000000e+00
1.183885517499115636e+00 3.072583604595414464e+00 6.090701590121064157e+00 0.000000000000000000e+00
2.417464832544699682e+00 1.665347390905631553e+00 -4.476577812505289633e-01 0.000000000000000000e+00
-8.585144230736733162e-01 -3.660792794041111353e+00 5.435976723376771957e-01 0.000000000000000000e+00
3.996943246530911154e+00 4.348447038516018104e+00 5.290804003145753498e+00 0.000000000000000000e+00
2.535677409035629548e+00 -8.211704350631279681e+00 -2.171667024144553260e+00 0.000000000000000000e+00
6.219366071355620917e+00 -4.442497585267774163e+00 2.113224272615748855e+00 0.000000000000000000e+00
1.740773161879187736e+00 8.251942966697653148e+00 6.431627686071557104e-01 0.000000000000000000e+00
3.701946387008566486e+00 -2.873480175584843810e+00 -7.279116450429456986e-01 0.000000000000000000e+00
7.805529264252204058e+00 -3.859302867999237829e+00 4.493532875677821892e+00 0.000000000000000000e+00
7.606127216681932701e-01 4.020405303876682268e+00 6.293584926472869157e+00 0.000000000000000000e+00
2.534636248824293059e+00 1.312721429379831939e+00 2.776105118114662318e-01 0.000000000000000000e+00
-3.271684104725619324e+00 1.403042235979248709e+00 1.660821378995892328e+00 0.000000000000000000e+00
6.078162950246433383e+00 -9.388421198259697675e+00 1.403675061438102611e+00 0.000000000000000000e+00
1.227732637422930484e+00 -3.072971717954110282e+00 -2.211842719409702784e+00 0.000000000000000000e+00
-3.774585354340866949e+00 -7.385336885870696921e-01 2.441726505537987979e+00 0.000000000000000000e+00
1.165195159232766731e+00 -1.409682708360141534e+00 -4.949021193993191070e-01 0.000000000000000000e+00
-5.767705746878453610e+00 2.932404730384305491e+00 -4.262600389831586511e+00 0.000000000000000000e+00
7.928119246098441764e+00 4.551782041188131345e+00 2.051177010940555601e+00 0.000000000000000000e+00
-3.987039144636278731e+00 8.489991057112042938e+00 4.562845928667794482e+00 0.000000000000000000e+00
2.466283696695692473e+00 3.894086847166366439e-01 2.181858141495577108e+00 0.000000000000000000e+00
3.891407805602819625e+00 -3.589555420713182343e+00 -3.289883117524696754e+00 0.000000000000000000e+00
-2.090233688920342392e-01 -1.965057935679739076e+00 2.079681603774918397e+00 0.000000000000000000e+00
1.392397128665160855e+00 -2.346538613787509109e-02 -2.166362300859472789e+00 0.000000000000000000e+00
