-2.579539505829392398e-01 1.693458961734800816e+00 2.919262972278489077e+00 0.000000000000000000e+00
-8.697929342440477996e+00 -9.445640739613358150e+00 -2.455293779474938987e+00 0.000000000000000000e+00
-4.797738191401000329e-01 -1.270843302515125284e-01 1.109441718189731363e+00 0.000000000000000000e+00
-2.034277389493903243e+00 4.496938011494910015e+00 3.667086970515089916e-01 0.000000000000000000e+00
-5.980905907347518813e+00 -7.294453343104111198e+00 -5.765820353444301105e+00 0.000000000000000000e+00
-7.382444487005120903e-01 -5.565768187049561888e+00 -2.303480337886736340e+00 0.000000000000000000e+00
3.672055727107691236e+00 4.480377070228675151e+00 1.014729085501113737e-01 0.000000000000000000e+00
2.831996926161394867e+00 -4.438765315873115291e+00 4.435554017231513324e-01 0.000000000000000000e+00
1.190097684017622282e+00 -4.932039443147902880e+00 7.612738907252529774e-01 0.000000000000000000e+00
1.925044904284959113e+00 -3.858762954133162282e+00 -2.602278318632026188e+00 0.000000000000000000e+00
-2.127993160889040780e+00 -4.639232156149656561e+00 -6.210955835875273223e+00 0.000000000000000000e+00
1.994480156114627478e-01 1.946606530361327358e+00 -2.925696398110963603e+00 0.000000000000000000e+00
-9.229359884484840126e-01 -1.925998336807642763e+00 -5.297382718389740536e-02 0.000000000000000000e+00
-8.293617197746112613e-01 -3.878083394599905365e+00 -7.582414424249900087e+00 0.000000000000000000e+00
-3.467798070212579020e+00 2.630236383387833055e+00 5.076050574862921216e+00 0.000000000000000000e+00
-4.394810587423750192e+00 -5.870270633041162256e+00 1.900866074865366295e+00 0.000000000000000000e+00
1.062948725614840884e+00 4.010100505863335663e+00 1.742838003743880204e+00 0.000000000000000000e+00
4.239751845906405414e+00 4.928368948876983069e+00 -2.723866799178781828e-01 0.000000000000000000e+00
-1.090932000616363640e+00 2.063443657355096494e+00 1.528800171502067151e+00 0.000000000000000000e+00
-9.652457880615173957e-01 -3.456642304344901273e+00 1.787848571535937792e+00 0.000000000000000000e+00
4.297804006862778081e+00 -1.154583554236513931e+00 -3.137674601712652667e+00 0.000000000000000000e+00
-3.506349221456460885e+00 3.424198558759057320e+00 3.549946774949368944e+00 0.000000000000000000e+00
-6.021652834310656788e-01 1.527284281435545010e-01 4.741211092312493380e-01 0.000000000000000000e+00
4.017256459277398051e+00 2.200634451731350971e+00 -5.572311713388604204e+00 0.000000000000000000e+00
-1.631246485794137113e+00 -3.860429622884325784e+00 -3.698557953510685226e-02 0.000000000000000000e+00
-1.929314067531100907e+00 2.131979627338543626e+00 3.705217046862967045e+00 0.000000000000000000e+00
3.958354646625108497e+00 5.047406793303616190e+00 5.479466758489960121e+00 0.000000000000000000e+00
-9.210923633692167378e-01 -4.911543054755392324e-01 -5.531703224060553481e-01 0.000000000000000000e+00
1.868049244110407070e+00 1.209954662134158365e+00 -1.159708131929247488e+00 0.000000000000000000e+00
1.994333639806882275e+00 -3.590205551422657848e+00 -2.842856764027265726e+00 0.000000000000000000e+00
5.257226582829290784e+00 3.868898192775478417e+00 5.343577832495803648e+00 0.000000000000000000e+00
3.186895522040875228e+00 1.818822047776961881e+00 -1.452765324957391968e+00 0.000000000000000000e+00
2.351419329543849468e+00 -1.482447452211927752e+00 -3.555719423739813312e+00 0.000000000000000000e+00
-1.804521744995274180e+00 -1.784323014292396037e+00 -2.548468395859329494e+00 0.000000000000000000e+00
-2.244767307703486314e-01 1.566750561761088401e+00 -7.312318227036836982e-01 0.000000000000000000e+00
6.429647393826249058e+00 6.923743326093169115e-01 2.648001956333650764e+00 0.000000000000000000e+00
-5.027665365048031632e+00 3.441122899558077819e+00 7.023416271024267132e+00 0.000000000000000000e+00
1.302423204298083670e+00 3.824119967942181120e-01 3.607403282015500534e-01 0.000000000000000000e+00
6.334528492934497379e+00 6.096616925873632020e+00 3.455841712643523689e+00 0.000000000000000000e+00
-1.194279550403094303e+00 -3.594720187333480532e-01 1.301475539186362163e+00 0.000000000000000000e+00
3.324479278739828736e+00 2.918970561288278365e+00 -3.360684205329696472e-01 0.000000000000000000e+00
-1.536026260070247229e+00 6.306908045482106928e+00 6.242012615964561917e+00 0.000000000000000000e+00
-3.269048879807790797e+00 -1.183659724343247621e+00 -1.934169899018158834e+00 0.000000000000000000e+00
-2.246217843983595586e+00 4.718014171973504922e+00 -9.151052786150363216e-01 0.000000000000000000e+00
5.997486753948308991e-01 -8.991486371283837764e-01 -2.225384895132364704e+00 0.000000000000000000e+00
4.388507755320411263e+00 5.623206177255038796e+00 2.679309382693511488e+00 0.000000000000000000e+00
4.939464506148306455e+00 2.921524998246749494e+00 -7.324325426931179717e-01 0.000000000000000000e+00
5.692855331424193643e-01 -2.141927274005421378e+00 -3.738786873197671667e+00 0.000000000000000000e+00
1.599828207312381956e+00 3.543998369590295905e+00 5.036500597187824724e+00 0.000000000000000000e+00
-2.759785038212215547e+00 -6.004685766198753605e+00 1.504065841743184695e+00 0.000000000000000000e+00
2.303973584645119033e+00 5.549521757035372538e+00 5.004293181306537219e-01 0.000000000000000000e+00
2.728862639656334799e-01 -1.087556930237579600e+00 4.065996848336103753e+00 0.000000000000000000e+00
5.847287809901839939e-01 3.397593324676797977e+00 3.281197679631964181e+00 0.000000000000000000e+00
2.279011466468308100e+00 6.743853771851544110e+00 2.261056727712507097e+00 0.000000000000000000e+00
1.240416362841897602e+00 -2.895150187980136125e-01 1.638113591948600734e+00 0.000000000000000000e+00
-6.765752880863665775e-01 -1.954260459074332046e-01 -1.039974604571274774e+00 0.000000000000000000e+00
