3.433045042069456931e-01 4.306610275850725422e+00 -5.298452315702879556e-01 0.000000000000000000e+00
6.499353643139729186e+00 -2.132134472216255183e+00 4.696799050972928491e+00 0.000000000000000000e+00
3.883599172491149165e+00 -1.702511954387294191e+00 -2.046634818064078765e+00 0.000000000000000000e+00
-1.748380762266538435e-01 -3.204229793251530012e+00 -4.668023958679260232e+00 0.000000000000000000e+00
3.098841691855276803e+00 -2.066628786387185279e+00 4.678829439830229475e+00 0.000000000000000000e+00
3.001873672528651227e+00 -2.833757778608777311e+00 1.643750096825584928e+00 0.000000000000000000e+00
-2.716049494198458526e-03 3.642204197457253323e-01 -2.935643184680882367e+00 0.000000000000000000e+00
4.799029520642132063e+00 -2.033395234854504796e+00 -5.049216039318660698e+00 0.000000000000000000e+00
-1.383867677761652315e+00 3.913366222235359793e+00 4.576236564364356774e+00 0.000000000000000000e+00
3.729378992556824368e+00 -1.608941069699814097e+00 -6.504533207457900978e-01 0.000000000000000000e+00
-6.152137469118844626e-01 -1.598398184897866781e+00 3.535131462843438932e+00 0.000000000000000000e+00
3.708604329988966164e+00 1.502975618526876112e+00 -4.611614070409666866e+00 0.000000000000000000e+00
-1.028642235997098420e-01 1.847799089438056042e+00 2.998826074096192063e+00 0.000000000000000000e+00
-2.234877370695373400e-01 -2.982084141621772044e+00 2.049653786512350140e-01 0.000000000000000000e+00
1.031765794668451974e+00 5.784495396979981718e-01 -4.154976991696186950e+00 0.000000000000000000e+00
3.398377880103037985e+00 1.288013922541951350e+00 1.918248540166768379e+00 0.000000000000000000e+00
-1.604303652645390654e+00 1.459425120918742103e+00 -1.067714597464762161e+00 0.000000000000000000e+00
7.869479477243437326e-01 2.849704847989520395e+00 1.270450446069753214e+00 0.000000000000000000e+00
1.185989705042175268e+00 2.795697243601208970e-01 1.645606970721516404e+00 0.000000000000000000e+00
-1.716903346435263211e+00 -2.959018022042149365e+00 3.775361831596396045e-01 0.000000000000000000e+00
-1.171824433469939475e+00 -1.781017622268311396e+00 2.192330535591654250e+00 0.000000000000000000e+00
1.777300468538283607e+00 2.944830510554046654e+00 -3.323329820550888769e+00 0.000000000000000000e+00
-2.886928976119430557e-01 -1.257759430948424351e+00 1.183602427113198408e+00 0.000000000000000000e+00
-3.373213617353763460e+00 2.032534608077763316e+00 -1.430053769532589891e+00 0.000000000000000000e+00
-6.104393486172212668e-01 1.444669303971912733e+00 3.321789752127457973e+00 0.000000000000000000e+00
7.322805436124117939e-01 -1.692464643361045740e+00 -8.852162749949051834e-01 0.000000000000000000e+00
-3.764819671803480983e+00 2.462199088916941836e+00 -3.718906994090532159e+00 0.000000000000000000e+00
-1.049909564276363394e+00 1.440139728679858733e+00 2.853604405777900421e+00 0.000000000000000000e+00
2.514978281625378287e+00 -1.807944489258853871e+00 -3.304174324285167774e+00 0.000000000000000000e+00
2.329712523947748970e+00 3.059635987122690803e+00 1.388122921546122379e+00 0.000000000000000000e+00
-6.761580613440319354e+00 5.810955282755834173e-01 -2.370690574043133658e+00 0.000000000000000000e+00
-6.062583360404662614e+00 -2.249252082990608193e-01 1.157887997598235907e+00 0.000000000000000000e+00
-2.690889524609243910e+00 -3.626429637633163949e+00 3.178919435390033854e+00 0.000000000000000000e+00
3.406457011466124674e-01 -1.067573800191940592e+00 1.030916602333935561e+00 0.000000000000000000e+00
-1.511220821926904989e+00 -8.927948908249658810e-01 -1.140574262533224470e+00 0.000000000000000000e+00
-2.036539830405163787e-01 -2.106675874773178858e+00 8.826516920293770996e-01 0.000000000000000000e+00
9.494549324847535443e-01 2.042255296553623811e+00 -1.884551525740975952e+00 0.000000000000000000e+00
-1.494560895557406788e+00 -1.745948585859812274e+00 6.607312443148898318e-01 0.000000000000000000e+00
-3.750547234155342746e+00 2.854051096921651265e+00 -1.542944124207550560e+00 0.000000000000000000e+00
-8.661729975107884671e-01 -2.640985215696245447e+00 7.012876151265549085e-01 0.000000000000000000e+00
-2.256092071988371472e+00 2.545073062485773696e-01 3.196099471894327415e+00 0.000000000000000000e+00
-4.977896961224173467e+00 2.098303672309666634e+00 -4.446326002484429551e+00 0.000000000000000000e+00
1.075420101675061524e+00 -1.887095686087480129e+00 9.643175650397625698e-02 0.000000000000000000e+00
6.634761796462947947e-01 -9.360489089013065422e-01 -2.974582400900680934e+00 0.000000000000000000e+00
3.916366454358642724e+00 1.802103498008279292e+00 -1.318770038883755102e+00 0.000000000000000000e+00
-7.676532129947831962e+00 4.678942849817851329e-02 -1.558510186683581544e+00 0.000000000000000000e+00
-9.062632227531123297e-01 -9.158494629278135513e-01 -3.320883469583794323e+00 0.000000000000000000e+00
-7.551893308376032010e-01 -2.516221119021192276e+00 1.224531414763698756e+00 0.000000000000000000e+00
1.494470954683948805e-01 1.130414963173370646e+00 -4.098210160240981281e+00 0.000000000000000000e+00
2.075659462570904612e+00 1.340842095070172046e+00 2.393242482534366111e+00 0.000000000000000000e+00
-5.256927143487676091e+00 -2.529627626487646275e+00 2.051006882943664511e+00 0.000000000000000000e+00
-2.890294383822611946e-01 9.361324166929887447e-01 4.705661213649573682e+00 0.000000000000000000e+00
-5.043457948453596712e-02 5.193123502721278678e-02 -5.097267285258623437e-02 0.000000000000000000e+00
1.386628969109508780e-01 3.974857812041604710e+00 -1.245064660657093369e-01 0.000000000000000000e+00
-5.203707080285282505e-01 1.415861629144943956e+00 1.062873738086930420e+00 0.000000000000000000e+00
-5.387592877760891685e-01 1.453406193969122295e-01 -8.879403261644889245e-01 0.000000000000000000e+00
