-3.739700590037761341e+00 8.241725013105046571e+00 2.464810358901624809e+00 0.000000000000000000e+00
9.400060142949845599e+00 -1.233515300543655258e+01 1.164726783888286121e+01 0.000000000000000000e+00
1.161255021662064513e+00 -4.920984600809239495e-01 -4.617164753624528051e-01 0.000000000000000000e+00
2.396997925192383860e+00 2.794041066857855693e+00 2.218018147479763336e+00 0.000000000000000000e+00
9.454227310678426477e+00 -1.356742103215526107e+01 -2.616540374048307971e+00 0.000000000000000000e+00
3.108205011807844365e+00 9.854197827073172267e-01 1.381071257133393626e+00 0.000000000000000000e+00
-3.510647845129868383e+00 3.227614562080207250e+00 -2.894285947102263279e+00 0.000000000000000000e+00
6.010477138882814874e-01 -1.903207913114045358e+00 3.159875276453033011e-01 0.000000000000000000e+00
1.171151771841792089e+00 2.286225111360997264e+00 2.629823270765997201e+00 0.000000000000000000e+00
-2.346410405703028612e+00 -4.511704400878585597e-02 -1.733585335385946724e+00 0.000000000000000000e+00
6.925775903189840044e+00 -1.037742097464679958e+01 -1.003878246725877510e+01 0.000000000000000000e+00
-3.434585626861256014e+00 6.529310283437110840e+00 -2.257275493982917602e+00 0.000000000000000000e+00
5.186133933459119660e+00 -1.039685520725277756e+00 1.812582534226996334e+00 0.000000000000000000e+00
5.867587439441160235e+00 -1.190799631190166075e+01 3.664895658971369041e+00 0.000000000000000000e+00
-2.792394238398486106e+00 1.590036283226655689e+00 1.911520499677671348e+00 0.000000000000000000e+00
3.018412526737941359e+00 -1.361908922623259777e+01 5.120007909855864625e+00 0.000000000000000000e+00
-1.089395402577768346e+00 -3.785122228851584225e+00 -5.596063285227718120e-01 0.000000000000000000e+00
-5.383297277355428179e+00 -3.851783252298991433e-01 -3.432050382954823231e+00 0.000000000000000000e+00
6.794947393124776969e-02 -1.688336289857989225e+00 -2.503377383764215036e+00 0.000000000000000000e+00
7.173065780780059075e-01 9.692941746257355273e-01 3.097066437175383324e+00 0.000000000000000000e+00
1.960295542477322739e+00 -1.438916268253906949e+00 -1.094260248711172956e+01 0.000000000000000000e+00
-6.003203086836979452e+00 7.635036577374930467e+00 -6.918695211514870325e-01 0.000000000000000000e+00
5.017794233825380701e+00 -1.450947109551414371e+00 -2.075695846717982851e-01 0.000000000000000000e+00
-9.074197787403259774e-01 -1.251582134300993632e+00 -6.533445885957556598e+00 0.000000000000000000e+00
4.229343357506819001e-01 -5.026808993437679618e+00 -3.127710784713010117e+00 0.000000000000000000e+00
-3.647634969105027825e+00 -5.957306473814905079e-01 2.782251134395746117e+00 0.000000000000000000e+00
-6.990584452865574505e+00 8.650262561453015309e+00 -6.958108316348887712e-01 0.000000000000000000e+00
-6.584699850325710813e+00 2.191035818107401667e+00 1.161084134320282235e+00 0.000000000000000000e+00
-8.076393035942502907e-01 5.652488495357846254e+00 -2.091116654956674537e-01 0.000000000000000000e+00
1.942855659355673392e-01 2.296915237963253364e+00 1.368260284139514171e-01 0.000000000000000000e+00
-8.657104831417441915e+00 8.150136635676730190e-01 -3.653239158172281620e+00 0.000000000000000000e+00
1.794491738410743498e+00 -1.162103747052700697e+00 -2.079617877057137409e+00 0.000000000000000000e+00
3.262062539392479366e+00 1.026570954243610778e+00 3.512016455923216096e+00 0.000000000000000000e+00
1.571978000129280462e+00 -3.335374448488850896e-01 6.823094974462441398e-01 0.000000000000000000e+00
-4.400704157127152127e-01 1.294001113722849761e+00 -1.913688500435169748e-01 0.000000000000000000e+00
-2.223724921442212565e+00 1.323228295050453696e+00 -9.398582511213961155e+00 0.000000000000000000e+00
-6.501631093689338670e+00 6.703851935098191994e+00 2.111113452589208794e+00 0.000000000000000000e+00
3.148425529777700405e+00 -1.038130903848647923e+00 -1.263979066030763709e+00 0.000000000000000000e+00
-5.877653628560289611e+00 5.435691304207190377e+00 -7.256452503767283346e+00 0.000000000000000000e+00
-4.716040596919411243e+00 -1.059430379099654651e+00 1.689729214264579227e+00 0.000000000000000000e+00
-3.338448419416314650e+00 9.927198979649104471e-01 -5.469236322519094529e+00 0.000000000000000000e+00
-8.922334107410611281e+00 1.122897096820388008e+01 9.890485188373177028e-01 0.000000000000000000e+00
-5.140720382153952883e+00 -2.394398028055652605e-01 2.308285224296473093e+00 0.000000000000000000e+00
-2.771712601019822309e+00 6.116573686604731996e+00 -6.766095472005474454e-01 0.000000000000000000e+00
2.129867657986125540e+00 1.935274566454254497e-01 6.797377143486381390e-02 0.000000000000000000e+00
-1.032470577192376027e+01 -8.506422995326995418e-01 -9.640159363521466629e-01 0.000000000000000000e+00
4.158370527579993592e+00 1.451962844405459752e+00 1.665409397384994383e+00 0.000000000000000000e+00
3.789672032910451183e+00 1.696328903064390436e+00 -1.555522697360611550e+00 0.000000000000000000e+00
-1.990606994536422647e+00 1.758180822512934283e+00 -8.160982446430268267e-01 0.000000000000000000e+00
2.548203230890262017e+00 -8.065728688800655632e+00 3.565464106290981761e+00 0.000000000000000000e+00
-4.910497707272003964e+00 4.364010003599373966e-01 -8.272188583401373085e-01 0.000000000000000000e+00
3.041662276292834921e+00 -4.433613852048504000e+00 -3.552493296474148021e+00 0.000000000000000000e+00
-2.033253612426592749e+00 1.638946981735144304e+00 2.351435996264942041e+00 0.000000000000000000e+00
-4.742947358953877313e+00 -3.057620244181268543e+00 -4.536483349126452680e+00 0.000000000000000000e+00
7.056397977758647189e-01 1.081368876109637389e-01 3.763003597701056191e-02 0.000000000000000000e+00
-5.205434769282798468e-01 8.650579914741473031e-01 -1.338620655278179417e+00 0.000000000000000000e+00
