-5.917557211516968896e-02 -6.274111737765764474e+00 -3.030411808946542163e+00 0.000000000000000000e+00
-5.879095566453402810e+00 -6.835623926778329640e+00 4.279753218389735991e+00 0.000000000000000000e+00
-1.594919430557462547e+00 1.512981240038390407e+00 2.629090378092052482e+00 0.000000000000000000e+00
4.640955673700656980e+00 -5.629370178884880005e+00 -1.947894845041985956e+00 0.000000000000000000e+00
-3.622058821445643062e+00 -4.445772613520587058e+00 2.858364543220602627e+00 0.000000000000000000e+00
-5.768754442346830658e+00 -7.216281346903653748e+00 4.416772472379314252e+00 0.000000000000000000e+00
3.624582342758012832e+00 3.397675886522247612e+00 -7.267595929435802793e-01 0.000000000000000000e+00
3.734031458187128671e-01 6.841166454724916246e-01 -2.695211143690119382e+00 0.000000000000000000e+00
-8.529625716950004488e+00 -2.408530148948778149e-01 1.292652268821798067e+00 0.000000000000000000e+00
-3.062895205119198216e+00 -2.972921521076896667e+00 -4.289979637409144786e+00 0.000000000000000000e+00
-2.181968051028222888e+00 -3.292129237078288195e+00 9.570691429089490665e-01 0.000000000000000000e+00
-1.289848273837140624e+00 1.988886274049902925e+00 -6.703831490411487071e-01 0.000000000000000000e+00
-3.232956334203479276e+00 2.776871561554279944e-01 1.962978730209095080e-01 0.000000000000000000e+00
-6.646036913838379689e+00 1.883155510817808187e+00 6.703922007864661303e+00 0.000000000000000000e+00
-2.859008919169204077e+00 -1.860689437366481735e-01 2.175705150373876240e+00 0.000000000000000000e+00
3.115626877125558636e+00 -2.105601861473309633e+00 8.746254615578732405e-01 0.000000000000000000e+00
6.617730062136759628e-01 6.584627066846625576e-01 -4.248961441124083471e+00 0.000000000000000000e+00
-1.574706827137374310e+00 7.562767245029936802e+00 1.558308663491970281e+00 0.000000000000000000e+00
-2.724384639173711431e+00 5.296965857218039808e+00 1.491049866936965840e+00 0.000000000000000000e+00
-1.431139330158407663e+00 -3.065403996647137141e+00 6.339789031538155539e-01 0.000000000000000000e+00
-1.260592358711952521e+00 -2.909293826399263150e+00 -1.534683495485981986e-02 0.000000000000000000e+00
-4.520982605957312161e-01 8.776610707981834514e-01 4.835714309237187924e-02 0.000000000000000000e+00
5.762931071710248876e-01 1.131981660765093656e+00 -1.397331212797637834e+00 0.000000000000000000e+00
-3.406249983385507107e+00 2.842760731652159478e+00 4.149500280431244192e+00 0.000000000000000000e+00
2.212004727706468277e+00 3.130563719826985336e-01 -1.670584466707266458e+00 0.000000000000000000e+00
-2.539134211059041468e-01 -1.165617114762881545e+00 2.228586825629854218e+00 0.000000000000000000e+00
8.597560172583422755e+00 7.169527988870946444e+00 -5.941618869846447382e+00 0.000000000000000000e+00
3.607820305690941698e+00 -9.019958170349812177e-01 2.754292946813861942e+00 0.000000000000000000e+00
1.575730840443253289e+00 -9.416710552558470448e-01 -7.979911445179446172e-01 0.000000000000000000e+00
-1.919929341151393576e+00 -3.575219072467973325e-01 1.017146572885726963e+00 0.000000000000000000e+00
9.749280106701437632e+00 3.250342054806663050e+00 -9.184294725085766942e+00 0.000000000000000000e+00
8.220121608151048420e+00 6.441048293816372450e+00 1.671849854115141643e+00 0.000000000000000000e+00
2.272376413229985737e+00 -3.450480111197633093e+00 2.874292073276222048e+00 0.000000000000000000e+00
1.829789320957296628e+00 -2.673248105383961626e+00 9.507539550437603681e-01 0.000000000000000000e+00
-2.599857520393435095e+00 -1.387450896288640045e+00 -6.266046796881233338e-02 0.000000000000000000e+00
-8.744683811653561900e-01 -2.541415918530772533e+00 4.470754681644762557e-02 0.000000000000000000e+00
8.420705278708873198e-01 -3.042922497642407964e-01 -2.057794915206607317e-02 0.000000000000000000e+00
1.059548909159680141e+00 2.612163596324227122e+00 -2.184517065278416048e+00 0.000000000000000000e+00
3.143526558465560283e-01 7.878404626705752811e-01 -1.264167864096610527e+00 0.000000000000000000e+00
3.990198156764798165e-01 -2.034426574878008265e-01 1.679814107690271729e+00 0.000000000000000000e+00
-8.412136158425789212e-01 3.252514769073460599e+00 -2.726449613083208323e+00 0.000000000000000000e+00
8.412791945064103771e+00 5.346179013227822630e+00 -3.903232432127796248e+00 0.000000000000000000e+00
3.988476990982365411e+00 -2.626352553424657010e+00 -3.601318076460159334e-01 0.000000000000000000e+00
-8.656902196143736461e-01 2.089145627422199780e+00 1.400744777996957569e-01 0.000000000000000000e+00
2.732872064589360939e+00 1.859061386268365534e-01 2.130478838157635835e+00 0.000000000000000000e+00
1.013483777158812593e+01 8.660159141493400270e+00 -7.888992475601564358e+00 0.000000000000000000e+00
4.653528466718229062e+00 -2.909302249271235929e+00 2.850711379095728581e+00 0.000000000000000000e+00
-5.512010697041620055e+00 -1.522327117219871129e+00 5.103420576549543952e+00 0.000000000000000000e+00
-8.285552703331954261e-01 3.918421485483886829e-02 -3.733786836389503816e-01 0.000000000000000000e+00
4.540442730192114640e-01 -3.446091151888012405e+00 1.286880197926485669e+00 0.000000000000000000e+00
6.086325769724170165e-01 7.940523854275616245e+00 -2.363144713537732589e+00 0.000000000000000000e+00
-1.546607520499187149e+00 4.180849319564686084e+00 -1.583248947193133915e+00 0.000000000000000000e+00
8.194683509774872698e-01 -2.079768201245844494e+00 -3.774208715363611688e+00 0.000000000000000000e+00
1.574937597963575353e+00 4.765104955363034023e+00 -3.077126220526614553e+00 0.000000000000000000e+00
-9.916267159243523643e-01 1.184928282480001371e+00 -1.158681903771715982e+00 0.000000000000000000e+00
-7.333895262970602236e-01 1.685746439575784406e+00 -1.137973658649052311e+00 0.000000000000000000e+00
