-2.185717464930391762e-01 1.759750484763716205e+00 0.000000000000000000e+00
1.449065112507088859e-01 -7.122663967056951373e-01 0.000000000000000000e+00
-1.833576282945535096e+00 -1.721443002858102922e+00 0.000000000000000000e+00
-5.755390837945144611e-01 2.139132500000298975e+00 0.000000000000000000e+00
2.979849405482641253e-02 -5.877855643015257314e-01 0.000000000000000000e+00
-1.459686058432877465e+00 -6.717112503516452504e-01 0.000000000000000000e+00
-1.064457731113074734e+00 3.028000567514081975e+00 0.000000000000000000e+00
-1.040212057469702245e+00 -7.803797339674721778e-01 0.000000000000000000e+00
3.272992345896689748e-01 -1.750011571239842523e+00 0.000000000000000000e+00
-1.665380381567701740e+00 -3.613766708197175270e-01 0.000000000000000000e+00
-6.371201351114514147e-03 -1.550824487526153254e-02 0.000000000000000000e+00
1.265353623096663882e-01 3.301595928675618019e-01 0.000000000000000000e+00
6.655918564850273056e-02 4.477795576408824529e-02 0.000000000000000000e+00
1.977661736180754970e-01 2.797268775587717360e-01 0.000000000000000000e+00
9.137102619586705277e-02 2.346249420527697083e-01 0.000000000000000000e+00
2.580875042441005407e-01 1.209542811919527422e-01 0.000000000000000000e+00
8.838168606017479112e-01 2.873135360331028121e+00 0.000000000000000000e+00
-4.498565165909225172e-01 2.953540523538613183e+00 0.000000000000000000e+00
7.183458110051795797e-01 -1.212475790735238368e+00 0.000000000000000000e+00
-1.686314495335575314e+00 -9.208338340000582489e-01 0.000000000000000000e+00
-2.702633699872527551e+00 3.404668181380723802e+00 0.000000000000000000e+00
-3.579538991593119501e+00 3.329856753814766090e+00 0.000000000000000000e+00
-9.078149961706091231e-01 -1.415126628704077572e+00 0.000000000000000000e+00
-6.370370586257989576e-01 -1.821541038244756994e+00 0.000000000000000000e+00
3.364172129066698158e-01 8.038699308589497550e-01 0.000000000000000000e+00
