6.909654245929106042e-02 5.800736485677855381e-01 0.000000000000000000e+00
4.142202499122218939e-02 6.588890035158347092e-02 0.000000000000000000e+00
9.103280794484346350e-01 -2.180527727276463379e-01 0.000000000000000000e+00
6.866673133777019267e-01 1.026475315731789767e-01 0.000000000000000000e+00
1.457022305210965013e-02 -1.707952387517492898e-01 0.000000000000000000e+00
4.551133739160353464e-01 -6.282802274536518176e-03 0.000000000000000000e+00
-2.065725673119968575e-01 7.809740419397233069e-01 0.000000000000000000e+00
6.182622058195760273e-01 -1.468131179083061733e-01 0.000000000000000000e+00
4.669160162342334552e-01 1.136072303790007787e-01 0.000000000000000000e+00
-1.768875869322998895e-01 5.311530802965781506e-01 0.000000000000000000e+00
-7.058463251835886410e-03 -7.120891582287990247e-03 0.000000000000000000e+00
1.531115784917024859e-02 5.297404096082784092e-02 0.000000000000000000e+00
-1.888748832333088075e-03 1.269838958776534424e-02 0.000000000000000000e+00
4.330588352408726999e-02 3.884713539661460158e-01 0.000000000000000000e+00
2.589428528760338161e-02 6.857171565957428938e-02 0.000000000000000000e+00
7.153279175774143739e-03 1.210979415328305303e-02 0.000000000000000000e+00
-1.578536276229025870e-01 3.237768106776257038e-01 0.000000000000000000e+00
-3.770963337521423542e-01 1.425153627699797809e-01 0.000000000000000000e+00
4.212109484347555388e-01 -3.451126151535828246e-01 0.000000000000000000e+00
-3.261753379308951484e-02 -1.139310374900554673e-01 0.000000000000000000e+00
1.325837412811433358e-01 1.776681361916961355e-01 0.000000000000000000e+00
-9.056991932437553905e-02 3.603361699971396326e-01 0.000000000000000000e+00
5.101039625594090410e-01 -3.357847532838906801e-01 0.000000000000000000e+00
4.761771725880833972e-01 7.576924026894156679e-03 0.000000000000000000e+00
-7.547200570035519224e-03 6.502633466404226237e-01 0.000000000000000000e+00
