2.592191609018349441e-01 6.956776956473245122e-01 1.379260073138978970e-01
2.895151608273317453e-02 -2.541564999483501008e-01 -5.040467462413317223e-02
-4.863322267573592234e-02 -3.747814354833389761e-01 -1.865869315286418084e-01
-6.574730088198735278e-02 -1.724587448460355998e-01 -3.170067512543602722e-02
-1.021752825813704441e-01 1.388765558712844461e-01 2.727384191240973532e-01
-4.912957569925904822e-02 -3.025228589281794278e-01 5.468361225576776063e-02
8.777513298346616144e-02 2.321077240408201958e-01 1.128130466019729300e-01
2.141207805883114240e-02 1.622336950125333466e-01 8.300514787452414889e-02
-1.465659048416916022e-01 -6.709772566766045165e-02 4.452803353982767720e-02
8.644308534783292589e-04 2.703782806701914097e-03 5.095000090565541965e-04
-1.536959648085309445e-03 -4.543979979333280343e-04 -1.784186889324420201e-03
-9.792250433052076088e-05 3.677516482638713748e-03 -1.680407072876990548e-03
2.058660224214198947e-02 -7.519398687618010502e-02 -1.654849774983932487e-02
2.873609127804016127e-03 4.826389385123507070e-02 -3.606929954327401863e-03
6.800366536951291986e-03 -3.205887075497364149e-03 -8.755645451433783852e-03
-1.442580084311476663e-01 -1.715454171347954859e-01 -1.445597460537814960e-01
-6.291952250362496668e-02 -2.712431500348834179e-01 -8.082198687000882731e-02
1.824135887921300454e-03 -2.448557597058982072e-01 -2.960044653451984753e-02
4.689593619000517223e-03 3.836280941047635895e-02 -9.748906699233141765e-03
-8.700099313917396548e-01 -4.801513166529311483e-02 -6.632255418285438742e-01
-9.403417679242921656e-02 -2.879403229679750043e-01 -2.110912919340905136e-01
-5.424488218147703773e-03 -3.717698283404344273e-01 -1.798306380729964016e-01
-3.927369452966063962e-02 -1.038680967540435152e-01 -5.642052770516849114e-02
-1.283237001605614866e-02 1.421667693648340225e-01 1.654911355524095462e-02
-1.882363223652095685e-01 -6.474678938612730139e-01 -1.313372182087419737e-01
1.645013829274736758e-02 5.231333063923782056e-02 1.879218368687324975e-02
