8.041969079782584906e-01 1.229578432100442154e+00 2.074511152582886542e+00
-2.986010633895339605e-01 3.432093057809326164e-01 -4.047874981155537566e-01
-2.470957504346277811e-01 -1.180094190661299530e-01 -7.931829541220963842e-01
-1.717535577598815755e-01 -3.001576658713566714e-01 -4.685970104681396187e-01
5.563591552901845372e-01 -5.361762895747677060e-01 1.176937578225366376e+00
-2.550212842291738752e-02 5.065987721032896296e-01 -4.609971329997332168e-01
-5.409353644351893448e-02 -1.642503844762742971e-01 3.135118325045020415e-01
3.503407932567802890e-02 -2.393105505634933738e-01 2.157200418102908634e-01
-8.232063412169938338e-03 1.488425434998057018e+00 7.837372491575615996e-01
1.576208309717356095e-03 3.929170666119845973e-03 5.020663964903007183e-03
-2.714971525307339345e-03 -2.007363519412066338e-02 -6.136341136395965720e-03
-7.470864492159598903e-04 1.416940646553976023e-02 3.899936437112936239e-04
-1.667219195427461359e-02 2.377503289504134809e-01 3.172100800726191522e-02
4.203350476801529911e-04 -3.104135370353717019e-02 3.465049901308107916e-02
-2.182731417161774996e-03 -1.423251863856300203e-01 -8.014186211179435970e-02
3.813020421519076608e-01 -2.140070928096826641e-01 -3.436215549539578529e-01
5.184967178405873456e-02 6.655511082629428365e-01 1.715557865295988804e-01
5.344527168210931253e-03 2.217891927739357449e-01 -1.574548121616407004e-01
5.049629183325058182e-04 4.172217137281326177e-02 5.878744575709753117e-02
2.904624112256269375e-01 9.914595489023164676e-01 -1.060075495443725480e+00
1.562324071408580928e-01 -1.720363237289118663e+00 -1.207180686709559136e+00
8.898920163678555872e-02 -1.540792083556929537e+00 -4.995683058290460998e-01
1.488930985129312615e-02 -5.379560505573764972e-01 2.262219196571079172e-01
2.879470880118788038e-03 -6.448472463570151247e-04 5.079015363409884465e-01
-9.936376671034842234e-01 -1.311556398306390703e+00 -2.354727840056490606e+00
2.308420660193686788e-02 6.503367021345921040e-02 9.811221233364833538e-02
