-4.040267502850578563e-01 9.288740925487686262e-01 0.000000000000000000e+00
1.212244013435675033e-01 -1.151223596723707221e-01 0.000000000000000000e+00
4.055118651460363211e-01 -8.464110766109127493e-01 0.000000000000000000e+00
4.258312167698864448e-01 -1.750829719536631135e+00 0.000000000000000000e+00
1.777880161869212494e-01 -3.595304209090714465e-01 0.000000000000000000e+00
-1.663436591167861023e+00 9.154336579754769332e-01 0.000000000000000000e+00
1.949238153362731485e-01 7.132540064656907042e-01 0.000000000000000000e+00
5.372987028014907240e-01 -5.990087940853624504e-01 0.000000000000000000e+00
-1.928711506345253124e-01 -2.244411383118084247e-01 0.000000000000000000e+00
3.213247064851331714e-01 -1.186395315552843055e+00 0.000000000000000000e+00
-5.212470066589216210e-03 4.122688045911903840e-03 0.000000000000000000e+00
3.343607942830103402e-02 1.355084555393318846e-01 0.000000000000000000e+00
-7.723407427152661174e-03 -3.731318922944337757e-02 0.000000000000000000e+00
1.537818111702218046e-03 -3.069478153243215268e-01 0.000000000000000000e+00
-6.265867536395985926e-02 -3.087824763391140703e-02 0.000000000000000000e+00
3.743858789288957191e-03 4.617129336232126402e-01 0.000000000000000000e+00
-4.370686251937508926e-01 4.117355583696881149e-01 0.000000000000000000e+00
1.218800200749097007e+00 1.996212516412416482e+00 0.000000000000000000e+00
-5.543719454316993200e-01 -4.376488674590217065e-01 0.000000000000000000e+00
1.315666276025712622e-01 -1.967988288163508293e-01 0.000000000000000000e+00
-2.175648291457265238e+00 1.735959166632466077e+00 0.000000000000000000e+00
5.133833613665738094e-01 8.062821102897794745e-01 0.000000000000000000e+00
-7.001978622350318870e-01 2.036423994344311872e-01 0.000000000000000000e+00
-7.592012259093977589e-02 -1.080761682228548848e+00 0.000000000000000000e+00
6.691160026033353692e-01 1.226760814213168072e-01 0.000000000000000000e+00
