-3.629306271211076851e-01 2.567252244603028255e-01 1.271191085998634451e-01
-3.530193714920060177e-02 4.668518603183868798e-02 5.959633398274579719e-01
2.879992017788193248e-01 9.566800985203603724e-02 1.539659878680628813e+00
1.045368916479435389e-01 -1.992568595368454376e-01 -1.634086453376194237e-01
-2.993971357741571082e-01 2.292318479008737322e-02 3.571295708769060551e-01
-5.545488549826345370e-02 -1.636788883208007694e-01 7.144488920981173496e-01
1.430598320969324044e-01 6.398155790813750410e-02 -6.177319746465437245e-01
-2.896974960177918779e-01 -5.914364481824974096e-02 -1.892159766556866796e+00
-6.705157101794437802e-01 -6.416245013356325355e-01 2.684990072317091636e-01
-1.346160049524001978e-02 4.992838366905388847e-02 6.215178573700519404e-02
-5.191808780970559589e-02 4.208622440090696061e-03 1.750874473159078071e-01
6.878843529835255988e-02 -9.518140617786417096e-04 6.563892037109922972e-01
-7.754859955527762527e-02 -3.990679912069939467e-02 -1.180504163796717743e+00
2.432138394237305656e-01 3.233080201800987430e-01 -9.053136511270299946e-01
6.604501370341495092e-02 1.072731934207508120e-01 -6.743087003814578484e-01
-1.551457094185968166e-01 -1.067745630456543859e-01 3.172937453828017507e-02
-2.365581089928373848e-01 -4.119965997618348919e-01 1.919194197121903700e-01
1.242543417936138456e-01 -1.513306855888734426e-01 8.192569993518297178e-01
6.332934935563892115e-03 -1.239268655527131155e-02 9.606479341564054808e-01
8.179888159320536541e-04 -3.951092651471469451e-03 -7.425758553577841738e-03
4.942150647519709915e-03 -2.798787293605161080e-03 -1.700494108929574699e-02
-6.122704436130962588e-03 9.325552906401014547e-04 -6.753412245795473168e-02
2.147646812251581896e-02 1.525205731706911344e-02 2.471435884454298570e-01
-1.224970004872366798e-02 -1.470021351605029641e-02 8.616316946416006928e-02
-2.813374331479245524e-02 -3.956086531458996580e-02 1.544428656634750652e-01
-1.451853782738302470e-02 -1.161717296798530363e-01 2.073221432552480731e-02
9.627772823654515144e-02 1.044282032592360188e-01 5.149277295651945308e-02
-2.054173885760205917e-02 4.325320521846878763e-02 -1.751652858966408488e-01
1.145566734879046276e-03 7.075482024933106920e-03 -4.562585257315522336e-01
2.155437365060186850e-01 -4.198767911500649874e-01 8.788723895470010872e-01
3.250832229324559508e-01 -4.994930533006466250e-02 1.392405594587168061e+00
3.547531048287910077e-02 -6.578049045239026116e-02 1.063797033779297685e+00
5.783221284940680273e-03 3.881072454270770300e-02 7.154287311376458236e-01
1.837601048634601372e-02 -1.765579354739572546e-02 2.737231447761826475e-01
4.463691843089525602e-01 -2.554455344788257240e-02 1.655662435192667425e-01
2.357906442973206618e-02 2.454772664648646394e-02 8.278137416737302301e-02
