-4.986447870786623882e-01 -3.862152358896425719e-01 8.903690592077709853e-01
6.163236250307160269e-01 2.931982370397014370e-01 1.436114121364527652e+00
1.058285378230701124e+00 -5.794770664199648535e-02 1.195364964207049352e-01
2.094215922003868080e-01 1.641455292509695074e-01 -4.736520975578858428e-01
-2.767318091222235044e-01 -3.367543149720458873e-01 1.384979706224714890e+00
5.321437458684331601e-01 3.815773310749466241e-01 -7.628492651589383056e-02
-5.816675296002741247e-01 -2.108338257374910429e-01 -9.521265963505188834e-01
-1.067763995709434477e+00 2.591410927990748791e-01 -1.557212193270022735e-02
1.111582528106598078e+00 -6.157534512290472328e-01 8.425260019978111359e-01
-3.165144880446755377e-02 -2.488026569216920253e-02 1.001982580654907640e-01
1.381450198680021502e-01 -8.305726667752104733e-04 2.667654016168716224e-01
3.260249472312191643e-01 -1.276323389870755443e-01 -8.635146944463725771e-03
3.570301010119572016e-01 -7.975678147770484672e-02 3.413139111131381909e-01
-4.925243093062254829e-01 6.800947455860545388e-01 -2.744938307527582944e-01
-2.217435275801971639e-01 -2.133120799432530190e-01 1.159136177875383367e-01
-5.143543255951508186e-01 -6.283500622880630049e-01 -1.848191133385082230e+00
-2.033893185458063024e-01 -5.622527543687211304e-02 -2.154592926575776002e-01
2.218917294315726485e-01 -9.128938030904193424e-01 5.118440014621629397e-02
-1.526207536645188545e-01 -3.345905936128189540e-01 -3.102997700204754294e-01
1.175293826773302595e-03 1.038542811251147360e-03 -7.280977433362014785e-03
-1.175009039942997123e-02 2.979473504429516664e-03 -2.565704171313340845e-02
-3.170046272184112723e-02 1.668783659495845506e-02 1.004067480125250302e-03
-4.878192475672744888e-02 1.148556378964436971e-02 -5.462727528309262864e-02
3.487115161009446407e-02 3.132456825595301281e-02 -2.100024491276913235e-02
6.261936978680607280e-02 -1.032740807936876198e-01 2.821211900535582073e-02
3.415974404788539864e-01 3.235033808935062760e-01 4.206634598058789920e-01
9.227906505215913158e-02 -9.697445767998849608e-02 9.073242193491939944e-02
-1.204041586810456338e-01 1.846239652906759843e-01 -1.225481409202845012e-02
2.102797625790925676e-02 1.202265033011054168e-01 7.529881236588525928e-02
1.975743737544459755e-01 1.069558768073356925e+00 -3.179314972545710827e+00
-3.342646120968626455e-01 -1.094143995815247905e+00 -4.824314261583284580e-01
-4.618351261833287258e-01 -5.204044418111545278e-01 -3.162917746476382463e-01
-4.567028084061359183e-01 -2.201051735339206450e-01 -1.583075751401522846e-01
-2.199708501502371794e-01 1.221380895902913488e-01 -1.073704848128106612e-02
2.945338524551339154e-01 2.480711465476331257e-01 -6.493040157540233004e-01
8.737819927980285117e-02 1.166934019069043871e-01 5.888336269659231320e-02
