-3.254410918538593323e-01 -8.541767945489558977e-02 2.972299692251638703e-01
-1.704665506198951019e-01 3.241111722362195469e-01 -5.769803287616789289e-01
5.673917240691199737e-01 -1.008442506089872459e-01 1.041190173670563518e-02
1.459078590765905403e-01 6.773092329222332730e-02 -2.750271341524822000e-01
9.721544423302900251e-01 8.932448196772808657e-01 3.696314057920955798e-01
7.111497229259060304e-02 8.947484208280689910e-03 -4.804452910926166886e-01
5.996632614290373642e-01 2.660712289391633512e-01 1.060360007441901287e+00
-3.414717496949486453e-01 8.203611313387056125e-02 -1.157890688456127415e-01
2.643743416765781951e-01 6.576239138518995275e-02 1.264693042837605086e+00
-2.836806272082201957e-02 -1.711465148124063917e-02 1.010949445221215742e-01
-1.959444430284649485e-01 -1.108554384040831703e-01 -4.214406236462542310e-01
7.810144030842253171e-02 -5.168607908565353570e-03 1.499321609606625305e-01
-5.030093685489553379e-02 -1.816982001569203975e-01 4.335661598868608690e-01
1.638594759910804166e-01 8.566472047213716245e-02 -7.040200207357085738e-01
-3.178919492367655170e-02 -5.518303810495076706e-02 2.879526349432457444e-01
-5.422225829814257825e-01 -7.341005594532993284e-01 1.269908661186396781e+00
-1.356801969832790444e+00 -2.788549972170195623e-01 -2.132108852058235415e-01
-3.943452578557936072e-01 -4.256485142915457098e-01 -8.736906105274523382e-01
-3.640389331465256756e-02 1.127500187153079522e-02 -3.251780327376020685e-02
1.922757555590718379e-03 1.363972363911721041e-03 -1.252452880984351868e-02
1.606081806554578509e-02 1.086908924888808914e-02 7.270445525892972605e-02
-6.433779925970574236e-03 -9.816597110397780150e-04 -3.079093062238299691e-02
5.209599898188273237e-02 2.850473944766817799e-02 -1.047677511741715445e-01
2.283904008355121078e-03 1.226457772966147233e-02 -6.109950514174630753e-02
-3.503332455193318429e-02 -1.490395874408915848e-02 1.925299109818627286e-01
9.951062443678524577e-03 -5.107955792714805737e-02 -1.035315654730428969e+00
3.923295307360032957e-01 -5.068500300443089940e-02 -2.549088349264222453e-01
1.059175437834249389e-01 6.985257528662386362e-02 3.488966120913913893e-01
3.374082523673975313e-03 -1.560082195331543610e-02 4.941138475934780949e-02
-2.449988656859710900e+00 -1.066518685989706672e+00 -1.203821937787279861e+00
-1.376031534288065128e+00 -5.560751091391121781e-01 -1.600621835934107118e+00
-1.708096806417244706e-01 -1.475912979887293586e-01 -5.816001283180282089e-01
-8.719798048778650348e-03 -6.389672860065798154e-02 -8.004314281551586086e-02
4.846358665011594319e-02 -1.718552460735944809e-02 3.162732183872652425e-01
2.069615357027914659e-01 -2.954417246996150770e-02 -1.627501247508308102e-01
2.270261074938167631e-02 1.983089357638917472e-02 6.095337922868118014e-02
