1.958992529050337383e-01 -9.004005602108140494e-01 -1.743307527431737225e-01
2.297817708733904674e-01 2.124406407305542421e-01 1.118822424958200390e+00
-4.352059783924131509e-01 4.921028909374200455e-01 2.740233999997864281e-02
-8.727659784163954715e-02 5.057828627429969970e-01 8.991679531393126368e-02
-1.139420357207523882e+00 -6.784416657306731047e-01 5.166572559237718743e-01
-1.490471610890926057e-01 1.351817012061570233e-01 -2.743766185884667919e-01
-1.137981517998941233e-01 -1.744061183557800709e-01 -6.421686017005767688e-01
3.820414034866797537e-01 -5.515455148292180976e-01 -8.780115270336751043e-02
-7.801056234095468112e-01 8.487078246495263767e-02 5.243211537236340813e-01
1.991698541033486147e-02 -1.119781325120230986e-01 -2.231644978675691171e-02
-5.106098346794121778e-02 3.167492397546348842e-02 2.075976598709627918e-01
-1.341558515578257227e-01 1.794396471372969315e-01 3.726718189263980574e-02
4.314909026358481059e-01 2.767400195224573034e-01 4.154491778677005254e-01
3.308057628379090231e-01 9.439634292895241613e-03 -1.981538255891060751e-01
4.002775834272119526e-02 2.815920622902889914e-02 1.080610438199629680e-01
-2.881023354789057356e-01 -3.522228041420982780e-01 -1.600914007963919028e+00
6.914010499694093204e-01 -4.036823299275966170e-01 1.858700795497401081e-01
-9.628850686807290948e-01 1.304729566347890557e-01 -1.501524434166610911e-01
-1.545103097811133253e-02 6.093720361236555638e-02 1.678916076547238428e-02
-1.325094077911746250e-03 8.785419894481238251e-03 1.975360588867038254e-03
8.684028286018146553e-03 6.519392299067958921e-04 -2.158926184603805407e-02
1.600895619325647459e-02 -1.785281282711842152e-02 -3.873391079799172812e-03
-1.044198854787675435e-01 -5.076532342406535336e-02 -5.534867351166850719e-02
-2.112838092862851305e-02 -1.189476075123311466e-02 -1.188038240927036249e-02
-5.072734633613727034e-02 -3.293597214512045818e-03 2.042893310988311631e-02
3.216265147653436518e-01 -1.515127861718914420e-02 1.920770691183466272e-01
-2.350760930108685975e-01 7.294642914644965115e-02 -1.022926786824432249e-01
3.337377039441739024e-01 -2.609390876334924045e-02 1.575770733704903379e-02
4.302433324968177319e-02 -1.727085945798677996e-02 -4.038729894506397355e-03
1.478305312795338278e+00 4.483913675305813973e-01 -2.231687903023788611e+00
8.351091132439545373e-01 -2.587235784516674908e-01 -4.512139409504274390e-01
3.862911518343536410e-01 -2.246222862688406208e-01 -1.401193434498031465e-01
-4.429434778729967465e-02 -1.636730635444742232e-01 3.319935455384736417e-03
1.966507471958401920e-01 2.409945029547629070e-02 4.696893802569698795e-02
-1.060720574123116544e-01 5.156951019849667084e-01 1.261948554075406626e-01
1.219808349300524203e-01 6.551515548153513668e-02 4.014393158658116634e-02
