-2.523828504702583797e-01 -3.485398501743387500e-01 0.000000000000000000e+00
-1.799265783200200142e-01 -1.847081923641767653e-01 0.000000000000000000e+00
1.521068567818022466e+00 -1.577821166706536160e-01 0.000000000000000000e+00
1.079145031165952506e+00 3.207241749859066071e-01 0.000000000000000000e+00
-1.001236450034681119e-01 -6.035933030529522930e-02 0.000000000000000000e+00
7.970790680542688689e-01 3.850472837573074014e-01 0.000000000000000000e+00
-1.999116781825265865e-01 -2.422371014546711651e-02 0.000000000000000000e+00
7.947245054981627588e-01 -2.899403776650822696e-03 0.000000000000000000e+00
2.287579403493781582e-01 1.560499500365195025e-01 0.000000000000000000e+00
-4.820156777504461809e-01 1.114183196519588526e+00 0.000000000000000000e+00
-3.739769912369294430e-02 -5.844821227779298072e-03 0.000000000000000000e+00
2.686534545028296805e-01 2.911584159681294970e-02 0.000000000000000000e+00
-4.589999509764026292e-02 2.286604446872855453e-02 0.000000000000000000e+00
2.909615953050709303e-01 2.944088885952610424e-01 0.000000000000000000e+00
-2.278530162554500971e-01 6.126153184499667503e-01 0.000000000000000000e+00
-1.087943753328041580e-01 -2.814015093355855604e-02 0.000000000000000000e+00
-6.077925361442977348e-01 6.126929415852956362e-01 0.000000000000000000e+00
-1.180345369794098209e+00 -4.513387819434254711e-01 0.000000000000000000e+00
7.930515456009985531e-01 -2.189070436941155939e-01 0.000000000000000000e+00
1.117804077324168643e+00 -4.488313609423318085e-02 0.000000000000000000e+00
7.296357849365483171e-03 7.183425518705530144e-04 0.000000000000000000e+00
-1.383320524558711087e-02 -3.606459742187659648e-03 0.000000000000000000e+00
-7.243760552106184684e-03 -5.404782186725059362e-03 0.000000000000000000e+00
1.419666111500578753e-01 2.171181794603579684e-01 0.000000000000000000e+00
-5.944717268191690440e-02 -1.569492150925217225e-02 0.000000000000000000e+00
-1.668211630843626642e-02 -1.746789231210510163e-01 0.000000000000000000e+00
-1.311902979712948225e+00 8.602275550401052850e-01 0.000000000000000000e+00
-6.683033460720425589e-01 -3.246585328283058125e-01 0.000000000000000000e+00
2.903730572350630146e-01 -5.513754912552446680e-02 0.000000000000000000e+00
-1.773273415341825379e-02 5.811646295080030722e-02 0.000000000000000000e+00
-4.286230005495016981e-01 6.277434788906182117e-01 0.000000000000000000e+00
-1.042129853694625380e-01 -5.246261283486208793e-01 0.000000000000000000e+00
1.047685712397264268e+00 1.221389712744417599e-01 0.000000000000000000e+00
7.837079588289502796e-01 -4.130852591944660923e-01 0.000000000000000000e+00
2.278867577162491109e-01 1.118996435468531774e-02 0.000000000000000000e+00
