6.506983876010913326e-01 -4.362733888864637199e-01 0.000000000000000000e+00
2.211245217770680394e-01 -2.796813521889429111e-01 0.000000000000000000e+00
1.185821339991763868e+00 1.193329573752041073e+00 0.000000000000000000e+00
2.570593699581170122e-01 1.355278220644502429e+00 0.000000000000000000e+00
-3.283951222926807106e-02 -1.568426730226179788e-01 0.000000000000000000e+00
8.740431315425878367e-01 4.593437094903244367e-01 0.000000000000000000e+00
-5.269341187234228840e-01 5.386468908333023053e-01 0.000000000000000000e+00
5.014381245298686895e-01 8.702738310743128869e-01 0.000000000000000000e+00
1.368100557364835546e-01 6.633064814446594237e-01 0.000000000000000000e+00
-9.492605905711682945e-01 2.994740255860638412e-01 0.000000000000000000e+00
-6.848546112575422395e-02 -6.591069440386451705e-02 0.000000000000000000e+00
1.553312457125569090e-01 3.999233616668386171e-01 0.000000000000000000e+00
5.257297641162280571e-02 1.027615247538055804e-02 0.000000000000000000e+00
2.783830415661996405e-01 3.472186591489866414e-01 0.000000000000000000e+00
-3.454249654013040738e-01 5.667246043976056219e-02 0.000000000000000000e+00
-1.946814106759625074e-01 1.090106496945895120e-01 0.000000000000000000e+00
1.731991766177195802e-01 1.277352926587291160e+00 0.000000000000000000e+00
-8.630389626123181612e-01 1.814066458850362329e+00 0.000000000000000000e+00
3.931905025112408247e-01 2.745095507805763724e-01 0.000000000000000000e+00
4.932108802563933692e-01 4.335063765729619822e-01 0.000000000000000000e+00
6.239671782092196146e-03 7.035508793544752691e-03 0.000000000000000000e+00
2.405400623743308985e-03 1.322012188397118232e-02 0.000000000000000000e+00
-3.193975087226601922e-02 -5.100004862435584402e-02 0.000000000000000000e+00
-1.137985469307664782e-01 8.716893342830739355e-02 0.000000000000000000e+00
4.905978667854210551e-02 -7.242160370008175752e-02 0.000000000000000000e+00
7.070473888454785472e-02 -4.368671999097657049e-02 0.000000000000000000e+00
-4.585539169220653744e-01 5.678205582783885097e-01 0.000000000000000000e+00
4.295404091561906834e-01 -2.274122548641680508e-01 0.000000000000000000e+00
-2.278244069593094168e-01 -9.380093788996619886e-02 0.000000000000000000e+00
-3.295318067785395488e-01 -3.846531724183265277e-01 0.000000000000000000e+00
-5.386301189196048833e-01 7.545914778641458209e-01 0.000000000000000000e+00
-1.574289305372713610e+00 -9.818820922977019583e-01 0.000000000000000000e+00
-1.744976378720352050e+00 1.749316160792051822e-01 0.000000000000000000e+00
-5.634446092033525977e-01 6.709199374524454917e-01 0.000000000000000000e+00
-1.087939257886330058e+00 9.315720723383299484e-01 0.000000000000000000e+00
