-2.174923548237595039e-01 -9.083290963470868062e-01 0.000000000000000000e+00
-4.453072271014270334e-02 -6.616536218686228654e-01 0.000000000000000000e+00
-5.643583171678705213e-02 -5.890542969705888504e-02 0.000000000000000000e+00
-1.501315738151813017e-01 2.005823838607892762e-01 0.000000000000000000e+00
1.446534326570378046e-02 -1.977992161274415017e-01 0.000000000000000000e+00
4.755026376798935916e-01 2.171805192783410055e-01 0.000000000000000000e+00
-2.768037985092967612e-01 2.419922231384973588e-01 0.000000000000000000e+00
-9.469801998975514723e-02 -1.247191242903998229e-02 0.000000000000000000e+00
-1.776831736312536603e-01 1.112732148653858416e-01 0.000000000000000000e+00
-2.810524879428875078e-01 -1.945051571531356341e-02 0.000000000000000000e+00
1.391496977669491597e-02 1.108647387227804648e-01 0.000000000000000000e+00
-7.973786162282900380e-02 6.782518310924633663e-03 0.000000000000000000e+00
-1.151927183667247750e-01 2.530447319087372055e-02 0.000000000000000000e+00
3.466048043648041754e-01 6.355859427133565553e-01 0.000000000000000000e+00
-1.787219747370822343e-01 3.271174074419115341e-01 0.000000000000000000e+00
-7.592404889763794407e-02 5.418033575495707632e-01 0.000000000000000000e+00
1.316635074835545149e-01 5.710672569808531440e-01 0.000000000000000000e+00
3.047188391653346540e-01 4.596222938177101924e-01 0.000000000000000000e+00
5.134449646903034570e-02 2.464368696569858297e-01 0.000000000000000000e+00
-8.153620060798291713e-02 3.320093463730963701e-01 0.000000000000000000e+00
-2.126035568599064611e-03 -1.214943072466008467e-02 0.000000000000000000e+00
-3.442492645204958679e-02 -5.001745929794011898e-03 0.000000000000000000e+00
9.216125956868504929e-03 -6.181128886374046699e-02 0.000000000000000000e+00
1.739410068997143399e-01 7.182702785326407213e-02 0.000000000000000000e+00
7.503972994567488508e-02 -1.323709613712676370e-01 0.000000000000000000e+00
-1.381905859969711770e-01 1.334983853991994762e-01 0.000000000000000000e+00
2.451003737826820961e-01 4.908963563302495281e-01 0.000000000000000000e+00
5.395072643753104913e-01 4.595637157114898508e-02 0.000000000000000000e+00
4.170938103949545783e-01 2.910820828727982423e-01 0.000000000000000000e+00
1.054409084419431902e-01 -1.727188117454180882e-01 0.000000000000000000e+00
2.651079089661650401e-01 1.131604978921371130e+00 0.000000000000000000e+00
9.556753558621963185e-01 3.134100900134447198e-01 0.000000000000000000e+00
8.785692407471911158e-01 7.465407874967946444e-01 0.000000000000000000e+00
1.164505142178639652e+00 5.223273972036783785e-01 0.000000000000000000e+00
4.812761199505584675e-01 8.901562992597858992e-01 0.000000000000000000e+00
