2.664522567494345129e-01 3.074518898664873046e-01 0.000000000000000000e+00
-9.590710181641682874e-01 -1.172569372298067764e-01 0.000000000000000000e+00
1.967002096631328634e+00 9.683087354109034539e-01 0.000000000000000000e+00
-2.391890194744879850e+00 2.309945553196545376e+00 0.000000000000000000e+00
-5.568773014556298584e-01 -1.260035541999892927e-01 0.000000000000000000e+00
-3.086096893101166194e-01 1.731275402574825373e+00 0.000000000000000000e+00
2.283093987193955066e+00 1.231917138485501440e+00 0.000000000000000000e+00
-2.201021765298198651e-01 7.700940529428969006e-01 0.000000000000000000e+00
-1.040678141374788090e+00 1.279225727068211138e-01 0.000000000000000000e+00
-2.733192040422704583e+00 -1.634201548003015869e-01 0.000000000000000000e+00
-1.212402674181435880e-01 -4.091944255443313166e-02 0.000000000000000000e+00
-4.125529066129023925e-01 1.780227308406268638e-01 0.000000000000000000e+00
-1.760951070081234748e-01 -1.968887698781359441e-01 0.000000000000000000e+00
2.609536071679257607e-01 -1.885635511321542557e-01 0.000000000000000000e+00
6.609621709187774030e-01 1.437958154585352866e-01 0.000000000000000000e+00
4.921031083295602238e-01 3.020513654865917830e-01 0.000000000000000000e+00
5.891246553176913148e-01 -6.246602940495514789e-01 0.000000000000000000e+00
1.684815618021679784e+00 -1.706880736857603109e+00 0.000000000000000000e+00
1.067550068459645285e+00 4.689071016242186141e-01 0.000000000000000000e+00
1.549861937024237024e+00 1.835737392494731557e+00 0.000000000000000000e+00
2.922803419326945942e-02 1.437865937404972892e-02 0.000000000000000000e+00
8.162110418036759574e-02 -3.061749672980608114e-02 0.000000000000000000e+00
3.320161776523867375e-02 5.108864148339838790e-02 0.000000000000000000e+00
1.097454327684960651e+00 -1.004410709361148735e+00 0.000000000000000000e+00
-3.076708045990160234e-01 6.713595128848637295e-02 0.000000000000000000e+00
1.321576259640605544e-01 4.083092685754897144e-01 0.000000000000000000e+00
-1.202134832590849634e+00 7.326577262095964604e-01 0.000000000000000000e+00
2.191606394976898020e+00 -2.026243932477674647e+00 0.000000000000000000e+00
3.002788998350921501e-01 1.142166622589351060e-01 0.000000000000000000e+00
-1.150211901461972303e-01 -8.656800478272066446e-01 0.000000000000000000e+00
3.151062349368145554e+00 3.986131591282963793e+00 0.000000000000000000e+00
3.846999161019698743e+00 1.970712488735397727e+00 0.000000000000000000e+00
2.139686935622009845e+00 3.611114987906583612e-02 0.000000000000000000e+00
-1.177120082711514915e+00 -2.137476786850945665e+00 0.000000000000000000e+00
6.246169017606816309e-01 3.563072025737025472e-02 0.000000000000000000e+00
