2.323853900725483701e+00 -1.811498205636026926e+00 0.000000000000000000e+00
-1.131966181078248868e+00 1.705853014940656998e-01 0.000000000000000000e+00
3.685084258480613162e-01 -2.734196177644010461e-01 0.000000000000000000e+00
-1.020013339938121488e+00 1.972679853636813530e+00 0.000000000000000000e+00
-7.095755072618420423e-01 3.523815834052914653e-01 0.000000000000000000e+00
-1.297136528791789312e+00 -7.624928388328000572e-01 0.000000000000000000e+00
3.218043007745778894e+00 -1.998371482899236495e+00 0.000000000000000000e+00
4.363776395792695606e-02 4.561815085349089638e-01 0.000000000000000000e+00
7.478903226218547307e-01 1.015527941419686719e+00 0.000000000000000000e+00
-1.862898307145342436e+00 4.489266277142594519e-01 0.000000000000000000e+00
4.297619545860197066e-02 1.392618624178774689e-01 0.000000000000000000e+00
1.152654970615276109e-01 3.137275469599670741e-01 0.000000000000000000e+00
5.383111262453326579e-02 2.845931140960170636e-01 0.000000000000000000e+00
-1.644001089527670656e+00 -5.477137583463581594e-01 0.000000000000000000e+00
9.557530268005967056e-01 -1.710966998313066867e+00 0.000000000000000000e+00
1.373078432171043639e+00 -5.597702887295215035e-01 0.000000000000000000e+00
-1.216235433521188902e+00 -4.399600526929289129e-02 0.000000000000000000e+00
-4.503595612934566894e+00 3.439652349336306258e+00 0.000000000000000000e+00
3.813809055982629870e-01 1.417120242846840794e+00 0.000000000000000000e+00
3.040738391639787874e+00 -1.315868100535453333e+00 0.000000000000000000e+00
9.568900259907869507e-04 -2.168297574534530647e-02 0.000000000000000000e+00
1.453296656184167035e-01 -2.581349544191248110e-02 0.000000000000000000e+00
-1.689237995151507410e-01 -1.823366155303228139e-02 0.000000000000000000e+00
1.947825878588508031e-01 -8.464237406434657052e-01 0.000000000000000000e+00
-3.999651020215008179e-01 -1.548461459123448916e-02 0.000000000000000000e+00
5.891367345517326548e-01 -2.136466681657314681e-01 0.000000000000000000e+00
5.713403053232438689e-01 6.438748232637557800e-01 0.000000000000000000e+00
1.607642828127017642e+00 -2.569057828334196270e+00 0.000000000000000000e+00
1.094702628067645150e-01 2.814112823200248803e-01 0.000000000000000000e+00
-9.643366984912837836e-01 4.630811224695752931e-02 0.000000000000000000e+00
3.815315566513894030e+00 -3.176930669317457046e+00 0.000000000000000000e+00
3.706126231729574005e+00 2.033372956799908149e+00 0.000000000000000000e+00
-3.443254551117106210e+00 3.126375801641386953e+00 0.000000000000000000e+00
-1.814280977905243564e+00 -1.195825233168442692e+00 0.000000000000000000e+00
1.166973016202748070e+00 -1.290574671234712145e+00 0.000000000000000000e+00
