9.001055245785414272e-01 -3.252460634639152692e-01 -4.504286516402078444e-02 -2.463863595383207136e-02
4.347464492042875106e-01 2.354804059621445206e-02 -9.393482733419346309e-02 6.657844848978705654e-01
-1.041861442653474745e-01 1.449835757127438396e-01 -8.596528269280750978e-02 3.934579463613650518e-01
-9.261843680163888148e-01 2.142325959727063300e-01 5.600958795254884492e-02 2.326467393810453532e-01
-2.691300872520412391e-01 -4.989857503466362809e-01 7.806876271550976243e-02 -6.603506176553348705e-01
-5.374346008528863017e-02 -1.892764220589175650e-01 3.060071183809428413e-02 -2.801247877609623974e-02
-2.658025318087719135e+00 2.063810059468253189e-01 -6.849445214279788197e-02 -1.094014586253624799e+00
-5.308124208494156004e-01 1.986001690196350644e-01 1.035827103521246434e-01 -5.319140921299345681e-01
5.123021978316428804e-01 -6.058265219656747691e-01 6.184488673677466380e-02 -5.101219052457189873e-01
-4.651988857301987412e-01 -3.967555369072978816e-02 -2.577040629797463026e-02 -9.688843775806493808e-02
3.526418157982873502e+00 -1.808715473397168039e-01 5.132565296097536811e-02 5.771762366038915015e-01
1.035969682815739867e+00 -1.389432207458254631e-01 -4.809312912774506288e-02 1.774231861694671175e-01
1.388357138317560135e+00 3.851733247687198491e-01 -1.009819702442152078e-01 5.298643272539146354e-01
-6.755756746354071307e-01 4.744178816711526192e-01 -5.624666469537188684e-02 1.112943124875210632e+00
3.226367702452086483e-01 2.239109298903417256e-01 -2.380986267915432414e-02 2.695448031645055198e-01
-3.567324274484866553e-01 -6.409531267745703642e-02 6.309798438080985172e-02 -1.031486291079512840e+00
-8.032062156206227765e-01 -6.806219676870379764e-01 1.133666880550937006e-01 -1.502190587305234137e+00
-4.756934437330626597e-01 -3.744375520976464533e-01 6.038320880409614455e-02 -1.233576404090183321e+00
4.065726229006674797e-01 -1.757610256756809153e-01 1.503529985549535014e-02 -2.863223133393544839e-01
-3.047490366039584675e-02 -7.891211103577107366e-03 3.695569840703523401e-03 2.538550329990637427e-02
6.456592732395539658e-01 8.291222795302408133e-02 -6.840137510977749302e-03 -1.660743790080375371e-02
1.065927596706456315e-01 5.243308901234043640e-02 7.900720199352484138e-03 1.778800104399808069e-01
-2.768520869001290574e+00 -3.819683188406972074e-02 2.366576636898727604e-02 -6.517006319732567832e-01
-2.300753989715771941e-01 7.860475727574589566e-03 4.064348627650662960e-03 -3.711489608421715825e-01
-1.425250594058099285e+00 -1.251421066955017980e-01 1.018536075129196881e-02 -1.042922341163677658e+00
1.016376948349336784e-01 -4.590761688069439628e-01 -3.920401198134858961e-02 4.485780293282535247e-01
1.667662111780271683e+00 -2.965980594290220651e-01 -4.342802411670310114e-02 5.660494432237208606e-01
1.353306613021207916e-01 -4.073537248829801061e-01 -2.316322456160769053e-02 5.328503597221105892e-01
-2.125759098909396627e-02 -1.512522274458915628e-01 -5.267943925676640132e-03 6.022796404322582065e-02
2.380167487543681792e-01 3.011659078310506832e-01 -4.164532601446410687e-02 8.764721495690116493e-01
6.711409600280554555e-02 1.002817388018488964e+00 3.303880683782737387e-02 1.268287473601642512e+00
4.915170887400173161e-01 9.717791359323229017e-01 1.483796107894145080e-02 1.394849060571156318e+00
-1.674200898097752965e-01 5.982443716601636430e-01 3.383634760277951653e-03 5.855918533891445454e-01
-2.229652460704039107e-01 8.062334538413336305e-02 1.267933708710889187e-03 2.917996244292332328e-02
-8.472563346022694841e-02 1.477824879631035870e-01 3.757285488384894123e-02 1.709499829817069660e-02
1.368831609477958733e-01 2.997479900131247779e-02 8.731164825168634402e-03 7.381864274995454667e-02
