-4.732310218137254942e+00 3.973997844666237622e+00 -5.720464131477723591e+00 0.000000000000000000e+00
-3.619505395254732916e-01 -7.318877929758753620e-01 5.274197417940288402e-01 0.000000000000000000e+00
-3.928151450020802127e+00 -6.219411959166745163e+00 -1.378330507396750670e+00 0.000000000000000000e+00
-1.933000669108924985e+00 -2.782073811876442981e+00 -6.606394940450270419e-03 0.000000000000000000e+00
1.102033549581256766e+00 -1.224813868607226519e+00 8.999071319950258108e-01 0.000000000000000000e+00
-4.029858253319932082e+00 -3.846654243725678324e+00 -9.798862451959591269e-01 0.000000000000000000e+00
-3.750275130266334411e+00 1.463920340204270421e+00 -3.488977788259176815e+00 0.000000000000000000e+00
-4.276406288121082255e+00 2.059322777026038054e+00 1.236637402385019069e+00 0.000000000000000000e+00
-3.405995149590960391e+00 1.204867761039188467e+00 1.643677600308434128e+00 0.000000000000000000e+00
-5.299573983763272267e+00 -1.475484619965421018e+00 9.913704256883880683e-01 0.000000000000000000e+00
8.472656219011333034e-01 -3.068275388549469573e-01 -2.137002193401745520e-01 0.000000000000000000e+00
-2.037818360990396371e+00 2.330454479895569087e+00 1.220580012435272588e+00 0.000000000000000000e+00
-2.012850640108063693e+00 1.419060802251220332e+00 8.272020170845604259e-01 0.000000000000000000e+00
-3.012453933175915477e+00 -2.041740278990305413e+00 3.092979263963671066e+00 0.000000000000000000e+00
-4.055589087439150475e+00 1.041659079944287358e-01 2.917451906577299248e+00 0.000000000000000000e+00
-6.602045262586023755e-01 -1.022723352449161682e+00 4.162421643073530020e-01 0.000000000000000000e+00
-4.243872752148666327e-01 -7.705431306011805148e+00 -3.268269183954659152e+00 0.000000000000000000e+00
-6.796610892334582488e-01 -1.479886336078100884e-01 -3.111808631991498597e+00 0.000000000000000000e+00
-8.954912986450419554e-01 -5.503493932781571729e+00 -7.974007487956953355e-01 0.000000000000000000e+00
-1.919885361830649062e+00 -1.769022553674068465e+00 -8.421067346088507988e-02 0.000000000000000000e+00
1.502342143385282103e-01 5.348340557430771858e-01 -6.378186902060799524e-01 0.000000000000000000e+00
1.457813159064019537e+00 -3.306976025183197554e-01 7.688771543821035781e-01 0.000000000000000000e+00
1.390871058924343595e+00 -5.926212306576593702e-01 -1.557986229492658081e+00 0.000000000000000000e+00
-2.729827675657925390e+00 -6.175754913959480286e-01 3.187170200313850010e+00 0.000000000000000000e+00
1.727213960344091137e-01 -5.710736010176675759e-01 1.487257702673691506e+00 0.000000000000000000e+00
-1.418094255589092967e+00 3.352079030127228659e-02 2.061581706351156562e+00 0.000000000000000000e+00
-4.457224941697590648e-01 -2.167391387811063108e+00 -4.456217902504611694e-01 0.000000000000000000e+00
1.914195870582702907e+00 -3.794037748817925770e+00 -3.071950319788394612e+00 0.000000000000000000e+00
-2.329098419114524532e+00 2.153541667852338026e+00 6.128548268274784938e-01 0.000000000000000000e+00
-1.323576215666056211e+00 -2.157025953334548996e-01 2.472907179666118616e+00 0.000000000000000000e+00
-2.178865789286536181e+00 -3.334447506535725747e+00 -2.443888421732107297e+00 0.000000000000000000e+00
5.984070643827930525e+00 -5.980446836738979144e+00 -3.747641265848507874e+00 0.000000000000000000e+00
-5.254458790482458008e-01 -4.942648357805943249e+00 -9.107852624189126667e-01 0.000000000000000000e+00
-3.692217007284292585e+00 -1.949698342051567890e+00 2.216440954852982315e-01 0.000000000000000000e+00
-2.928994236188356748e+00 1.246758150219517969e+00 -3.684183874553106364e+00 0.000000000000000000e+00
