5.626590290142355344e-02 8.494856181751758717e-02 5.903529069115058536e-02 1.037846423567999610e-01
5.077059417204389524e-02 8.326957035470096413e-02 2.474720744054711985e-02 2.683007880753150720e-02
4.631842094040100610e-02 4.593657767018022309e-02 4.697469113497021453e-02 4.481053234165847943e-02
-5.629962447776735157e-01 -6.149613715344574016e-01 -5.704849583062922003e-01 -6.191663314811368668e-01
2.605383521116003132e-02 8.638367668150473411e-03 6.029259039293188849e-02 6.358973129304265615e-03
-4.529943656230505517e-03 -1.242154964212663359e-03 -6.005816077398223873e-03 -1.541045872190303923e-03
8.141182762917476001e-02 6.068952050964919465e-02 9.356505024397152037e-02 8.138613916849757324e-02
-3.107330622157518374e-02 -3.074518047608633398e-02 -3.431035157720270512e-02 -3.480370362083137770e-02
-1.501259009367779396e-02 -3.229361606528600992e-02 -7.847660695466676661e-03 -1.553005048553056378e-02
1.971006014959453267e-01 2.244559320588951912e-01 2.018729515276845576e-01 2.208768192851963130e-01
-4.113980218398127775e-02 -4.020269957374228431e-02 -4.255853575811304607e-02 -3.192123173627765820e-02
6.308308425536791886e-03 6.978908796843368012e-03 8.174240476879875150e-03 9.275809346976596204e-03
-4.596875622155757735e-02 -4.531586539177934192e-02 -6.549362797025060079e-02 -2.526777740400931727e-02
1.076433516223909009e-02 2.677401250813568612e-02 5.103189598053475828e-03 1.166473492896386022e-02
2.947843219211779275e-03 8.966783213227164095e-04 4.772069020348504442e-03 2.932888524393439944e-04
-4.820106070525213837e-02 -6.018246357714973627e-02 -6.375256095125070299e-03 1.685554620579239604e-02
-1.742334271350108599e-02 -2.463912016933872406e-02 -6.662641876095835164e-03 7.259569544779652384e-03
-6.076373716361757604e-03 -4.579019748980617255e-03 -1.324781417191812916e-03 -2.800956070160218192e-03
7.877971487682544627e-04 -6.397346383402682801e-03 -2.786341049580406959e-03 6.386136795231978081e-05
-2.113004151336683387e-02 -2.578950890470230184e-02 -2.199283648555947976e-02 -2.447829832874654984e-02
4.805584248463917740e-03 5.008449291690936916e-03 4.674874685302723293e-03 2.708464216550710360e-03
-3.192063067043223595e-04 -8.490836423069789141e-04 -6.124975244072312225e-04 -8.359578071422159307e-04
1.133145794617100230e-02 1.572391173470112646e-02 1.570049367206802216e-02 7.036615785176118104e-03
-4.402720977070206584e-04 -4.336214648924946458e-04 -9.713992138730073722e-04 3.533865676449490789e-04
-1.968643618905308035e-03 -6.031945095782503818e-03 -8.825028112114628731e-04 -2.383561010556024123e-03
1.081332403178647539e-02 2.064054581740606270e-02 4.230049803498073246e-03 -1.541844968486758005e-02
5.921234013102943256e-03 1.121058236686944820e-02 3.593802806862892579e-03 -2.569050496144680701e-03
2.038561222737510226e-03 2.007021574868483871e-03 4.062847537791777763e-04 2.761875897978483679e-03
-3.867751929843774028e-04 3.046391642776438702e-03 1.008896469723989317e-03 -5.421448361543242112e-04
1.085125420937582685e-03 -7.008897086314969105e-04 -4.056632367339920581e-02 -1.919361144969558564e-03
7.153547821124733863e-04 4.419767592003701062e-03 -5.023731450629793926e-03 3.991648890105996272e-03
1.925139115968171888e-04 2.101935763969164928e-03 5.476216345067438929e-04 8.877383974350422369e-04
-4.162708989111085778e-05 -1.564931821103146721e-03 2.394221714773214771e-04 -1.951269015609977120e-03
-1.879690932560934558e-04 -4.523687748835686362e-05 1.100925205561043008e-04 -3.697662656696049099e-04
9.445130711061006101e-01 9.458739593810271407e-01 9.435388188310903645e-01 9.347800726364946522e-01
7.000544320827482457e-04 1.241806542288491268e-03 5.107437979422074521e-04 1.045944045380194217e-03
