1.010789516449794201e+00 1.039054744186339807e+00 4.101432573034741180e-01 0.000000000000000000e+00
1.638846327307045492e+00 4.120466652071208546e-01 -9.244034105802802215e-02 0.000000000000000000e+00
-1.164076649396522445e+00 -1.674628205719042029e-01 5.182689746247779450e-01 0.000000000000000000e+00
4.009582469927004400e-01 2.994846853348299143e-01 -3.236359947760054645e-01 0.000000000000000000e+00
1.288505620077833758e+00 3.016636307549372953e-01 -3.895380206368136977e-01 0.000000000000000000e+00
8.161134945158232679e-01 -1.658377995717262854e-01 -4.697835207223112208e-01 0.000000000000000000e+00
-4.562612783104633696e-01 1.512758853898166223e-01 2.702737368278101265e-02 0.000000000000000000e+00
1.002506337265064718e-01 -3.841248950461161882e-01 3.418259055040858696e-01 0.000000000000000000e+00
1.215766628778461728e-01 1.063526923709855743e-01 -1.023162039502066439e-01 0.000000000000000000e+00
-3.197768995830567729e-01 -4.133733967787334707e-01 4.552541255392266173e-01 0.000000000000000000e+00
2.971458186422839404e-02 5.623423758770042247e-02 -2.165863607121546186e-01 0.000000000000000000e+00
-2.878321620098786005e-01 -4.880026328451494977e-02 1.813878484138937985e-01 0.000000000000000000e+00
4.592040552298389811e-01 -1.608841329757209615e-01 9.455585513566494571e-02 0.000000000000000000e+00
1.180646580494676412e+00 -3.477287260276934466e-01 3.628722866823209936e-02 0.000000000000000000e+00
4.003587637771300473e-02 6.736757947176924555e-02 1.410751034543575588e-01 0.000000000000000000e+00
1.136447880788530984e+00 -2.892633517730237511e-02 4.280753820408753768e-02 0.000000000000000000e+00
1.095040908582459949e+00 4.327544532148941969e-01 -2.492470628827224977e-01 0.000000000000000000e+00
1.102726569953457747e-01 2.297375145033073163e-01 5.239616613179425286e-01 0.000000000000000000e+00
-7.271502139193932734e-01 1.878142558749961444e-01 5.364304214160292572e-01 0.000000000000000000e+00
-5.533232472010666397e-02 5.097786931163834634e-01 -9.304676716382220825e-02 0.000000000000000000e+00
-1.065938675029843408e+00 -1.754087802969348797e-01 7.611715554815003115e-02 0.000000000000000000e+00
1.692897249025536455e-01 1.649431214339220908e-01 -9.304041288660924724e-02 0.000000000000000000e+00
-2.780450834440863495e-01 2.798234657050456889e-02 -5.718941743380752743e-03 0.000000000000000000e+00
-1.212946757614411508e+00 -3.053165460162802769e-01 4.138207172670894107e-01 0.000000000000000000e+00
2.686373589465155254e-01 1.216954970484432630e-01 1.373679875505354198e-01 0.000000000000000000e+00
1.433080498389357194e-01 1.870084308102494819e-01 -7.722876644720806649e-02 0.000000000000000000e+00
1.783822652431067413e+00 8.795786225321716723e-01 6.433850707453868563e-03 0.000000000000000000e+00
1.384699537562655181e+00 3.181246332969597246e-01 2.407665183082126625e-01 0.000000000000000000e+00
3.182130980899483541e-01 7.865150280862764909e-02 1.205600494680851426e-01 0.000000000000000000e+00
3.029116650782829878e-01 1.595971261452195367e-01 2.343109399288886285e-01 0.000000000000000000e+00
6.433381404404658888e-01 1.559467754978386411e+00 -2.230826573588159389e-01 0.000000000000000000e+00
9.767730975950086325e-01 6.430741426117106974e-01 -4.937005937372063169e-01 0.000000000000000000e+00
5.480213130268472010e-01 -4.382651460561644008e-01 6.958462996093999209e-01 0.000000000000000000e+00
3.071096480817807617e-01 -2.064215102874590868e-01 7.215353866619982348e-01 0.000000000000000000e+00
-1.116107810085149588e+00 -2.758865141497912066e-01 1.941293053521195577e-01 0.000000000000000000e+00
