4.089202986695019248e+00 -1.306838156881097168e+00 -4.477437638781994522e+00 0.000000000000000000e+00
3.396420371780256797e+00 7.718093494300947155e-01 -6.288382362759806554e+00 0.000000000000000000e+00
-3.131902097661650952e+00 -7.256160551250321646e-03 2.812155389511716841e+00 0.000000000000000000e+00
1.516598900415911666e-01 6.024221334481074663e-01 7.745394037026493983e-01 0.000000000000000000e+00
-2.342720982321165879e-01 6.672604059438992374e-01 -5.778282595614700590e+00 0.000000000000000000e+00
2.898720753758662561e+00 -9.412326428014053947e-01 -3.583470187378510197e-01 0.000000000000000000e+00
2.630984320844574675e+00 5.451795449012697414e-01 -1.802694849791662168e+00 0.000000000000000000e+00
-3.171274920470752878e+00 -1.960797384460018833e+00 5.397778132766172021e+00 0.000000000000000000e+00
-7.132954682643571909e-01 1.180325233329783674e-01 3.456023740550367984e-01 0.000000000000000000e+00
-7.009873579091937534e-01 9.488935649477701073e-01 1.001254174151921639e+00 0.000000000000000000e+00
-3.397183250123437581e+00 -5.493021660671143502e-01 -5.423105700808195095e+00 0.000000000000000000e+00
-1.152570793862955467e+00 -1.194870268570831229e+00 8.730261780384365622e+00 0.000000000000000000e+00
-1.510407694264078504e+00 9.114743875365924342e-02 4.411516635152627153e+00 0.000000000000000000e+00
4.653973570931205228e-02 -5.396498854986768734e-01 9.603206690485642794e-01 0.000000000000000000e+00
-1.059741758700428305e+00 7.270475445867881081e-01 2.065818490077533376e+00 0.000000000000000000e+00
1.299054841474309496e+00 8.820951476570521033e-01 -4.163225131157784809e+00 0.000000000000000000e+00
1.079683561507000622e+00 3.718262287814008360e+00 7.418929751173093390e-01 0.000000000000000000e+00
3.979398746103130491e-01 -2.083820995894551109e-01 1.456341475199710855e-01 0.000000000000000000e+00
-1.441681430141682929e+00 9.647202860280782444e-01 1.842402348178109883e-01 0.000000000000000000e+00
-9.651269159345936544e-01 2.225366325452461158e+00 -5.221025357795965327e-01 0.000000000000000000e+00
1.803722078832583897e-01 -5.699334405892516608e-01 -5.169325569484035654e+00 0.000000000000000000e+00
3.657515607127317381e+00 9.259851317378449131e-01 8.735105814121686407e+00 0.000000000000000000e+00
1.092582093939542087e+00 -2.756137751787860468e-01 3.914544959577989314e+00 0.000000000000000000e+00
-1.554500484953803330e+00 2.130762570408648138e+00 -2.141183470167808134e-01 0.000000000000000000e+00
-2.094808984347638958e+00 -7.037345501995579955e-01 -6.695314664478104305e+00 0.000000000000000000e+00
8.689533980733669116e-01 1.017369832093774906e-01 5.208544173452701820e+00 0.000000000000000000e+00
1.202391963068256547e-01 4.818957854035337718e+00 5.517775529080219066e+00 0.000000000000000000e+00
-1.612698823780193580e+00 1.651645410518958634e+00 2.115116617564082535e+00 0.000000000000000000e+00
-3.288034511495602392e-03 -5.879069048450741297e-01 1.735067637699244658e+00 0.000000000000000000e+00
1.417585945255911195e+00 -1.865664344134611907e+00 2.368005382808162085e-01 0.000000000000000000e+00
1.940420660874504710e+00 2.190167746122394288e+00 -7.029993648917849391e-01 0.000000000000000000e+00
-5.096775034849213570e-01 -7.395252465029913402e-01 -1.729463987252890245e-01 0.000000000000000000e+00
5.855848458624079989e-01 1.042377710466256824e+00 -8.038613809220607198e-01 0.000000000000000000e+00
1.030139803140505350e+00 1.534077428181958025e-01 -2.499504010049747038e-01 0.000000000000000000e+00
7.324955300365086908e-01 1.928904640979319796e+00 -1.663677787739289426e+00 0.000000000000000000e+00
