-2.663620530180220491e+00 2.878739920671231078e-01 2.602371442266973034e+00 0.000000000000000000e+00
-1.548112478593393737e+00 2.558678755115854631e-01 1.554395287490325739e+00 0.000000000000000000e+00
-2.691135630995925010e-01 5.121935022187623643e-01 -1.759638774460830168e+00 0.000000000000000000e+00
-1.260892525962477029e-01 3.490747270775273470e-01 -1.111519633360361192e+00 0.000000000000000000e+00
-9.792880286473431006e-01 -1.629093387002087112e-01 1.035354398470446746e+00 0.000000000000000000e+00
1.488875603580752487e-02 5.470378030536748870e-01 -1.065769339233730850e+00 0.000000000000000000e+00
-8.803171314737272546e-01 -1.056184671388238176e-02 1.079774451348399111e+00 0.000000000000000000e+00
5.639566464372843813e-01 1.522927683003766908e-01 -5.673569670266290776e-01 0.000000000000000000e+00
1.147050684652257957e-01 -1.822059865483144012e-02 -2.035281110966117302e-01 0.000000000000000000e+00
8.570000307590278643e-01 1.785367926994942678e-01 -1.818945555484689169e+00 0.000000000000000000e+00
-7.091731883934397906e-01 -2.225257675974439964e-01 5.289295839901971830e-01 0.000000000000000000e+00
6.598657963175664776e-01 -4.525817763756140311e-02 1.277989023986233763e-01 0.000000000000000000e+00
1.007067003723828430e-01 -6.414453749457418863e-02 1.297138945638806329e-01 0.000000000000000000e+00
8.011965322393644895e-01 3.784642759423387792e-01 -1.193755447307502271e+00 0.000000000000000000e+00
6.891683174543669077e-01 -3.675718427886877082e-01 -4.585471815928780503e-01 0.000000000000000000e+00
-2.459207634207624948e-01 1.423457458305300849e-01 1.379813493765288113e-01 0.000000000000000000e+00
1.507341924141414546e+00 5.330163635336462313e-01 -2.720241006152819718e+00 0.000000000000000000e+00
1.348294701453002675e+00 -4.624100227021574749e-01 -1.464796794163766069e+00 0.000000000000000000e+00
7.927714880828606869e-01 -2.711979350866396410e-01 -1.795873074979560835e+00 0.000000000000000000e+00
1.089604632115546423e-01 -2.933876013215663825e-02 -1.058746047745371843e+00 0.000000000000000000e+00
-5.443599419461410127e-01 3.327514072115151517e-02 -5.030441568984173745e-02 0.000000000000000000e+00
7.205232617550016982e-01 1.056112603458841809e-01 1.433079679869015965e-01 0.000000000000000000e+00
1.739116709194082344e-01 -2.613732516611482273e-02 1.526928570667914764e-01 0.000000000000000000e+00
8.246609734872599740e-01 3.449764103485652433e-01 -1.080901046952902345e+00 0.000000000000000000e+00
-5.658110080034769312e-02 -3.398024056657392156e-02 2.597225348634598641e-01 0.000000000000000000e+00
4.438584036681171296e-01 -3.651270140730917407e-02 1.112610121064447344e-01 0.000000000000000000e+00
1.360255469979199106e+00 8.642956177352426606e-01 -2.078127069690951512e+00 0.000000000000000000e+00
1.172285838988301077e+00 3.157276422517738684e-02 -7.939801947707091356e-01 0.000000000000000000e+00
3.909629562192684649e-01 5.156801976402644420e-03 -5.080824590722989864e-01 0.000000000000000000e+00
-3.297825745061792185e-02 1.062207274820561181e-01 7.830172340970876360e-03 0.000000000000000000e+00
1.792081166350353305e+00 3.017424509812574596e-01 -2.656506455055118732e+00 0.000000000000000000e+00
1.490301410511212898e+00 -7.518157391792117394e-01 -1.727265505888141428e+00 0.000000000000000000e+00
1.171735441211735562e+00 -2.879289327545931920e-01 -1.690834016094075576e+00 0.000000000000000000e+00
7.294074714088268907e-01 -6.196405873151310528e-01 -1.792480178007933134e+00 0.000000000000000000e+00
-1.945782151241755298e-01 1.929746058069209125e-01 -7.656639358529700179e-02 0.000000000000000000e+00
