1.026093865890007756e-01 -1.996795688265817215e-01 2.007473226280845346e-02 -5.840341443122288867e-01
1.388551668518543669e-02 1.451028751332152367e-01 1.478070314552401565e-01 -1.127701159549155396e-01
1.051628798897532857e-01 7.328593655446290211e-02 1.508121402614071849e-01 1.630746567658346580e-01
-1.441529332450924850e-01 3.610838307741170983e-01 -1.364022976774870721e-01 6.570829867719166772e-01
3.274691438559511336e-02 9.419141606357374352e-02 6.178745693125584082e-02 -9.870987937216585406e-02
5.014380695077754607e-02 3.691164703931848479e-02 3.972117101627526542e-02 8.599829503387337870e-02
6.403141785790849028e-01 -1.393644021078260797e-02 9.753866643883768450e-02 9.183210197574398492e-01
-7.078579407095295095e-02 1.594953566787882249e-02 -1.237016122870958079e-01 -8.930608122200439647e-02
4.293098327127947700e-02 2.485627636597671775e-02 3.634991619856918488e-02 2.773577635778891326e-02
-6.422895560164620932e-03 -4.168953662998347021e-01 3.168012918372148379e-02 -4.281446187634406209e-01
-5.334567611897801376e-01 4.302135279394257994e-01 7.740053604003543919e-02 -6.313819889406642183e-01
-7.924149792049611785e-03 -9.659736530915208341e-02 9.774367983077472677e-03 -3.950080883894764583e-02
1.139508116686587802e-01 7.326124204680728447e-02 2.629158815727677956e-01 2.951035979948497534e-01
1.455432314138826455e-01 3.025890504079021270e-01 8.316116512879501155e-02 8.884225125726150085e-02
-6.973209733343790906e-02 9.862480911842841369e-02 -3.822129492991670208e-02 -8.775409043031937029e-02
1.039057955082569040e-01 5.805454406389991273e-02 5.852598462913444211e-02 3.867615463143851962e-01
9.139165174239641254e-02 2.431180739013324987e-01 1.055905657085542126e-01 -9.537460185013815761e-02
-4.020900834838397886e-02 1.528588281385094838e-01 4.510764873145794995e-02 -5.760107395096256133e-02
4.169954094420319501e-02 1.237683812514547704e-01 -9.972822257426862055e-03 -5.164647064427727030e-02
1.913653698875830700e-02 1.803629979231397007e-01 1.425625643044428278e-03 1.221869614532330173e-01
1.659894861263964960e-01 -3.364289209395383007e-01 -6.991192154658307234e-02 1.811674914251795721e-01
8.596470443705615805e-03 6.270912673932377279e-02 8.842800650942068963e-03 2.732151646192564759e-02
7.134866282567947637e-02 8.272848541152322266e-02 -3.866935677988400655e-02 -2.427907074755975003e-02
4.140757686096543932e-02 -1.483004973959055617e-01 1.220337218229713971e-02 3.008327696766024961e-02
-9.508492386336955815e-02 -2.574451926064363905e-01 -6.372657170660195325e-02 -6.649605782888026728e-02
-1.126229861413856614e-01 -7.239843966597334091e-02 -3.668486178796214747e-01 -6.187639700281335475e-01
-2.990749379610942171e-02 -2.398408991430754089e-01 -6.299115752874204222e-02 4.968302407367199136e-02
2.696433031653180934e-02 -2.316266141644137411e-01 -3.195939340813092056e-02 4.613618394567184366e-02
-2.625593107225210332e-02 -1.856625516068831638e-01 9.882698349593849185e-03 4.086700226873341696e-02
3.754394753458822898e-02 -5.182542636986667284e-02 -2.279548253256105383e-01 -1.257246893462778958e-01
1.176210610168990089e-02 -3.434621753470354366e-02 1.388359572569410338e-01 4.365922881222342733e-01
-4.955441297337789819e-02 -9.590059546953944025e-02 1.840919857320127972e-02 6.010013127363939001e-02
6.242694539921544994e-02 -7.267789929005946670e-02 -4.993245562151860106e-03 5.598744544529544315e-02
-3.315169417277105679e-02 -5.965332144467680453e-02 -1.174852937574093203e-02 1.189606253496104660e-02
-2.039573910798425649e-03 -2.669837767435408529e-02 1.720391205252921364e-04 -1.157930008399388200e-02
-3.258705346471394565e-02 5.792950007068832508e-02 -3.122626891141618705e-03 -3.416260103567056450e-02
-1.077145046852294018e-03 -1.601165211957364387e-02 -1.775424622296082125e-03 -3.849300774720358989e-03
-1.932495430834978156e-03 -1.048970283324018871e-02 1.211990247470501325e-02 7.052320537912180887e-03
1.642038383436403640e-02 5.604694180592677266e-02 1.218052000681740799e-02 1.289303177634486958e-02
-7.832636891061728335e-03 4.230347143178384006e-02 -1.347874717008791523e-03 -3.181191361450395536e-03
1.165375103031351389e-01 7.181489234133431321e-02 1.669171783605793435e-01 2.098830345078102622e-01
6.318889815482030270e-03 7.631111455155692447e-02 1.255629470479762561e-02 2.727454869618888000e-03
-3.207506979250950019e-03 7.205671418938632000e-02 4.740211936535898563e-03 -7.475433908297982044e-03
3.892415607521793053e-03 6.438371041873741651e-02 -3.180820637161151099e-03 -9.216098579489448439e-03
7.853428631807603255e-02 1.009299862779677037e-01 2.159644949357190091e-01 2.476008072449089048e-01
-1.716100710500893800e-02 3.655618057595771964e-02 -4.786652868015887213e-02 -1.179450184757572517e-01
1.484098056072108429e-02 6.561762317623953678e-02 -6.241016778027866363e-03 -9.365864678554991496e-03
-2.221898775773577944e-02 3.682364921591207985e-02 1.749961962883461730e-03 -2.079064392276375184e-02
9.479859213914067217e-03 3.879875278901497027e-02 5.972856244908345685e-03 -7.668543585388259455e-03
-3.145643537856224192e-02 1.052166210250921052e-02 3.541474505034803988e-01 7.211258040293866411e-02
-5.987304848698679627e-02 -5.966230619339719932e-02 -1.247406757098235008e-02 -1.988150495796836559e-01
-1.461404585740844198e-03 4.709675891439168982e-03 1.204816062605973404e-02 -7.646144532030760277e-02
2.088642856644437606e-03 -1.776224996910985565e-02 1.941969752035699326e-03 -2.296500005446731885e-02
-1.313567505496263110e-02 -4.097436888199579297e-03 1.765901825680815662e-03 -7.366197096274930411e-04
2.386117900790421520e-03 -1.293325293479197224e-03 5.259988252039306256e-03 1.359603783616821632e-02
-2.564703230537709877e-02 2.789608204374759148e-02 4.183436886289974149e-03 1.580111361775465573e-01
5.146961254488643077e-03 4.719529118948823966e-03 5.086631571069270309e-03 3.828637310240778566e-03
