1.340626966843396772e+00 -6.230412773684630423e-01 6.394184157566064064e-01 -6.062093324640238645e-02
2.351543570333063382e+00 -4.115087995705803414e-01 3.159467647700931470e-01 1.973007503020188791e-01
4.061524600700158194e-01 -3.866594161229189308e-02 -8.749592275411899323e-02 2.363827223009671574e-01
-1.206906339658582183e+00 -4.141120196871739267e-03 -1.165145736865465853e+00 -4.736538817929053513e-01
7.625511009847589783e-01 -1.302361744249404651e+00 4.011766797956893282e-01 2.003472247878486379e-01
-8.258781659351106808e-02 -3.727425872571475951e-01 6.035506215497750127e-01 3.816326623482373115e-02
-3.371115233557352653e+00 1.364313691824980301e+00 -1.651162043345090202e-01 6.653230848706146450e-01
-3.838334213471039091e-01 4.880559525028943524e-02 -3.625684565433138218e-01 -3.845894477311497250e-01
-5.378921453501808170e-01 -9.999984784242047509e-01 6.990855527590325025e-01 2.163548705912797798e-01
3.188352169241516765e-01 9.353150649513691794e-02 5.642161572143030712e-01 2.715772976231008440e-01
1.788586431999158011e+00 -9.230915672572403974e-01 2.770814646595418651e-01 -6.860846311333947956e-01
2.246397918102137903e-01 -3.994888497392866389e-02 1.519699300234803596e-01 1.644850418846817708e-01
1.578710227390300869e+00 1.724078274715088455e+00 -7.750387647083387677e-01 2.190166887904880511e-02
-3.719005309966105788e-01 8.974758368637913986e-01 -2.848747301899309248e-01 -2.669968523074372491e-01
-2.103296916736013822e-02 3.729695983004592819e-01 -2.663965518753544925e-01 3.036234589877651567e-03
-4.280361409466016731e+00 5.447007886213681704e-01 -1.169246996603788002e-01 4.506887806920434336e-03
9.709189876346807635e-01 -7.278399124506422790e-01 4.935770529225273484e-01 4.360455735531004046e-02
3.524533383596163416e-01 -4.846102670777006627e-01 1.615014781309414005e-01 8.780887304799468718e-02
1.023668334247210265e-01 -5.090499562121940380e-02 7.424666830993251754e-01 5.175711882466754038e-02
-8.089443045114235245e-03 -8.910723010439509234e-03 -2.790790407489320696e-02 -3.394741705303556956e-02
-2.749596842645168904e-01 1.751196846501716087e-01 -4.383755648650194958e-01 1.537550015207372611e-01
-2.839501668415860686e-02 9.417749272339497740e-03 -3.796601069659529676e-02 -2.092102538107990309e-02
-9.348969988483071258e-01 -5.695750108916097787e-01 5.235770944693552975e-01 -1.603594853339731507e-01
-3.371794393766759657e-03 -8.956952985181705629e-02 -2.333292859772656547e-02 -6.097393002861466703e-03
-4.815681703396565427e-03 -2.060014342417933186e-01 1.186250874787694309e-01 5.778502656680248317e-02
9.877537171738455246e-01 -1.841475766015841786e-01 6.832899785509278789e-01 -1.817413023977679509e-01
2.012150902160240173e-01 3.287061766044275246e-01 -2.577132267220338946e-02 -2.626564752034510689e-02
-7.363504298949635762e-04 2.232705361910739261e-01 9.702403468826636956e-02 -2.385691531560520801e-02
-4.377601670202989348e-02 2.925045799084510095e-02 -2.473484367938056649e-01 -1.287784611162984261e-02
2.332104070797746509e+00 8.747037455994542687e-02 -8.480267809750918762e-02 -1.716934002302992202e-01
-3.926575177433393460e-01 -1.886283958320824072e-01 -5.903225598195818158e-01 -5.408046318932839894e-03
-1.818562973300099084e-01 -1.579686582657922611e-01 -6.145994859175875069e-01 4.130536415747654982e-02
3.401878413880440877e-02 -5.251880069698863784e-02 -1.025975478454880907e+00 1.218827035159565295e-02
4.265106611741716069e-02 2.469994682446000067e-02 -5.023852092804574898e-01 1.641369501913610834e-02
-5.693685007930744391e-01 5.398207526409412038e-01 8.405188173071663493e-02 2.694323287797557032e-01
8.978921297805165028e-03 4.331201721143072142e-03 1.057034073637649375e-02 5.974237054457208138e-03
