-3.611978051299751691e+00 -4.347213792714462066e+00 -2.414308606211833741e+00 0.000000000000000000e+00
4.120613008346205031e-01 8.438953296550670835e-01 -1.770068601510830231e+00 0.000000000000000000e+00
3.479897838662610710e+00 -3.801164835123811425e-01 4.565517275857811086e-01 0.000000000000000000e+00
1.180666895813582279e-01 -2.119978176083741950e+00 -8.032429352343338769e-01 0.000000000000000000e+00
2.211420271849069974e-01 1.478339516434652445e+00 -4.935744504447084902e-01 0.000000000000000000e+00
1.040936181261532312e+00 -1.389870453542023376e-01 4.336408959976820299e+00 0.000000000000000000e+00
-2.193044317245377073e+00 -2.069831933887579911e+00 -4.387324469638714142e+00 0.000000000000000000e+00
3.216244743053534805e+00 -1.315080365347658931e-01 2.924267645449253106e+00 0.000000000000000000e+00
3.142534434235822793e+00 5.131126415177877931e-01 2.167767743101193467e+00 0.000000000000000000e+00
1.816990842330636236e+00 -7.974574727249997830e-01 3.172484444489717670e-01 0.000000000000000000e+00
-3.421094233952912123e-01 7.536264899864840716e-01 -3.357568265723826495e-01 0.000000000000000000e+00
1.846682652934925839e+00 4.649470820242100899e-01 2.305437096714859191e+00 0.000000000000000000e+00
2.021905534407355542e+00 3.607830983038863293e-01 5.383569044608182974e-01 0.000000000000000000e+00
2.339415486104964970e+00 1.959478474693688632e+00 3.303818881921942285e+00 0.000000000000000000e+00
1.264222451537458047e+00 -2.115045433994397595e+00 8.526978864280073678e-01 0.000000000000000000e+00
1.365475368415469903e+00 3.126548354732786028e-01 -9.247107892111834371e-01 0.000000000000000000e+00
2.239038068356320466e+00 4.089601162021824443e+00 1.197840450092610087e+00 0.000000000000000000e+00
-1.660748529421548270e+00 -1.622246442768418451e+00 -4.517253067548563372e+00 0.000000000000000000e+00
2.073745371126844539e+00 -3.502718108024724497e+00 -7.536299037747822283e-01 0.000000000000000000e+00
-2.435246561576968727e+00 -7.772195470649584381e-01 1.226154100349333254e+00 0.000000000000000000e+00
-2.973401902559379972e-01 -4.715412615018961251e-01 -6.077667493120005870e-01 0.000000000000000000e+00
1.137778491438570461e+00 6.259301194696529347e-01 1.701570100690830145e+00 0.000000000000000000e+00
-1.218624622238565935e+00 1.856211393925901940e-02 -9.529881930211975272e-01 0.000000000000000000e+00
2.317003301458790077e+00 2.293613671826627787e+00 3.240350031795561581e+00 0.000000000000000000e+00
1.214899256894488994e-01 3.417262436289529859e-01 1.003418768222441443e-01 0.000000000000000000e+00
-5.502503465100043734e-01 -7.780802396031769597e-01 -3.608577135898594634e-01 0.000000000000000000e+00
2.982909013584465363e+00 2.350921563643753487e+00 4.102735396891932673e+00 0.000000000000000000e+00
-9.336617847479559140e-01 2.518019823989161576e+00 -1.421697812762002799e-01 0.000000000000000000e+00
5.509743446955178703e-02 1.825716463006897605e+00 2.343674909159278119e+00 0.000000000000000000e+00
1.654931063548557235e+00 -8.351873768540442333e-02 1.937233230705932563e+00 0.000000000000000000e+00
1.112948247929947732e+00 -6.130472869734113317e+00 4.334483389994764124e+00 0.000000000000000000e+00
-2.215337219991195372e+00 5.782443451430184567e+00 -3.496262172498945109e+00 0.000000000000000000e+00
-1.309672530413256375e+00 -5.549723307287648399e-01 4.642732777685488754e-01 0.000000000000000000e+00
-1.583208372228873895e+00 -1.490006560233371746e-01 1.312522137865354876e+00 0.000000000000000000e+00
-8.852515729609927719e-01 -1.722992159534553647e+00 -6.499433178126218236e-01 0.000000000000000000e+00
