4.996816142293883933e-01 -4.970131855581334974e-03 -5.073116317958227262e-01 0.000000000000000000e+00
8.064599534342555831e-01 -3.010967129767305184e-01 -5.234519895150385738e-01 0.000000000000000000e+00
9.558539528136066055e-02 -6.205371278680396063e-01 -2.289841770298165269e+00 0.000000000000000000e+00
-1.143968939229561832e-01 -1.139019953282063430e-01 1.517634104530875827e-01 0.000000000000000000e+00
4.123217691202634705e-01 8.963498303887534879e-02 -2.574533045508349272e-01 0.000000000000000000e+00
-1.419164716904717904e+00 -1.490836331971528095e+00 1.252356974526821265e+00 0.000000000000000000e+00
-2.785120388344570347e-02 2.777853572888091538e-01 -5.966749986780836013e-01 0.000000000000000000e+00
-6.765348851504647820e-01 6.596884083807400545e-01 -1.202312479764931830e+00 0.000000000000000000e+00
2.578585348728110738e-01 4.018434574411244853e-01 -1.661904441579740710e-01 0.000000000000000000e+00
-7.537888678019249999e-01 -2.760940353155468818e-01 -4.902931729045469922e-01 0.000000000000000000e+00
1.327522701040763087e-01 1.859280166972905324e-01 -1.049122227957081793e-01 0.000000000000000000e+00
-2.708013461969386859e-01 9.627215458536717008e-02 -4.149833964546008613e-01 0.000000000000000000e+00
-7.226036352483078407e-02 3.457115617036509714e-01 4.434751771652402641e-01 0.000000000000000000e+00
-5.214280712014380814e-01 -4.479323729837949575e-01 3.235779003184585667e-01 0.000000000000000000e+00
-4.607492196992705180e-01 4.102365483316005590e-01 -5.667130578831057752e-01 0.000000000000000000e+00
4.570226943617474724e-01 -4.087384830495062737e-01 -3.757170125709934361e-01 0.000000000000000000e+00
-2.253034148099603284e-01 -3.076972222385363942e+00 -1.182069808742474137e+00 0.000000000000000000e+00
5.378652984722108732e-01 -2.452203621822613755e+00 1.298479414457774261e+00 0.000000000000000000e+00
-2.608156165738921284e-01 -4.476524317816228393e-01 -8.326927913845413309e-01 0.000000000000000000e+00
-2.847166036808135292e-01 -2.712658986949853523e-01 -3.660338847495088754e-01 0.000000000000000000e+00
3.715580908904685901e-03 1.015954274709234273e-01 -3.882697653464715903e-02 0.000000000000000000e+00
1.666682267907670240e-02 -9.508585631122178777e-03 -5.545826328929008564e-02 0.000000000000000000e+00
-1.276578547583195611e-01 1.305177510753936510e-01 4.032460833975659020e-01 0.000000000000000000e+00
-6.682589157683760384e-01 -1.849090374827363006e-02 3.987185311107356855e-01 0.000000000000000000e+00
1.227953826269419929e-01 -1.493853334944391514e-02 1.006979381591980582e-01 0.000000000000000000e+00
-1.223958060776296208e-01 3.560605225388556727e-01 -4.439117162729893651e-01 0.000000000000000000e+00
4.178655211986955220e-01 -2.753347331822032285e+00 7.073519859110926067e-01 0.000000000000000000e+00
1.744118398657948044e+00 -1.744155875408580192e+00 -1.828694935244430830e+00 0.000000000000000000e+00
-3.593356282729894269e-01 5.593452274367710642e-02 -9.226042128420920418e-01 0.000000000000000000e+00
1.249318397422486820e-01 -1.857504132432949984e-01 -4.865254236704645296e-01 0.000000000000000000e+00
-1.906370067155060744e+00 1.560531217815045224e+00 1.173923325206583934e+00 0.000000000000000000e+00
-3.962641162114043603e+00 1.096358774913670509e+00 3.102096752301480187e+00 0.000000000000000000e+00
-1.389917760778971667e+00 -1.967392843920821921e+00 1.331526145463359789e+00 0.000000000000000000e+00
1.423718896517268240e+00 -1.820257140867520107e+00 -1.265013819142542933e-02 0.000000000000000000e+00
-5.036330312741775783e-01 1.296197498719991736e-01 -1.767624332037409651e-01 0.000000000000000000e+00
-2.249617320387590005e-02 -4.806288390712544489e-02 -4.082077960089564722e-02 0.000000000000000000e+00
1.517274353930991582e-01 1.491735777471850100e-01 1.170094389687212355e-01 0.000000000000000000e+00
3.690002109335684816e-02 -8.571132065424666435e-02 -6.981541957591294589e-02 0.000000000000000000e+00
-8.034016923478241035e-01 -1.952136983402745218e-01 6.238835648707578008e-01 0.000000000000000000e+00
3.208118941762843068e-01 2.020563312239683496e-01 6.498991861233904821e-02 0.000000000000000000e+00
-4.826582143116077417e-02 1.581898915613522971e-01 2.480005807573116838e-01 0.000000000000000000e+00
9.357549516892494923e-01 -2.792831466235344617e+00 1.445017731057081312e+00 0.000000000000000000e+00
6.559743521554602941e-01 -1.477977409878457493e+00 -1.836889628996287271e+00 0.000000000000000000e+00
4.340464816281317528e-01 -1.004144832481224991e+00 -3.683739049419176848e-01 0.000000000000000000e+00
-1.964948745306692723e-01 -1.282295675827261894e-01 4.500632573598292718e-02 0.000000000000000000e+00
-5.534249117924877615e-01 2.478750476878309073e+00 3.763631008931049848e-01 0.000000000000000000e+00
-3.863173034869039402e+00 -4.606411856719547782e-01 3.203393130747981044e+00 0.000000000000000000e+00
-8.036590628673183634e-01 -1.491626579282007148e+00 7.001593994631316598e-01 0.000000000000000000e+00
6.759456449989328375e-01 -8.191765011483600478e-01 4.423416517952327709e-01 0.000000000000000000e+00
3.950658369496433120e-01 -7.219635934849604197e-01 -3.821382308905185710e-01 0.000000000000000000e+00
-2.642395797080867581e-01 -2.265203481480712711e+00 -1.338142195269858448e+00 0.000000000000000000e+00
-2.166537006840195456e+00 3.840750812851366103e+00 2.673359535654643793e+00 0.000000000000000000e+00
-2.639815086894118590e+00 -3.477131199026215924e+00 2.010511431557067574e+00 0.000000000000000000e+00
8.214506887577385230e-01 -1.962092336478363785e+00 -1.739456408081342664e-01 0.000000000000000000e+00
-4.936632913872677220e-01 -7.139851734534720107e-01 5.819505602491712448e-01 0.000000000000000000e+00
-1.162544815950784072e+00 -1.518894963355983396e-01 -3.557377087363245982e-01 0.000000000000000000e+00
