2.637009170464744034e+00 -1.950221168530389404e+00 2.324103714981423430e+00 0.000000000000000000e+00
7.805528217145584202e-01 3.388131162187648648e-01 1.291614283573764066e+00 0.000000000000000000e+00
1.621220530942990345e+00 -8.165478476514705930e-01 -1.969168203764360747e+00 0.000000000000000000e+00
1.611380738877057794e+00 1.958559277972623969e+00 -3.048104525656504804e-01 0.000000000000000000e+00
1.641823697058833187e-01 1.418432238650813693e+00 -3.918137891806797862e-02 0.000000000000000000e+00
1.132059165385120025e-01 -7.857728375627224260e-01 -1.093682287120646635e+00 0.000000000000000000e+00
5.146815613689350588e-01 -8.813641152679598662e-03 2.075088328847760066e-01 0.000000000000000000e+00
-1.284236690901260580e+00 2.616242536522240258e-01 1.835455382101036426e+00 0.000000000000000000e+00
1.054995956122916523e+00 -9.281810424325958042e-01 1.755812307436433350e+00 0.000000000000000000e+00
3.087900024993619930e+00 -2.999387910623434461e+00 2.153959724277229260e+00 0.000000000000000000e+00
-3.666964754607709986e-01 1.027608754357803189e+00 -1.981761296740556233e-01 0.000000000000000000e+00
-1.776448622989841020e-01 -2.483610746442115602e-01 9.809399351399046285e-01 0.000000000000000000e+00
2.543048923280931059e-02 -6.542641886119370254e-01 9.171705608195337422e-01 0.000000000000000000e+00
1.066447694636876165e+00 -8.145076158325408322e-01 -2.732805139136941897e+00 0.000000000000000000e+00
1.493171239577511189e+00 -1.707275789266875288e+00 3.987397140838678800e-01 0.000000000000000000e+00
9.385750183138688030e-01 4.416065379611579939e-02 -3.010156785916948685e-01 0.000000000000000000e+00
-1.769356148912697879e+00 2.271695576067953581e+00 -5.386557101920050883e+00 0.000000000000000000e+00
2.320373243887399184e-01 -1.932477855294622016e+00 6.862141095167649807e-01 0.000000000000000000e+00
1.653118922433932880e+00 -2.532198086490259126e+00 -6.596496562925425744e-01 0.000000000000000000e+00
-1.195248962770752321e+00 2.297427929713185879e+00 -3.393538986758609100e-01 0.000000000000000000e+00
-3.380888207004393853e-01 -2.250369989745632793e-01 1.319305634433914354e-01 0.000000000000000000e+00
8.001534886258205859e-01 -1.038838129990815151e+00 -5.018981121214982632e-01 0.000000000000000000e+00
-3.422838478089266223e-01 3.090388179409625513e-01 -6.188317551014785867e-01 0.000000000000000000e+00
1.213023703652617691e+00 -1.978019418832403176e+00 -2.542895826433964501e+00 0.000000000000000000e+00
-1.380578296756434786e-01 3.188626809877246893e-01 -1.330720236728331340e-01 0.000000000000000000e+00
-6.361077617238465320e-01 1.134345210205295107e+00 -1.011850489298827593e+00 0.000000000000000000e+00
-1.630296577305761163e+00 1.642087630215133043e+00 -4.193655717450225140e+00 0.000000000000000000e+00
-1.306082164048474992e+00 -1.794133098142840277e+00 -4.148465274845664075e-01 0.000000000000000000e+00
-1.028128198004640614e+00 -3.195920914716066097e-01 2.127052518834759098e+00 0.000000000000000000e+00
1.672804103097220052e+00 -3.216033607133492178e-01 8.376969168115618869e-01 0.000000000000000000e+00
-1.963885056951052421e+00 -1.567071536633815265e+00 3.310756221963947254e+00 0.000000000000000000e+00
-2.426212560662605711e+00 4.306823456966893282e+00 1.474815508771388561e+00 0.000000000000000000e+00
-1.173390376976092497e+00 -1.421221328759263658e+00 4.998813398235165129e-01 0.000000000000000000e+00
1.149072256911189971e+00 1.090927289401763672e-01 1.210947399207296452e-02 0.000000000000000000e+00
-2.923005223629892568e-01 -2.361580790318739353e+00 1.934168571579115481e+00 0.000000000000000000e+00
