-1.199999999999999734e+00
-1.198774720144462513e+00
-1.197550066154626558e+00
-1.196326038030492089e+00
-1.195102635772058663e+00
-1.193879859379326280e+00
-1.192657708852295162e+00
-1.191436184190965752e+00
-1.190215285395336942e+00
-1.188995012465409618e+00
-1.187775365401183336e+00
-1.186556344202658320e+00
-1.185337948869835012e+00
-1.184120179402712525e+00
-1.182903035801291081e+00
-1.181686518065571123e+00
-1.180470626195552208e+00
-1.179255360191235003e+00
-1.178040720052618617e+00
-1.176826705779703497e+00
-1.175613317372489641e+00
-1.174400554830977272e+00
-1.173188418155165946e+00
-1.171976907345055663e+00
-1.170766022400646644e+00
-1.169555763321938890e+00
-1.168346130108932623e+00
-1.167137122761627399e+00
-1.165928741280023218e+00
-1.164720985664120301e+00
-1.163513855913919315e+00
-1.162307352029418706e+00
-1.161101474010619583e+00
-1.159896221857521725e+00
-1.158691595570124910e+00
-1.157487595148429804e+00
-1.156284220592435519e+00
-1.155081471902142498e+00
-1.153879349077550742e+00
-1.152677852118660473e+00
-1.151476981025471247e+00
-1.150276735797983063e+00
-1.149077116436196144e+00
-1.147878122940110490e+00
-1.146679755309726545e+00
-1.145482013545043198e+00
-1.144284897646061339e+00
-1.143088407612780522e+00
-1.141892543445200969e+00
-1.140697305143323126e+00
-1.139502692707146103e+00
-1.138308706136670123e+00
-1.137115345431895630e+00
-1.135922610592822624e+00
-1.134730501619450438e+00
-1.133539018511779517e+00
-1.132348161269809861e+00
-1.131157929893541247e+00
-1.129968324382974565e+00
-1.128779344738108481e+00
-1.127590990958943662e+00
-1.126403263045480108e+00
-1.125216160997718262e+00
-1.124029684815657015e+00
-1.122843834499297255e+00
-1.121658610048638538e+00
-1.120474011463681085e+00
-1.119290038744425342e+00
-1.118106691890870419e+00
-1.116923970903016761e+00
-1.115741875780864145e+00
-1.114560406524412794e+00
-1.113379563133663375e+00
-1.112199345608614554e+00
-1.111019753949266775e+00
-1.109840788155620483e+00
-1.108662448227675901e+00
-1.107484734165431917e+00
-1.106307645968889197e+00
-1.105131183638047743e+00
-1.103955347172907553e+00
-1.102780136573469072e+00
-1.101605551839731190e+00
-1.100431592971694572e+00
-1.099258259969359441e+00
-1.098085552832725798e+00
-1.096913471561792752e+00
-1.095742016156561194e+00
-1.094571186617030900e+00
-1.093400982943201649e+00
-1.092231405135074107e+00
-1.091062453192647386e+00
-1.089894127115921929e+00
-1.088726426904897737e+00
-1.087559352559575032e+00
-1.086392904079953370e+00
-1.085227081466032750e+00
-1.084061884717813395e+00
-1.082897313835295305e+00
-1.081733368818478924e+00
-1.080570049667363142e+00
-1.079407356381948846e+00
-1.078245288962235593e+00
-1.077083847408223605e+00
-1.075923031719913325e+00
-1.074762841897303645e+00
-1.073603277940395451e+00
-1.072444339849188299e+00
-1.071286027623683079e+00
-1.070128341263878458e+00
-1.068971280769775101e+00
-1.067814846141372787e+00
-1.066659037378671959e+00
-1.065503854481672841e+00
-1.064349297450374321e+00
-1.063195366284777066e+00
-1.062042060984881076e+00
-1.060889381550686794e+00
-1.059737327982193111e+00
-1.058585900279400915e+00
-1.057435098442309762e+00
-1.056284922470919874e+00
-1.055135372365231694e+00
-1.053986448125244335e+00
-1.052838149750958019e+00
-1.051690477242373190e+00
-1.050543430599489847e+00
-1.049397009822307325e+00
-1.048251214910826068e+00
-1.047106045865046076e+00
-1.045961502684967348e+00
-1.044817585370590107e+00
-1.043674293921913909e+00
-1.042531628338938754e+00
-1.041389588621664863e+00
-1.040248174770092016e+00
-1.039107386784221099e+00
-1.037967224664051002e+00
-1.036827688409581949e+00
-1.035688778020814160e+00
-1.034550493497748080e+00
-1.033412834840382821e+00
-1.032275802048718827e+00
-1.031139395122755875e+00
-1.030003614062494410e+00
-1.028868458867934432e+00
-1.027733929539075275e+00
-1.026600026075917382e+00
-1.025466748478460532e+00
-1.024334096746705614e+00
-1.023202070880651293e+00
-1.022070670880298238e+00
-1.020939896745646447e+00
-1.019809748476695921e+00
-1.018680226073447104e+00
-1.017551329535899107e+00
-1.016423058864052154e+00
-1.015295414057906465e+00
-1.014168395117462040e+00
-1.013042002042719325e+00
-1.011916234833677430e+00
-1.010791093490336578e+00
-1.009666578012697213e+00
-1.008542688400759335e+00
-1.007419424654522278e+00
-1.006296786773986485e+00
-1.005174774759151957e+00
-1.004053388610018471e+00
-1.002932628326586917e+00
-1.001812493908855961e+00
-1.000692985356826270e+00
-9.995741026704980658e-01
-9.984558458498709044e-01
-9.973382148949451187e-01
-9.962212098057203757e-01
-9.951048305821967865e-01
-9.939890772243746841e-01
-9.928739497322536245e-01
-9.917594481058340516e-01
-9.906455723451154105e-01
-9.895323224500982562e-01
-9.884196984207821446e-01
-9.873077002571674088e-01
-9.861963279592537157e-01
-9.850855815270411764e-01
-9.839754609605302349e-01
-9.828659662597202251e-01
-9.817570974246115911e-01
-9.806488544552041109e-01
-9.795412373514976734e-01
-9.784342461134928337e-01
-9.773278807411889257e-01
-9.762221412345865046e-01
-9.751170275936851262e-01
-9.740125398184851235e-01
-9.729086779089861636e-01
-9.718054418651886905e-01
-9.707028316870921492e-01
-9.696008473746968725e-01
-9.684994889280030828e-01
-9.673987563470102247e-01
-9.662986496317188534e-01
-9.651991687821285248e-01
-9.641003137982395721e-01
-9.630020846800517731e-01
-9.619044814275652389e-01
-9.608075040407798584e-01
-9.597111525196956316e-01
-9.586154268643127807e-01
-9.575203270746310835e-01
-9.564258531506507621e-01
-9.553320050923714835e-01
-9.542387828997933585e-01
-9.531461865729167204e-01
-9.520542161117411251e-01
-9.509628715162669055e-01
-9.498721527864937286e-01
-9.487820599224220386e-01
-9.476925929240513913e-01
-9.466037517913821198e-01
-9.455155365244138910e-01
-9.444279471231468159e-01
-9.433409835875812277e-01
-9.422546459177166822e-01
-9.411689341135536235e-01
-9.400838481750914966e-01
-9.389993881023308564e-01
-9.379155538952711479e-01
-9.368323455539129263e-01
-9.357497630782557474e-01
-9.346678064682998333e-01
-9.335864757240452949e-01
-9.325057708454917993e-01
-9.314256918326396795e-01
-9.303462386854886024e-01
-9.292674114040387900e-01
-9.281892099882904645e-01
-9.271116344382432928e-01
-9.260346847538971637e-01
-9.249583609352522995e-01
-9.238826629823088110e-01
-9.228075908950663653e-01
-9.217331446735252953e-01
-9.206593243176853791e-01
-9.195861298275466167e-01
-9.185135612031092300e-01
-9.174416184443731082e-01
-9.163703015513380290e-01
-9.152996105240042146e-01
-9.142295453623717760e-01
-9.131601060664403802e-01
-9.120912926362104711e-01
-9.110231050716814938e-01
-9.099555433728537812e-01
-9.088886075397275555e-01
-9.078222975723022614e-01
-9.067566134705784542e-01
-9.056915552345556897e-01
-9.046271228642340789e-01
-9.035633163596139550e-01
-9.025001357206950958e-01
-9.014375809474771684e-01
-9.003756520399605057e-01
-8.993143489981453298e-01
-8.982536718220310856e-01
-8.971936205116183283e-01
-8.961341950669066136e-01
-8.950753954878961638e-01
-8.940172217745870897e-01
-8.929596739269791694e-01
-8.919027519450724029e-01
-8.908464558288667900e-01
-8.897907855783626641e-01
-8.887357411935594698e-01
-8.876813226744577623e-01
-8.866275300210570975e-01
-8.855743632333576976e-01
-8.845218223113596734e-01
-8.834699072550625809e-01
-8.824186180644670863e-01
-8.813679547395725233e-01
-8.803179172803794472e-01
-8.792685056868873028e-01
-8.782197199590966452e-01
-8.771715600970070303e-01
-8.761240261006186802e-01
-8.750771179699317059e-01
-8.740308357049457744e-01
-8.729851793056612186e-01
-8.719401487720778166e-01
-8.708957441041954572e-01
-8.698519653020146958e-01
-8.688088123655350881e-01
-8.677662852947565231e-01
-8.667243840896792229e-01
-8.656831087503032984e-01
-8.646424592766284167e-01
-8.636024356686549108e-01
-8.625630379263825587e-01
-8.615242660498113603e-01
-8.604861200389415377e-01
-8.594485998937729798e-01
-8.584117056143054647e-01
-8.573754372005392144e-01
-8.563397946524743398e-01
-8.553047779701105080e-01
-8.542703871534481630e-01
-8.532366222024867497e-01
-8.522034831172266012e-01
-8.511709698976679395e-01
-8.501390825438102095e-01
-8.491078210556539663e-01
-8.480771854331987658e-01
-8.470471756764449411e-01
-8.460177917853921592e-01
-8.449890337600407531e-01
-8.439609016003905007e-01
-8.429333953064414020e-01
-8.419065148781937902e-01
-8.408802603156471100e-01
-8.398546316188019167e-01
-8.388296287876577662e-01
-8.378052518222147693e-01
-8.367815007224732593e-01
-8.357583754884330141e-01
-8.347358761200937005e-01
-8.337140026174556517e-01
-8.326927549805190898e-01
-8.316721332092835706e-01
-8.306521373037493161e-01
-8.296327672639162154e-01
-8.286140230897843795e-01
-8.275959047813539193e-01
-8.265784123386245019e-01
-8.255615457615964603e-01
-8.245453050502694614e-01
-8.235296902046439493e-01
-8.225147012247193690e-01
-8.215003381104963864e-01
-8.204866008619742246e-01
-8.194734894791534385e-01
-8.184610039620340283e-01
-8.174491443106156607e-01
-8.164379105248986690e-01
-8.154273026048828310e-01
-8.144173205505681468e-01
-8.134079643619548383e-01
-8.123992340390427946e-01
-8.113911295818317937e-01
-8.103836509903220575e-01
-8.093767982645136971e-01
-8.083705714044063795e-01
-8.073649704100004376e-01
-8.063599952812955385e-01
-8.053556460182919041e-01
-8.043519226209897566e-01
-8.033488250893887628e-01
-8.023463534234888117e-01
-8.013445076232901254e-01
-8.003432876887928149e-01
-7.993426936199965471e-01
-7.983427254169016551e-01
-7.973433830795079169e-01
-7.963446666078153324e-01
-7.953465760018241237e-01
-7.943491112615340688e-01
-7.933522723869452786e-01
-7.923560593780576422e-01
-7.913604722348713816e-01
-7.903655109573861637e-01
-7.893711755456024326e-01
-7.883774659995196332e-01
-7.873843823191380986e-01
-7.863919245044580508e-01
-7.854000925554789347e-01
-7.844088864722013055e-01
-7.834183062546247189e-01
-7.824283519027493972e-01
-7.814390234165753402e-01
-7.804503207961026590e-01
-7.794622440413310205e-01
-7.784747931522605358e-01
-7.774879681288914268e-01
-7.765017689712234716e-01
-7.755161956792568922e-01
-7.745312482529913556e-01
-7.735469266924269727e-01
-7.725632309975640766e-01
-7.715801611684022232e-01
-7.705977172049417456e-01
-7.696158991071823108e-01
-7.686347068751243627e-01
-7.676541405087674574e-01
-7.666742000081119279e-01
-7.656948853731573301e-01
-7.647161966039041081e-01
-7.637381337003522619e-01
-7.627606966625014584e-01
-7.617838854903520307e-01
-7.608077001839037568e-01
-7.598321407431565255e-01
-7.588572071681108921e-01
-7.578828994587664125e-01
-7.569092176151229756e-01
-7.559361616371806925e-01
-7.549637315249398961e-01
-7.539919272784001425e-01
-7.530207488975618757e-01
-7.520501963824245406e-01
-7.510802697329884703e-01
-7.501109689492538868e-01
-7.491422940312204570e-01
-7.481742449788880700e-01
-7.472068217922568367e-01
-7.462400244713270903e-01
-7.452738530160983865e-01
-7.443083074265711696e-01
-7.433433877027448844e-01
-7.423790938446198640e-01
-7.414154258521963303e-01
-7.404523837254737284e-01
-7.394899674644526133e-01
-7.385281770691325409e-01
-7.375670125395138443e-01
-7.366064738755961905e-01
-7.356465610773799124e-01
-7.346872741448647881e-01
-7.337286130780508175e-01
-7.327705778769382228e-01
-7.318131685415267818e-01
-7.308563850718167165e-01
-7.299002274678075830e-01
-7.289446957294998253e-01
-7.279897898568934433e-01
-7.270355098499882152e-01
-7.260818557087841407e-01
-7.251288274332812200e-01
-7.241764250234796751e-01
-7.232246484793792840e-01
-7.222734978009802687e-01
-7.213229729882822960e-01
-7.203730740412854772e-01
-7.194238009599901451e-01
-7.184751537443960778e-01
-7.175271323945029422e-01
-7.165797369103110714e-01
-7.156329672918206874e-01
-7.146868235390313462e-01
-7.137413056519432697e-01
-7.127964136305563470e-01
-7.118521474748706890e-01
-7.109085071848864068e-01
-7.099654927606032784e-01
-7.090231042020213037e-01
-7.080813415091404828e-01
-7.071402046819609266e-01
-7.061996937204828573e-01
-7.052598086247059417e-01
-7.043205493946299578e-01
-7.033819160302553497e-01
-7.024439085315821174e-01
-7.015065268986099278e-01
-7.005697711313391141e-01
-6.996336412297694540e-01
-6.986981371939009478e-01
-6.977632590237338173e-01
-6.968290067192679516e-01
-6.958953802805031286e-01
-6.949623797074395704e-01
-6.940300050000771659e-01
-6.930982561584162482e-01
-6.921671331824564843e-01
-6.912366360721978742e-01
-6.903067648276404178e-01
-6.893775194487843372e-01
-6.884488999356295214e-01
-6.875209062881757482e-01
-6.865935385064232399e-01
-6.856667965903718853e-01
-6.847406805400220176e-01
-6.838151903553734146e-01
-6.828903260364257433e-01
-6.819660875831793367e-01
-6.810424749956344170e-01
-6.801194882737906511e-01
-6.791971274176479278e-01
-6.782753924272064694e-01
-6.773542833024661647e-01
-6.764338000434273468e-01
-6.755139426500896827e-01
-6.745947111224531723e-01
-6.736761054605178156e-01
-6.727581256642838348e-01
-6.718407717337510077e-01
-6.709240436689195564e-01
-6.700079414697891478e-01
-6.690924651363598930e-01
-6.681776146686321249e-01
-6.672633900666055107e-01
-6.663497913302800502e-01
-6.654368184596557434e-01
-6.645244714547327014e-01
-6.636127503155110352e-01
-6.627016550419906338e-01
-6.617911856341712751e-01
-6.608813420920531811e-01
-6.599721244156364630e-01
-6.590635326049208986e-01
-6.581555666599064880e-01
-6.572482265805932311e-01
-6.563415123669812390e-01
-6.554354240190706227e-01
-6.545299615368612711e-01
-6.536251249203529623e-01
-6.527209141695459182e-01
-6.518173292844402500e-01
-6.509143702650356245e-01
-6.500120371113323747e-01
-6.491103298233301677e-01
-6.482092484010292255e-01
-6.473087928444297701e-01
-6.464089631535314684e-01
-6.455097593283342094e-01
-6.446111813688381043e-01
-6.437132292750433749e-01
-6.428159030469499102e-01
-6.419192026845578214e-01
-6.410231281878666643e-01
-6.401276795568767719e-01
-6.392328567915882553e-01
-6.383386598920010035e-01
-6.374450888581147945e-01
-6.365521436899298502e-01
-6.356598243874461707e-01
-6.347681309506637559e-01
-6.338770633795827170e-01
-6.329866216742026097e-01
-6.320968058345237672e-01
-6.312076158605464116e-01
-6.303190517522702097e-01
-6.294311135096950505e-01
-6.285438011328211561e-01
-6.276571146216484154e-01
-6.267710539761771615e-01
-6.258856191964070614e-01
-6.250008102823381151e-01
-6.241166272339703225e-01
-6.232330700513039057e-01
-6.223501387343386426e-01
-6.214678332830747554e-01
-6.205861536975117998e-01
-6.197050999776502200e-01
-6.188246721234900161e-01
-6.179448701350309658e-01
-6.170656940122730694e-01
-6.161871437552163266e-01
-6.153092193638608487e-01
-6.144319208382067465e-01
-6.135552481782539092e-01
-6.126792013840021145e-01
-6.118037804554514736e-01
-6.109289853926023195e-01
-6.100548161954544302e-01
-6.091812728640074726e-01
-6.083083553982618907e-01
-6.074360637982174627e-01
-6.065643980638744104e-01
-6.056933581952326229e-01
-6.048229441922918781e-01
-6.039531560550522871e-01
-6.030839937835141829e-01
-6.022154573776773434e-01
-6.013475468375414357e-01
-6.004802621631069037e-01
-5.996136033543735255e-01
-5.987475704113415231e-01
-5.978821633340107855e-01
-5.970173821223810906e-01
-5.961532267764526605e-01
-5.952896972962253841e-01
-5.944267936816995945e-01
-5.935645159328749587e-01
-5.927028640497513656e-01
-5.918418380323290373e-01
-5.909814378806081958e-01
-5.901216635945883970e-01
-5.892625151742698630e-01
-5.884039926196523718e-01
-5.875460959307362563e-01
-5.866888251075214056e-01
-5.858321801500079307e-01
-5.849761610581953875e-01
-5.841207678320841090e-01
-5.832660004716743174e-01
-5.824118589769656795e-01
-5.815583433479580844e-01
-5.807054535846517540e-01
-5.798531896870465774e-01
-5.790015516551428876e-01
-5.781505394889403515e-01
-5.773001531884389692e-01
-5.764503927536387407e-01
-5.756012581845398879e-01
-5.747527494811421889e-01
-5.739048666434457546e-01
-5.730576096714504741e-01
-5.722109785651564584e-01
-5.713649733245638185e-01
-5.705195939496723323e-01
-5.696748404404818888e-01
-5.688307127969928212e-01
-5.679872110192049073e-01
-5.671443351071183692e-01
-5.663020850607329848e-01
-5.654604608800487542e-01
-5.646194625650657883e-01
-5.637790901157841983e-01
-5.629393435322037620e-01
-5.621002228143244794e-01
-5.612617279621463506e-01
-5.604238589756694866e-01
-5.595866158548939984e-01
-5.587499985998197749e-01
-5.579140072104465942e-01
-5.570786416867746782e-01
-5.562439020288040270e-01
-5.554097882365347516e-01
-5.545763003099665189e-01
-5.537434382490994400e-01
-5.529112020539336259e-01
-5.520795917244691875e-01
-5.512486072607060139e-01
-5.504182486626438831e-01
-5.495885159302830170e-01
-5.487594090636235267e-01
-5.479309280626650791e-01
-5.471030729274080073e-01
-5.462758436578519783e-01
-5.454492402539972140e-01
-5.446232627158439366e-01
-5.437979110433917018e-01
-5.429731852366407319e-01
-5.421490852955908046e-01
-5.413256112202422532e-01
-5.405027630105949665e-01
-5.396805406666490557e-01
-5.388589441884040765e-01
-5.380379735758603621e-01
-5.372176288290180235e-01
-5.363979099478769497e-01
-5.355788169324370296e-01
-5.347603497826981522e-01
-5.339425084986606507e-01
-5.331252930803245249e-01
-5.323087035276895529e-01
-5.314927398407556236e-01
-5.306774020195230701e-01
-5.298626900639917814e-01
-5.290486039741615354e-01
-5.282351437500327762e-01
-5.274223093916050598e-01
-5.266101008988784971e-01
-5.257985182718534212e-01
-5.249875615105294990e-01
-5.241772306149067306e-01
-5.233675255849851160e-01
-5.225584464207647661e-01
-5.217499931222457921e-01
-5.209421656894280828e-01
-5.201349641223114162e-01
-5.193283884208959034e-01
-5.185224385851818774e-01
-5.177171146151691161e-01
-5.169124165108572866e-01
-5.161083442722467218e-01
-5.153048978993374218e-01
-5.145020773921296087e-01
-5.136998827506228382e-01
-5.128983139748172215e-01
-5.120973710647128696e-01
-5.112970540203098935e-01
-5.104973628416080711e-01
-5.096982975286074025e-01
-5.088998580813078876e-01
-5.081020444997096375e-01
-5.073048567838127632e-01
-5.065082949336171536e-01
-5.057123589491225868e-01
-5.049170488303292847e-01
-5.041223645772373585e-01
-5.033283061898464750e-01
-5.025348736681569672e-01
-5.017420670121685022e-01
-5.009498862218813020e-01
-5.001583312972955886e-01
-4.993674022384109734e-01
-4.985770990452274565e-01
-4.977874217177452043e-01
-4.969983702559641059e-01
-4.962099446598844388e-01
-4.954221449295060364e-01
-4.946349710648286768e-01
-4.938484230658525265e-01
-4.930625009325778074e-01
-4.922772046650042421e-01
-4.914925342631318306e-01
-4.907084897269605728e-01
-4.899250710564905797e-01
-4.891422782517219625e-01
-4.883601113126546100e-01
-4.875785702392883003e-01
-4.867976550316231998e-01
-4.860173656896595307e-01
-4.852377022133969042e-01
-4.844586646028356536e-01
-4.836802528579755012e-01
-4.829024669788165580e-01
-4.821253069653589907e-01
-4.813487728176026881e-01
-4.805728645355474282e-01
-4.797975821191933776e-01
-4.790229255685405918e-01
-4.782488948835891818e-01
-4.774754900643390365e-01
-4.767027111107898785e-01
-4.759305580229420407e-01
-4.751590308007955232e-01
-4.743881294443502705e-01
-4.736178539536060605e-01
-4.728482043285631153e-01
-4.720791805692213239e-01
-4.713107826755810192e-01
-4.705430106476418683e-01
-4.697758644854038157e-01
-4.690093441888669723e-01
-4.682434497580315602e-01
-4.674781811928973019e-01
-4.667135384934641973e-01
-4.659495216597323020e-01
-4.651861306917016159e-01
-4.644233655893723056e-01
-4.636612263527442046e-01
-4.628997129818172018e-01
-4.621388254765914638e-01
-4.613785638370670461e-01
-4.606189280632437266e-01
-4.598599181551218384e-01
-4.591015341127009375e-01
-4.583437759359813568e-01
-4.575866436249630964e-01
-4.568301371796460453e-01
-4.560742566000301479e-01
-4.553190018861154043e-01
-4.545643730379019254e-01
-4.538103700553898223e-01
-4.530569929385789285e-01
-4.523042416874691329e-01
-4.515521163020606021e-01
-4.508006167823533916e-01
-4.500497431283474459e-01
-4.492994953400425429e-01
-4.485498734174389046e-01
-4.478008773605364756e-01
-4.470525071693354224e-01
-4.463047628438355785e-01
-4.455576443840368328e-01
-4.448111517899392964e-01
-4.440652850615431912e-01
-4.433200441988481288e-01
-4.425754292018544422e-01
-4.418314400705618539e-01
-4.410880768049704748e-01
-4.403453394050804715e-01
-4.396032278708916774e-01
-4.388617422024040371e-01
-4.381208823996175505e-01
-4.373806484625323288e-01
-4.366410403911484828e-01
-4.359020581854658460e-01
-4.351637018454843076e-01
-4.344259713712039783e-01
-4.336888667626250249e-01
-4.329523880197473362e-01
-4.322165351425706903e-01
-4.314813081310953091e-01
-4.307467069853211372e-01
-4.300127317052483411e-01
-4.292793822908767543e-01
-4.285466587422062656e-01
-4.278145610592369863e-01
-4.270830892419691382e-01
-4.263522432904024440e-01
-4.256220232045369034e-01
-4.248924289843725166e-01
-4.241634606299094501e-01
-4.234351181411477039e-01
-4.227074015180871669e-01
-4.219803107607277282e-01
-4.212538458690695542e-01
-4.205280068431127005e-01
-4.198027936828569451e-01
-4.190782063883025654e-01
-4.183542449594492840e-01
-4.176309093962972119e-01
-4.169081996988465155e-01
-4.161861158670970839e-01
-4.154646579010486951e-01
-4.147438258007015710e-01
-4.140236195660556007e-01
-4.133040391971110616e-01
-4.125850846938677319e-01
-4.118667560563255003e-01
-4.111490532844845336e-01
-4.104319763783448871e-01
-4.097155253379065054e-01
-4.089997001631691664e-01
-4.082845008541330922e-01
-4.075699274107982273e-01
-4.068559798331646826e-01
-4.061426581212324582e-01
-4.054299622750012766e-01
-4.047178922944713042e-01
-4.040064481796427631e-01
-4.032956299305153758e-01
-4.025854375470891422e-01
-4.018758710293640624e-01
-4.011669303773403028e-01
-4.004586155910178635e-01
-3.997509266703966335e-01
-3.990438636154765017e-01
-3.983374264262576347e-01
-3.976316151027400880e-01
-3.969264296449236396e-01
-3.962218700528085669e-01
-3.955179363263945924e-01
-3.948146284656818272e-01
-3.941119464706704933e-01
-3.934098903413603132e-01
-3.927084600777512313e-01
-3.920076556798434142e-01
-3.913074771476368063e-01
-3.906079244811315743e-01
-3.899089976803275515e-01
-3.892106967452246269e-01
-3.885130216758229116e-01
-3.878159724721226276e-01
-3.871195491341234973e-01
-3.864237516618254653e-01
-3.857285800552286981e-01
-3.850340343143331401e-01
-3.843401144391389579e-01
-3.836468204296459850e-01
-3.829541522858541658e-01
-3.822621100077635004e-01
-3.815706935953742107e-01
-3.808799030486860748e-01
-3.801897383676992592e-01
-3.795001995524134863e-01
-3.788112866028290338e-01
-3.781229995189459014e-01
-3.774353383007639784e-01
-3.767483029482831536e-01
-3.760618934615035935e-01
-3.753761098404252428e-01
-3.746909520850482123e-01
-3.740064201953724465e-01
-3.733225141713977790e-01
-3.726392340131243763e-01
-3.719565797205522939e-01
-3.712745512936814207e-01
-3.705931487325117013e-01
-3.699123720370431356e-01
-3.692322212072758347e-01
-3.685526962432099096e-01
-3.678737971448451938e-01
-3.671955239121815762e-01
-3.665178765452192233e-01
-3.658408550439581908e-01
-3.651644594083984230e-01
-3.644886896385396979e-01
-3.638135457343822377e-01
-3.631390276959259866e-01
-3.624651355231711114e-01
-3.617918692161174454e-01
-3.611192287747648777e-01
-3.604472141991135747e-01
-3.597758254891635921e-01
-3.591050626449147076e-01
-3.584349256663671990e-01
-3.577654145535207886e-01
-3.570965293063756429e-01
-3.564282699249318176e-01
-3.557606364091892015e-01
-3.550936287591476836e-01
-3.544272469748074306e-01
-3.537614910561684978e-01
-3.530963610032307187e-01
-3.524318568159942600e-01
-3.517679784944588994e-01
-3.511047260386247482e-01
-3.504420994484919727e-01
-3.497800987240602955e-01
-3.491187238653299940e-01
-3.484579748723007908e-01
-3.477978517449729079e-01
-3.471383544833461787e-01
-3.464794830874206033e-01
-3.458212375571964592e-01
-3.451636178926733578e-01
-3.445066240938516877e-01
-3.438502561607310604e-01
-3.431945140933118088e-01
-3.425393978915936555e-01
-3.418849075555768224e-01
-3.412310430852611431e-01
-3.405778044806466731e-01
-3.399251917417335234e-01
-3.392732048685215274e-01
-3.386218438610108517e-01
-3.379711087192012742e-01
-3.373209994430930725e-01
-3.366715160326859690e-01
-3.360226584879801304e-01
-3.353744268089756120e-01
-3.347268209956721918e-01
-3.340798410480700920e-01
-3.334334869661691458e-01
-3.327877587499695200e-01
-3.321426563994710479e-01
-3.314981799146738961e-01
-3.308543292955778425e-01
-3.302111045421829982e-01
-3.295685056544895297e-01
-3.289265326324971594e-01
-3.282851854762061650e-01
-3.276444641856162687e-01
-3.270043687607277483e-01
-3.263648992015402706e-01
-3.257260555080540576e-01
-3.250878376802691649e-01
-3.244502457181854260e-01
-3.238132796218030074e-01
-3.231769393911216870e-01
-3.225412250261417424e-01
-3.219061365268628960e-01
-3.212716738932854255e-01
-3.206378371254089976e-01
-3.200046262232338345e-01
-3.193720411867600473e-01
-3.187400820159873582e-01
-3.181087487109159895e-01
-3.174780412715457190e-01
-3.168479596978768242e-01
-3.162185039899090278e-01
-3.155896741476424960e-01
-3.149614701710772291e-01
-3.143338920602131714e-01
-3.137069398150503785e-01
-3.130806134355887393e-01
-3.124549129218284205e-01
-3.118298382737692553e-01
-3.112053894914112995e-01
-3.105815665747546639e-01
-3.099583695237991821e-01
-3.093357983385450205e-01
-3.087138530189919572e-01
-3.080925335651402697e-01
-3.074718399769896249e-01
-3.068517722545404114e-01
-3.062323303977922406e-01
-3.056135144067453346e-01
-3.049953242813998044e-01
-3.043777600217553170e-01
-3.037608216278122608e-01
-3.031445090995702474e-01
-3.025288224370296097e-01
-3.019137616401900703e-01
-3.012993267090517402e-01
-3.006855176436147858e-01
-3.000723344438789297e-01
-2.994597771098444494e-01
-2.988478456415110118e-01
-2.982365400388790055e-01
-2.976258603019480420e-01
-2.970158064307184542e-01
-2.964063784251899647e-01
-2.957975762853626844e-01
-2.951894000112367800e-01
-2.945818496028120292e-01
-2.939749250600885433e-01
-2.933686263830662111e-01
-2.927629535717451992e-01
-2.921579066261253410e-01
-2.915534855462066921e-01
-2.909496903319893635e-01
-2.903465209834731886e-01
-2.897439775006583340e-01
-2.891420598835445777e-01
-2.885407681321321971e-01
-2.879401022464209148e-01
-2.873400622264109527e-01
-2.867406480721021445e-01
-2.861418597834945454e-01
-2.855436973605882667e-01
-2.849461608033831417e-01
-2.843492501118793370e-01
-2.837529652860766305e-01
-2.831573063259752998e-01
-2.825622732315750674e-01
-2.819678660028760997e-01
-2.813740846398784523e-01
-2.807809291425819032e-01
-2.801883995109866743e-01
-2.795964957450925992e-01
-2.790052178448998443e-01
-2.784145658104082433e-01
-2.778245396416179624e-01
-2.772351393385287799e-01
-2.766463649011408066e-01
-2.760582163294542091e-01
-2.754706936234687653e-01
-2.748837967831845863e-01
-2.742975258086015611e-01
-2.737118806997198561e-01
-2.731268614565393049e-01
-2.725424680790599630e-01
-2.719587005672819413e-01
-2.713755589212050734e-01
-2.707930431408295258e-01
-2.702111532261550764e-01
-2.696298891771820028e-01
-2.690492509939100274e-01
-2.684692386763392613e-01
-2.678898522244698710e-01
-2.673110916383015789e-01
-2.667329569178346627e-01
-2.661554480630687891e-01
-2.655785650740043469e-01
-2.650023079506409474e-01
-2.644266766929789236e-01
-2.638516713010179982e-01
-2.632772917747582819e-01
-2.627035381141999415e-01
-2.621304103193426993e-01
-2.615579083901868329e-01
-2.609860323267320648e-01
-2.604147821289786169e-01
-2.598441577969263228e-01
-2.592741593305752379e-01
-2.587047867299254733e-01
-2.581360399949768070e-01
-2.575679191257295164e-01
-2.570004241221833796e-01
-2.564335549843385076e-01
-2.558673117121947893e-01
-2.553016943057524468e-01
-2.547367027650111471e-01
-2.541723370899711121e-01
-2.536085972806324529e-01
-2.530454833369948364e-01
-2.524829952590585957e-01
-2.519211330468235088e-01
-2.513598967002896867e-01
-2.507992862194570183e-01
-2.502393016043256146e-01
-2.496799428548955035e-01
-2.491212099711665184e-01
-2.485631029531388814e-01
-2.480056218008123703e-01
-2.474487665141871795e-01
-2.468925370932631147e-01
-2.463369335380403979e-01
-2.457819558485187794e-01
-2.452276040246983979e-01
-2.446738780665793644e-01
-2.441207779741614292e-01
-2.435683037474448420e-01
-2.430164553864293808e-01
-2.424652328911152677e-01
-2.419146362615022527e-01
-2.413646654975904748e-01
-2.408153205993800172e-01
-2.402666015668707133e-01
-2.397185084000627298e-01
-2.391710410989558444e-01
-2.386241996635503071e-01
-2.380779840938458958e-01
-2.375323943898428325e-01
-2.369874305515408952e-01
-2.364430925789401672e-01
-2.358993804720407594e-01
-2.353562942308425054e-01
-2.348138338553455717e-01
-2.342719993455497640e-01
-2.337307907014552766e-01
-2.331902079230619151e-01
-2.326502510103697907e-01
-2.321109199633790143e-01
-2.315722147820893362e-01
-2.310341354665010061e-01
-2.304966820166138020e-01
-2.299598544324279181e-01
-2.294236527139431603e-01
-2.288880768611596395e-01
-2.283531268740774389e-01
-2.278188027526963921e-01
-2.272851044970166379e-01
-2.267520321070380374e-01
-2.262195855827607571e-01
-2.256877649241846029e-01
-2.251565701313097689e-01
-2.246260012041360887e-01
-2.240960581426636178e-01
-2.235667409468924671e-01
-2.230380496168224425e-01
-2.225099841524537658e-01
-2.219825445537862152e-01
-2.214557308208199848e-01
-2.209295429535549082e-01
-2.204039809519910131e-01
-2.198790448161284938e-01
-2.193547345459670728e-01
-2.188310501415069997e-01
-2.183079916027480250e-01
-2.177855589296903982e-01
-2.172637521223338974e-01
-2.167425711806787447e-01
-2.162220161047246902e-01
-2.157020868944718728e-01
-2.151827835499204034e-01
-2.146641060710700322e-01
-2.141460544579210090e-01
-2.136286287104731119e-01
-2.131118288287265350e-01
-2.125956548126810841e-01
-2.120801066623368702e-01
-2.115651843776940044e-01
-2.110508879587522368e-01
-2.105372174055117895e-01
-2.100241727179724960e-01
-2.095117538961345227e-01
-2.089999609399976754e-01
-2.084887938495621762e-01
-2.079782526248277752e-01
-2.074683372657946112e-01
-2.069590477724627953e-01
-2.064503841448320776e-01
-2.059423463829027079e-01
-2.054349344866744642e-01
-2.049281484561475408e-01
-2.044219882913217712e-01
-2.039164539921972108e-01
-2.034115455587739707e-01
-2.029072629910518566e-01
-2.024036062890310905e-01
-2.019005754527114505e-01
-2.013981704820931307e-01
-2.008963913771759369e-01
-2.003952381379599801e-01
-1.998947107644453436e-01
-1.993948092566318331e-01
-1.988955336145196429e-01
-1.983968838381086064e-01
-1.978988599273988902e-01
-1.974014618823903000e-01
-1.969046897030830301e-01
-1.964085433894768862e-01
-1.959130229415719793e-01
-1.954181283593684204e-01
-1.949238596428659598e-01
-1.944302167920648472e-01
-1.939371998069648606e-01
-1.934448086875661943e-01
-1.929530434338686540e-01
-1.924619040458723507e-01
-1.919713905235773677e-01
-1.914815028669835106e-01
-1.909922410760909739e-01
-1.905036051508995909e-01
-1.900155950914095282e-01
-1.895282108976205915e-01
-1.890414525695329750e-01
-1.885553201071465124e-01
-1.880698135104612589e-01
-1.875849327794773258e-01
-1.871006779141945187e-01
-1.866170489146130596e-01
-1.861340457807327264e-01
-1.856516685125537136e-01
-1.851699171100758268e-01
-1.846887915732991770e-01
-1.842082919022238474e-01
-1.837284180968496716e-01
-1.832491701571767884e-01
-1.827705480832050589e-01
-1.822925518749346496e-01
-1.818151815323653664e-01
-1.813384370554974034e-01
-1.808623184443305665e-01
-1.803868256988649665e-01
-1.799119588191007146e-01
-1.794377178050375610e-01
-1.789641026566757553e-01
-1.784911133740150757e-01
-1.780187499570557164e-01
-1.775470124057974830e-01
-1.770759007202404867e-01
-1.766054149003848106e-01
-1.761355549462302883e-01
-1.756663208577770585e-01
-1.751977126350249825e-01
-1.747297302779742267e-01
-1.742623737866245970e-01
-1.737956431609762875e-01
-1.733295384010291318e-01
-1.728640595067831853e-01
-1.723992064782385591e-01
-1.719349793153950867e-01
-1.714713780182529068e-01
-1.710084025868118807e-01
-1.705460530210721748e-01
-1.700843293210336227e-01
-1.696232314866962798e-01
-1.691627595180602572e-01
-1.687029134151253607e-01
-1.682436931778918121e-01
-1.677850988063593618e-01
-1.673271303005282595e-01
-1.668697876603983110e-01
-1.664130708859695440e-01
-1.659569799772421250e-01
-1.655015149342158598e-01
-1.650466757568908871e-01
-1.645924624452670681e-01
-1.641388749993445417e-01
-1.636859134191231691e-01
-1.632335777046031167e-01
-1.627818678557842180e-01
-1.623307838726665286e-01
-1.618803257552501595e-01
-1.614304935035349164e-01
-1.609812871175210214e-01
-1.605327065972082523e-01
-1.600847519425967758e-01
-1.596374231536864807e-01
-1.591907202304773949e-01
-1.587446431729696295e-01
-1.582991919811629900e-01
-1.578543666550576707e-01
-1.574101671946535053e-01
-1.569665935999506323e-01
-1.565236458709489409e-01
-1.560813240076485420e-01
-1.556396280100492691e-01
-1.551985578781512332e-01
-1.547581136119545175e-01
-1.543182952114589557e-01
-1.538791026766646863e-01
-1.534405360075715707e-01
-1.530025952041797754e-01
-1.525652802664891061e-01
-1.521285911944996738e-01
-1.516925279882115618e-01
-1.512570906476246035e-01
-1.508222791727389378e-01
-1.503880935635544258e-01
-1.499545338200712064e-01
-1.495215999422891406e-01
-1.490892919302083952e-01
-1.486576097838288035e-01
-1.482265535031504211e-01
-1.477961230881733590e-01
-1.473663185388974506e-01
-1.469371398553228347e-01
-1.465085870374493726e-01
-1.460806600852772308e-01
-1.456533589988062427e-01
-1.452266837780364639e-01
-1.448006344229679776e-01
-1.443752109336006728e-01
-1.439504133099346606e-01
-1.435262415519698020e-01
-1.431026956597062638e-01
-1.426797756331438516e-01
-1.422574814722826764e-01
-1.418358131771227937e-01
-1.414147707476640925e-01
-1.409943541839066838e-01
-1.405745634858504012e-01
-1.401553986534954666e-01
-1.397368596868416579e-01
-1.393189465858891696e-01
-1.389016593506378072e-01
-1.384849979810876819e-01
-1.380689624772388768e-01
-1.376535528390912255e-01
-1.372387690666448667e-01
-1.368246111598996617e-01
-1.364110791188557492e-01
-1.359981729435130182e-01
-1.355858926338714965e-01
-1.351742381899312673e-01
-1.347632096116922196e-01
-1.343528068991544644e-01
-1.339430300523178630e-01
-1.335338790711825541e-01
-1.331253539557483989e-01
-1.327174547060155640e-01
-1.323101813219838552e-01
-1.319035338036534111e-01
-1.314975121510242317e-01
-1.310921163640962339e-01
-1.306873464428695286e-01
-1.302832023873439771e-01
-1.298796841975197458e-01
-1.294767918733966405e-01
-1.290745254149747723e-01
-1.286728848222542243e-01
-1.282718700952348023e-01
-1.278714812339167006e-01
-1.274717182382997527e-01
-1.270725811083840973e-01
-1.266740698441696233e-01
-1.262761844456564142e-01
-1.258789249128443866e-01
-1.254822912457335682e-01
-1.250862834443240701e-01
-1.246909015086157257e-01
-1.242961454386086739e-01
-1.239020152343027759e-01
-1.235085108956981842e-01
-1.231156324227947463e-01
-1.227233798155925315e-01
-1.223317530740916370e-01
-1.219407521982918824e-01
-1.215503771881934342e-01
-1.211606280437961258e-01
-1.207715047651001378e-01
-1.203830073521053035e-01
-1.199951358048117617e-01
-1.196078901232193736e-01
-1.192212703073282226e-01
-1.188352763571383780e-01
-1.184499082726496733e-01
-1.180651660538622749e-01
-1.176810497007760442e-01
-1.172975592133911060e-01
-1.169146945917073216e-01
-1.165324558357247603e-01
-1.161508429454435054e-01
-1.157698559208634043e-01
-1.153894947619846095e-01
-1.150097594688069685e-01
-1.146306500413306340e-01
-1.142521664795554531e-01
-1.138743087834814954e-01
-1.134970769531088441e-01
-1.131204709884373327e-01
-1.127444908894671416e-01
-1.123691366561981042e-01
-1.119944082886303593e-01
-1.116203057867637682e-01
-1.112468291505984835e-01
-1.108739783801343526e-01
-1.105017534753714586e-01
-1.101301544363098572e-01
-1.097591812629494096e-01
-1.093888339552902683e-01
-1.090191125133322808e-01
-1.086500169370755997e-01
-1.082815472265200724e-01
-1.079137033816657681e-01
-1.075464854025127703e-01
-1.071798932890609263e-01
-1.068139270413103747e-01
-1.064485866592609908e-01
-1.060838721429128995e-01
-1.057197834922659757e-01
-1.053563207073203445e-01
-1.049934837880758670e-01
-1.046312727345326266e-01
-1.042696875466906786e-01
-1.039087282245498844e-01
-1.035483947681103967e-01
-1.031886871773720626e-01
-1.028296054523350350e-01
-1.024711495929991611e-01
-1.021133195993645104e-01
-1.017561154714311661e-01
-1.013995372091989755e-01
-1.010435848126680913e-01
-1.006882582818383609e-01
-1.003335576167099230e-01
-9.997948281728265274e-02
-9.962603388355667500e-02
-9.927321081553185100e-02
-9.892101361320826403e-02
-9.856944227658596958e-02
-9.821849680566482887e-02
-9.786817720044499458e-02
-9.751848346092632791e-02
-9.716941558710893989e-02
-9.682097357899271950e-02
-9.647315743657773612e-02
-9.612596715986403140e-02
-9.577940274885150818e-02
-9.543346420354026360e-02
-9.508815152393018666e-02
-9.474346471002140224e-02
-9.439940376181378545e-02
-9.405596867930739180e-02
-9.371315946250230455e-02
-9.337097611139835718e-02
-9.302941862599573009e-02
-9.268848700629424286e-02
-9.234818125229406205e-02
-9.200850136399504886e-02
-9.166944734139731432e-02
-9.133101918450074741e-02
-9.099321689330541751e-02
-9.065604046781138015e-02
-9.031948990801849653e-02
-8.998356521392691931e-02
-8.964826638553649585e-02
-8.931359342284736491e-02
-8.897954632585940160e-02
-8.864612509457266143e-02
-8.831332972898721378e-02
-8.798116022910293377e-02
-8.764961659491994628e-02
-8.731869882643812641e-02
-8.698840692365759908e-02
-8.665874088657823937e-02
-8.632970071520015831e-02
-8.600128640952324488e-02
-8.567349796954756846e-02
-8.534633539527318458e-02
-8.501979868669995444e-02
-8.469388784382803070e-02
-8.436860286665726072e-02
-8.404394375518778326e-02
-8.371991050941947343e-02
-8.339650312935240062e-02
-8.307372161498660645e-02
-8.275156596632197992e-02
-8.243003618335864591e-02
-8.210913226609647952e-02
-8.178885421453560567e-02
-8.146920202867589944e-02
-8.115017570851747186e-02
-8.083177525406022579e-02
-8.051400066530418898e-02
-8.019685194224945857e-02
-7.988032908489589579e-02
-7.956443209324361165e-02
-7.924916096729250903e-02
-7.893451570704268505e-02
-7.862049631249402870e-02
-7.830710278364659549e-02
-7.799433512050046868e-02
-7.768219332305549563e-02
-7.737067739131181510e-02
-7.705978732526930219e-02
-7.674952312492808182e-02
-7.643988479028802907e-02
-7.613087232134925497e-02
-7.582248571811166238e-02
-7.551472498057529292e-02
-7.520759010874020212e-02
-7.490108110260629282e-02
-7.459519796217366217e-02
-7.428994068744221302e-02
-7.398530927841204252e-02
-7.368130373508303965e-02
-7.337792405745527380e-02
-7.307517024552878659e-02
-7.277304229930348090e-02
-7.247154021877945385e-02
-7.217066400395659442e-02
-7.187041365483502753e-02
-7.157078917141462826e-02
-7.127179055369545213e-02
-7.097341780167756853e-02
-7.067567091536085255e-02
-7.037854989474542911e-02
-7.008205473983115941e-02
-6.978618545061819611e-02
-6.949094202710638657e-02
-6.919632446929588343e-02
-6.890233277718653404e-02
-6.860896695077842167e-02
-6.831622699007158794e-02
-6.802411289506592185e-02
-6.773262466576154828e-02
-6.744176230215835621e-02
-6.715152580425644280e-02
-6.686191517205569701e-02
-6.657293040555617436e-02
-6.628457150475794424e-02
-6.599683846966088174e-02
-6.570973130026511178e-02
-6.542324999657050943e-02
-6.513739455857718574e-02
-6.485216498628504356e-02
-6.456756127969418002e-02
-6.428358343880448411e-02
-6.400023146361602522e-02
-6.371750535412885885e-02
-6.343540511034284624e-02
-6.315393073225812615e-02
-6.287308221987458756e-02
-6.259285957319231375e-02
-6.231326279221122838e-02
-6.203429187693136615e-02
-6.175594682735278951e-02
-6.147822764347538743e-02
-6.120113432529926401e-02
-6.092466687282431514e-02
-6.064882528605065187e-02
-6.037360956497815623e-02
-6.009901970960695311e-02
-5.982505571993691762e-02
-5.955171759596811221e-02
-5.927900533770058544e-02
-5.900691894513424018e-02
-5.873545841826917357e-02
-5.846462375710528153e-02
-5.819441496164266814e-02
-5.792483203188123625e-02
-5.765587496782102750e-02
-5.738754376946210434e-02
-5.711983843680435574e-02
-5.685275896984788579e-02
-5.658630536859259735e-02
-5.632047763303858062e-02
-5.605527576318574540e-02
-5.579069975903414025e-02
-5.552674962058381375e-02
-5.526342534783466182e-02
-5.500072694078679547e-02
-5.473865439944009675e-02
-5.447720772379468362e-02
-5.421638691385045200e-02
-5.395619196960749209e-02
-5.369662289106571368e-02
-5.343767967822515841e-02
-5.317936233108588873e-02
-5.292167084964779361e-02
-5.266460523391098408e-02
-5.240816548387534218e-02
-5.215235159954098587e-02
-5.189716358090780413e-02
-5.164260142797585246e-02
-5.138866514074517944e-02
-5.113535471921568099e-02
-5.088267016338746812e-02
-5.063061147326042982e-02
-5.037917864883467017e-02
-5.012837169011008509e-02
-4.987819059708678560e-02
-4.962863536976466067e-02
-4.937970600814376582e-02
-4.913140251222414268e-02
-4.888372488200570798e-02
-4.863667311748854499e-02
-4.839024721867256351e-02
-4.814444718555785374e-02
-4.789927301814433241e-02
-4.765472471643203423e-02
-4.741080228042101469e-02
-4.716750571011117665e-02
-4.692483500550261033e-02
-4.668279016659522551e-02
-4.644137119338911934e-02
-4.620057808588419468e-02
-4.596041084408054173e-02
-4.572086946797807722e-02
-4.548195395757683585e-02
-4.524366431287686618e-02
-4.500600053387808497e-02
-4.476896262058057546e-02
-4.453255057298424746e-02
-4.429676439108919811e-02
-4.406160407489533026e-02
-4.382706962440268555e-02
-4.359316103961131950e-02
-4.335987832052113494e-02
-4.312722146713222210e-02
-4.289519047944449770e-02
-4.266378535745804501e-02
-4.243300610117277383e-02
-4.220285271058877435e-02
-4.197332518570596332e-02
-4.174442352652437543e-02
-4.151614773304405925e-02
-4.128849780526493152e-02
-4.106147374318707549e-02
-4.083507554681040791e-02
-4.060930321613500510e-02
-4.038415675116079073e-02
-4.015963615188780644e-02
-3.993574141831609386e-02
-3.971247255044556279e-02
-3.948982954827630343e-02
-3.926781241180823251e-02
-3.904642114104143330e-02
-3.882565573597581560e-02
-3.860551619661142797e-02
-3.838600252294831205e-02
-3.816711471498638458e-02
-3.794885277272572188e-02
-3.773121669616625457e-02
-3.751420648530805202e-02
-3.729782214015103098e-02
-3.708206366069528859e-02
-3.686693104694072770e-02
-3.665242429888739689e-02
-3.643854341653533779e-02
-3.622528839988446020e-02
-3.601265924893485432e-02
-3.580065596368643688e-02
-3.558927854413929115e-02
-3.537852699029333386e-02
-3.516840130214859972e-02
-3.495890147970513728e-02
-3.475002752296286329e-02
-3.454177943192185407e-02
-3.433415720658204023e-02
-3.412716084694349117e-02
-3.392079035300613055e-02
-3.371504572477003470e-02
-3.350992696223513423e-02
-3.330543406540145690e-02
-3.310156703426905128e-02
-3.289832586883782717e-02
-3.269571056910788170e-02
-3.249372113507911775e-02
-3.229235756675162550e-02
-3.209161986412531475e-02
-3.189150802720024103e-02
-3.169202205597643207e-02
-3.149316195045381156e-02
-3.129492771063245582e-02
-3.109731933651229546e-02
-3.090033682809339988e-02
-3.070398018537569274e-02
-3.050824940835925383e-02
-3.031314449704400685e-02
-3.011866545142998647e-02
-2.992481227151723086e-02
-2.973158495730566717e-02
-2.953898350879536824e-02
-2.934700792598626123e-02
-2.915565820887842247e-02
-2.896493435747177214e-02
-2.877483637176634843e-02
-2.858536425176219295e-02
-2.839651799745922939e-02
-2.820829760885753060e-02
-2.802070308595702372e-02
-2.783373442875777815e-02
-2.764739163725972795e-02
-2.746167471146294253e-02
-2.727658365136734903e-02
-2.709211845697298213e-02
-2.690827912827988347e-02
-2.672506566528797325e-02
-2.654247806799732781e-02
-2.636051633640787775e-02
-2.617918047051968899e-02
-2.599847047033269562e-02
-2.581838633584692885e-02
-2.563892806706242686e-02
-2.546009566397911678e-02
-2.528188912659707147e-02
-2.510430845491621807e-02
-2.492735364893662944e-02
-2.475102470865823273e-02
-2.457532163408106610e-02
-2.440024442520516076e-02
-2.422579308203045081e-02
-2.405196760455700217e-02
-2.387876799278474890e-02
-2.370619424671376041e-02
-2.353424636634396383e-02
-2.336292435167542855e-02
-2.319222820270808866e-02
-2.302215791944197537e-02
-2.285271350187712686e-02
-2.268389495001347372e-02
-2.251570226385108189e-02
-2.234813544338988198e-02
-2.218119448862994683e-02
-2.201487939957120707e-02
-2.184919017621369391e-02
-2.168412681855744206e-02
-2.151968932660238906e-02
-2.135587770034859390e-02
-2.119269193979599411e-02
-2.103013204494465910e-02
-2.086819801579451600e-02
-2.070688985234563420e-02
-2.054620755459795126e-02
-2.038615112255149492e-02
-2.022672055620629988e-02
-2.006791585556230023e-02
-1.990973702061955841e-02
-1.975218405137801891e-02
-1.959525694783773378e-02
-1.943895570999865097e-02
-1.928328033786079129e-02
-1.912823083142419639e-02
-1.897380719068879340e-02
-1.882000941565465518e-02
-1.866683750632170888e-02
-1.851429146269002735e-02
-1.836237128475954120e-02
-1.821107697253031288e-02
-1.806040852600228341e-02
-1.791036594517548056e-02
-1.776094923004993900e-02
-1.761215838062559630e-02
-1.746399339690250796e-02
-1.731645427888062194e-02
-1.716954102655999029e-02
-1.702325363994056096e-02
-1.687759211902236170e-02
-1.673255646380541681e-02
-1.658814667428967077e-02
-1.644436275047518256e-02
-1.630120469236189321e-02
-1.615867249994986515e-02
-1.601676617323903248e-02
-1.587548571222942989e-02
-1.573483111692108513e-02
-1.559480238731393749e-02
-1.545539952340804768e-02
-1.531662252520336019e-02
-1.517847139269992707e-02
-1.504094612589769453e-02
-1.490404672479671809e-02
-1.476777318939694397e-02
-1.463212551969839646e-02
-1.449710371570110505e-02
-1.436270777740501596e-02
-1.422893770481018123e-02
-1.409579349791654883e-02
-1.396327515672417079e-02
-1.383138268123299507e-02
-1.370011607144304769e-02
-1.356947532735435467e-02
-1.343946044896686398e-02
-1.331007143628062765e-02
-1.318130828929559364e-02
-1.305317100801181400e-02
-1.292565959242923841e-02
-1.279877404254791545e-02
-1.267251435836779482e-02
-1.254688053988890425e-02
-1.242187258711126459e-02
-1.229749050003483071e-02
-1.217373427865964947e-02
-1.205060392298567228e-02
-1.192809943301294771e-02
-1.180622080874142721e-02
-1.168496805017113505e-02
-1.156434115730209551e-02
-1.144434013013426003e-02
-1.132496496866767545e-02
-1.120621567290229839e-02
-1.108809224283817223e-02
-1.097059467847525012e-02
-1.085372297981358064e-02
-1.073747714685311522e-02
-1.062185717959387987e-02
-1.050686307803589369e-02
-1.039249484217911502e-02
-1.027875247202358726e-02
-1.016563596756926528e-02
-1.005314532881619247e-02
-9.941280555764327176e-03
-9.830041648413690228e-03
-9.719428606764304174e-03
-9.609441430816123911e-03
-9.500080120569194542e-03
-9.391344676023470964e-03
-9.283235097178998280e-03
-9.175751384035731387e-03
-9.068893536593694571e-03
-8.962661554852884363e-03
-8.857055438813345866e-03
-8.752075188474992343e-03
-8.647720803837868897e-03
-8.543992284901973794e-03
-8.440889631667346932e-03
-8.338412844133908514e-03
-8.236561922301698438e-03
-8.135336866170716705e-03
-8.034737675740963314e-03
-7.934764351012478165e-03
-7.835416891985181459e-03
-7.736695298659113963e-03
-7.638599571034273943e-03
-7.541129709110702163e-03
-7.444285712888318828e-03
-7.348067582367164702e-03
-7.252475317547238919e-03
-7.157508918428542345e-03
-7.063168385011110544e-03
-6.969453717294870655e-03
-6.876364915279858242e-03
-6.783901978966075039e-03
-6.692064908353520178e-03
-6.600853703442230089e-03
-6.510268364232131913e-03
-6.420308890723262080e-03
-6.330975282915620589e-03
-6.242267540809243002e-03
-6.154185664404059064e-03
-6.066729653700102601e-03
-5.979899508697375347e-03
-5.893695229395876437e-03
-5.808116815795640563e-03
-5.723164267896598337e-03
-5.638837585698784453e-03
-5.555136769202199780e-03
-5.472061818406875541e-03
-5.389612733312747553e-03
-5.307789513919847907e-03
-5.226592160228176603e-03
-5.146020672237733642e-03
-5.066075049948551116e-03
-4.986755293360564840e-03
-4.908061402473806907e-03
-4.829993377288278184e-03
-4.752551217804008160e-03
-4.675734924020936122e-03
-4.599544495939092426e-03
-4.523979933558477072e-03
-4.449041236879090061e-03
-4.374728405900960883e-03
-4.301041440624031424e-03
-4.227980341048329441e-03
-4.155545107173856667e-03
-4.083735739000612236e-03
-4.012552236528623903e-03
-3.941994599757836157e-03
-3.872062828688277187e-03
-3.802756923319946560e-03
-3.734076883652871597e-03
-3.666022709686997654e-03
-3.598594401422352054e-03
-3.531791958858935231e-03
-3.465615381996746749e-03
-3.400064670835812632e-03
-3.335139825376080835e-03
-3.270840845617577815e-03
-3.207167731560303138e-03
-3.144120483204281957e-03
-3.081699100549463964e-03
-3.019903583595874748e-03
-2.958733932343513874e-03
-2.898190146792381343e-03
-2.838272226942501007e-03
-2.778980172793825594e-03
-2.720313984346378090e-03
-2.662273661600159796e-03
-2.604859204555169411e-03
-2.548070613211430354e-03
-2.491907887568897088e-03
-2.436371027627592164e-03
-2.381460033387515583e-03
-2.327174904848689461e-03
-2.273515642011069565e-03
-2.220482244874678445e-03
-2.168074713439516101e-03
-2.116293047705582100e-03
-2.065137247672896390e-03
-2.014607313341419074e-03
-1.964703244711170534e-03
-1.915425041782150119e-03
-1.866772704554377563e-03
-1.818746233027814050e-03
-1.771345627202478880e-03
-1.724570887078372486e-03
-1.678422012655494434e-03
-1.632899003933862723e-03
-1.588001860913441574e-03
-1.543730583594248766e-03
-1.500085171976284519e-03
-1.457065626059565744e-03
-1.414671945844058181e-03
-1.372904131329779178e-03
-1.331762182516728734e-03
-1.291246099404906849e-03
-1.251355881994328919e-03
-1.212091530284963720e-03
-1.173453044276827079e-03
-1.135440423969918781e-03
-1.098053669364239043e-03
-1.061292780459802392e-03
-1.025157757256579339e-03
-9.896485997545850614e-04
-9.547653079538190183e-04
-9.205078818542950870e-04
-8.868763214559859456e-04
-8.538706267589052552e-04
-8.214907977630531242e-04
-7.897368344684294441e-04
-7.586087368750464664e-04
-7.281065049828795797e-04
-6.982301387919412523e-04
-6.689796383022312675e-04
-6.403550035137611177e-04
-6.123562344265080348e-04
-5.849833310404834027e-04
-5.582362933556873300e-04
-5.321151213721197083e-04
-5.066198150897905121e-04
-4.817503745086797380e-04
-4.575067996287973606e-04
-4.338890904501435425e-04
-4.108972469727181754e-04
-3.885312691965300954e-04
-3.667911571215615217e-04
-3.456769107478214532e-04
-3.251885300753098898e-04
-3.053260151040345836e-04
-2.860893658339797594e-04
-2.674785822651534945e-04
-2.494936643975556806e-04
-2.321346122311863990e-04
-2.154014257660521276e-04
-1.992941050021395852e-04
-1.838126499394555750e-04
-1.689570605780000428e-04
-1.547273369177785453e-04
-1.411234789587797794e-04
-1.281454867010095458e-04
-1.157933601444677903e-04
-1.040670992891545399e-04
-9.296670413507407719e-05
-8.249217468221759311e-05
-7.264351093058961416e-05
-6.342071288019014035e-05
-5.482378053102246495e-05
-4.685271388307975070e-05
-3.950751293636554158e-05
-3.278817769087983761e-05
-2.669470814662264216e-05
-2.122710430359599489e-05
-1.638536616179555561e-05
-1.216949372122362485e-05
-8.579486981880197542e-06
-5.615345943765275369e-06
-3.277070606879661321e-06
-1.564660971221499974e-06
-4.781170367918435534e-07
0.000000000000000000e+00
1.826262716178554388e-07
9.736794408734650880e-07
2.390598311357579558e-06
4.433382883070199166e-06
7.102033156011323489e-06
1.039654913017951977e-05
1.431693080557740534e-05
1.886317818220379605e-05
2.403529126005869021e-05
2.983327003913966699e-05
3.625711451945132409e-05
4.330682470099147955e-05
5.098240058376014692e-05
5.928384216775731943e-05
6.821114945297933113e-05
7.776432243943326320e-05
8.794336112711570040e-05
9.874826551602664275e-05
1.101790356061614282e-04
1.222356713975291233e-04
1.349181728901253235e-04
1.482265400839500561e-04
1.621607729790032666e-04
1.767208715752790734e-04
1.919068358727890502e-04
2.077186658715275594e-04
2.241563615714945465e-04
2.412199229726900388e-04
2.589093500751069076e-04
2.772246428787591391e-04
2.961658013836398757e-04
3.157328255897491717e-04
3.359257154970787872e-04
3.567444711056448224e-04
3.781890924154393627e-04
4.002595794264623540e-04
4.229559321387139047e-04
4.462781505521845821e-04
4.702262346668928720e-04
4.948001844828297212e-04
5.199999999999999544e-04
