-3.905520133741379740e-01 -2.287707834855003952e+00 -2.905634319178700409e+00 0.000000000000000000e+00
1.377589956440562757e-01 1.769854635245756425e-01 -3.313916453508852777e-01 0.000000000000000000e+00
2.002678817041453119e+00 1.386317360213731087e+00 1.190505183579908088e+00 0.000000000000000000e+00
4.319415227594832762e-01 1.622603878186625659e+00 1.056600841748973757e-01 0.000000000000000000e+00
2.970728577015668836e-01 3.560383043460201291e-01 4.490622152039995818e-01 0.000000000000000000e+00
-9.134787893386742130e-02 1.329535274409086032e+00 -1.691288420189834385e+00 0.000000000000000000e+00
-4.982827400046953015e-01 -1.669396351207051765e+00 -2.208963890631472804e+00 0.000000000000000000e+00
-5.975495033768548625e-01 5.719606650134889669e-01 1.340740261021426738e+00 0.000000000000000000e+00
-1.968046934090288969e-01 4.294089485705500642e-01 -3.996108659020416315e-02 0.000000000000000000e+00
4.509068857966326282e-01 1.562934865824182840e+00 3.224520984627884390e-01 0.000000000000000000e+00
2.269361534372838773e-01 1.102025641082041568e-01 4.791316725536521326e-01 0.000000000000000000e+00
-6.536672274671223581e-01 -7.812955080002595420e-02 8.474764572755705272e-01 0.000000000000000000e+00
-9.839792234683029937e-02 6.677623942403586310e-03 2.865705759830236565e-02 0.000000000000000000e+00
1.627610176854948354e-01 1.133577751829951907e+00 4.281723348266838758e-01 0.000000000000000000e+00
-1.136874288303921121e+00 3.942486962996274991e-01 9.382651749273761554e-01 0.000000000000000000e+00
-2.326148802756204115e-01 5.493062124741563412e-01 8.320357588546457850e-02 0.000000000000000000e+00
1.476153186870183376e+00 2.096752361340559645e+00 -6.117949685328346598e-01 0.000000000000000000e+00
1.187942401863633979e+00 7.763540932001140593e-01 1.416165500682603273e+00 0.000000000000000000e+00
1.259662289142595260e+00 -1.930146536146269132e-01 1.201633672681883952e-01 0.000000000000000000e+00
3.106099847194239705e-01 1.097379577172732101e-01 -2.778015952299012770e-01 0.000000000000000000e+00
6.525549035091192385e-02 -3.525199528438259511e-02 2.052787522622873673e-01 0.000000000000000000e+00
-2.372246960516871950e-01 -2.706059674180913976e-01 2.385397127345033619e-01 0.000000000000000000e+00
-7.811970166422635420e-02 -8.002416992788702332e-02 -1.396433049626311790e-02 0.000000000000000000e+00
3.891608620465034640e-01 2.593447175203462685e-01 5.921208155707080589e-01 0.000000000000000000e+00
1.080474401895916911e-02 4.923413431986122246e-01 4.050991246397717682e-01 0.000000000000000000e+00
-3.966993440733761478e-01 -2.079396351577955937e-01 5.813178206046992758e-01 0.000000000000000000e+00
4.504917483937356248e-01 3.973850026108028954e-01 -9.574579367377002992e-01 0.000000000000000000e+00
-2.278719804030581719e-01 -3.694605724509816835e-01 5.553293972461992301e-01 0.000000000000000000e+00
-5.865178442660711200e-01 -4.636612654220101937e-01 8.435355129708464739e-03 0.000000000000000000e+00
-3.806679020519736500e-01 -2.856717823651366284e-01 -4.279424251160073023e-02 0.000000000000000000e+00
-1.614948761065868377e+00 2.384772069258536575e+00 9.283056702063476051e-02 0.000000000000000000e+00
1.375822731258071752e+00 -9.890671816508729286e-01 1.200095111346614951e+00 0.000000000000000000e+00
-2.559093197261424812e+00 1.272771855420889109e+00 -2.393410984027968536e-01 0.000000000000000000e+00
-4.924269898890732550e-02 6.029164178978539956e-01 -6.003779797130978091e-01 0.000000000000000000e+00
-4.438784169425196158e-01 -1.903449279503246938e+00 -1.619968859779274517e+00 0.000000000000000000e+00
-1.076828550079352992e-01 -7.006311264037327902e-02 -1.732109646578049722e-01 0.000000000000000000e+00
1.900169751989175537e-01 -9.933449980889987041e-02 -2.630568800716502342e-01 0.000000000000000000e+00
5.306419889773261039e-02 -5.820431408148055152e-02 -1.414131749409910932e-02 0.000000000000000000e+00
3.951983393762779628e-01 -2.089975858395315689e-01 2.819537403653338825e-01 0.000000000000000000e+00
6.892827355819601820e-01 -1.346352201470012860e-03 -3.489502535799072769e-01 0.000000000000000000e+00
1.953033200175371686e-01 5.873323760572643493e-02 8.617293210884305332e-02 0.000000000000000000e+00
9.286730144240301632e-01 -7.756581335018616352e-01 -1.350134024393149446e+00 0.000000000000000000e+00
-1.328685181819866737e-02 -6.676815380063083616e-01 -9.970730397268748879e-01 0.000000000000000000e+00
-8.340258057234770650e-01 2.205711645980843599e-02 -4.832716367589554585e-01 0.000000000000000000e+00
-3.986441856582427223e-01 1.209002875182522627e-02 1.131653418471047362e-01 0.000000000000000000e+00
-1.559540567742454975e+00 9.161661182518897606e-01 1.295987234993379866e+00 0.000000000000000000e+00
5.132590559764775850e-01 -1.173168443224947843e+00 1.324151590456209115e+00 0.000000000000000000e+00
-8.955754437241414401e-01 6.443410983212886078e-01 6.207871699400862031e-01 0.000000000000000000e+00
-1.508589619919952884e+00 4.451283801908248461e-02 -1.293793108895249233e+00 0.000000000000000000e+00
-4.191223387641747067e-01 -8.589972881530797411e-01 4.995656220955442539e-03 0.000000000000000000e+00
-6.255052579621912523e-01 2.736064802625026715e+00 1.531758209456663078e+00 0.000000000000000000e+00
1.309787561277462764e+00 -1.804011084775306140e+00 2.278167584760319997e+00 0.000000000000000000e+00
-7.773281751384428784e-01 3.225531254054304631e-01 2.917299105363356237e-01 0.000000000000000000e+00
4.397005688744236029e-01 -1.053266794847445009e+00 1.614590911080504343e+00 0.000000000000000000e+00
1.174019239081373067e+00 -8.250137251497008384e-01 -1.552611116109919642e+00 0.000000000000000000e+00
5.699786253828690308e-01 -2.373347006103330714e-01 1.503455032453101803e-01 0.000000000000000000e+00
