-6.242003135916751599e-01 9.797754792675004154e-01 1.196227032524223993e-02 -2.339286729818056132e-02
-4.206846218900168743e-01 -9.961219040081186193e-01 -2.296651811398876530e-01 -2.654879431154492098e-01
-5.686385570317753491e-03 5.053077034135160517e-01 -2.249479340934906479e-01 -2.352430259927761891e-01
1.195261918431215875e+00 1.146700932724002087e+00 1.208530522136632146e-01 2.758303352798809893e-01
-3.727621029477301562e-02 5.089062515258653718e+00 -2.907371497635524715e-02 1.929434230773807712e-02
-8.074413908580524435e-01 3.269280164532897714e+00 -1.974017223473518295e-02 1.440391484888298157e-02
-5.699702490252844811e-02 2.289869404565795463e+00 -1.366589644968603245e-01 -5.955061560707852752e-02
-2.011483822485065076e-01 2.608834140511078203e-01 2.460305789155254330e-01 3.220138405570198148e-01
3.238604925277519531e-01 1.380865289353271130e+00 -3.989886646540515003e-02 4.267331768378979096e-02
-7.926561215367780022e-01 -1.117863621650526440e+00 1.620050121241069507e-01 -4.386761498930624725e-02
5.935332193016318314e-02 -2.611487331198704354e+00 -1.508692934213814729e-01 -1.555260141403640439e-01
1.947004829691358907e-01 -9.924274716854206702e-01 -1.769844460654154128e-01 -2.620769219734412347e-01
5.790294824104265103e-01 -8.268973145242117795e+00 5.609015245535070582e-02 -3.394727133672981179e-02
-5.994537824114836155e-01 -2.175490401981116761e+00 8.241859016210024980e-02 -1.724781479356474190e-01
1.599374840679197884e+00 -5.944040811949303560e+00 6.170112073152164700e-02 -9.270234832323198670e-03
5.235946904399242374e-01 -1.409987571687238095e+00 -1.575734968010769621e-02 1.177881144025766380e-01
-1.127220568128164846e+00 -1.303191867255028669e+00 -1.137384232673835094e-01 -1.176796113076178374e-01
-3.788564626602830554e-02 -1.895777530152633616e+00 -6.185720150094267678e-02 -1.898223502405502749e-01
5.500477533658942875e-02 -1.482017307624589719e+00 -6.543064758698785566e-03 -5.588019899737700635e-02
2.807509013459466019e-01 3.097210770889180509e-01 -1.323589525963272395e-01 -2.423996295289373992e-02
-7.411479157865707990e-02 1.078203419851314848e+00 1.063940793390419637e-01 5.656591686937378904e-02
-7.904832190142352388e-02 5.164634712019426921e-01 7.276495239013450189e-02 1.031218399440685385e-01
-8.293791106651369205e-01 4.158917753426904618e+00 -2.424580767570941597e-01 -2.146769639437943189e-01
-9.447554185820004058e-01 3.327703461333998192e+00 -4.568084334232658250e-02 1.474189429302830145e-03
2.919017751704364727e-01 1.095624096781080414e+00 -1.117221643291043676e-01 1.019396093305295903e-01
-7.293398085745406156e-01 1.800574496556688331e+00 -9.443194253777983938e-02 -3.574242242867755603e-01
1.188567987362930012e+00 1.111776232953968879e+00 6.241556685778114344e-02 -4.873965442902883360e-02
8.905476357336850057e-02 1.900796359229646626e+00 7.722271532607055677e-02 2.238948357928733368e-01
-7.763297684804992826e-03 1.534903454918394416e+00 3.442918563740804405e-02 6.768446065753550012e-02
-5.677659897668890787e-01 -2.181991740731714646e-01 -8.952465781987006821e-02 -1.285769708250071863e-01
-3.514864173124054858e-02 -1.318104801809838467e-01 -1.682802424549790232e-01 -2.217853967081707955e-01
8.810460729408586822e-02 -1.121773650283239832e-01 -8.321769947585257177e-02 -2.352195048410599121e-02
4.563037584021234494e-02 -1.736366512235787418e-01 -2.206837944834684484e-02 6.695726454619543855e-02
-3.442949142578579091e-01 1.159354529662577127e+00 6.897985579622040175e-03 -7.070633710110962866e-03
-4.037321706284519029e-02 -2.232918752111501259e-02 2.711947979345704501e-02 7.496580838498898003e-03
1.481171515959078810e-02 -1.543191516127327967e-01 -2.660311475509164261e-02 -9.030223558364122716e-03
1.360946257278095040e-02 -7.828214867864080606e-02 -1.158571607823864064e-02 -1.512852428385878800e-02
2.239952004849485867e-01 -6.886236846217932417e-01 6.619534309065699951e-02 7.015461132153637258e-02
-4.301020649681197572e-02 -1.825909707591585329e-01 3.196040437751603014e-02 -1.636006570796919024e-02
1.710897515713222239e-01 -5.859412262533618687e-01 9.830235425375255520e-03 -3.520781345769247173e-04
1.092466225035023109e-01 -5.934833527437679557e-01 -5.425720607739854817e-02 5.957676364951530745e-02
-3.430820516119406083e-01 -2.353396148548163591e-01 -1.413044438241132378e-02 4.841267771151260002e-02
-5.225926097891603339e-02 -4.780049188438701968e-01 -1.937384956462272212e-02 -6.612857461244420199e-02
-3.408723317662842867e-03 -3.893357658280125477e-01 -1.331722591836696779e-02 -1.566215825498836964e-02
1.849453359393137819e-01 -6.214232630790628154e-03 -7.703082281312373381e-02 -5.724421849010091767e-02
-1.255640026804138998e-02 6.879077316460835423e-02 7.496581231633546449e-02 1.109583059361087531e-01
-2.498417625664095532e-02 6.381451220784689626e-02 5.062043911296800619e-02 1.745306978305458112e-02
-7.147073901013878405e-03 9.911713307744207668e-02 2.143151481398233860e-02 -5.315064202341573951e-02
1.780214876117751088e-01 -5.816913860323896790e-01 -1.169547165064233063e-03 1.014104657898834416e-02
-9.319602427861295446e-02 -3.938800389745691355e-01 -8.805642415151943014e-02 -8.735433195165565046e-02
3.814126653885471785e-02 -8.222043846038534776e-02 -7.429150235720016759e-02 -1.379402216607117371e-02
2.042558229768752787e-01 -5.998462654308156505e-02 -4.021815086368839276e-02 -9.948553972034812620e-04
5.987812595325925358e-02 1.160851313298263410e-01 -1.334457867641253292e-02 2.204546221067971157e-02
-2.191114669870572462e-02 9.918800176449593664e-02 6.686957067150722800e-04 2.335875882037030671e-02
-3.626926648451966884e-02 -8.001844640057581559e-02 -5.445390743064951189e-03 -1.789489719947856550e-03
-1.693305517979049046e-01 -1.640588368736464187e+00 -3.404026647001165973e-01 -3.408499396106076107e-01
9.292200258707989519e-03 2.161379734509774955e-02 1.684410112836989002e-03 5.192038719284270548e-03
