-3.299238242569174417e+00 -4.066740840486020581e+00 2.810911632593992682e+00 0.000000000000000000e+00
-5.832018908387820444e-01 -1.501817844286680081e+00 1.003356948682901928e+00 0.000000000000000000e+00
-1.446075461347451130e+00 -5.266056559787894997e-01 -3.459856842724079229e+00 0.000000000000000000e+00
-2.088530180745814535e-01 7.706824174030126873e-01 -6.369758923969526254e-01 0.000000000000000000e+00
4.631191744409785538e-01 1.456899238715745337e-01 -7.721250681812141803e-01 0.000000000000000000e+00
-1.057456834596565587e+00 -1.589785598936850786e+00 -7.115261263831595961e-01 0.000000000000000000e+00
-1.781407793640594983e+00 -2.937271379827230078e+00 6.745676544247148909e-01 0.000000000000000000e+00
-8.011910837654186990e-01 5.377794468048918697e-01 1.368435280596275394e+00 0.000000000000000000e+00
-3.345119446114145356e-01 2.591361029149988338e-01 1.071333718169811489e+00 0.000000000000000000e+00
1.774714099582906102e-01 1.263447379175698382e+00 -2.576735150858447287e+00 0.000000000000000000e+00
4.999016881330907158e-01 4.462648082459872434e-01 -9.642001046676618170e-01 0.000000000000000000e+00
-2.988782959598143552e-01 5.909344397919439329e-01 1.839843831669461638e+00 0.000000000000000000e+00
-1.647575270959138194e-01 1.288614593117023699e-01 -7.613465594487435484e-02 0.000000000000000000e+00
1.016508782373403141e+00 1.361954566709194792e+00 4.532725136629893459e-02 0.000000000000000000e+00
1.099062871068035574e-01 1.119794558224327385e+00 -5.394048031420879408e-01 0.000000000000000000e+00
-2.844715790453430371e-01 -4.257248031074313266e-01 -3.961073276501057561e-01 0.000000000000000000e+00
-2.755395850537860954e-03 -1.106291180800579310e+00 -3.960241768451621347e+00 0.000000000000000000e+00
1.722026928410649305e+00 7.405096720828993062e-01 -2.698904182488996994e-01 0.000000000000000000e+00
5.134647220131590695e-01 -9.899936906609375642e-01 -3.886463355284726084e-01 0.000000000000000000e+00
3.869200228809795417e-01 -5.936670484849554397e-01 -6.120493581263947158e-01 0.000000000000000000e+00
1.911619251989153945e-01 2.177904567035329753e-01 -4.506592111292684888e-01 0.000000000000000000e+00
-3.748315234981602212e-02 2.471741087798616510e-01 8.494439998861097463e-01 0.000000000000000000e+00
-1.509788277448833628e-02 -4.383545550652292316e-02 -3.331234334416823262e-01 0.000000000000000000e+00
1.078360996693088270e+00 1.833131845599020204e+00 -2.231672625720851344e-01 0.000000000000000000e+00
1.575533114403937229e-01 3.997439748557328199e-01 -5.771899714778462309e-01 0.000000000000000000e+00
5.645488098137526473e-03 5.882470709456084634e-01 -1.784471839528774251e-01 0.000000000000000000e+00
1.603513827349831056e+00 4.807992548376052722e-01 -9.850928557050929735e-01 0.000000000000000000e+00
6.582768663077649407e-01 1.153322631135389020e+00 -2.535060160758765072e-02 0.000000000000000000e+00
5.727947301948708159e-01 -2.128598163837905344e-01 1.254810741375467886e+00 0.000000000000000000e+00
1.484312845245495428e-02 -5.056266279463883517e-01 9.272310810483935795e-01 0.000000000000000000e+00
-5.617046880545444321e-01 -1.473987628086744994e+00 -2.466220749566756520e+00 0.000000000000000000e+00
1.080653924352525275e+00 -2.814396018536871935e+00 1.980633489331349084e+00 0.000000000000000000e+00
2.232203626796423479e-01 5.727187540248735997e-01 1.262146776884005284e-01 0.000000000000000000e+00
-7.118912695254892009e-01 6.287778401691601626e-01 7.264882559514271865e-01 0.000000000000000000e+00
9.577889991339819109e-02 -5.310798376935272902e-01 5.866794075880552572e-01 0.000000000000000000e+00
-1.985527816685899727e-01 -2.231662813203476592e-01 3.496522716483083104e-01 0.000000000000000000e+00
-1.878674064881928965e-02 -2.213099822899885771e-01 -5.530351331078370292e-01 0.000000000000000000e+00
1.256303625248626210e-01 -1.644043429310474147e-01 1.092704897858734342e-01 0.000000000000000000e+00
5.094852806127515565e-01 1.328110750207411206e+00 2.307215341721414181e-01 0.000000000000000000e+00
-5.456933454596237659e-02 1.194089404970099244e-01 2.643135346113431594e-01 0.000000000000000000e+00
2.461444538237759702e-02 1.754668044895431878e-01 2.214349606473579313e-01 0.000000000000000000e+00
2.481582643596223381e+00 1.281985261971598344e+00 -7.465541861459709105e-01 0.000000000000000000e+00
-4.516378862794040994e-01 1.430750218873374946e+00 -2.272417299113112799e-01 0.000000000000000000e+00
4.370943105888897562e-01 1.292297953416594869e-02 -1.450067407298071709e+00 0.000000000000000000e+00
-9.754275196028244777e-02 -2.541242878201410149e-01 -9.820517671773791590e-02 0.000000000000000000e+00
1.311523577489019265e+00 5.347341458185035368e-01 -3.461727722727498957e-01 0.000000000000000000e+00
1.778119427547850240e+00 -3.387739834747097945e+00 1.240618466119761676e+00 0.000000000000000000e+00
1.173120371370481196e+00 2.281289135119013878e+00 3.505462234563780921e-01 0.000000000000000000e+00
-4.903858098001521171e-01 7.865681612053991856e-01 9.367670462924000407e-01 0.000000000000000000e+00
7.630996574716036873e-01 1.425387139888652177e+00 8.785931248399589943e-01 0.000000000000000000e+00
-1.850883334101490751e+00 -2.215985810871872630e+00 -3.322274009717494092e+00 0.000000000000000000e+00
2.513766905631096726e+00 3.136083814654367363e-01 -3.673284209869154826e-01 0.000000000000000000e+00
-1.345492659074189801e+00 1.527804670783154517e+00 9.595225289068718411e-01 0.000000000000000000e+00
2.202941912989103024e+00 5.125841375594946125e-01 4.260039125470720944e-01 0.000000000000000000e+00
1.159168154901404124e+00 1.554515838569303865e+00 -1.783876773016990769e-01 0.000000000000000000e+00
7.938776750035554317e-03 -1.891096597122630563e+00 -6.675519645790414236e-01 0.000000000000000000e+00
