-3.403757434545868819e+02 1.984242252141081853e-01 7.850573406858488568e+01 3.871495690559375369e+00
-6.170141948002304844e+01 2.511477677905663564e-01 -2.183661453200340929e+01 7.316503571633643510e-01
3.490715267063602312e+01 2.570456240222331323e-01 4.293324402364328307e+01 -9.452031599590066113e-01
3.946401472630223566e+02 -2.957340146704209305e-01 -1.117987596820640448e+02 -5.873035262044567162e+00
-5.295495175348258954e+01 -2.035961049407356699e-02 3.951652870127910688e+01 3.091911678896531512e+00
9.683647005526625051e+00 -2.552051550708855920e-02 -3.271502736301091119e+01 1.817561743034643018e-03
1.245585124371875736e+02 4.363299775781144252e-01 4.159078473588076008e+01 -2.605078606312660305e+00
-6.264636283424374597e+01 -2.071422558653594481e-01 -1.030173622597599774e+02 2.656209498376299827e+00
1.321634829367709330e+01 -8.020796489325927869e-02 1.247148504044168149e+01 2.328384252227608364e+00
-2.272820812960386263e+02 5.314981187500507076e-01 7.550722200427834707e+01 4.432527815772160373e+00
-9.197467597602074818e+01 -5.395306120356084811e-01 -3.054052745796472124e+01 3.323464889208030293e+00
4.161474707012034457e+01 -2.851452135414630495e-01 8.928601965773694360e+01 -2.765910446924644717e+00
8.355446141286273587e+01 -1.525461981234965680e-01 -6.707983008254657875e+01 -6.470324021320970509e+00
-1.982453325241392150e+01 1.629806289667387609e-02 -1.727245994874467527e+01 -5.387953004490412034e+00
-1.726125443007524041e+01 -3.161735060759858496e-02 5.809621109593147992e+01 -1.116563365079810133e+00
-6.897813758774131720e-01 -1.228995113942292772e-01 2.149921156005463629e+01 -1.251345677235554454e+00
-5.240675643896487657e+00 -1.552408047091793919e-01 5.684954719952466817e+00 3.089199889074169647e+00
-1.651065266046720126e+01 -7.891558994364619717e-02 1.077528478866535622e+01 3.558367961245172850e+00
-1.509610101438162566e+01 -5.017524874678094132e-02 1.531813670475544242e+01 3.537920537271970201e-01
6.499497343179145048e+01 -2.874129563565508416e-01 -2.446192237445742634e+01 -1.602139907872729419e+00
2.948720265075640867e+01 9.806106378955081748e-02 1.065395327538503523e+01 -1.682036971281940518e+00
-1.233150243257154344e+01 2.941735413889353667e-01 -3.335297059895918181e+01 1.233039014791334598e+00
-4.377211144135763732e+01 3.859472886482563925e-01 3.684892270226598754e+01 4.299603092520172254e+00
9.146189513798045567e+00 5.213919377696232121e-02 -3.322513314467501289e+01 1.110937545554788297e+00
1.013944845292084551e+01 5.780953088728010836e-02 7.719805201069582345e+00 3.363677979128516959e+00
7.778961609419847711e-01 9.950650852258369206e-02 -2.471275501537242292e+01 1.778029390303901724e+00
6.884531700534109788e+00 1.662858672528262916e-01 -6.270218230220372391e+00 -4.190340210365142148e+00
1.809944428399487393e+01 3.881080179933441010e-02 -1.276721178717135352e+01 -4.917533130996050161e+00
1.636826575141187945e+01 4.610640891474027808e-02 -1.663835808011984696e+01 -4.273287003309553800e-01
3.169896154438132552e+00 -1.567771029685678663e-02 -9.392136770531176460e-01 2.420860173073102750e-01
-3.755205267378878276e-01 1.336444074071379828e-01 -6.120049727600565426e+00 7.119998189951949330e-01
-7.357038346806212381e+00 9.373771260019236884e-02 5.586378552700560496e-01 1.338031763057210721e+00
-1.324032181009438425e+00 -1.610197687603166783e-02 1.198706648281906428e+00 1.423710490682530194e+00
1.145278003453224791e+01 -1.388970774057600444e-02 -3.998715375111582038e+00 1.345827329010981233e-01
-7.383145094000098219e+00 4.467600403852810265e-02 3.067653900301182901e+00 2.186086730401005929e-01
-3.468602807840394320e+00 1.610323362884628906e-03 -1.478204033346384172e+00 2.888758111899025760e-01
1.393920080380491644e+00 -6.724144476207546961e-02 4.538933167745287989e+00 -1.996479166607406097e-01
7.598712606279300452e+00 -1.285323884119030091e-01 -6.821136063974686081e+00 -1.007054486582552810e+00
-1.718192117379699457e+00 -1.329670041375424078e-02 -1.188770275110145658e+00 -6.327253310574111334e-01
-1.458190900656159528e+00 -1.405958464127743390e-02 6.150275371808827884e+00 -2.725753852241334929e-01
-9.202740579911972141e-02 1.510606873776525472e-01 6.114378821937420661e+00 -8.767130248842155416e-01
-1.990384432887937649e+00 -4.871123272883376432e-02 1.752161631060157099e+00 1.180510457285953496e+00
-4.876063718305388761e+00 7.633664771827475271e-03 3.401174587264098825e+00 1.395677634052337801e+00
-4.163106647373355784e+00 -1.513580878169554916e-02 4.638496220911946466e+00 1.179923152842182743e-01
-1.708680247990931766e+00 2.749428305833211961e-01 1.364468520044703759e+00 6.129044374041627830e-01
-4.973870900978563658e-02 -5.542151788685861780e-03 3.378883902243685622e+00 -3.694090886081088931e-01
3.265142335567739806e+00 -6.081016251873112843e-02 8.862478860070854836e-03 -1.019021792218338662e+00
2.627617206935601857e-01 1.042858267565936747e-02 -2.597216427442016196e-01 -8.477778047236778081e-01
-5.596884928608590215e+00 -1.116991215194537701e-02 1.974596581496483427e+00 -8.684848435496750341e-02
-4.583478851039041735e-01 1.139401138093653620e-01 2.691541274000367689e+00 1.978263150268864790e+00
-2.994744505877006135e-01 9.262490091269749704e-02 4.530538512459042488e-02 3.839252715020265438e-01
6.168659107898897265e-01 1.990076761579526177e-02 1.822027178571072881e+00 -6.137429518897516978e-01
-7.453344927158782607e-01 2.031895796236714291e-02 -6.453009764688113492e-01 3.703202202839879220e-01
-3.390028367348497107e-01 -5.706140882548033089e-03 5.453880598409326375e-01 1.277238861080624677e+00
-1.045398343247634809e+00 -8.375625851587686910e-03 -4.756883401808620904e-01 9.459013654786060932e-02
1.168540733691602611e+02 -1.844430843762637218e-01 -2.039303656044288005e+01 -9.640164829220169151e-01
1.755206636707521139e-01 6.730535136651599921e-03 1.258350373750063422e-01 7.084071459748186861e-02
