-3.715621071880515380e+00 3.868578769229591430e+00 -3.108567591941603148e+00 0.000000000000000000e+00
-9.213069444467885116e-01 2.010562667071373433e+00 -6.851904006765237032e-01 0.000000000000000000e+00
-4.456509116164120710e-01 -1.602561985106626397e-01 -7.241300568666458881e-01 0.000000000000000000e+00
8.124582737173576819e-01 -5.410605881284209495e-01 5.652827564914805203e-01 0.000000000000000000e+00
2.190836329560514883e-01 -4.254577318325162283e-01 3.615463037245288946e-01 0.000000000000000000e+00
-6.054974154007632947e-01 4.018935366402853759e+00 -9.677825709706151525e-01 0.000000000000000000e+00
-2.698926507759654481e+00 1.662297519649097000e+00 -1.714868622452819569e+00 0.000000000000000000e+00
7.101531619230684322e-01 2.332829143051144694e-02 1.278478298954075498e-01 0.000000000000000000e+00
7.338732424835792134e-02 4.272753905675576169e-02 -2.962306086465451571e-01 0.000000000000000000e+00
1.569262352010270423e+00 3.484566164395109800e-01 1.077487935076174796e+00 0.000000000000000000e+00
4.475892852306470049e-01 -1.529734732895231986e+00 4.582689517994478212e-01 0.000000000000000000e+00
6.794120907828531397e-01 3.087753527755048716e-02 3.143261514636360165e-01 0.000000000000000000e+00
6.860108972751016720e-02 7.941861564694634168e-02 -3.272516438593249255e-01 0.000000000000000000e+00
2.029899913742668982e+00 2.761260077839043259e+00 1.687765859173060656e+00 0.000000000000000000e+00
1.282988690270845167e+00 1.484613959742613343e+00 1.238501912732858479e+00 0.000000000000000000e+00
-2.921198598695285420e-01 9.008373749419254506e-02 4.854299639130751354e-01 0.000000000000000000e+00
-1.593811348303083353e+00 1.367561747666852678e+00 -7.531621593779860291e-01 0.000000000000000000e+00
4.134459157725356993e-01 6.540232654443116356e-02 9.084824613574124519e-02 0.000000000000000000e+00
-3.424541061134070974e-01 1.481307929749737240e-01 -4.590364390659051885e-01 0.000000000000000000e+00
-7.185490179783600162e-01 -5.548854191288937754e-01 8.224397495446768014e-01 0.000000000000000000e+00
2.806015923915330945e-01 -1.005119179408356933e+00 1.979904277283808522e-01 0.000000000000000000e+00
2.337620974483433645e-01 -3.757211273065258483e-02 1.692167913736869200e-01 0.000000000000000000e+00
-5.139950669999511501e-03 8.863922084747545560e-02 -1.314387562517619901e-01 0.000000000000000000e+00
1.988249909765659851e+00 -2.916614427622720829e+00 1.728225458119359903e+00 0.000000000000000000e+00
4.926664857806587472e-01 -7.507291866738600161e-01 5.343578057616432675e-01 0.000000000000000000e+00
5.025731574553941039e-01 -1.848827460848260218e-01 6.288421660786395195e-01 0.000000000000000000e+00
-1.234492031495579428e-01 9.503432505323322621e-01 6.634515073060561763e-01 0.000000000000000000e+00
1.094803541716094647e-01 -8.435422273147798189e-02 -8.848329185883005432e-02 0.000000000000000000e+00
1.866801366151362440e-01 2.359672998397832622e-01 2.273432988601609694e-01 0.000000000000000000e+00
-3.059674872113746225e-01 2.623451977731518503e-01 1.088578956505150824e-01 0.000000000000000000e+00
-2.610549125480441823e+00 5.300512077687546508e+00 -2.949263852238241501e+00 0.000000000000000000e+00
-7.986554787268232980e-01 2.107895766597618348e+00 -4.853136877670949922e-01 0.000000000000000000e+00
3.653671357896410427e-02 3.763644183214283068e+00 -2.755402794999736171e-01 0.000000000000000000e+00
-2.179446061390629130e-01 7.722227636607704726e-01 4.137116282429468272e-01 0.000000000000000000e+00
-1.623888396315186444e+00 2.149867365813502851e-01 -7.247141287223521910e-01 0.000000000000000000e+00
-2.112959587879430501e-01 6.369358070364540270e-01 -2.284782803936493689e-01 0.000000000000000000e+00
-2.322755785876652046e-01 -4.209662869371504773e-02 -1.583181839617892328e-01 0.000000000000000000e+00
-6.542701473750696384e-02 -9.932888498975284142e-02 1.839146108785558176e-01 0.000000000000000000e+00
8.726247932675599284e-01 -4.064626697279334344e+00 1.226597828436555959e+00 0.000000000000000000e+00
-3.866158117990939891e-01 -1.437823597724892766e+00 -4.437068930627946495e-01 0.000000000000000000e+00
3.977751455175908279e-02 3.265147230401986844e-01 -3.614611026925081128e-02 0.000000000000000000e+00
6.504732798876279309e-01 3.283059626169697598e-01 1.381874051126786407e+00 0.000000000000000000e+00
-1.485190031922785647e-01 -2.439796857426876908e-01 2.360170533045389263e-01 0.000000000000000000e+00
4.979253368277483105e-01 -1.195548548030244129e+00 5.695119367684537970e-01 0.000000000000000000e+00
6.127973994866232621e-01 7.810318862575801324e-01 -3.259622580201598230e-01 0.000000000000000000e+00
-9.432557291434326974e-01 6.057619222087838651e+00 -1.638079987714547769e+00 0.000000000000000000e+00
-1.712328325349302460e+00 3.759678378868815063e+00 -1.485542698610514245e+00 0.000000000000000000e+00
1.237140679531608889e+00 -1.676072900923619269e+00 3.251520021967577168e-01 0.000000000000000000e+00
-9.685224102185709949e-01 8.025281721871496687e-02 -7.725799680820786275e-01 0.000000000000000000e+00
3.831196976534738674e-01 -1.196206036985422383e+00 2.016814243209815449e-01 0.000000000000000000e+00
-4.903095797629218322e-01 -1.639096969677456439e+00 -9.707290101292492812e-01 0.000000000000000000e+00
8.166673474581577219e-01 2.162090861398260344e+00 3.025750632827032272e-01 0.000000000000000000e+00
-6.425641221061580977e-01 1.555145995303119699e+00 -6.656795962350695595e-01 0.000000000000000000e+00
2.164735866550604459e+00 -4.858299773806979971e-01 -2.623262527752863726e-01 0.000000000000000000e+00
1.226378730953811447e+00 8.554860442533455123e-01 -7.420499075110684739e-01 0.000000000000000000e+00
-1.894660280508228656e+00 -1.056183407350859360e+00 -1.081021201192123637e+00 0.000000000000000000e+00
