-2.477856675145517773e-01 4.036083413263608088e-01 2.374424196443727930e-01 -1.721802645076639382e-01
-6.627698878441947716e-01 -2.365566921032959125e-01 7.033774589521859522e-01 1.227664569606405770e-01
2.691685793980735930e-02 4.519558632897634209e-02 -2.428124831691950147e-01 4.351704978983998717e-02
-6.031356834263363886e-01 -2.208341997399248857e+00 -1.344927783954325218e+00 -7.812547263132126885e-01
-4.949729471483057530e-01 -4.604494777352848844e-01 -1.692870417505008440e+00 -6.474695294025860637e-01
-1.773763214998992643e-01 -1.133473034861641748e-01 3.568578753071072751e-01 -1.563863936987401893e-01
3.236709468385354338e+00 1.610976137297255972e+00 -8.849355486754479916e-01 -1.608565247983807511e-01
-1.567385653397967538e+00 -8.985243290285617190e-01 2.765726639271155474e-01 -6.782431024275883402e-01
6.066243710035158498e-01 -1.337365130890430798e-01 -2.195716744627245198e-01 -3.505644327847921571e-01
5.853840369023810553e-01 2.172327979714720136e+00 1.344591041074052029e+00 6.787116574078625453e-01
-4.714612302383221376e+00 -2.520365246697880313e+00 1.419330471223101409e-01 2.668908751472826024e-01
2.132391703703199859e+00 6.508415613543407918e-01 -7.008982470642773910e-01 9.819649761056034598e-02
-5.521629445207216769e-01 7.313289896344566943e-01 1.423729032804666783e+00 1.663144850543699649e+00
-2.076410954277593923e+00 -7.240357240747125056e-01 -1.118783339515356356e+00 -4.190187016092455918e-02
5.842208454691748543e-01 2.434302271230959214e-01 -1.075616784833729245e+00 1.834569168262443761e-01
1.614452669858295497e+00 2.057785452656394898e-01 -1.199609538318147095e-01 1.484461665546560061e-01
-1.174369517236458105e+00 -9.933518363690155284e-02 4.804661921210036102e-01 -2.951678437667621946e-01
-8.636304748664289654e-01 -5.041948963686593288e-02 -1.288480779564961320e+00 -3.314437542235992296e-01
4.453337593095452185e-01 6.241989627374780469e-02 -3.159754926786436657e-01 -1.795757925482618922e-01
-1.449340256950462091e-01 -8.213428346448145012e-01 -5.683844992413480401e-01 -1.276844137501525756e-01
2.755304554963228014e+00 1.548492168351760068e+00 2.204482314371939422e-01 -2.357734382808415186e-01
-1.005059256358144193e+00 -8.011510971426943906e-02 5.999899739297747114e-01 3.812404201004305770e-01
-7.138548105016173650e-02 -1.055602280519209124e+00 -8.332270736643480058e-01 -2.067953860277989442e+00
-3.627860932261373628e-01 -1.092473000967086050e-01 8.580059412151261888e-01 7.560026364930805265e-03
1.537477216049376594e+00 5.514469235986424467e-01 1.032183700292431228e+00 -1.056781076693085186e-01
-2.432472417747218785e+00 -4.911171896742769771e-01 3.291557180396765814e-01 -8.504484437493854687e-02
4.314065940844912239e-01 -7.274342301481432349e-01 -1.581422030675167401e+00 -3.463080678761208953e-01
7.395708458297313159e-01 2.796990146887100293e-02 1.490412806654132005e+00 3.021383375629403401e-01
-3.822795409086593432e-01 7.119209972185761015e-02 4.122760553423430174e-01 1.803211972850065070e-01
2.079018728451142550e+00 4.357782409410566049e-01 2.024435344195553377e+00 1.503832068682660061e-01
-5.705836348381214673e-01 1.112775521024981229e-01 8.228472233309913619e-03 2.334552749825520301e-01
2.893948259256411415e-01 1.335823687101183321e-01 1.415548322812403281e-01 3.194493003429175748e-01
1.934194512067011207e-01 2.297364764984650420e-01 5.109956396210997287e-01 2.815606738267742992e-01
-2.299668864089525477e-01 6.756909877502735584e-02 4.351263357395485087e-01 7.796799757168414169e-02
1.178001576968040753e-03 1.055525780837900940e-01 8.906763380396606755e-02 -1.182681062778279460e-02
-5.161711714127620310e-01 -2.907243277688396077e-01 -4.025507715290357891e-02 1.016368229987773125e-01
1.567190225353461419e-01 -1.968237172569418936e-02 -1.496971631026133287e-01 -1.371048325862305184e-01
3.255766164863275192e-01 4.783740866091816812e-01 3.636100639191667816e-01 7.485696927745780771e-01
-3.192328207120725958e-01 -7.287932289563907318e-02 -1.932571965560218596e-01 1.231573726188821272e-01
5.550317004252408593e-02 1.499899211757012296e-02 -2.018309973651764011e-01 -3.253623805678271252e-02
4.008824149443085405e-01 -1.437991810546837279e-01 -4.484860789653803415e-01 -3.226431905993762395e-01
-3.161430521058733456e-02 2.501054440297977854e-01 5.924469700180892140e-01 1.285627802617299031e-01
-1.818419765501394503e-01 -1.350985764887634860e-03 -4.035337309746396262e-01 -5.584555367339533172e-02
1.059934269915288607e-01 -3.058850210073185694e-02 -1.086407368378930482e-01 -7.531058795610133527e-02
-1.530115621027940076e+00 -4.560091108815260696e-01 -1.485799417399050970e+00 -2.671209480267665026e-01
1.830440024998445936e-01 -2.285901136976494774e-01 -1.259967751454985629e-01 -2.389869520289313876e-01
-1.094428734600611658e-01 -1.026760750063748090e-01 2.405811817316616530e-02 -1.547259920077041218e-01
-6.213634511804699834e-02 -9.182050082737243379e-02 -2.679550172912362749e-01 -1.292240428806680774e-01
1.869715370520293740e-01 -1.923457662771561189e-02 -1.884039935175581271e-01 2.856222342162131889e-02
-8.197844827042305438e-03 2.442948225428634434e-03 -4.132223457759708896e-01 -3.416440328931619197e-01
-8.132604110989677393e-03 2.166225607259253394e-02 -3.318073528079623635e-02 2.225852016088740171e-01
7.285995479298011668e-02 -2.588763937700436224e-02 9.510960566752224565e-02 -3.620761754927137588e-02
7.098830319528337540e-02 1.335865944296157903e-01 -1.558302613420157190e-01 -8.890822974206041840e-02
1.855803413489075515e-01 -6.581384365668574432e-03 -9.088684529762708353e-02 5.773542834784201050e-02
-5.974278778582073346e-02 -3.099384228785398432e-02 4.212549011401989230e-02 2.286619277047145515e-01
4.411259349906132554e-01 3.308783079245751213e-01 3.003146840284512953e-01 4.044689622825633490e-01
2.325833183188279543e-02 1.028921818232298932e-02 2.255945301792499497e-02 1.538574953647033235e-02
