1.249083066417822074e-02 6.130115592242701972e-02 3.125039644625959845e-03 1.440686890328307657e-03
-2.404255374906505704e-01 -2.430576480602493761e-01 -2.432521827775490919e-01 -2.421215579034335375e-01
-2.402746537281933992e-01 -2.241596654895829932e-01 -2.428190410076601080e-01 -2.422899808437742053e-01
-6.447273642816497841e-03 -5.421356893382922593e-02 7.450404332463231305e-03 1.096876401533974921e-02
3.033634441130528270e-03 5.842841007290089372e-02 -2.049601980733339879e-03 -2.810366243858872237e-03
-1.567667271412775953e-03 -2.270112244128430490e-03 -2.022043122348882171e-04 -3.661487198750451588e-04
-1.686910117993653535e-01 -1.284222885754340293e-01 -1.554996203426825263e-01 -1.634826764791490472e-01
1.501217351422876600e-01 1.105696566321499041e-01 1.607970664624167323e-01 1.589169288167170402e-01
-5.159913377828784231e-04 1.015363952104469947e-02 -2.652571262535055596e-03 -1.658234032376217776e-03
1.777188600300583232e-02 3.889142733167583188e-02 9.292203121265218968e-03 5.417999265731221481e-03
-5.040593030121187645e-02 -1.152734937753759903e-01 -7.007470668662499347e-02 -5.604653458877728589e-02
-5.068552905678913589e-02 -1.157936476721621588e-02 -6.387421519510053103e-02 -6.180803322420339030e-02
-3.900923660421840022e-02 -1.722410368153730609e-01 -1.719992234095840677e-02 -1.356998433172054708e-02
-5.671613544940723450e-03 -2.140413961424741940e-02 3.379120342007269073e-03 -7.743068094797217471e-04
6.199387505722131486e-03 8.228420594772689611e-03 3.845373965634835134e-03 4.460503862863451907e-03
-2.020564110537859115e-03 -3.465692615882065564e-02 7.864291277335233588e-04 3.288531644634010154e-03
-3.777688746255003505e-03 -3.036894778774468229e-02 4.817785499467736043e-03 2.883346291141619666e-03
9.720775704327166977e-04 -3.654683040978934372e-04 5.658370359988125486e-03 2.685115410452743046e-03
3.763465492241158117e-03 8.405730518394882722e-03 1.699344920245371426e-03 1.277960987195514431e-03
-3.524735315346028131e-03 -7.873254063601509145e-03 -1.398526435632530679e-03 7.815661423540842812e-04
-1.705411117981403546e-02 1.815158018844786891e-02 -6.580182781409912862e-03 -1.506720855373433476e-02
9.874778627163904865e-03 -7.690698517073046858e-03 1.618776368565162660e-02 1.554189261437058378e-02
2.804692183304452469e-02 1.200467377609768516e-01 6.229640760225196860e-03 1.431282796747451735e-03
-4.640885291680330038e-03 -6.056702687786241768e-03 -3.497082623196395845e-03 -4.128682843482722742e-03
5.704084985148516473e-03 1.389122826521654863e-02 -3.868656639832601662e-03 4.093728871235047251e-04
-5.180336031241350447e-04 4.216689581559673883e-02 7.208832190272324025e-04 -6.322561817762861747e-03
8.142611733437110644e-03 3.493691108042340510e-02 -2.256550936848178424e-03 -2.582682159759652762e-03
9.240159632162292525e-05 3.567120149549962704e-03 -3.464923454277180070e-03 -8.089770342628588295e-04
-4.614277449570103329e-03 -9.025989236445930430e-03 -1.495603127992600756e-03 -1.619964402097689993e-03
3.230271591406874698e-03 1.699961547632622416e-02 2.781310149364779605e-03 4.545727194806503668e-03
-3.341368108836451079e-03 -8.975732950018855405e-03 -3.802823516541042892e-05 1.582124109735738582e-03
2.628027790930298480e-03 2.992717482937834461e-03 1.509655767417572569e-03 9.131687366144003448e-04
1.365803639284068893e-03 2.769396332400475558e-04 1.412168247133027688e-03 6.865420682923839557e-04
-1.060655020293843620e-03 -1.791090909845249879e-03 6.363388031654371169e-04 3.265271560234372927e-04
1.496710385721800041e-03 1.846961795930038286e-03 1.336644671345467179e-03 8.713516111318111990e-04
-1.741522594956607106e-03 -8.023137878374664300e-03 -3.588103847127387808e-03 -1.892711872693041142e-03
-9.029104632874776493e-04 2.028144257785691185e-03 -1.926445388854208102e-03 -1.926168366218124206e-03
-1.656431355969731345e-02 -3.583219019013400564e-02 -1.061232095238520690e-02 -8.876503514644126791e-03
-1.623805548138942956e-03 -3.125826156643085607e-03 1.219266482149400366e-03 8.379735718207909079e-05
9.508757524613054013e-04 1.292547843249280959e-03 8.955296842945714708e-04 1.114999228500185985e-03
-3.005088456289661814e-03 -1.508295965245320946e-02 -3.483651878927920831e-03 -1.213646033938878266e-03
-1.247929350152110484e-03 -8.155391297653608040e-03 1.855019635857962923e-03 2.342146297654223996e-03
-3.379844067561421639e-04 -1.230994432913745662e-03 9.021874834086590633e-04 1.605845713534559405e-04
1.266764162237588032e-03 2.553318888839695155e-03 3.527815009110348010e-04 5.588645793798696637e-04
-6.745163498731804319e-03 -1.511841838306143826e-02 -5.382235445519245598e-03 -7.200218464911201099e-03
2.941646301847455902e-03 5.785021684613367299e-03 1.407966490084122668e-03 -6.196079010490351813e-04
-3.317177181061115032e-04 -1.124896830171140394e-03 2.825214545397747301e-04 2.005173651287162073e-05
-7.444605337771359466e-04 1.515126313972325889e-04 -1.029154013907879195e-03 -6.415864543744542736e-04
5.493307318013007645e-04 1.017017678996146035e-03 -6.740100364474588268e-04 -6.049967771209752154e-04
-2.325229839432729761e-04 -6.293417622110220044e-03 -2.667687533379425879e-03 -3.141369595107273982e-04
-1.119221103360601433e-04 1.724356601788046284e-03 -3.995614128852464919e-04 1.232201635093743697e-03
2.429306265424008293e-03 -6.589245249826597428e-05 -6.479111461531461558e-04 6.105884834992358901e-04
-6.507269382499680788e-04 1.652358105387330411e-04 -1.265731071143111341e-03 3.010340873485090052e-04
1.209159117085467638e-03 -5.583533880624269585e-04 -1.649191768898577992e-03 -4.559015349417383511e-05
6.258303491250560846e-04 -9.823203519544743134e-04 -5.941577011917657802e-04 -3.773291554729218955e-04
-8.317215224475232871e-02 -1.006764358061269515e-01 -8.131366906659957816e-02 -8.098855464146360872e-02
1.311861638821754496e-04 2.985214608947119323e-04 9.093379057292688456e-05 8.412076012952947085e-05
