1.004136577544572639e-01 6.512822705349363694e-03 -2.774030616308514885e-03 -1.669449672319847089e-01
-1.035832619690488648e-01 -2.287083249148772479e-01 -1.850260300112296918e-01 -5.518903794457659107e-01
-2.125003661999568805e-01 -2.144788179850169729e-01 -1.837372027909092431e-01 -2.303302722742024411e-01
-3.155187930226022175e-02 2.280573314366602933e-01 1.747553458290412309e-01 3.675975319551363363e-01
-3.861181757658799230e-01 -1.257646050655067960e-01 -1.420519336678501832e-01 3.107583797154738203e-01
-1.111859644184092222e-01 -4.031639795182395680e-02 -1.140459566732332508e-01 -1.499411467104080353e-01
-5.233808057074629261e-01 -2.095302458140886337e-01 -2.192090076469069837e-01 1.104783719042072399e+00
2.676394953637037943e-01 2.089725791588410431e-01 2.123313501083107235e-01 1.405704101588187982e-01
-2.172775144390939328e-01 -2.741535447907899603e-01 -2.555367382866365333e-01 1.844392584980328320e-01
1.460463344355269477e-01 -1.056962103146851240e-01 -2.664478564937367011e-02 -1.068778686931559641e-01
4.015036819321198269e-01 6.163836759251406505e-02 4.663311041195847273e-02 -1.530550018298972637e+00
-8.637366480455860307e-02 4.204230435487943396e-02 -5.563446558000630093e-02 1.895238456467279731e-01
1.486508878645369514e-01 -4.326829959118352331e-01 -2.068603976765477914e-01 -1.400192589142914334e+00
-7.332891750611403303e-02 1.667566016191471268e-01 3.451902092445188752e-02 -6.932706188884236731e-01
1.587449222479460076e-01 1.695303195868880231e-02 1.601708865557798789e-01 2.276555347484157110e-01
1.192166733862354278e-01 2.589000125007856479e-01 1.349677932522065638e-02 -1.113559874295427243e-01
-4.010432094128657532e-02 4.172861096951141491e-02 -4.294625404283608505e-02 -5.734502960289339368e-01
-5.679866598792449039e-02 1.337572775657736024e-02 -2.913277311374309897e-02 3.707381970868905974e-02
-3.240838397205353383e-02 2.463511488498099089e-02 -7.380279696368612086e-03 7.542788392128896291e-02
-8.403928828712012300e-02 2.159699150382074495e-02 -1.575246454440153154e-02 -1.343092200741125009e-02
-1.223646115049745742e-01 5.986400453405438249e-02 5.269439715778140298e-02 8.159406115820186933e-01
1.544284824395156241e-02 -6.204706299055651186e-02 8.570307391734616198e-03 -1.642241366217029319e-01
-2.706242632926647573e-01 1.083467298222094977e-01 -9.688745057690695273e-02 7.478821483596627129e-01
-9.634649807466322269e-02 3.426578355973375345e-03 -9.349949340990093560e-02 -1.317222868205460973e-01
9.906230433009138858e-02 -6.234726413094121567e-02 3.886234296043157566e-02 4.736115194238057491e-01
-9.839181005510955202e-02 -3.549584327085393287e-01 -9.814276773136199061e-02 1.450827207679686870e-01
-2.715810112762873096e-02 -1.288094861045563366e-01 -2.275466788544573682e-02 6.195572386203049842e-01
5.437683628273193293e-02 -3.571148099197318793e-02 2.873018257051784818e-02 -4.733887978984818723e-02
3.839978058829607299e-02 -6.322726911831022534e-02 -2.342886807269378702e-03 -8.243838251076063273e-02
1.950457452635292466e-01 2.411378011570096680e-01 3.743717138733410055e-02 4.197384271524672306e-01
5.492074735547319841e-02 -7.106951968629993122e-02 3.210537908739485857e-03 -2.471633536456142033e-01
3.286904963705272742e-02 2.758544061234158296e-02 5.533626278056008596e-04 1.821635736431742036e-01
4.091989937117701537e-02 -9.629540533002178826e-02 1.948482008527499532e-03 -1.198310772581890893e-01
2.055538993161221129e-02 -2.875749690282020099e-02 -5.186382354381513515e-03 -5.473221761922442141e-02
1.183213118605765113e-02 -4.453875220105658894e-03 1.397714509385503817e-03 4.824412423526630578e-03
4.695560204342071053e-02 1.065397260536168900e-02 1.564178341748750922e-02 -1.137497642346856214e-01
-2.057930264099477879e-03 1.196035444135516712e-02 -1.171295168026012523e-03 3.579250668999904572e-02
2.376801387886476324e-02 -5.141399602888932496e-02 -7.241820317059000089e-03 -1.771246630145571765e-01
-1.726623913638267171e-02 8.376570431898190672e-03 -1.038846585412897712e-02 -1.023146946608311791e-01
2.243921202611798282e-02 -2.442815469678047413e-03 1.981319304408958246e-02 2.483506472870927739e-02
-6.521531483537390539e-02 1.477559709406361943e-02 -4.624117061760829595e-02 -1.346792909591270071e-01
1.989961321558403329e-02 4.505057843996251865e-02 1.024776376780862225e-02 -1.667362941593800718e-01
-1.003491551047558383e-02 9.633927685908760807e-03 -7.373915992029342337e-03 1.904753040476950265e-02
-1.059671619746452298e-02 2.519630099066794138e-02 1.262310748077380418e-03 2.052936759842860504e-02
-2.123810395913621196e-01 -2.546963611102508462e-01 -9.459353365082626142e-02 -3.804378554007350477e-01
-4.819040292201065556e-02 3.627726393074121036e-02 -1.695465695774378556e-02 1.325944787924440704e-01
-1.868450406942376296e-02 -7.662288015695850607e-03 9.567226319360591646e-04 -9.041192440286487109e-02
-2.280586903272477373e-02 5.367566295648081021e-02 -6.516925275868133693e-03 6.394660072359048542e-02
-1.884108039595183692e-02 1.401154051401798384e-02 -2.278221899038670312e-03 3.725521992695829399e-02
-1.136885274083534736e-01 -9.231437543478927810e-02 -1.308324179642230550e-02 -1.106835212592205409e-01
-1.458872137629452226e-02 -6.165228398624100770e-03 1.409986367609916691e-03 -5.308352395634077792e-02
-6.766519284966909797e-03 2.626548973207244037e-02 1.247443441296069988e-03 -1.882817958888088894e-02
-3.303247113586163519e-02 2.181111989276453278e-02 1.166416547518159263e-03 6.001961711646741637e-03
-1.672108139075376143e-02 1.380136412163254778e-02 -4.561978561575918967e-03 -9.587303628863313998e-03
-5.290071517507391463e-03 1.342174754631955680e-03 3.522323023215367943e-05 -2.795561954961528484e-03
-3.475039924669978686e-02 -3.723425965249871350e-02 -2.823084608816181507e-02 2.035465168157570004e-02
2.265189651116405068e-03 2.561682905558448995e-03 1.014567035389009938e-03 5.592042256924422902e-03
