3.475752475141737075e-02 8.501945459465187760e-02 -1.375480176205490790e-01 -3.911958733224947804e-01
-2.918959846154906002e-01 -3.957200651236144617e-01 -3.635455889427397502e-01 -3.693433953259720459e-01
-3.243487264754307819e-01 -3.883490740799397933e-01 -3.434395831152494694e-01 -4.273445658308725470e-01
9.510180085148109974e-01 9.744356423402653622e-01 1.311069333743469345e+00 1.432941376884000473e+00
-1.740994064352029969e-01 1.369941179923645502e-01 -2.523754566540629685e-01 -1.147816368520035546e+00
-2.547180681765491284e-01 -6.291449938654819496e-02 -8.245864192787491498e-02 -8.314256976296496848e-02
-1.156617234940569672e+00 -5.196984870917957799e-01 -6.011053862827951955e-01 -9.562763564222800383e-01
4.805805211179188796e-01 8.295956558857930929e-01 4.776473225625293972e-01 3.201049815006277166e-01
-4.090317130877211826e-01 -3.336723177130260787e-01 -2.839044831894725895e-01 -3.423327878558607984e-01
-4.071895393845355038e-01 -5.081087051859867199e-01 -7.315078504527879888e-01 -7.580179624740235322e-01
1.296642610319141298e+00 2.748791845337775763e-01 3.527497050594251560e-01 1.152223810395432535e+00
-7.899985417920063480e-02 -5.378668338844911911e-01 5.381903852878666683e-02 4.999684473882847202e-01
-5.599974336524409235e-01 -9.068207882067840231e-01 1.756827640137873514e-01 1.636960712036955812e+00
7.305287326910446799e-01 4.833652589300481139e-01 2.664411596115809910e-01 5.781980053247381957e-01
4.634054685565685006e-01 1.265029535150696827e-02 1.232776861837073940e-01 2.487367814334648930e-01
1.499449126410855593e-01 2.213795207396840881e-01 1.948427594703084353e-01 6.386890096441547593e-01
-3.308586737603634864e-01 -2.432727232459789279e-01 -2.112311780731790933e-01 1.153621833623488802e-01
-1.892439863157825697e-01 -1.049042428806364891e-01 -2.935135678880730903e-01 -1.798652120253856901e-01
1.479022189216919747e-01 -1.134710896494439958e-01 -6.150898382124809355e-02 2.181882531639972589e-01
-9.946999257547955997e-02 -2.116540930317239999e-02 4.952683592066205176e-02 7.906044203056816766e-02
-2.745130177749954270e-01 3.555390050037967042e-01 3.253983242170564449e-01 -2.448186885069554841e-01
-6.500426459716243666e-02 1.686016376182975784e-01 -1.795231234578787416e-01 -4.716340664892866852e-01
5.111342718484770398e-01 5.554216409713821356e-01 -3.792170847511441290e-01 -1.346337687567530139e+00
-3.286139162746707365e-01 1.026799392968424929e-02 -1.035268599175345472e-01 -2.029316765134278611e-01
-2.258092010917511772e-01 -1.729893407473874489e-02 1.732096042222976695e-01 -1.445240815024131931e-01
-4.501606594903328484e-01 -9.013200218510311057e-01 -8.503316957737530046e-01 -1.014723140188260375e+00
3.804142090631218442e-01 1.344763425385560596e-01 1.671952590990910537e-01 -1.022520990854792200e-01
1.308478398065731074e-01 3.116205192233129084e-02 2.217227278797334888e-01 2.301708414036003902e-01
-2.508641089365925003e-01 3.236827924272558943e-02 -8.251234489173447928e-03 -2.651982218705919436e-01
4.635713770616167739e-01 -1.561697401582623490e-01 2.443311767120963374e-01 1.213539685163491866e+00
-3.627341011961709993e-02 -7.872326337024143639e-02 -1.208451065678066705e-01 -1.527670194702361595e-01
-1.260219183486499528e-02 -3.059599606569726737e-02 1.974780092911493368e-02 -7.605412599060290546e-02
-3.804432620099335027e-02 -9.928716998573811070e-02 -3.727689998645217218e-02 -2.641474450974424792e-01
-8.676997645878120613e-02 -2.413288643994768168e-02 -6.201500760207243057e-02 -3.586200385059528095e-01
3.762062718605278105e-02 1.873210142374560211e-02 9.735464188328228977e-03 -1.796560297063772016e-03
-4.505372114270864148e-03 -1.389493875053541827e-01 -1.331218179160080228e-01 -8.734649734732882753e-03
1.542789160533185322e-02 -2.486290310487686284e-02 4.185879649150074655e-02 1.007171481800607504e-01
7.518686769553972749e-02 9.993583784244061685e-02 3.460594882967685249e-01 5.809370182573805330e-01
1.364264360614558802e-02 -3.328405115048144874e-02 -8.312733044660911008e-02 5.620765450183286271e-03
8.360659806320355769e-02 -2.515587687858256150e-04 2.991836998066015399e-02 4.795864490271160852e-02
9.337931255301107347e-02 3.408743306434088849e-01 3.035376233603298557e-01 3.874427182011351833e-01
-9.758952666424859645e-02 -2.243609148380784624e-02 -2.682020700483161990e-02 2.744252500395297223e-02
9.771022617479641070e-04 1.092351684609237095e-02 -5.462296921327354504e-02 -6.501782596000640901e-02
8.317979970573508020e-02 -1.605944029436215392e-03 1.277794701615105749e-02 6.579326656636810822e-02
-6.057058419862451082e-01 -2.606324449669130683e-01 -4.770193009018924291e-01 -1.036698254091625637e+00
-1.963807407282977535e-02 -2.197162008593500637e-02 2.377017649088167262e-02 2.371347797880882236e-03
-2.176379469254471899e-02 2.675803022951200871e-02 -2.881355743589597562e-02 2.267880840006569754e-02
-1.872287984376574954e-02 1.348929522783140489e-02 5.050728743291495182e-03 1.166393780412744441e-01
1.217704908838102007e-03 -3.203461622800628239e-02 -3.390349325800040559e-03 1.386111901438620286e-01
-1.913826652220531055e-01 -2.395723143170633285e-01 -1.692381661140495985e-01 -8.271504068164687862e-01
-1.213304682378060217e-01 -3.437507893064989384e-02 -1.021475342653158647e-01 -1.367132906388496827e-01
-1.146285247142241337e-01 3.343930679327071498e-02 8.087727063523411641e-03 -1.018152882675766868e-01
-9.860840225787292912e-02 -7.377670629526489332e-03 -4.353299327280363284e-02 4.126786554730260681e-02
-5.043555375054287193e-02 -6.865058971458232184e-02 2.507754904353567960e-02 -6.777972873133808474e-03
-4.038317042323473494e-02 1.140794622012840376e-02 -2.211457374852002222e-02 -1.595622911600788618e-02
-4.283272869733080190e-01 -4.627956778135589033e-01 -4.146078136367601918e-01 -2.748299180336757908e-01
4.134224918027697843e-03 3.329624813524883955e-03 5.245836884348957160e-03 1.238797846631107223e-02
