-2.980025482546222459e+00 8.504934370294515711e-01 -3.113784718372642146e+00 0.000000000000000000e+00
-7.526578791911530120e-01 6.865677563151313390e-01 -3.049607860670250359e-01 0.000000000000000000e+00
-2.372850300135520007e-01 -2.587553605408434709e+00 1.117945838601815511e+00 0.000000000000000000e+00
7.166238391205165259e-01 -1.848731208675178928e-01 1.861484266197035650e-02 0.000000000000000000e+00
2.728430791440559777e-01 -3.766323134932326733e-01 1.223419037451047298e-01 0.000000000000000000e+00
-1.176428623770453097e+00 5.530647906569432504e-01 4.905833409353682062e-01 0.000000000000000000e+00
-1.209342044703563213e+00 -1.136615062168752632e-01 -9.236866687467090165e-01 0.000000000000000000e+00
1.173310677857596129e+00 7.113431568010324391e-01 1.120223662387772379e+00 0.000000000000000000e+00
-1.096843110292887793e-02 -6.133109001421005457e-01 7.453009508398278360e-01 0.000000000000000000e+00
9.506187267629791215e-02 2.974643609024150148e+00 -1.715976871024760930e+00 0.000000000000000000e+00
4.180739068534954361e-01 -4.755721925852416931e-01 1.795041162889294065e-02 0.000000000000000000e+00
9.582267477779612408e-01 5.593883499122570546e-01 2.746064465109288033e-01 0.000000000000000000e+00
-7.442306469308103412e-02 -3.729312944043111644e-01 9.397404254420741454e-01 0.000000000000000000e+00
1.287166734522258604e+00 1.189000115977353715e-02 1.674805906977640424e+00 0.000000000000000000e+00
-5.082715491473476233e-01 1.305719747457049440e+00 -4.552352388183462661e-01 0.000000000000000000e+00
1.301586282447753096e+00 -3.662314256476951746e-01 9.243927064037887886e-01 0.000000000000000000e+00
-9.911907578878322855e-01 -2.458856445268377655e+00 7.413502618652678677e-01 0.000000000000000000e+00
-7.103680948960044983e-01 2.672737430096517652e+00 -2.682919027668093204e+00 0.000000000000000000e+00
-1.151943775638107459e+00 -1.130097522552713007e+00 6.977699735856653929e-01 0.000000000000000000e+00
2.234873387415681895e-02 5.914010978882864311e-01 -8.472954719601966111e-01 0.000000000000000000e+00
2.083356487111478472e-01 -1.781390754823616029e-01 -2.689824937696093030e-02 0.000000000000000000e+00
2.631810284522868026e-01 4.945716388985875456e-02 -2.144324690810800460e-01 0.000000000000000000e+00
-6.158573088520864075e-02 -4.474141654679354707e-02 4.897413137955065610e-01 0.000000000000000000e+00
1.052074067069056484e+00 -5.505062660338908564e-01 6.630849423749208826e-01 0.000000000000000000e+00
8.043652951689155284e-01 -4.874268305562209358e-01 4.780644791646348479e-01 0.000000000000000000e+00
-5.041027052150877097e-01 -3.590317132300175906e-01 3.237024460553306615e-01 0.000000000000000000e+00
-5.376259882949534913e-02 1.133590246855255668e+00 -7.507807198718349090e-03 0.000000000000000000e+00
-2.876446830953737974e-02 1.195837836809118704e+00 -9.900191270588533099e-01 0.000000000000000000e+00
-7.096524341958988513e-01 7.886548171503011684e-01 -5.693755076528201897e-01 0.000000000000000000e+00
1.689122556049576229e-01 3.605700844787678716e-01 -5.794213598277805216e-02 0.000000000000000000e+00
-3.537606582727931825e-01 8.350936683393466176e-01 9.643324065309715198e-01 0.000000000000000000e+00
2.100987476226383155e+00 1.293460021097517121e+00 -6.179091001436084474e-01 0.000000000000000000e+00
1.083832800816063147e+00 1.604176488511741994e+00 1.342610411066452292e+00 0.000000000000000000e+00
-5.426334626614588430e-01 1.495021449996360552e+00 -1.400278230180449057e+00 0.000000000000000000e+00
2.204924017078035148e-01 6.668520522960060815e-01 -1.923162338386045778e-01 0.000000000000000000e+00
-1.301746856962519017e-01 2.004865881267901828e-01 3.470863770616620242e-02 0.000000000000000000e+00
-4.443374554565524548e-01 -3.717058623410229856e-01 -9.125974659699859215e-02 0.000000000000000000e+00
5.827474180194159442e-02 1.665100376000183680e-01 -3.016949845771004224e-01 0.000000000000000000e+00
-1.748109038464869258e-01 -2.946393188600576196e-01 -1.825423180956427527e-01 0.000000000000000000e+00
-2.490223749529931474e-01 -9.018480412958732595e-01 -2.571289754503999075e-02 0.000000000000000000e+00
-5.439954175625154598e-01 1.555886465138180130e-01 -2.751746697494026339e-01 0.000000000000000000e+00
-1.807404606940634373e-01 1.377494972615419977e+00 -1.162489377901162246e+00 0.000000000000000000e+00
8.450690389359046817e-01 -2.373583699133137784e-02 3.078433149166715510e-01 0.000000000000000000e+00
-5.876621881113793799e-01 -8.402582135227708304e-02 -1.174990089409871707e+00 0.000000000000000000e+00
4.961770727982658391e-01 3.269460415878396864e-01 2.218335872677906218e-01 0.000000000000000000e+00
7.743336709851001975e-01 1.345230105297713086e-01 9.346601687732609687e-01 0.000000000000000000e+00
2.423621409689675321e+00 4.006266100407157027e-01 7.893138838845376037e-01 0.000000000000000000e+00
3.988483633645927284e-01 7.266140090734484192e-01 4.123486046878936488e-03 0.000000000000000000e+00
-1.558443327324906758e+00 -1.168943975686105974e+00 -7.097331710739744892e-01 0.000000000000000000e+00
1.254042875379286048e+00 7.480783635755521299e-01 8.834788060778840935e-01 0.000000000000000000e+00
6.632086546852118403e-01 -2.839620831375030185e+00 6.994688562527151543e-01 0.000000000000000000e+00
-2.011595811693490443e+00 1.804730491623835142e+00 4.055638563920810902e-01 0.000000000000000000e+00
-1.241735036047055818e+00 -3.893654797991762395e-01 -7.258025570418453754e-01 0.000000000000000000e+00
-1.184582124320302743e+00 1.400475863710452185e+00 -1.813193327316687364e+00 0.000000000000000000e+00
-1.057859873663433703e+00 -5.784857687704703100e-01 1.198096162618057514e+00 0.000000000000000000e+00
-1.799614499286967817e+00 2.181697440082822903e-01 -3.453186616566723544e-01 0.000000000000000000e+00
