-1.174772534369668275e-01 -1.692236489900045493e+00 4.046285189022532869e+00 0.000000000000000000e+00
-4.428908074797512362e-01 1.165361650751182004e-01 1.560701261931022543e+00 0.000000000000000000e+00
2.985600093730055526e+00 -7.230524063891219377e-01 -2.102893635000758543e+00 0.000000000000000000e+00
-3.889111856323003158e-01 6.161571714666491673e-01 -1.192701233735949939e+00 0.000000000000000000e+00
4.109463675821699580e-01 5.984420491853408297e-01 -6.756004994045531342e-01 0.000000000000000000e+00
2.519732798064619583e+00 -1.487704972948606263e+00 2.259004594278454014e+00 0.000000000000000000e+00
4.073533173145589270e-01 5.232164949509564567e-01 2.045640471587768516e+00 0.000000000000000000e+00
-2.334927081639020852e+00 -6.425550105504949094e-01 1.618706592476526207e-01 0.000000000000000000e+00
4.783205770888290242e-01 -2.105147214489751228e-01 -1.402120363956329829e-01 0.000000000000000000e+00
-1.045039037093535850e+00 -8.552011043579917093e-02 -1.379896327983512139e+00 0.000000000000000000e+00
4.888580180247032447e-01 4.887803213628244547e-01 -9.086298660459740661e-01 0.000000000000000000e+00
-1.678179758263622201e+00 -2.647584844611950428e-01 -4.893052855823556979e-01 0.000000000000000000e+00
6.636800953691952554e-01 -3.609305240794589142e-01 -4.695279952512271954e-02 0.000000000000000000e+00
-1.633472087235756209e+00 -1.199665346827245016e-01 -6.011737286163451044e-01 0.000000000000000000e+00
-4.203449566522921010e-01 -8.785541868417622302e-01 9.893860979628182895e-02 0.000000000000000000e+00
1.537992974675434776e-01 1.096380137722918979e+00 -2.831185494759873578e-01 0.000000000000000000e+00
3.943661523803727587e+00 -5.400052563945274553e-01 -8.231607776650565755e-01 0.000000000000000000e+00
8.459107312324986028e-01 -8.545381090166301874e-01 -1.921529779255225778e-01 0.000000000000000000e+00
9.004060830897860912e-01 -8.927087751046173247e-01 -1.054362247271420250e+00 0.000000000000000000e+00
-1.583048880762047528e+00 -2.307685279487514118e-01 6.895211392084996671e-01 0.000000000000000000e+00
2.148710102242472886e-01 1.763337494483211421e-01 -3.733982994120290111e-01 0.000000000000000000e+00
-4.984441575747088904e-01 -7.620097306527076619e-02 -5.321279411101713652e-01 0.000000000000000000e+00
2.883436253743646427e-01 -1.701689225078147072e-01 1.902338618319117912e-04 0.000000000000000000e+00
-9.636880074758497061e-01 1.363631669415563685e-01 -1.865440345038746228e+00 0.000000000000000000e+00
4.107003810059076110e-01 4.346926804272482903e-01 -7.375648244593240310e-01 0.000000000000000000e+00
-3.666608695173534382e-01 -4.404192177286475052e-01 4.479234079744153774e-01 0.000000000000000000e+00
-1.089397091343805579e+00 -1.030364645058303996e-01 2.524589109655206887e+00 0.000000000000000000e+00
5.985215268196749649e-01 -1.272059998215556265e+00 1.519829255740470009e+00 0.000000000000000000e+00
-1.511102224468855226e+00 -6.536184626016885435e-01 1.109139662068892029e+00 0.000000000000000000e+00
4.780144630387010984e-01 1.506620084191390707e-01 3.549818039654570323e-01 0.000000000000000000e+00
2.901138838376718265e+00 -1.665226878371130814e+00 1.617495893951037766e+00 0.000000000000000000e+00
1.948798633912907530e+00 1.305682381533936010e+00 -2.169931957174846993e+00 0.000000000000000000e+00
8.170784024898000153e-01 -1.050780904574229346e+00 6.984328704865075954e-01 0.000000000000000000e+00
-1.459854016858376902e+00 4.950316702887345710e-01 -7.041554262364018157e-01 0.000000000000000000e+00
8.352347099883931925e-02 1.147085694783714249e+00 1.234908519023483420e+00 0.000000000000000000e+00
-1.396355594708005576e-01 -1.399076926198711546e-01 3.638792526876188926e-01 0.000000000000000000e+00
5.134558763630120426e-01 -6.413490509845069798e-02 -2.059853200606124590e-01 0.000000000000000000e+00
-3.109481258811229720e-01 1.848410115760344141e-01 6.248235285608548517e-02 0.000000000000000000e+00
-4.440719366184529837e-02 -1.618626456149896142e-01 -1.465785782372950541e+00 0.000000000000000000e+00
7.459003370488526130e-02 2.343210682611554518e-01 1.749255471897269432e-01 0.000000000000000000e+00
-2.458395721593105709e-01 -4.681509634353591132e-01 4.404199407562997548e-01 0.000000000000000000e+00
-6.836529647407252330e-01 6.912971234716913660e-01 1.905057824173280290e+00 0.000000000000000000e+00
-1.147332145376062318e+00 -1.285706972983718423e-02 2.619612489730343441e+00 0.000000000000000000e+00
-1.108422511840920915e-02 2.219208436773373316e-01 4.194831262432820451e-01 0.000000000000000000e+00
1.234726994649212539e+00 7.773489553429105969e-01 -9.696538996652498410e-02 0.000000000000000000e+00
-2.305922515305432796e+00 -6.399283469918274347e-01 1.022731615077245637e+00 0.000000000000000000e+00
1.656031937994297376e+00 2.780147938231576354e-01 -7.728352566175297200e-01 0.000000000000000000e+00
-5.111519035541086664e-01 -5.750503233138115622e-01 -6.217749746863352467e-01 0.000000000000000000e+00
-3.762845979149693210e-01 -4.659230673990447658e-01 7.273991199346639958e-01 0.000000000000000000e+00
2.275122760895931240e-01 8.330085871996936175e-01 -3.217407303576160782e-01 0.000000000000000000e+00
4.493156553377862572e+00 3.356659796507058147e+00 -2.479549359120169161e+00 0.000000000000000000e+00
-7.345576349997172405e-02 3.376156659640237034e+00 -2.866853866000606654e+00 0.000000000000000000e+00
-1.526352013753929926e+00 6.724247985509943515e-01 3.963395152032611612e-01 0.000000000000000000e+00
-8.225921335057861938e-01 1.123050678570712391e+00 -1.474376217229221631e+00 0.000000000000000000e+00
2.062122133091824239e+00 -7.266522689592258555e-01 -1.622884002255295277e+00 0.000000000000000000e+00
4.079510956773728103e-01 -2.026992266187078506e+00 7.607501760307396887e-01 0.000000000000000000e+00
