1.115634177425207874e+00 -3.036626797285585599e+00 -2.995450237462734311e+00 0.000000000000000000e+00
8.905503798781617686e-01 -7.489365095903649516e-01 -6.381005542619996307e-01 0.000000000000000000e+00
2.160298138137098700e+00 6.416864010353273695e-01 1.093065614481673054e+00 0.000000000000000000e+00
1.865114017121088652e-01 9.219462393904545028e-01 6.354066712136297035e-01 0.000000000000000000e+00
8.618953455523815921e-02 1.240122375887722228e-01 5.889589360820538660e-02 0.000000000000000000e+00
-3.189853988736613299e+00 -2.399675107990347112e+00 -5.717336780035396915e-01 0.000000000000000000e+00
-2.458709282878028812e-01 -1.955940713947433629e+00 -1.861192712793436677e+00 0.000000000000000000e+00
-8.070708583047077056e-01 3.477330128493595351e-01 4.756484879091105178e-01 0.000000000000000000e+00
8.898338416622310065e-01 -2.697496521100035682e-01 4.239566976601170101e-01 0.000000000000000000e+00
-2.194969614617953368e+00 -7.489043125108010290e-01 5.124107528012317170e-01 0.000000000000000000e+00
-1.279363725927483153e-01 4.376338649958206317e-01 1.941805372526602680e-01 0.000000000000000000e+00
-8.242023583178663682e-01 2.990073677573962252e-01 2.746979929442367463e-01 0.000000000000000000e+00
-2.548671915129432919e-01 -4.120418383392709938e-01 3.369735547637730533e-01 0.000000000000000000e+00
-1.527981793355327245e+00 3.787699474004479483e-01 1.083861473763688021e+00 0.000000000000000000e+00
6.586752608655992158e-02 -4.484491391986803466e-01 1.437159478844531213e+00 0.000000000000000000e+00
-1.249459921700399323e-01 4.375480514430422074e-01 -3.906660515397986089e-02 0.000000000000000000e+00
5.393118258147810984e-02 -1.168639753694535433e+00 3.154419418538395581e-02 0.000000000000000000e+00
4.035226088209032724e+00 7.606418445228034786e-01 2.202022904098907552e-01 0.000000000000000000e+00
3.325142878201573282e+00 -2.653165808351010124e-01 1.590219027849414379e-01 0.000000000000000000e+00
-4.721511833655419599e-01 4.806089949163631636e-01 -3.861602931776647596e-01 0.000000000000000000e+00
-7.067301112475977976e-02 3.596582622173087884e-01 1.547641940021203533e-01 0.000000000000000000e+00
-2.961190566678494895e-01 1.617033981680224830e-01 1.724309182831512965e-01 0.000000000000000000e+00
-3.417753545522665970e-01 -1.947265596292182543e-01 1.264827837031605728e-01 0.000000000000000000e+00
-7.633468696667035092e-01 8.708545529707976129e-01 7.411106908958260409e-01 0.000000000000000000e+00
-2.558337935190698742e-01 2.826067491529236086e-01 6.216938858203548829e-02 0.000000000000000000e+00
-2.845632904202417546e-01 -4.206536478498364984e-01 5.053021435688810348e-01 0.000000000000000000e+00
-1.960982568946894600e-01 -5.635565843062310121e-01 -1.000958869509071203e+00 0.000000000000000000e+00
3.021890643830657641e+00 2.050254678492424432e-01 1.245492231526695720e-01 0.000000000000000000e+00
-1.681780692898794116e-01 -5.302283655983973665e-01 -3.989196420121014774e-02 0.000000000000000000e+00
2.287356538869004530e-01 -2.092707388533047441e-01 -2.053050756046962202e-02 0.000000000000000000e+00
-3.420287000015306944e+00 -1.488639983103384523e+00 -4.362168963739057048e-01 0.000000000000000000e+00
-8.843192793212869551e-01 -7.710649339755676693e-03 -6.502873014403579566e-01 0.000000000000000000e+00
-2.537835092679145088e+00 -7.767228415238994765e-01 2.330801523272199305e-01 0.000000000000000000e+00
-5.755113819444171996e-01 1.193668769003727315e+00 3.708104473917412519e-02 0.000000000000000000e+00
-4.483884913870719302e-01 -5.178992006431835105e-01 -1.172903570685528862e+00 0.000000000000000000e+00
6.204091603643359376e-02 -1.862621389998903379e-02 6.697211478348860658e-02 0.000000000000000000e+00
2.744380308421432435e-01 -2.425674511980058234e-02 1.240566644651338868e-01 0.000000000000000000e+00
-6.934187283216461384e-02 1.659831769461314610e-01 -1.385557212123292303e-01 0.000000000000000000e+00
4.239840269614956192e-01 -8.718759999539812955e-02 8.919242912458380523e-02 0.000000000000000000e+00
1.139088518088618440e-02 -1.176861824790674249e-01 -1.018131477313119149e+00 0.000000000000000000e+00
-1.233636026489579318e-01 -3.125580748689591459e-01 -2.458099935348228293e-01 0.000000000000000000e+00
-5.167800034913250240e-01 6.661765093905525070e-01 -9.589725338239110108e-01 0.000000000000000000e+00
-3.855520978175641655e-01 8.461979470381292279e-01 -1.363943837516678748e-01 0.000000000000000000e+00
-8.049106621700177211e-01 2.493347791549143516e-02 2.040432176856708801e-02 0.000000000000000000e+00
-5.058442204279314236e-01 -1.835758586553263294e-01 3.658784213184238521e-01 0.000000000000000000e+00
-2.166290999287307173e+00 1.559205825505048049e+00 6.031672334319577722e-01 0.000000000000000000e+00
-1.671813393210195509e+00 1.658471595583086433e+00 1.059506574652815614e+00 0.000000000000000000e+00
3.472127180227720794e-02 -5.876058233989179813e-01 6.175850859297558060e-01 0.000000000000000000e+00
4.498775068080818063e-01 8.876025887980285578e-01 7.526930924372292608e-01 0.000000000000000000e+00
-2.645362968023252104e-01 8.192881117116748158e-01 2.164646068474756491e-01 0.000000000000000000e+00
1.052700304073249438e+00 -3.184534025523702905e+00 -1.378440762554909771e+00 0.000000000000000000e+00
4.076078755063757164e+00 -1.574650566774405958e+00 2.036575981498195409e-01 0.000000000000000000e+00
-1.055401723319444041e-01 -1.699554950841728029e+00 4.692563629151291771e-01 0.000000000000000000e+00
2.944939425982369130e+00 -1.419036493537312760e+00 -8.408912835444548595e-01 0.000000000000000000e+00
3.435692942755053103e+00 1.561795336394465050e-01 -6.914523057122669014e-01 0.000000000000000000e+00
-1.194509459621533098e+00 -5.505839716389819560e-02 -1.020886414856324365e+00 0.000000000000000000e+00
