-2.457907904520793885e+00 -3.028161912393413147e+00 7.006383648833505173e-01 0.000000000000000000e+00
-7.216509507734077955e-01 -9.247327059035427288e-01 2.913648385553374021e-01 0.000000000000000000e+00
1.113225137870960335e+00 1.594809627362142601e+00 1.975687778143360385e+00 0.000000000000000000e+00
7.147278450519004567e-01 7.293533163823417986e-01 6.084157492451660598e-01 0.000000000000000000e+00
-7.984127989381053364e-03 1.618756414675598665e-01 -5.894618450900338674e-02 0.000000000000000000e+00
-3.715149301767110002e-01 -1.734193575169890034e+00 -2.090534771317222873e+00 0.000000000000000000e+00
-1.236395669497983407e+00 -1.598644163630292603e+00 1.144370950063404446e-01 0.000000000000000000e+00
3.777238489348935246e-01 9.357113856319976275e-01 -1.013158708499518168e+00 0.000000000000000000e+00
-7.745611203617973617e-01 -2.889580373458971452e-01 -5.920442709295449246e-01 0.000000000000000000e+00
-7.078109416698924461e-01 -9.739156345265304049e-01 -6.194538099671553777e-01 0.000000000000000000e+00
2.045181134181018323e-01 4.832180084617288540e-01 -8.917291492555452781e-02 0.000000000000000000e+00
3.887161619576520732e-01 6.904073983639750223e-01 -1.253652901695096133e+00 0.000000000000000000e+00
-3.538126105898333762e-01 -3.728125878964620998e-01 -5.658424174459664169e-01 0.000000000000000000e+00
8.555999421590387843e-01 4.906094990154113988e-01 -1.190644088953197066e+00 0.000000000000000000e+00
-3.549710197751467233e-01 -1.511089540847243909e-02 -4.499432887656955593e-01 0.000000000000000000e+00
2.408452872473780260e-01 4.406227969350215989e-01 -5.836784639034980904e-01 0.000000000000000000e+00
-1.923579004144347904e-01 -9.297326653138308084e-01 2.297604637874425038e+00 0.000000000000000000e+00
-7.266818791594289451e-01 -1.220789907402815677e+00 1.707998685293628194e+00 0.000000000000000000e+00
-1.338215529378180002e-01 8.092544151460354662e-01 3.069078257916467045e+00 0.000000000000000000e+00
-3.304970003363317393e-02 6.920602847562047355e-01 4.038679595949936085e-01 0.000000000000000000e+00
1.656883664688443281e-01 3.247085717990104703e-01 -1.152290064665248762e-02 0.000000000000000000e+00
2.561746069568594519e-01 3.146690117872324999e-01 -5.165931391133294914e-01 0.000000000000000000e+00
-9.809823751900981215e-03 -6.611652622457150907e-02 -8.669236308438164895e-02 0.000000000000000000e+00
6.128107534990020477e-01 1.039662906499832173e+00 -4.628199401075576702e-01 0.000000000000000000e+00
1.182018437550281659e-01 4.082933236438742730e-01 -3.295252681983689147e-01 0.000000000000000000e+00
6.897126936948323739e-02 -3.913693558306129139e-02 -2.793077752110241230e-01 0.000000000000000000e+00
-1.056288311046444717e+00 -1.464956620388050634e+00 6.914636580153208367e-01 0.000000000000000000e+00
-7.839050796511862762e-01 -6.503306866534100950e-01 2.187118378818745934e-01 0.000000000000000000e+00
-6.721789985770382225e-01 -6.909390347935319143e-01 7.012291107485382757e-02 0.000000000000000000e+00
-6.396897100576762751e-01 -1.823659588354666627e-01 -2.581175354079845441e-01 0.000000000000000000e+00
-2.759192497385989928e-01 -3.622798681407116694e-01 -2.411923727954831786e+00 0.000000000000000000e+00
-8.443851185664156267e-01 1.139084904557665506e-01 -7.335071292736746740e-01 0.000000000000000000e+00
7.588809410344392603e-01 1.528097554929830626e-01 -2.027912441212194938e+00 0.000000000000000000e+00
-6.945701836249486283e-02 -5.232960678045139868e-01 -9.784690819611298052e-01 0.000000000000000000e+00
3.424109853564699657e-01 -9.067050939562847078e-02 -7.994130071815882532e-01 0.000000000000000000e+00
2.623347099064983479e-02 -1.165332003882884465e-01 9.201565483285002733e-02 0.000000000000000000e+00
-1.783925957405211454e-02 -1.788747461785174589e-02 5.995102865146256788e-01 0.000000000000000000e+00
2.251049732022975813e-01 2.984332910451441001e-01 2.815914109908948526e-01 0.000000000000000000e+00
2.845044977764418434e-02 1.314952809842641901e-01 7.381754325253174487e-02 0.000000000000000000e+00
1.227909788497605487e-01 1.900826979620295204e-02 -3.358276741403944804e-02 0.000000000000000000e+00
-3.298872150104761869e-01 -4.088170343015995467e-01 1.051477386659615959e-01 0.000000000000000000e+00
-9.252238575563247469e-01 -1.294105957930643314e+00 6.446164712180650902e-01 0.000000000000000000e+00
7.707863075087328930e-01 -3.602627523603876281e-01 2.198174435426836215e-01 0.000000000000000000e+00
-6.107849324356302567e-01 -8.101442210795894994e-01 -7.428279144131035849e-01 0.000000000000000000e+00
-1.636373472868193069e-01 -5.968145523404139174e-01 1.598348288949582030e-01 0.000000000000000000e+00
5.494741352573284665e-01 1.356831869460655815e+00 -5.222922740412634379e-01 0.000000000000000000e+00
1.320111208355752241e+00 2.461574327380492200e+00 -1.133489300745084805e+00 0.000000000000000000e+00
3.142951303758018122e-02 6.163796699673739637e-02 -7.060048248581435315e-02 0.000000000000000000e+00
1.135747115519571304e+00 4.577293053556381608e-01 -9.040072639734473281e-01 0.000000000000000000e+00
1.523923846645056202e+00 7.216714837687984163e-01 -9.504316049349461615e-01 0.000000000000000000e+00
-9.937845169410386426e-01 -1.173866385305957438e+00 5.356235545318497326e-01 0.000000000000000000e+00
-1.857070120378119027e+00 2.496425514840301119e-01 1.116708186097410183e+00 0.000000000000000000e+00
-1.001296034106776478e+00 -7.345542293124845967e-01 1.825345612262830874e+00 0.000000000000000000e+00
-1.466908733435718482e+00 -5.281499509405780390e-01 1.313697962583157963e+00 0.000000000000000000e+00
1.612472738229601965e-01 8.130408821476828862e-01 2.255090122072194614e+00 0.000000000000000000e+00
7.543204561623586546e-01 -6.518941198664660597e-01 3.775475198644143715e-01 0.000000000000000000e+00
