6.897377796725412402e-01 2.158259155818667452e+00 2.396126575629736077e+00 0.000000000000000000e+00
6.578725071466767771e-01 1.475475270768806579e+00 -2.445299045365517399e-01 0.000000000000000000e+00
7.392675068547218675e-01 -3.779533308495282018e+00 2.485436034243258430e+00 0.000000000000000000e+00
3.151675525570255321e+00 -3.956829121841354269e-01 -1.468279573811750893e+00 0.000000000000000000e+00
2.936937445626522369e-01 -1.559387174865580206e-01 5.684664959211334356e-02 0.000000000000000000e+00
1.496048406566565125e+00 -9.022286018640360838e-01 -4.373619693480575998e-01 0.000000000000000000e+00
8.377581348297151731e-01 2.096321580223704739e+00 5.431463030175411877e-01 0.000000000000000000e+00
1.325906626185303194e+00 -1.364237269645183215e+00 -2.081519941338412671e+00 0.000000000000000000e+00
-6.734314450117863116e-01 -9.874655586427694143e-01 3.313093156087690283e-02 0.000000000000000000e+00
7.423779559480331303e-01 1.027147540549955052e+00 1.626225766587713784e+00 0.000000000000000000e+00
-1.594801890385051657e-01 -4.487867393065145261e-01 3.076981362786164187e-01 0.000000000000000000e+00
-7.071983480755861251e-02 6.266545309949710096e-02 -2.459759870821732086e+00 0.000000000000000000e+00
-9.693399889115793533e-01 -2.072875184885545896e-01 -4.416717205630286969e-02 0.000000000000000000e+00
1.178203623850235804e+00 -1.402545102631246765e+00 -8.986201326584292159e-01 0.000000000000000000e+00
-9.798029578700940823e-01 7.252937612920608013e-01 -8.233989891419836171e-01 0.000000000000000000e+00
9.250091626807271927e-01 -7.266784915156167951e-03 -3.641287329885657953e-01 0.000000000000000000e+00
5.169075232051596469e-01 -2.199394719673037901e+00 1.478702227702810221e-02 0.000000000000000000e+00
2.608584129059661638e+00 -7.734213455401520720e-01 3.455856823005666878e-01 0.000000000000000000e+00
-8.918105784425662819e-01 -1.286210567097071822e+00 1.993963944178595293e-01 0.000000000000000000e+00
9.280995048536213599e-01 -5.587134044567727553e-01 -1.024729311308066049e-01 0.000000000000000000e+00
-2.069764538019614464e-01 -2.102726317443469328e-01 1.874338986241625427e-01 0.000000000000000000e+00
-5.235065086471633045e-01 1.836695823600697497e-01 -1.141149085921152828e+00 0.000000000000000000e+00
-3.510463315986750987e-01 1.205226840103703900e-01 -3.833992698320551340e-02 0.000000000000000000e+00
-2.504878791109467207e-01 -1.279954863405507348e+00 -6.429071429853515651e-01 0.000000000000000000e+00
2.807797410248370484e-01 -7.601266715402751339e-01 -1.022534063829446255e-01 0.000000000000000000e+00
-4.597308439792712753e-01 6.522333306362694538e-02 5.497935857730338327e-01 0.000000000000000000e+00
-1.273122416519826827e-01 5.859409226561845818e-01 6.833344478144571799e-01 0.000000000000000000e+00
-1.038995705374694545e+00 4.707944109351241413e-01 -2.224215449606724793e+00 0.000000000000000000e+00
1.736313574855564146e-01 3.289272660839194784e-01 1.309058032082353884e-01 0.000000000000000000e+00
-9.655812835243505754e-01 -6.416433598580669750e-01 -7.909612736989694859e-03 0.000000000000000000e+00
2.678914763764829454e-02 1.636239788483372148e+00 -2.433688998831704087e+00 0.000000000000000000e+00
2.844643726142933454e-02 -9.087218574730122900e-02 2.135432133329586701e+00 0.000000000000000000e+00
6.312104207740488748e-01 -1.109467627632687803e+00 -9.383177835143080570e-01 0.000000000000000000e+00
-2.266361948256384040e-01 4.598188833238219253e-01 1.937758335609812921e+00 0.000000000000000000e+00
-2.102851550352302368e-01 1.483481440316391176e+00 3.955143412156571503e-01 0.000000000000000000e+00
1.640072263448334386e-02 1.845835950669714454e-01 -1.233405083409791630e-01 0.000000000000000000e+00
-2.747769854547150725e-01 -1.890071664190161593e-01 8.631100347803948303e-01 0.000000000000000000e+00
5.579825252575649763e-01 7.670765091957278126e-02 1.670985866736769410e-01 0.000000000000000000e+00
-9.183957323011084917e-01 -6.852990129570758482e-01 -2.549804918944810761e-01 0.000000000000000000e+00
1.012798461199000633e+00 -3.410061341382970013e-01 1.322214075140270284e-01 0.000000000000000000e+00
-4.607185317625908660e-01 4.888052038403620930e-02 -4.927723893263043914e-02 0.000000000000000000e+00
-1.338911809807328712e+00 1.491786415529201770e+00 1.748941017734603642e+00 0.000000000000000000e+00
-1.099308933354787632e+00 7.586789824925585513e-02 -1.395179494634273043e+00 0.000000000000000000e+00
4.083374650762685021e-01 1.229954357650468177e-01 4.504373997972974109e-01 0.000000000000000000e+00
-9.224626322309013027e-01 6.214509803756015360e-01 -5.685694909504164229e-01 0.000000000000000000e+00
-5.732894668568291330e-01 1.035060897788752765e+00 -1.485571213148039860e+00 0.000000000000000000e+00
-2.550286557325998071e+00 1.028098761797757277e+00 -1.227572891009155898e+00 0.000000000000000000e+00
-7.413871661943470803e-01 6.332259991012607891e-02 5.797779839166853355e-01 0.000000000000000000e+00
4.467481784677635459e-01 7.199578388772523985e-01 -8.447653007267477143e-01 0.000000000000000000e+00
3.582109788566775199e-01 -1.363393863117884575e+00 -1.889768944268438999e-01 0.000000000000000000e+00
-2.478241788046830693e-02 -2.460506703078857882e+00 7.340921403835984904e-01 0.000000000000000000e+00
5.660175451627633691e-01 1.319696113802027337e+00 2.061302057169371427e+00 0.000000000000000000e+00
6.830427612714100594e-01 -6.451876336543557189e-01 -1.218404693472572964e+00 0.000000000000000000e+00
-7.836604259691360985e-01 -2.079487577517753039e+00 2.439939777315665914e+00 0.000000000000000000e+00
-2.949505775486474413e+00 3.242855105835345531e-01 4.868352633548136410e-01 0.000000000000000000e+00
-2.799583209687777630e-01 -1.394974711769399744e-01 5.681061986707517386e-01 0.000000000000000000e+00
