-2.133847359114357523e-01 1.607353953906056843e+00 -1.921446154442424614e+00 0.000000000000000000e+00
1.144265307210464572e-02 8.089564388995681421e-01 -1.165795878557631393e-01 0.000000000000000000e+00
-7.819116920025499518e-01 1.509742039563229277e+00 7.642148125418761762e-01 0.000000000000000000e+00
-7.307051572351825897e-01 -8.160435363455033064e-01 7.273129316692056312e-01 0.000000000000000000e+00
9.682792557469678540e-02 1.445832348689807256e-01 5.657203075445450535e-01 0.000000000000000000e+00
5.287698178816715999e-02 -4.691041420206964324e-02 -6.473589388586925564e-01 0.000000000000000000e+00
-7.391403368792320849e-02 6.064455616404652583e-01 -3.103466034686963027e-01 0.000000000000000000e+00
1.633882982097370762e-01 3.515579143002316997e-01 8.142552426608987703e-01 0.000000000000000000e+00
-1.320216618229317629e-01 -6.837486862778444641e-01 9.940886167404732188e-01 0.000000000000000000e+00
6.447250623694252836e-01 1.135145671147545388e+00 -9.553027188302795070e-01 0.000000000000000000e+00
7.641565853708087719e-02 -6.796154005784750540e-02 5.077015586251952817e-01 0.000000000000000000e+00
2.315739859318681482e-01 -3.130228501221737347e-01 6.622316835561011805e-01 0.000000000000000000e+00
-6.007743172668649628e-02 -3.786235146717723543e-01 7.323536626397204596e-01 0.000000000000000000e+00
-3.087451907325248768e-01 5.501714807425529818e-02 5.013146248150367468e-01 0.000000000000000000e+00
-1.038784428414562422e+00 7.055421128922242380e-01 3.490682891900917517e-01 0.000000000000000000e+00
5.417065006709990277e-02 5.152541043111201757e-01 9.106734911651795730e-03 0.000000000000000000e+00
2.759390368685323280e-01 2.683499057945046284e-01 -3.436581618020086437e-01 0.000000000000000000e+00
-7.275090449280410265e-01 -5.021565770812190799e-01 3.291698841062699610e-01 0.000000000000000000e+00
-9.070889076774775184e-01 8.698776254289640741e-01 -5.814513986087864739e-01 0.000000000000000000e+00
-7.728084392505384370e-01 -4.340978113135426364e-01 5.650575326797478981e-01 0.000000000000000000e+00
2.878910201820429962e-02 -7.351577535142260478e-02 1.821605693687911587e-01 0.000000000000000000e+00
1.051792813101386781e-01 -3.430348404038159882e-01 3.225706265757104507e-01 0.000000000000000000e+00
-6.410466473768088209e-03 -8.396006963674727819e-02 2.657906501165563928e-01 0.000000000000000000e+00
-1.635405895743351490e-01 -4.783096003519634043e-01 2.981432267266677649e-01 0.000000000000000000e+00
2.758518483550720032e-02 -1.316636931297073335e-02 -2.744385307170276248e-02 0.000000000000000000e+00
-3.279419638033358453e-01 -6.723065656240631571e-02 3.526033834393287880e-01 0.000000000000000000e+00
4.352808362077829063e-01 1.024743667807739067e+00 -1.129470440880192772e+00 0.000000000000000000e+00
1.322587187204375403e-01 -2.513896243277993214e-01 4.061833461889484131e-01 0.000000000000000000e+00
1.557200282113624656e-01 1.074982461709132892e-01 -7.142760544632381636e-01 0.000000000000000000e+00
-7.978170176314088036e-03 7.061655688590741387e-02 1.192808176186386376e-01 0.000000000000000000e+00
5.960751792785589087e-01 -9.538365378580548892e-01 7.989969399243835868e-01 0.000000000000000000e+00
1.046954445875330375e+00 -2.012504259329227718e+00 3.792970927629242817e-01 0.000000000000000000e+00
5.337680433008739067e-01 -7.843153743186854765e-01 1.154548211517771039e-01 0.000000000000000000e+00
-6.912765329767251235e-03 -3.838724539051773799e-01 -3.082167163982753033e-01 0.000000000000000000e+00
7.120588529282381729e-02 -1.226091329104721239e-01 6.250123657073598515e-01 0.000000000000000000e+00
-1.104425649425574800e-02 1.528361387105974011e-03 -2.176293313267741170e-01 0.000000000000000000e+00
-1.210469872909057387e-01 1.025056263384034258e-02 -3.113825634053917976e-02 0.000000000000000000e+00
3.618348778429045232e-02 1.565724771430313800e-01 -2.901521186570510946e-01 0.000000000000000000e+00
-2.704690397586614545e-02 -4.979272269241188931e-01 -3.559762462334624677e-01 0.000000000000000000e+00
3.467311549333262910e-01 -9.698321158050923763e-02 9.999179726350122810e-02 0.000000000000000000e+00
-5.685299876666222163e-02 -1.508422946266451681e-01 -2.188996218937732108e-01 0.000000000000000000e+00
2.277730448365109517e-01 1.149665013391548252e+00 -1.359541408874367141e+00 0.000000000000000000e+00
3.925741947833557011e-01 3.892400912864352885e-02 -2.047330939459245103e-01 0.000000000000000000e+00
1.739792069287345588e-01 8.348874994350745371e-02 -6.169598115713101905e-01 0.000000000000000000e+00
1.528469862879643926e-01 2.462767149094386432e-01 -3.382727678794745785e-01 0.000000000000000000e+00
1.372034055402849423e-02 -5.216575564774705853e-01 9.887630931164433923e-01 0.000000000000000000e+00
1.193383828524859080e-01 -1.388582634784670811e+00 -1.129721072261283960e-03 0.000000000000000000e+00
-1.410972511203307245e-01 1.333316159375006194e-01 -1.003073797799465539e-01 0.000000000000000000e+00
-1.540091011474932658e+00 5.924785625201135497e-01 3.724191805556268942e-01 0.000000000000000000e+00
5.597510365400587551e-02 2.406461330260001308e-01 1.416632958059872993e-01 0.000000000000000000e+00
4.797770671036710732e-01 -1.150123413428957742e+00 5.753015772102287873e-01 0.000000000000000000e+00
-5.314148056155786337e-01 -1.702143710792675568e+00 1.836569401135309310e+00 0.000000000000000000e+00
6.214830064572574031e-01 -9.633187271662215778e-01 4.256568848439136743e-01 0.000000000000000000e+00
-6.959746052243895864e-01 1.118991821077247817e+00 -6.731685634546999975e-01 0.000000000000000000e+00
-9.533056730061473250e-01 1.897859830737827769e-01 -8.648340337570912251e-01 0.000000000000000000e+00
-7.532818357455833835e-01 -5.237562607955038585e-01 5.006388490351867393e-01 0.000000000000000000e+00
