-1.288292529604472936e+00 -1.641064761971798180e+00 1.758289697244741490e+00 0.000000000000000000e+00
-1.057898556074965551e-01 -2.023390352301919493e-01 6.075799887767595608e-01 0.000000000000000000e+00
2.834079599975556363e-01 3.744261183562256901e-01 1.183618436947874830e+00 0.000000000000000000e+00
7.310399270237610825e-01 2.998840791595038802e-01 -1.809374783393022934e-01 0.000000000000000000e+00
2.722720599854602241e-01 2.073375018519452717e-01 2.625801569212681680e-02 0.000000000000000000e+00
2.880872073215221540e-01 -1.845573894935106929e-01 -4.150113704024753214e-01 0.000000000000000000e+00
-6.879509994401011852e-02 -5.956160761634272660e-01 1.486387851858400055e-01 0.000000000000000000e+00
7.303892577467638869e-01 7.343065978558993567e-01 -5.062022363769744793e-01 0.000000000000000000e+00
4.968276022096397848e-01 6.644602099492995517e-01 -1.123647111907051022e+00 0.000000000000000000e+00
-1.106637844939970972e+00 -4.509274754913338845e-01 8.396010959795607853e-01 0.000000000000000000e+00
2.604074850688070653e-01 2.694784200126585372e-01 -1.214924275410462079e-01 0.000000000000000000e+00
4.459125370735802507e-01 4.004456147445623615e-01 -3.269380879662104888e-01 0.000000000000000000e+00
3.160258966452505480e-01 3.216913356701885940e-01 -6.182641059484556001e-01 0.000000000000000000e+00
3.397345904775552206e-01 5.355864824947919045e-01 -6.676372719318335314e-01 0.000000000000000000e+00
5.466066968082708977e-01 3.287859090895587366e-01 -8.163164705719050396e-01 0.000000000000000000e+00
-2.630377964213322373e-01 4.085803019005039283e-01 1.183531448012374587e-01 0.000000000000000000e+00
-8.918179383404645222e-02 -2.173274218979858452e-01 9.513687727221535884e-01 0.000000000000000000e+00
-5.558873138546320536e-02 -2.192820177839469725e-02 -9.603349064234973920e-01 0.000000000000000000e+00
-4.292090687371310498e-01 1.622590301866205231e-01 -5.019561786652916580e-02 0.000000000000000000e+00
2.863879085867075402e-01 -2.974862754172759027e-01 7.803556712879581303e-01 0.000000000000000000e+00
9.309941501821719645e-02 1.378524470596549922e-01 -7.975238289963322569e-02 0.000000000000000000e+00
1.689124221889782285e-01 1.202549906199439911e-01 -9.129696117033610225e-02 0.000000000000000000e+00
1.181141898500475684e-01 4.091224970436248970e-02 -1.052905472761999084e-01 0.000000000000000000e+00
2.703229880588698397e-01 1.277465390193781303e-01 -4.683624852441923836e-01 0.000000000000000000e+00
-1.431287158065130960e-01 1.485718691099846833e-01 -9.675358049044724407e-02 0.000000000000000000e+00
4.905541864896442172e-01 1.786290309853801050e-01 -6.090613061983329857e-01 0.000000000000000000e+00
-8.127048785442799739e-01 -4.769293088260184166e-01 6.235689712457750389e-01 0.000000000000000000e+00
-1.369363916090688693e-01 1.299468459226144068e-01 -7.251229745261511539e-01 0.000000000000000000e+00
-3.607884264293324816e-02 -9.922375527720193877e-02 -9.042162110491250848e-01 0.000000000000000000e+00
7.300954039776039141e-04 4.041219060674447472e-01 -5.094354966330734147e-01 0.000000000000000000e+00
-7.720621389859891326e-02 9.071599349350691899e-01 -1.653300001920328555e+00 0.000000000000000000e+00
-6.801860983379273140e-01 -5.939600804545934754e-01 5.744013607445919156e-01 0.000000000000000000e+00
7.725956447249253678e-01 1.753456540636942673e+00 -2.139570616359045552e+00 0.000000000000000000e+00
-1.443623152580688407e+00 -2.475354815282178600e-01 6.792651669740860099e-01 0.000000000000000000e+00
6.719878010491735498e-01 -2.236012299202938813e-01 -4.120479176786244757e-01 0.000000000000000000e+00
-1.175620703456884270e-01 -7.202048687744845579e-02 4.628737210577166250e-02 0.000000000000000000e+00
-4.483974536370409492e-02 -6.058821433113305288e-02 9.300948981292007922e-02 0.000000000000000000e+00
-8.797157860921463179e-02 -1.687879832999971685e-01 2.431781880699038501e-01 0.000000000000000000e+00
6.870305508107639458e-02 -3.411690572234395979e-01 -1.715978788860191007e-01 0.000000000000000000e+00
1.013892679557040488e-01 -8.937714270686115958e-02 -2.416278633068122753e-02 0.000000000000000000e+00
-1.364275688886543159e-01 -3.318399385252388534e-01 -3.846164199693698216e-02 0.000000000000000000e+00
-1.310944768963537177e+00 -1.088367139489073487e+00 1.217527333153884950e+00 0.000000000000000000e+00
-1.862184843901208975e-01 -2.133926362780998454e-01 3.465301598728590671e-01 0.000000000000000000e+00
-5.565330151583826046e-01 -6.729649075979055040e-01 -3.109643297448065266e-02 0.000000000000000000e+00
-1.158718338473823661e-01 3.419174199879533305e-01 -2.960922266632201594e-01 0.000000000000000000e+00
-6.010020145761976185e-01 7.368312305613550217e-01 -3.580084970829620072e-01 0.000000000000000000e+00
3.205348984507788157e-01 1.813095066967598812e-01 9.102913926690449353e-02 0.000000000000000000e+00
-3.252201672131223575e-01 5.590780206445454814e-01 -5.376988412677301543e-01 0.000000000000000000e+00
-1.599961996408672538e-01 -3.063404827637075112e-01 -2.968885075537168183e-01 0.000000000000000000e+00
2.079002643071449219e-01 3.159603213481946282e-01 -2.300190244209653345e-01 0.000000000000000000e+00
6.986930464519490735e-01 3.673153633940903218e-01 -3.995156636867969735e-01 0.000000000000000000e+00
-6.620149185219318388e-01 1.859585428158917059e-02 -1.319092514221701373e+00 0.000000000000000000e+00
1.059369057518986024e+00 9.568116049261031764e-01 -1.630593011818003202e+00 0.000000000000000000e+00
-5.130983112673602742e-01 -1.083679327544832205e+00 1.038264721280063307e+00 0.000000000000000000e+00
-6.854550265797801911e-01 7.920541167190363607e-01 -6.954029051864649702e-01 0.000000000000000000e+00
2.409813312383259076e-01 -7.429248687547483909e-01 1.002893128043337967e+00 0.000000000000000000e+00
