8.549584150455120657e-01 2.057722150165597341e+00 6.227515422355420771e-01 7.613290450472900428e-01
-3.167272668551696646e-01 -6.967087380546459485e-01 -2.830464424882427332e-01 -2.760813035777327507e-01
1.970510986532166692e-02 7.308887191871243916e-01 3.027209122584766376e-01 2.115855477059846446e-01
-7.664480799098913888e-01 -3.660940065961208134e+00 -8.017347967778098994e-02 -8.573129861956138020e-01
9.152427237652846492e-02 -1.366738581326125135e-01 4.760381695371769251e-01 2.718356995703716805e-01
-1.383840880504019433e+00 -7.340381416968757566e-01 -6.847565169421936382e-01 -6.719336932122909056e-01
5.823625722974079544e-01 1.339896080955619739e+00 2.540932232499812926e-01 5.010067348023772293e-02
5.192762645340606165e-01 -2.077150654556278564e+00 -3.788176113346871099e-01 -9.269365792660422265e-02
-8.877783208506562218e-01 -4.588365274571704622e-01 1.390415112877324277e-01 -2.730470438838940028e-01
4.120199984923706427e-01 3.387891341972920856e+00 -1.289350330121112609e-01 9.093301846192675120e-01
-1.151699305957667896e+00 -1.685444539983068424e+00 -8.124940294919226202e-01 -3.862650094998398842e-01
-1.273146784541506760e+00 1.918827574075156805e+00 -3.039913410133591176e-01 -6.266096785214276821e-01
-2.502042603520830966e-01 -1.773108290200323955e-01 -3.606142563224008502e-01 -2.681026343058339756e-01
-9.535522257633357590e-01 -1.554723898437913476e+00 -2.617718571888924206e+00 -1.244313456280872643e+00
2.074197114873616243e+00 9.341685715278226221e-01 6.114926780106428872e-01 6.623361706469619303e-01
4.388379724038700691e-01 8.823207016186140894e-01 7.431535750814596275e-01 6.534816629286345213e-01
-1.504044220512449348e-01 -4.717594621179195258e-01 -1.400393003252487223e-01 1.023144042735772696e-01
-5.914131932494413046e-01 -5.209728970555050909e-01 -8.992260901376363247e-01 -8.169458276283152465e-01
4.347001693479829454e-01 -2.074243848366823517e-01 -2.787186058072080863e-01 -3.202402638927376310e-01
-6.472775826005705557e-02 -1.391841949448675342e+00 1.038782525527620071e-01 -4.320697057930674712e-01
5.215426679670118748e-01 7.617727712889869052e-01 4.394938316613775098e-01 1.363385006435414715e-01
9.224187243633324984e-01 -7.433107028756165136e-01 3.919088459600927887e-01 5.289330274198400517e-01
3.115138823026030179e-01 2.933618127558128563e-01 -1.036102646763830265e-01 1.637151754062855236e-01
-1.187764277347325148e+00 -4.435614674364377619e-01 -1.447127430745063781e-01 -2.297020351958256601e-01
8.192844018506002524e-01 1.271876497892995728e+00 1.886829721590352449e+00 7.822844066919756312e-01
-4.200417317461158095e-02 -1.230744073883327738e+00 -1.681450660524199670e-01 -1.977306298628183079e-01
-1.011206390435284819e+00 2.480097560477201313e-02 -6.218395534011548209e-01 -7.253510555980833274e-01
5.481244056888481264e-01 5.519584196700213496e-01 6.458496276307110762e-01 7.038529929031941412e-01
-7.937434621404259039e-01 1.554684906659755117e-01 3.312608136228685773e-01 4.822162392700573008e-01
4.397383395297299602e-01 1.262206670850276602e+00 1.932153297669197967e-02 3.731522819956779036e-01
1.115027393191535099e+00 1.161922324035676635e+00 1.331455345979988270e-01 3.250920819357505653e-01
8.125205602089946577e-01 4.255586606408873762e-01 3.343314674527873009e-01 9.115367154732527399e-02
4.075086371971249899e-01 -1.800510869299132843e-01 1.181986551593107726e-01 4.555712005912743168e-02
2.680680562057147220e-01 -7.728567506795669395e-02 3.505029283685516528e-02 1.216640410993001520e-01
-4.038648222970628657e-03 2.069919836813965408e-01 -2.382212223325518019e-02 7.168129728362342135e-02
-5.927174981427364014e-02 -1.097242576693624183e-01 -6.410816324550863698e-02 3.580171980749530247e-03
-2.124285032408789742e-01 1.062646581136450913e-01 -9.299186840690411293e-02 -1.117305649865069361e-01
-1.353618368156102592e-01 -9.255224070845476103e-02 4.713470505568048696e-02 -5.562061370085354811e-02
-1.280932441192249027e-01 -2.428277072921323498e-01 -3.691465480899308038e-01 -1.095339143922672842e-01
2.393784241916926403e-01 7.847872085591295344e-02 2.156030682901863282e-03 3.235547443582334481e-02
8.277479866088768845e-02 4.271536929897844503e-01 1.015332993978870502e-01 1.424429424036225966e-01
4.340438165010452320e-01 -6.977639341107233495e-04 2.149442379421760974e-01 2.477645643657162000e-01
-1.097579296339483146e-01 -1.391695169122788012e-01 -1.331597953965612535e-01 -1.622138337387296347e-01
3.254597506027570586e-01 -3.286517930205598570e-02 -9.096264156053944505e-02 -1.524987094564561607e-01
-1.303794956444714881e-01 -6.850814145956098944e-01 1.578618248780363498e-01 -2.433771660880652277e-01
-3.795803831049583965e-01 -5.075088686712960762e-01 1.694791307846966188e-01 -1.861913583820619389e-02
-4.162807625638436093e-01 -1.700423460634863382e-01 -1.518590976663267977e-01 -2.215219282024880054e-02
-1.448670503184362190e-01 1.193364087373156995e-01 -3.672343073850706241e-02 -1.740288590741437269e-02
-1.234561745792919774e-01 1.531060218649449300e-02 -2.827612201993630336e-03 -7.777119542419982934e-02
2.130192991695474547e-02 6.123355467594061574e-01 -2.723351567831785447e-01 -9.305081154382938147e-02
4.663776010279258588e-01 3.131160653728201071e-01 2.786953700513498666e-01 1.761579197259475760e-01
-2.018000518745479144e-01 -4.757078646233590946e-02 2.730972616738404080e-01 3.252382457649345693e-02
-5.112657768634149003e-03 -2.344457373110174492e-02 1.376387287364307377e-01 6.814646920366859706e-02
-1.253958199035861421e-01 3.778922264681897070e-02 1.067805293793329807e-01 4.212777981334751842e-02
-1.535094006525740684e-01 1.066328288897738785e-01 8.935533236261367085e-03 -1.722405144774533103e-02
-5.827009564772385186e-01 -7.595051230027702882e-01 -6.326026670960447351e-01 -6.059319009395707223e-01
3.387034639768692762e-02 2.543244865813068523e-02 1.261685749206808461e-02 1.993619028278459035e-02
