-1.365170209786792377e-02 1.492542754869222166e-03 3.160567937061919963e-02 -4.637644374090352239e-03
-2.450018713067862453e-01 -2.469225972161522009e-01 -2.322529439962690567e-01 -2.438970692328705225e-01
-2.442006320241904560e-01 -2.467906608665508261e-01 -2.469437697764715889e-01 -2.470156531828247015e-01
5.074772054750464889e-02 4.717302247118665415e-03 -3.625341522500225011e-02 1.710781115601861524e-02
1.962208811736809722e-02 -4.957618730004609287e-04 1.487968844925929846e-02 1.551537401911121106e-03
6.783603522225734039e-03 2.231176443178058133e-03 5.028055409095566475e-03 2.762224194625545470e-03
-1.100456052695837350e-01 -1.578986591442090859e-01 -1.922613464418949647e-01 -1.794870760221378703e-01
1.561355567770608133e-01 1.615662538847424945e-01 1.589570014936044773e-01 1.576013236197753853e-01
-2.896217828101177449e-03 3.004179460309411298e-03 1.416149325800031278e-03 1.554266136902404671e-03
-3.228011580408374215e-02 7.957658102390768873e-03 3.254570501375741998e-02 -2.811678703249498312e-03
-1.746676468092225321e-01 -7.162243279260249729e-02 -4.056841161503133009e-02 -3.527120539895306495e-02
-6.323698665119259488e-02 -6.531924524202926963e-02 -5.970731776628435128e-02 -5.635763935623308574e-02
-5.048406229411517288e-02 -4.078853735250492774e-03 -6.696149558826486325e-02 -1.578007097957867533e-02
1.143458887278803182e-02 3.881497205079298407e-03 -2.260385506648088239e-03 3.224259191545342240e-03
-5.051361739116799754e-04 1.536776069151507551e-03 -2.950565375896552212e-03 5.050827235760779743e-04
-2.065789593570244165e-02 -4.750248826916741995e-04 -2.314436141428255489e-02 -3.543191707322534967e-04
-3.672799231917101004e-03 2.464092129312811519e-03 -1.670691190476469856e-03 3.362447581531702312e-03
-8.752440169318975727e-03 4.294811984381682879e-03 6.310664790853515171e-03 6.607147302253313370e-03
3.177824213906887962e-03 1.608432043172410009e-03 -5.526417896595248180e-05 2.170783403603882000e-03
1.401310954872059256e-02 1.694335204178443188e-04 -6.667329168724034361e-03 4.447318555602541856e-03
5.708618477333082808e-02 -8.173663273510378691e-03 -2.115371450751402094e-02 -3.062938496552897183e-02
1.857655608549779735e-02 1.716608687622872553e-02 1.336057138132462629e-02 1.113840978209761079e-02
4.330892601504565675e-02 -3.361975781697501553e-03 5.581777580539570849e-02 1.092578661397508588e-02
-2.825709934901832199e-03 -2.819679528810140057e-03 1.965371785299652174e-04 -1.506193414604617420e-03
-1.193229088600844534e-02 -6.728630828884613058e-03 2.322476918689142522e-03 -2.538008791867496505e-03
2.048253925956800003e-02 1.536219976032537904e-03 3.017712182488785366e-02 2.331482928140449218e-03
1.321653922749099763e-02 2.874068210889313413e-03 8.411623933922363072e-03 5.345878104793588825e-03
3.395913887118240382e-03 -1.483839311565926522e-03 -3.628927159933237334e-03 -1.746358515753942964e-03
-4.663485875303852168e-03 -1.387804608014769903e-03 -1.235295394459434704e-04 -1.463169573696881942e-03
-2.119919208325526938e-02 6.363994069454315117e-04 6.359268464139256061e-03 -5.969311949652889027e-04
-2.571461344833103624e-03 1.764324974978970229e-03 2.774660748956270240e-03 3.638512677395983053e-03
1.572190293632313995e-02 3.590717676968585570e-03 1.454857667386955100e-03 5.195105029697444365e-03
4.104425360351493524e-03 2.057358049253318888e-03 8.058540143061065919e-04 2.473216054350663162e-03
-1.154070198881917975e-03 5.643204107369931277e-04 -3.945878811199288183e-04 1.615986097269761501e-04
-5.046642665777617554e-04 1.109762846121917571e-03 1.840526893809923958e-03 4.713873106591687234e-04
-1.681370402156479038e-02 -4.039492021341652833e-03 -1.921364752577980894e-03 5.748242679823462042e-04
-2.799099554936512746e-03 -2.158032566629817552e-03 -1.317539853217045143e-03 -8.663293585463634899e-04
-2.115460936557789218e-02 -7.404034178048080062e-03 -2.336046997024338046e-02 -1.205013199628354043e-02
3.263607895615527887e-03 2.055985652194641800e-03 -8.548918028829788351e-04 1.944464791323596842e-04
8.679204239921967101e-04 8.491635028948889274e-04 9.012698889004910896e-05 3.397427936841918017e-04
-1.013549710799321879e-02 -1.857146355576239083e-03 -1.059790702127735851e-02 -1.560567626536224495e-03
-4.576229849302948516e-03 -3.475946655705774990e-04 -1.844335672172542351e-03 -1.599347187389965619e-03
1.532647884833204799e-04 -1.096559776040395562e-04 5.513383640807223429e-04 -5.931327848421874549e-04
1.587036134890640326e-03 4.511457301611052073e-04 5.649441685251499479e-05 1.083561695229134925e-04
6.109865983676687762e-03 -1.041250841757213053e-03 -3.875471417494058546e-03 -8.234557120251340123e-05
2.189703235543349891e-03 1.005036534793279923e-04 9.138062022828186137e-04 9.077839480015059692e-05
-7.273737221439313672e-03 -2.564511626161364299e-03 -3.197657357453254079e-04 -2.075225005753467133e-03
-1.733545599678976146e-03 -1.693472172458798664e-03 -3.513038643133681305e-04 -1.462993624591055197e-03
2.312397558177359258e-04 -4.433355615810832817e-04 2.061265604831885589e-04 -1.787323461814316339e-04
2.265776847173361919e-02 1.656019576143530347e-03 1.990337823866872302e-03 -6.226786315913779291e-04
1.246247568313996190e-02 3.831481982571327549e-03 2.433074637931437190e-03 1.444515266129015041e-03
3.146421911433883167e-03 4.132222622071163309e-03 4.387804006918405442e-04 1.211849806212639269e-03
-7.509094915182090713e-04 1.801388483187157941e-03 7.779832699600364165e-05 3.639397738535166127e-04
1.316837924985936326e-03 -1.047166344979033603e-04 2.430933497784282249e-04 -2.333672986531976079e-05
-8.412840510974017860e-05 -6.555196461451168188e-04 2.125630535986799963e-04 -2.075016846110611102e-04
-7.441151851189686806e-02 -7.191316198587917319e-02 -7.888937286178945851e-02 -7.109138511700177632e-02
1.488002436295056061e-04 4.991747543437711923e-05 8.581387755110142003e-05 4.345282771607221999e-05
