-2.363360519625557821e+00 2.687123386192312946e+00 -2.785010198216373301e+00 0.000000000000000000e+00
-1.277674280015788755e+00 3.457141135142043353e-01 -5.524077311195330076e-01 0.000000000000000000e+00
2.609459100345781213e+00 3.747127494729939112e+00 1.426892969814742340e+00 0.000000000000000000e+00
1.602646306384277075e+00 1.560291192735892674e+00 1.237620117376954987e+00 0.000000000000000000e+00
-4.472869038637816153e-01 -2.080737645433984873e-01 1.865300967779396080e-01 0.000000000000000000e+00
2.933596189582855285e+00 -3.055598923910190390e+00 -1.850175142930095662e+00 0.000000000000000000e+00
-1.159211244900545834e+00 -3.349048687828619086e-01 -9.376135590494497629e-01 0.000000000000000000e+00
1.879764183160093305e+00 1.021215666968072311e+00 6.445802184323236039e-01 0.000000000000000000e+00
2.362655233822141820e+00 9.993222764214396703e-01 1.014613173308106742e+00 0.000000000000000000e+00
3.958913022917562419e+00 -2.597043397510261364e+00 1.586445283035300191e+00 0.000000000000000000e+00
-9.864445598870143217e-02 -2.103194478563608361e-01 3.928079832354087753e-01 0.000000000000000000e+00
9.351314680715412386e-01 -1.198064838099716312e+00 2.242147305068133145e-01 0.000000000000000000e+00
7.197862260847908145e-01 4.758855833013282965e-01 5.307209008771371916e-01 0.000000000000000000e+00
1.269183650133986374e+00 -1.863519649814548540e+00 6.603997488247960179e-01 0.000000000000000000e+00
2.044603470403520973e+00 -1.699987805776498329e+00 1.298570253020541632e+00 0.000000000000000000e+00
-3.455530104447657180e-01 -8.857300984286846646e-01 1.043066434032620560e+00 0.000000000000000000e+00
2.387940467657018395e+00 3.999146613391407978e+00 4.238842290719782580e-01 0.000000000000000000e+00
9.709082917237430443e-01 -2.884288708725003758e+00 -1.074067659596994601e-01 0.000000000000000000e+00
8.931168459645290048e-01 2.643472976767758276e+00 1.646628887740519964e+00 0.000000000000000000e+00
-6.046674195801186036e-01 1.541533222409341208e+00 2.416427638992059979e-01 0.000000000000000000e+00
3.824208163285018613e-02 -7.366054682374063856e-02 2.543552682995739445e-01 0.000000000000000000e+00
1.184857418741403212e-01 -1.047726014890730362e+00 -2.867087981042364814e-02 0.000000000000000000e+00
-3.137039033583660097e-01 5.087388138183272096e-02 9.850898482278876156e-02 0.000000000000000000e+00
6.980858746581495300e-01 -1.076856608213728972e+00 6.009263163042221079e-01 0.000000000000000000e+00
2.395455607599564218e-01 -2.255995956528372426e-01 6.773150118094288796e-01 0.000000000000000000e+00
1.030211493372394996e-02 -8.027465009534278106e-01 2.654405857378402955e-01 0.000000000000000000e+00
1.079833603646421558e+00 2.725839461219720761e+00 -3.824523317671605499e-02 0.000000000000000000e+00
1.062533598790019296e+00 4.057975463231795754e-02 -8.131986794672189101e-01 0.000000000000000000e+00
8.294653398913246489e-01 6.852344258384447384e-01 4.232376442197692823e-01 0.000000000000000000e+00
1.982431037144022634e-01 6.145913891417146280e-01 2.156736686791002333e-01 0.000000000000000000e+00
2.770421399987876843e+00 -3.569070527803427151e+00 8.057237674318534770e-01 0.000000000000000000e+00
3.417827400378973479e+00 -2.185212977030156711e+00 7.447437883454640639e-01 0.000000000000000000e+00
1.443254777340946982e+00 -3.483885904121870603e+00 1.699297624819256169e+00 0.000000000000000000e+00
3.481334136727436857e+00 -2.084527854022752091e+00 -3.868040380844818271e-01 0.000000000000000000e+00
3.806185444623734204e-01 -9.666391295224003866e-01 -5.703062556606902644e-01 0.000000000000000000e+00
8.349740025795801546e-02 5.426133077922996178e-02 -7.551143216898040245e-02 0.000000000000000000e+00
-4.563646189290628263e-01 4.753745382886980786e-01 -1.823459982547088742e-01 0.000000000000000000e+00
-2.262229669016754541e-01 -3.298331711373842512e-01 -2.886058179261017931e-01 0.000000000000000000e+00
1.326258302988250759e-01 -2.532057405358899560e-01 -5.127373314107122049e-01 0.000000000000000000e+00
-1.366602516660317068e+00 3.328856055763095845e-01 -5.792112380098540791e-01 0.000000000000000000e+00
3.258889363031482467e-01 6.334957167768312525e-01 -3.623602921200415050e-01 0.000000000000000000e+00
-3.893629497920080701e-02 -8.630081954010071499e-01 2.547080143143710118e-01 0.000000000000000000e+00
-1.880738418584261051e+00 2.407451279210007122e+00 -1.378233099141604079e+00 0.000000000000000000e+00
-1.501980191053330360e-01 6.579113221956789381e-01 -4.633880660241538330e-01 0.000000000000000000e+00
-5.103355701641493214e-01 -8.683683866606432822e-02 3.946773403884499404e-02 0.000000000000000000e+00
-1.795571852183067141e-01 -8.153863599116816241e-01 3.408074466208481201e+00 0.000000000000000000e+00
2.898691111730628545e-01 8.449126841285860001e-01 1.206566704912020560e+00 0.000000000000000000e+00
2.659893421084280063e-01 -2.141436020903452420e+00 2.042413733828855271e+00 0.000000000000000000e+00
9.343415978099759434e-01 5.229227056690988196e-02 -1.384681585660065828e+00 0.000000000000000000e+00
4.246343704028954225e-01 -8.065970072737677077e-01 6.080166067934772434e-01 0.000000000000000000e+00
2.082463312154784418e+00 3.552195587689705558e+00 -6.349289485868053751e-01 0.000000000000000000e+00
-1.709736791792594524e+00 -3.896307445073299736e+00 3.075644643692545976e+00 0.000000000000000000e+00
-8.325903713247151394e-01 1.817943792099517175e+00 3.345786308453472802e-01 0.000000000000000000e+00
-1.200709127249353969e+00 -2.315840613670892889e+00 -8.680507533958190525e-01 0.000000000000000000e+00
6.624713583582041432e-01 3.867301682749521574e-01 2.747095269466121703e+00 0.000000000000000000e+00
-1.360611101282851676e+00 7.212000956989937928e-01 5.390470881869606767e-01 0.000000000000000000e+00
