1.364101891131821231e+00 2.255874918157479148e-01 -1.609214345950205738e+00 0.000000000000000000e+00
4.011665947429989831e-01 -2.739784352061525596e-01 -3.365110875988019390e-01 0.000000000000000000e+00
-1.131803726054579240e+00 -4.881715711725031492e-01 2.173678811481937478e-01 0.000000000000000000e+00
3.333087709920790065e-02 8.591713524897752474e-02 5.238994609331964342e-02 0.000000000000000000e+00
3.441806606987609513e-02 -2.631371956392414280e-01 1.728820492615341098e-01 0.000000000000000000e+00
-1.531691454700527810e-01 -1.162994177330849317e-02 -1.143050951589898334e+00 0.000000000000000000e+00
9.169105057054202090e-01 1.858971287292747743e-01 -8.632008245626791032e-01 0.000000000000000000e+00
-7.382069369279052884e-01 -3.722586442821327890e-01 8.652192576767601118e-01 0.000000000000000000e+00
9.683332757908630350e-02 -1.794433234690217052e-02 2.838388333960775722e-01 0.000000000000000000e+00
1.360267093474091471e+00 -3.121609763409571303e-01 2.930097665147743946e-01 0.000000000000000000e+00
-6.407149336217403401e-02 -1.575630443938799419e-01 2.136687893138642103e-01 0.000000000000000000e+00
-4.006714400721897440e-01 -1.780530095004093372e-01 6.891219254580084330e-01 0.000000000000000000e+00
2.710540239223648354e-02 2.312019291131003906e-02 1.899037176469015598e-01 0.000000000000000000e+00
-5.817483975545119090e-01 -1.151127104839363979e-01 2.492790225070959931e-01 0.000000000000000000e+00
-5.108203756851333877e-01 8.117376177983570695e-02 4.597256484828233791e-01 0.000000000000000000e+00
1.682555702120088204e-01 3.892043069358570861e-02 9.892384920894250339e-03 0.000000000000000000e+00
-1.232550247158959777e+00 -2.982689221503386223e-01 -5.625914813910872642e-02 0.000000000000000000e+00
2.000013865212046937e-01 -4.626344423613314438e-01 2.075079535135206377e-01 0.000000000000000000e+00
-4.375353565287746771e-01 -7.155522808032676041e-01 -3.184235709453893670e-01 0.000000000000000000e+00
7.694596948742755960e-02 1.643514692033493374e-01 -2.074152835988317956e-01 0.000000000000000000e+00
-4.513923887031444371e-02 -4.196815747190352219e-02 9.895734323195976012e-02 0.000000000000000000e+00
-7.211422140441149653e-02 -4.181765069049575567e-02 2.578435149079944533e-01 0.000000000000000000e+00
7.866661868741107316e-03 9.598714505794466584e-03 7.387683884996312789e-02 0.000000000000000000e+00
-3.081879473126336588e-01 -4.485751285718398568e-02 2.053383300630273467e-01 0.000000000000000000e+00
-3.373796426104935103e-02 7.549108159533916840e-02 2.339297294346054656e-01 0.000000000000000000e+00
-3.662774413917872507e-01 -2.197434460063397293e-02 -9.633346379565321804e-02 0.000000000000000000e+00
-1.993534121526831238e-02 -1.042657395482146504e-01 4.375202005113646986e-01 0.000000000000000000e+00
1.629501102769293219e-01 -2.021328878706166454e-01 2.313329590018694745e-03 0.000000000000000000e+00
-2.465167942710340954e-01 -2.061864105557911775e-01 9.458076182944467891e-03 0.000000000000000000e+00
5.096745337090700934e-02 2.163513490376568760e-01 -9.731053766190993215e-02 0.000000000000000000e+00
-9.022616898801796292e-01 -4.780200869905454168e-03 -5.191473409235326519e-01 0.000000000000000000e+00
1.280137619254112069e+00 -6.583068242217527954e-01 1.204103156181336010e+00 0.000000000000000000e+00
-9.395288076999853688e-01 1.618056123668863699e-01 -3.751197335541224809e-01 0.000000000000000000e+00
-7.089122613830447506e-01 -2.347770810181560308e-01 1.123883355782937077e+00 0.000000000000000000e+00
3.936602843957958120e-01 5.396095072672605353e-01 -5.162627883107709925e-01 0.000000000000000000e+00
1.506870007357977853e-02 6.107400750218032470e-02 -5.922041471194280232e-02 0.000000000000000000e+00
1.987971071241669552e-01 5.571346301159720710e-02 -2.656153804767989457e-01 0.000000000000000000e+00
3.113124432329534078e-02 -2.295973611659670940e-02 -1.245607601757145293e-02 0.000000000000000000e+00
-5.415305801739589420e-02 8.177503749598749594e-02 -2.012658722771801800e-01 0.000000000000000000e+00
1.400468969676082198e-01 -1.898632515254251307e-01 -5.429365345112858732e-01 0.000000000000000000e+00
-2.973952491880012955e-02 1.112154463346646666e-01 2.102946870791841949e-01 0.000000000000000000e+00
6.194082453696588830e-01 1.190308396072727454e-01 8.442923776446897843e-02 0.000000000000000000e+00
1.098139904822214158e-01 -1.479648031054318358e-01 -4.175367090499811917e-01 0.000000000000000000e+00
-1.822257173182303958e-01 6.621580815449705504e-02 -1.431601017266764808e-01 0.000000000000000000e+00
-7.170645088137342360e-02 3.339190302316208392e-01 -2.048549041449314878e-01 0.000000000000000000e+00
-9.310896575484930437e-01 1.630488096665725084e-01 5.922254740775949600e-01 0.000000000000000000e+00
3.706238153033640237e-01 -1.979549202308267808e-01 9.068101223379819720e-01 0.000000000000000000e+00
-5.988244993832556595e-01 -3.025273983338661044e-02 -6.939012954788867371e-02 0.000000000000000000e+00
-1.335202177371065169e+00 -1.809531186543259229e-01 1.134661015366027703e+00 0.000000000000000000e+00
-1.693395324212521869e-01 3.837146742906127339e-01 -3.500878871299999834e-02 0.000000000000000000e+00
-1.542873554781306389e+00 -4.250306568752262315e-01 7.549817314276804359e-01 0.000000000000000000e+00
-1.071186205037718331e+00 4.227701485929555650e-03 1.007460786464786873e+00 0.000000000000000000e+00
-2.366517125283927603e-01 -6.381479584520194370e-01 -5.863946317908879102e-01 0.000000000000000000e+00
-1.470997759508319291e-01 -6.710985825197751664e-01 -8.180804679171206351e-01 0.000000000000000000e+00
-3.929702603353632528e-01 -5.121083759137837754e-01 -2.113117347989450917e-02 0.000000000000000000e+00
-9.079237981799821722e-02 -1.735704925061568038e-02 2.521970178145380159e-01 0.000000000000000000e+00
