-2.487667073113908334e+00 -2.508872334835139384e-01 1.209581111997654945e+00 0.000000000000000000e+00
-8.051751405091509550e-01 -5.947077317481535008e-01 -5.305013920213009354e-02 0.000000000000000000e+00
1.586801250853645096e+00 -2.102827246431744346e+00 3.716959311227651330e+00 0.000000000000000000e+00
-9.491600890357702880e-02 4.626812169347144232e-01 -4.821234066579600797e-02 0.000000000000000000e+00
-1.971026743272142889e-01 -3.766309182498329688e-01 -1.399491475173330612e-01 0.000000000000000000e+00
-1.885887223496695020e-01 8.651640371034641230e-01 -2.789371762664384580e+00 0.000000000000000000e+00
-1.055873743258906261e+00 -4.757473193297767633e-02 -2.777204586263000152e-01 0.000000000000000000e+00
1.402641257837467625e+00 -6.001540366057575016e-01 1.315459174086530014e+00 0.000000000000000000e+00
6.433221254848904280e-01 -7.748748028948264643e-01 -5.443504590593771786e-01 0.000000000000000000e+00
8.445413525793622478e-01 -1.365845037133511353e+00 -1.618331901953976137e+00 0.000000000000000000e+00
1.832085500257327540e-03 -1.674690715131369467e-01 -5.171869500020622595e-02 0.000000000000000000e+00
7.214005175913896784e-01 -7.867524622392096934e-02 -8.801045341244366771e-01 0.000000000000000000e+00
5.629136135078401937e-01 -3.135881839671993965e-01 1.542263718980867726e-01 0.000000000000000000e+00
7.020423836295903719e-01 -1.178977310358882979e+00 -2.107566160523195009e+00 0.000000000000000000e+00
6.373193510822650065e-01 1.965720446100822361e-01 -1.890048159014333429e+00 0.000000000000000000e+00
3.225977288047180980e-01 -4.071911437083907126e-01 -3.185150112377997944e-01 0.000000000000000000e+00
1.582223500456747978e+00 -2.107351204588458593e+00 3.122843744295078494e+00 0.000000000000000000e+00
-1.607271546666512174e+00 -1.707285192962522125e+00 -2.551534228037245722e+00 0.000000000000000000e+00
4.726844048845961488e-02 -2.048700296898459339e+00 3.092838699549437464e+00 0.000000000000000000e+00
-4.819639847875912264e-01 -8.109360576550625477e-02 -3.706510607243939104e-01 0.000000000000000000e+00
8.818682176730292810e-02 1.276807261971752566e-02 2.342850842539406092e-02 0.000000000000000000e+00
1.620656146454856061e-02 2.246240959828023093e-03 -7.586705041694806750e-01 0.000000000000000000e+00
2.851738860949217247e-01 3.648077574029367359e-02 2.288883230159800553e-01 0.000000000000000000e+00
5.315991497046037573e-01 -1.072228505982938174e+00 -9.071387226577308782e-01 0.000000000000000000e+00
2.941593385216345058e-01 -1.614903770896626289e-01 4.333531176741929614e-02 0.000000000000000000e+00
1.894661781666620304e-01 1.856067742138702847e-01 7.652428441701042416e-02 0.000000000000000000e+00
1.722317103450441644e+00 -8.298842670611186190e-01 -1.246320606337498527e+00 0.000000000000000000e+00
-1.699844355562856846e+00 -1.014045881847423836e+00 -1.359378244979353223e+00 0.000000000000000000e+00
-1.265239132468262695e-02 -2.865952319727399500e-01 -5.347119772129420301e-02 0.000000000000000000e+00
-2.446125724169204152e-02 -5.054212134873151685e-01 -4.942716990041777225e-01 0.000000000000000000e+00
4.960235640248529254e-01 1.699713193724922133e+00 -2.242792561304362664e+00 0.000000000000000000e+00
1.709778518488200283e-01 8.810353858477918410e-01 -1.476144829971137939e+00 0.000000000000000000e+00
2.048013784414459137e-01 -4.306412192274621242e-01 -2.445388373476657051e+00 0.000000000000000000e+00
2.127149592435920722e-01 -1.024894298392206471e+00 -1.182825866150689631e+00 0.000000000000000000e+00
-1.689682257365605067e-01 4.483231009729866656e-01 -5.538033380065172651e-01 0.000000000000000000e+00
1.400723541501905922e-01 1.712653728888063609e-01 4.823250979704511721e-02 0.000000000000000000e+00
-4.872390939536189181e-01 -7.463148199085477275e-02 2.265290987032559933e-01 0.000000000000000000e+00
-5.970185564017446017e-02 3.164369349721827263e-01 5.130519255084532021e-02 0.000000000000000000e+00
9.204587356928006781e-02 -8.007748687400835230e-01 3.111398588805029397e-01 0.000000000000000000e+00
-3.435463733646907381e-01 2.725222434831620633e-01 1.080920422196789854e+00 0.000000000000000000e+00
-7.103118589226531387e-02 1.895442557542043882e-01 3.217993324487644080e-01 0.000000000000000000e+00
1.565242939745048245e+00 -6.045684672942053250e-01 -1.899750082675149221e+00 0.000000000000000000e+00
-1.379064114218461423e+00 -1.576375554046877125e-01 1.234077266551147911e+00 0.000000000000000000e+00
-2.409730582520402398e-01 3.010551775391813178e-01 -1.244483340670872407e+00 0.000000000000000000e+00
-8.004057186363394694e-02 8.919477279681722881e-02 -2.362735638281287381e-02 0.000000000000000000e+00
1.456121326406005556e+00 8.913936987228626707e-02 -2.884640328239814977e+00 0.000000000000000000e+00
1.778511627042075993e+00 2.955366641823129470e-01 -1.183251385089803653e+00 0.000000000000000000e+00
3.791457392074816801e-01 -1.510517547436575958e+00 -1.207381356468012479e+00 0.000000000000000000e+00
-5.170319983886934034e-01 9.538643377638421350e-02 -6.278420621854027273e-01 0.000000000000000000e+00
4.546623395187992522e-01 8.459794446837275161e-02 -4.673129133253695056e-01 0.000000000000000000e+00
-4.272570449056207753e-01 -1.959739177616179662e+00 2.658307713969732422e+00 0.000000000000000000e+00
-3.182334164250489206e+00 -5.513720024457212654e-01 -1.951238876000338074e+00 0.000000000000000000e+00
-9.061030612227388703e-01 -7.157096542133302153e-01 -5.490530928915158260e-01 0.000000000000000000e+00
-2.079857594651211006e+00 -1.383786925727394701e+00 -2.013048883412615009e+00 0.000000000000000000e+00
2.003194305221774746e-02 -9.741582402399598939e-01 2.034200060780982700e+00 0.000000000000000000e+00
-1.231362005159148065e+00 2.218220157275732629e-01 -3.297656668635167154e-01 0.000000000000000000e+00
