-2.225366276463702775e-02 -7.485368533303515814e-02 -6.937265320274477176e-02 -2.517841300160561513e-02
-4.167460949901505285e-02 8.495711466863176131e-03 -4.931658704274533012e-02 -2.043114358337472236e-02
-7.477637473372433785e-03 1.602359069112618828e-02 -4.530047715977714162e-02 -1.826650652667230479e-02
-1.700388151454272911e-01 -1.545952786865212314e-01 -9.138355877281600925e-02 -1.584411445260756057e-01
-1.396929029421722923e-01 -8.234009631038857746e-02 -9.516055248992527638e-02 -5.524717173454873897e-03
-6.625851694231299494e-03 4.722061975603430994e-03 3.122174344704631288e-03 -1.225330310518413235e-02
8.889730921240318606e-02 -8.094132312244528560e-02 1.835426873213594767e-01 -6.774307638793275466e-04
7.223712611943755579e-02 2.033897658300265476e-02 1.902253400514525294e-01 9.742756820673559304e-02
-4.886369423480241281e-02 6.164153737213839968e-02 -1.406439840188983270e-02 -2.549278121032882982e-02
-2.133828429713144903e-01 -1.736961688823770444e-01 -2.784905198719380692e-01 -2.167619366819180104e-01
-2.396425899445348007e-01 -1.014534030325980885e-01 -3.973224016804515202e-01 -1.631039359200620043e-01
-1.577460987593926056e-03 4.135694729812922077e-02 -1.375931795400187063e-01 -4.696769617514173767e-02
1.221622638308055286e-01 1.132564241495510604e-01 2.353426452529667201e-01 -1.350792767611377898e-01
1.364885729098230804e-02 -2.133430188737084343e-01 -4.930221953611146901e-02 -3.813702290643705695e-03
3.035850525939676192e-02 1.810634469467897745e-02 1.667726550794168539e-02 5.140575136712638438e-02
-5.110908837143435246e-02 -3.785311724677770107e-02 2.621257892014305924e-02 -2.937996236259066141e-03
-7.502282620419942205e-02 -1.099711677246844044e-01 -7.702925198274401808e-02 1.723332718608416858e-02
6.668474339603047696e-03 2.253777328363554266e-02 -4.020811109491750912e-02 7.174421047179802002e-03
-1.868111341057798747e-03 6.981564401138173892e-03 8.384403974765253231e-03 -1.813281399045629794e-03
1.237343397592374494e-01 9.164408257310951988e-02 1.506543785492862053e-01 1.182310268081772087e-01
9.451192293230975539e-02 4.465999668202702555e-02 1.779581191930755812e-01 7.457179089422333318e-02
-3.578057517964122747e-02 -4.107331526395308074e-02 3.442586049291795902e-02 5.245800733990224618e-03
-3.306627416602347935e-02 -1.738993436387470393e-02 -1.623012863405619566e-01 1.714506050509515545e-01
-3.030625193257041605e-02 -2.531629240893917832e-02 -2.061775122304299046e-02 -5.492490326761390040e-02
2.417745970827744895e-02 1.789756791638712485e-01 7.249925738924045682e-02 9.353595989772811592e-03
-4.006131126184797608e-02 1.356701538425145737e-01 7.246575891675099967e-04 1.854055580098001865e-02
6.413476477360458006e-02 5.677827236280497125e-02 5.614126540517938579e-02 -6.494761021411665780e-02
-1.109241003326552621e-02 -2.298585097967531521e-02 4.382834286086945141e-02 -7.480265974717292821e-03
-1.551908342850349953e-03 -1.612298373512555116e-02 -1.652449782392539923e-02 5.131242212601749841e-03
2.717947947146566179e-01 6.788600361666459471e-02 1.225037717952593974e-01 1.995977906780577182e-02
5.238360876438780123e-02 -6.237608879019895802e-02 -4.671068187010907202e-02 2.769764219650933113e-02
5.068336515333982106e-02 1.132241856903920540e-02 -2.254071891639053415e-02 2.381105416562301347e-02
6.016281573477166855e-03 4.099458440631198464e-03 -1.507229533287907097e-02 6.259984858194789226e-03
-3.330511882428444093e-03 8.968495112916863299e-03 -4.748467244143128596e-03 1.319218390594345536e-03
-1.763965488102201690e-02 -1.085382088007309787e-02 -2.199312595983074492e-02 -1.502456877558491777e-02
-1.583916228492652373e-02 -8.218259642262693010e-03 -2.984287056843444585e-02 -1.577642561707816304e-02
1.088672969609662255e-02 8.370737321439836176e-03 -2.485948022565534488e-03 -1.565890440067760347e-03
-1.247335481707689819e-02 -1.932811200209835767e-02 2.080958837661284200e-02 -7.178629066715251639e-02
-7.549558566152164696e-03 -4.139948709753255018e-02 -1.962667182407407118e-02 2.315439856230949722e-03
8.204051538745371630e-03 7.584136291497955984e-03 5.533082169444814014e-03 1.636550755911594240e-02
-9.200024232561609949e-03 -7.080201730913740499e-02 -3.010540249589288564e-02 -2.388832309703292633e-02
-1.197928580198870385e-02 -2.881393308994784075e-03 -6.335593327127908569e-03 4.621933423557211817e-02
3.369379941043720850e-03 5.701721648320612346e-03 -1.167394103413932349e-02 3.768064720855668348e-03
1.324590160492244983e-03 4.071510935095168371e-03 5.711957745719031809e-03 -2.025207023665348549e-03
-1.262408916588286800e-01 -8.162116081311464322e-02 -9.316798694768912981e-02 4.114540808800581928e-04
9.473615206027630187e-04 4.695855707902696352e-02 3.709180781519272330e-02 -3.400072978579915528e-04
-2.866788242001261366e-02 -7.564830532541200192e-03 1.172453149486962776e-02 -1.162535801236541655e-02
-2.413946431090996381e-03 -2.769463295229535049e-03 8.186827087968751027e-03 -6.707914906859180348e-03
2.342357638258921182e-03 -5.612027629653959515e-03 1.869019787981152092e-03 -6.019572884031765270e-04
2.275483312887538467e-01 -2.775275543917093968e-02 3.052279540618840770e-02 -1.690860106954583664e-02
6.007441121279821772e-02 4.005189441172257725e-02 2.451454725255911016e-02 -2.040811319138335911e-02
3.925834872218092464e-03 3.021174690391870143e-04 4.231489106362174013e-04 -1.630759718891622301e-02
7.108455871813745830e-03 8.049975315454094282e-03 3.315187757761656195e-03 1.423788985987384237e-03
4.756980452589626429e-03 2.069518634356642961e-03 -2.490327677187820221e-03 3.907972212146559876e-04
1.260276518495848097e-03 3.648021512295041013e-03 1.007436973770578503e-03 3.655305783129003672e-04
7.335373260721251842e-01 7.498986986878494188e-01 7.418906409922982892e-01 7.311683271520488248e-01
4.429325657430805774e-04 9.434581878583304460e-04 5.550992128521200228e-04 4.011097353441519142e-04
