-3.033609038387354850e-01 -1.523681671653817626e-01 -2.345339002827527830e-01 -3.732065902592664464e-01
-2.000094951114559094e-01 -3.760775905775068928e-01 -2.748591470985232155e-01 -1.815747547346875101e-01
-1.089414934269684609e-01 -1.558703760979406883e-01 -1.200624396632036517e-01 -6.555689299897285438e-02
2.011303474059629171e+00 1.621606857256744361e+00 1.804072421174165886e+00 2.244695941034708930e+00
-2.205908917751410458e-02 -6.896572340685966362e-02 -8.135685683546184377e-02 4.927401511619329544e-02
2.249146182534188243e-02 4.241216664923150304e-02 2.988770573312465872e-02 5.996279958116204623e-02
-8.756220373807516166e-02 4.615053003689302824e-01 7.333511957879990106e-02 -8.942940998471017588e-02
6.524293594038643729e-01 7.497403708677050638e-01 6.288854462037265503e-01 5.480306948631780140e-01
4.492797059123504466e-03 -6.773268547269721551e-02 -2.565715728607287360e-02 5.665248148054244370e-02
-1.627435020624807605e+00 -1.227371086939946121e+00 -1.381113637822314555e+00 -1.908212635515851296e+00
1.490103758539659484e+00 6.376433366897775734e-01 1.233851529619830467e+00 1.422735645957714734e+00
-2.869612495044346345e-01 -3.741923448557926690e-01 -1.697404185709917579e-01 -1.854238910619901981e-01
4.706505501133226299e-01 6.685325492059858155e-01 5.299251725485140119e-01 5.027023273479862553e-01
2.893282490570844301e-01 3.545502987819010299e-01 3.682320995329644298e-01 3.056168234473220502e-01
-3.624776000370710793e-02 -1.537584132527294867e-01 -1.213191972777312722e-01 -1.106453728108343637e-01
6.819568413959945508e-01 1.395256545315675112e+00 1.044080972727935652e+00 6.030224017123109181e-01
2.463216558224146924e-01 2.770006453639634603e-01 2.458063496490182076e-01 1.833937776619103399e-01
6.936135023014958212e-02 9.885119201971895309e-02 7.190148111886249249e-02 4.362237747184197212e-02
-8.514975056008755594e-02 1.753686615509728042e-02 -3.900423758238324989e-02 -2.469905004789277880e-01
4.579666299441865762e-01 2.817898804824182646e-01 3.272830367780336647e-01 6.068650189904670755e-01
-1.142128445931919201e+00 -6.038562648549185008e-01 -9.774767276248678138e-01 -1.070144942236854524e+00
-1.234360694859704677e-01 -8.084034358507191653e-02 -2.190241324879236284e-01 -1.604479534385155060e-01
-5.713632999385644951e-01 -7.753927534566851243e-01 -5.688413264764796695e-01 -7.553441744783861989e-01
5.553113350067975795e-02 1.861276589653158009e-01 1.689295492279790090e-01 1.044077318275384997e-01
-2.851257298368531368e-01 -3.030083724450873817e-01 -3.607553629966693265e-01 -3.833454178784331257e-01
-1.954648563635206227e-01 -6.194072804499890506e-01 -3.248992706244021034e-01 -1.779226998710089769e-01
-1.715765671500778522e-01 -2.968803449078489254e-01 -3.122427931236322340e-01 2.675031258495679243e-01
-3.024183414326834241e-01 -2.861407621585490002e-01 -2.588534392757415037e-01 -2.087955509523240771e-01
2.428663882795769891e-01 1.482082493000696499e-01 2.103118066699568300e-01 1.764070532822351323e-01
-2.265539731249016642e-02 1.422038989756629901e-02 8.109520508362202951e-02 -1.570258980521862802e-01
-1.494862538079572423e-01 -3.017104129988164296e-02 -1.429808953080029810e-01 -1.589863062859551701e-01
-1.421613161978367568e-01 -1.242557116593443617e-01 -1.221557503723957883e-01 -2.535456125288450546e-01
-3.405178082341859397e-02 4.022177478607803780e-02 -1.287739582708516406e-03 -1.688496125629179168e-01
-1.202332492713165113e-02 -4.795599444094536534e-03 4.129537854034345812e-03 -8.240570648894655903e-03
-3.994717321665412768e-02 -1.243092450360912433e-02 -1.514489824912947438e-02 -6.869016824580083391e-02
2.336526236552718960e-01 1.146663654963062523e-01 1.967447858581629350e-01 2.134167212170909877e-01
5.811787182720944134e-02 4.961336295568648247e-02 7.941437790497203608e-02 6.476140115065290304e-02
1.232659753209573300e-01 1.897332275058835060e-01 1.261243369898034372e-01 1.837441986652024462e-01
5.349807377129068425e-02 6.163257055045342353e-02 7.477930666844578855e-02 9.534428957997263809e-02
-2.431293101204405616e-02 -5.934958449793842350e-02 -5.684793406935445548e-02 -3.235563471704089311e-02
-1.169274385778801273e-01 7.878477351712025178e-02 -5.664067281164962553e-02 -1.060255986729098793e-01
-4.180417836368126305e-04 4.981914515651014730e-02 6.454187633960491166e-02 -2.184673698870032155e-01
1.332325834035290313e-01 1.201248503572316662e-01 1.121871815355774266e-01 7.553447508157419554e-02
-8.284227944708189018e-02 -5.390493622425737708e-02 -7.019322312645484563e-02 -6.207533474660996420e-02
-2.965913321112175760e-01 -3.680680237282586975e-01 -4.074684650283259546e-01 -1.294948782074721028e-01
1.938506100859769404e-02 -6.582452301906277503e-02 2.817268086694835194e-02 -5.461037822033922018e-02
1.097177647614558105e-01 9.782121472970087273e-02 7.962799839067602470e-02 2.168628410651485539e-01
1.081909705355986462e-02 -5.310377760708441530e-02 -1.328022566509685226e-02 1.614839335958707933e-01
1.023888732572421356e-02 -1.741906673426898977e-03 -4.906465054915178786e-03 -1.161105907256734099e-02
-7.324400829412686109e-01 -1.572761199626133255e+00 -1.167956687774628799e+00 -6.658384178166779632e-01
-2.636081690903840924e-01 -1.199985523283641914e-01 -1.596463971807792204e-01 -3.456541393697101228e-01
-8.000039076661673298e-02 1.345038806369791562e-02 -7.602933162946337586e-02 2.988192961432260125e-02
1.082766724817320197e-01 -2.888880252414206817e-02 9.090346166380361415e-02 5.370834393152418285e-03
1.105171667051915718e-01 1.287167174889380927e-02 8.273058756728299268e-02 5.599525670648039521e-02
-1.020796787716048148e-01 -1.271843416325935949e-01 -1.372348416133233884e-01 1.993758204094317199e-01
-3.649299654036330387e-01 -3.803155948218317484e-01 -3.677862978073012101e-01 -3.663777371634006075e-01
7.767453473395490027e-02 9.147626923799903609e-02 8.353210071872863018e-02 8.221201106826638016e-02
