-1.126484252122084140e-03 -3.873324349183415727e-04 4.169511892260224784e-05 -3.116254618059088877e-04
4.776563166403846594e-02 4.780816698442481860e-02 4.762908170406410235e-02 4.756020866328190821e-02
4.712627780569641350e-02 4.737011435471519261e-02 4.728912978150440205e-02 4.750024647075490325e-02
3.126327542787558644e-01 3.108790727354692751e-01 3.101804852445941840e-01 3.109704633839787680e-01
-3.807850509282284523e-04 -1.363563442813908733e-03 -8.053757332983080275e-04 -1.272646285747747186e-03
-1.863302704626979001e-03 -1.555727266415563026e-03 -1.432974218601112959e-03 -1.223384401325244841e-03
2.675959354213830466e-02 2.802809912831849548e-02 2.761173648028480976e-02 2.865930847842823592e-02
-2.875530270176285264e-02 -2.923915151267519885e-02 -2.899996652868833125e-02 -2.980746885271923219e-02
-3.007685274722393665e-03 -2.486083960747897947e-03 -2.579186459364085637e-03 -2.502851150499918464e-03
-1.740840336930837839e-03 -1.829429836153195765e-05 4.313239056730200360e-04 -3.154007821845050685e-04
1.763314162741513869e-02 1.494230469593160748e-02 1.641401188846092207e-02 1.455734114911821919e-02
1.085708633478366103e-02 1.130357527400227546e-02 1.104955982353694743e-02 1.209084926811443417e-02
4.012854842675439571e-04 1.346558180136125937e-03 9.515253700894676925e-04 1.300798022383586883e-03
-1.268127977537725215e-03 -1.932125709576459904e-03 -1.365856383991309597e-03 -1.530106695497912561e-03
1.466549873329697773e-03 8.813223851572571377e-04 6.817220614666608114e-04 1.361857032862734407e-04
-1.314242998827208631e-04 -1.218281518079511461e-03 -9.380306029149743097e-06 -3.244019525023844608e-04
4.715811824285154330e-05 -5.833247963856758034e-04 -1.133349692998830704e-04 -4.569056231116253031e-04
-4.298837544373101949e-04 -5.228450720407007424e-04 -5.497318919926996728e-04 -6.585971842943960652e-04
8.568818202053796185e-05 -2.349149449137055701e-04 -2.103930990885460872e-04 -1.666520015900230245e-04
1.583555278354714657e-03 8.240851710315522105e-04 7.260701898372801111e-04 1.024432426766835880e-03
-6.950665825531388009e-04 1.121395541230973958e-03 -2.235968024205670091e-05 1.144124470777052593e-03
-2.377309982652064946e-03 -2.573039352559036708e-03 -2.444215627715018435e-03 -3.013593717042295506e-03
-3.136784973974182655e-03 -3.616149471557805750e-03 -3.501278273878138947e-03 -3.050346433242201449e-03
-4.137872190179692211e-04 -1.641624664372454134e-05 1.050715622769038404e-04 4.950864446614106074e-04
1.251508989291050256e-03 1.523808702223350409e-03 1.087558126123211455e-03 1.203392566730743241e-03
1.037124614068907213e-03 1.980142093799985847e-03 7.717024328437460667e-04 2.993524079872855737e-04
-8.340211766024729911e-04 -3.795739769338335456e-04 -1.123089966918539018e-03 -5.751431105729398752e-04
2.010351676963173517e-04 1.573630699380768050e-04 2.570403193679904330e-04 4.063248654362916490e-04
-1.193786710989575006e-04 2.390627654831334326e-04 2.540695341735066393e-04 1.616927831052938913e-04
-2.001801191119617629e-03 -1.673400355375331827e-04 -1.222658497309847547e-03 -1.779268461405414392e-04
-3.653764570198392292e-04 -9.911320323166550317e-04 -1.179202260804201874e-03 -1.093407301564208733e-03
1.485043616121783927e-04 -5.479152986079816046e-04 -5.077661257312238163e-04 -8.584519793869982429e-04
2.111648061284832067e-04 -1.004415320711715687e-04 -5.800422988716524841e-05 -2.917178882554383179e-04
-2.766807639575930011e-05 -1.493350292458561768e-05 -1.292488916773137930e-04 -4.103435212335360127e-05
8.316467985401004848e-05 2.061816559547763328e-04 2.074404201703530792e-04 1.660338681760895052e-04
1.729660717150693916e-03 1.345610851296863419e-03 1.602078606325912924e-03 1.355774910318463533e-03
2.222836328195365585e-04 2.586558082987716611e-04 2.280907743326537895e-04 3.393220507038538503e-04
1.049359415421433073e-03 1.206748782139360765e-03 1.144855463102445459e-03 9.434279111731336265e-04
-2.233886525499495512e-04 -2.678217008230954210e-04 -1.702708477164735501e-04 -1.953888378588286567e-04
3.944501150399126743e-05 -5.356696502778479640e-05 -7.283164881842496552e-05 -1.585949588829242002e-04
-7.657621061195607481e-04 -1.197335265155488604e-03 -6.898497053546281954e-04 -3.245571751069598054e-04
2.148206813777364665e-04 3.794249350554113054e-05 3.598126399368614670e-04 2.280922477668478887e-04
-3.350053376779960068e-05 3.449727063620233736e-06 -1.839443294490011871e-05 -7.865387939393064798e-05
2.574723306551784940e-05 -8.554534101373745258e-05 -5.807764189411090960e-05 -4.749650400792670979e-05
7.374640162942647237e-04 -3.637038310856932632e-04 3.454215841692809263e-04 -9.211063768591598588e-04
4.943947241187185426e-05 4.647617696346695304e-04 4.460828410356720841e-04 3.023810417790984140e-04
-1.075355739152961121e-04 3.187710753358441451e-04 2.205679076959510265e-04 4.810429700349283522e-04
-1.023010148814007536e-04 6.835872746543958378e-05 3.357564251404987488e-05 1.747321028858772607e-04
2.882799835879357175e-05 1.492439053540906002e-05 7.137602013368438136e-05 1.499952809247417918e-05
1.805517249720556272e-04 1.120505322055931341e-03 2.445507733209728585e-04 7.433548338399154076e-04
-1.849541158964046472e-04 2.522358323606699315e-04 1.742098890654131260e-04 5.492978175983265210e-05
-5.639290647596606476e-05 3.216623070456670064e-05 -3.974195071687613989e-05 -3.606424540286701230e-05
5.488789924523729269e-05 1.577354301160183159e-04 -1.251589458594881688e-04 -1.081127522384317530e-04
4.023304203537581003e-05 1.754578395002370783e-05 -3.134050168218660559e-05 -3.194081217333666345e-05
4.049354301077778828e-05 1.438710433721013260e-05 -4.851076957596012207e-05 2.974718182013891266e-05
-8.666804375438945662e-01 -8.667376215579944976e-01 -8.668403742130847967e-01 -8.667902505712165029e-01
1.046200223003609101e-05 1.320358405628892195e-05 1.041018996012402667e-05 1.255386738717615125e-05
