-9.566207399505123332e-01 4.194925668060432988e-01 -7.652966214712082493e-01 0.000000000000000000e+00
-4.305869148662770374e-01 -8.839412384770541919e-01 -8.344614586205258977e-01 0.000000000000000000e+00
5.669969265521779961e-02 2.199741651160674050e-01 1.415591074000736249e+00 0.000000000000000000e+00
9.334587086783713294e-01 1.219723905872011738e+00 -6.178042798769173283e-01 0.000000000000000000e+00
-2.759054401987056648e-01 -5.788931234761082179e-01 -5.102076580915535509e-01 0.000000000000000000e+00
7.715975736589116840e-01 8.148943986409958873e-01 6.126741540605246117e-01 0.000000000000000000e+00
-1.140448409897683257e+00 9.275303253342451551e-03 4.854227457027727177e-01 0.000000000000000000e+00
4.304080840977584504e-02 2.550173376113717416e-01 3.260961407536407397e-01 0.000000000000000000e+00
3.919758825656253221e-01 -2.518119478680703183e-01 -3.944149706430928881e-01 0.000000000000000000e+00
1.402074926151630763e+00 4.645938274154392533e-01 1.500288038681818481e+00 0.000000000000000000e+00
-9.721721940794812722e-02 -2.433671563408933702e-01 -2.348186844275826912e-01 0.000000000000000000e+00
-2.055860138793568284e-02 2.566606934258728462e-02 -1.640006767777895877e-02 0.000000000000000000e+00
1.548483961403668840e-01 -2.722057878309526724e-01 -2.602283731561784719e-01 0.000000000000000000e+00
7.176234923810438371e-01 2.868732133508468118e-01 1.727067998974615715e-01 0.000000000000000000e+00
3.965301808440472864e-01 1.614366877206509232e-01 2.873637072324438657e-01 0.000000000000000000e+00
-2.599276507493148425e-01 -2.382955429619903198e-01 -2.056545112329698777e-01 0.000000000000000000e+00
-1.919514187088724455e-01 8.606225322364589037e-01 1.411006364502235710e+00 0.000000000000000000e+00
-1.050438719009799460e+00 1.059850627831578629e-01 -1.333504876275104500e-01 0.000000000000000000e+00
4.993723315341718205e-01 5.477133872411296123e-01 5.649447206429458745e-01 0.000000000000000000e+00
1.089253465685493527e+00 9.247553761028592945e-01 3.625730752117659605e-01 0.000000000000000000e+00
3.051682467634074872e-02 -3.303771672382203872e-02 -2.968166220344297529e-02 0.000000000000000000e+00
-4.421010459740189191e-02 -7.508566240484154664e-02 -7.219754717737410232e-02 0.000000000000000000e+00
9.684063963776396930e-03 -4.583369036801735602e-02 -8.670329783908470311e-02 0.000000000000000000e+00
3.327997898375794628e-01 3.211711353569045024e-01 2.928320907890633595e-01 0.000000000000000000e+00
9.377883764392037913e-02 1.389172800244993511e-02 -3.517409669643005443e-02 0.000000000000000000e+00
1.248707256175198878e-02 -1.182410170384352449e-01 -8.881836644382309909e-02 0.000000000000000000e+00
7.912416501120910217e-01 1.033758847789796542e+00 2.198283051626026829e-01 0.000000000000000000e+00
-8.291039850839649894e-01 -3.613408333982973675e-01 4.432725075617036103e-01 0.000000000000000000e+00
2.229688982459875901e-01 5.102730279970053573e-01 2.406647289448812232e-01 0.000000000000000000e+00
4.797471388121215541e-01 -2.109416894739205850e-01 -5.871713244264743781e-02 0.000000000000000000e+00
1.462759188853378856e+00 4.530574176833366273e-01 1.138793659813549741e+00 0.000000000000000000e+00
-8.206678017406384695e-01 -4.177437608306514005e-01 5.885678379102252666e-01 0.000000000000000000e+00
2.486381156900857592e-01 7.033894454872378077e-01 1.769035256084828589e+00 0.000000000000000000e+00
-1.940501915284067180e-01 1.581292501648664250e-01 2.021545985472791074e+00 0.000000000000000000e+00
-7.313273930532790956e-01 6.040674574326919677e-01 1.029092835970303765e+00 0.000000000000000000e+00
4.322370733513025698e-02 6.489355846649516590e-02 1.122691175728522811e-01 0.000000000000000000e+00
-3.015823875201879833e-02 -1.252488749207828489e-01 -1.970032598018715136e-02 0.000000000000000000e+00
-3.574454550817182663e-02 1.879202487101850338e-01 9.447436942251945247e-02 0.000000000000000000e+00
-1.680393112654854915e-01 3.731011926356773145e-01 3.286101475987696641e-01 0.000000000000000000e+00
-1.572734314843675651e-01 -8.883014399944749034e-03 -3.132543875075968209e-01 0.000000000000000000e+00
2.293681119121304401e-01 2.443132665985680296e-01 3.016007081555580407e-02 0.000000000000000000e+00
9.406857179063156105e-01 8.603972271171270725e-01 -1.244083602652307219e-01 0.000000000000000000e+00
-7.293710549530364462e-01 -5.531155563064360514e-01 7.360239075743978399e-01 0.000000000000000000e+00
1.232815221350710977e-01 3.851036892658212252e-01 1.244180445987422556e-01 0.000000000000000000e+00
1.512015079408373652e-01 -2.533778908695970555e-01 2.674889473465413142e-02 0.000000000000000000e+00
1.207138129595008547e+00 6.334667782514860623e-02 6.794318391707983018e-01 0.000000000000000000e+00
-8.589727542372251889e-01 1.259357271551544144e-01 -5.467575666287719516e-01 0.000000000000000000e+00
4.975491371878237312e-01 8.959902124241080346e-01 6.473900483364732894e-01 0.000000000000000000e+00
3.023849576615627588e-01 1.459539480354535290e-01 1.885826444258394685e-01 0.000000000000000000e+00
2.976693456824583972e-01 3.403395336031903584e-01 3.398405454564635275e-01 0.000000000000000000e+00
-7.085090060438136161e-01 9.439167558843218897e-01 1.528766443183087853e+00 0.000000000000000000e+00
-1.580357516950897434e+00 6.310189494928324372e-01 2.892146191597530502e-01 0.000000000000000000e+00
1.045634769553543508e+00 4.396439285249301165e-01 -1.693603379394299502e-01 0.000000000000000000e+00
-9.805792407366308305e-01 2.271302555462731132e-01 -2.217729820130158458e-02 0.000000000000000000e+00
1.062579243097234311e-01 1.147947603922700122e+00 4.382453763728668128e-01 0.000000000000000000e+00
9.694269109363599091e-01 7.017874677945097339e-01 1.163780384095560949e+00 0.000000000000000000e+00
