-3.145670220494370284e+00 -2.722720840990956681e+00 2.883671318821893426e+00 0.000000000000000000e+00
-2.984094344300843304e-01 -5.737729782730994765e-01 1.718789085593593891e+00 0.000000000000000000e+00
-8.546057541385534972e-02 -7.044473614976621834e-01 -3.110884962245372698e+00 0.000000000000000000e+00
1.079246932359861688e+00 -1.275094850393946599e-01 4.152243765644258455e-01 0.000000000000000000e+00
6.558354768389267342e-01 5.216768172202709275e-01 -4.407659267741751430e-01 0.000000000000000000e+00
1.028089023272142910e+00 -3.408435253667765896e-01 1.135828923566775339e+00 0.000000000000000000e+00
-2.026852296008994525e+00 -1.328590836581374335e+00 1.570619885588960152e+00 0.000000000000000000e+00
4.979239955260129080e-01 1.475114442304212292e-01 6.027286876279348560e-01 0.000000000000000000e+00
-3.842522949744604510e-01 5.833706568506946688e-02 -7.200173764378687835e-01 0.000000000000000000e+00
1.954004131237410791e+00 9.508695466937903962e-02 8.966714600159430004e-01 0.000000000000000000e+00
5.825657652519393714e-01 5.766386887234496994e-01 -1.034297055818053757e+00 0.000000000000000000e+00
1.965260518308399873e-01 8.029814467882433471e-01 8.585019579125297007e-01 0.000000000000000000e+00
-5.076181658749843173e-01 1.737804062592560733e-02 1.292800649454020623e-01 0.000000000000000000e+00
1.609435145487038588e+00 9.346918030718665005e-01 -1.903953755096402523e+00 0.000000000000000000e+00
7.064749101058495628e-02 2.452041563363435372e+00 -3.434974646066272230e-01 0.000000000000000000e+00
-5.367171493095295176e-01 3.883174675693966127e-01 3.571874886216494516e-01 0.000000000000000000e+00
1.269873355661841341e+00 5.209066523578250729e-01 -4.453891045976726026e+00 0.000000000000000000e+00
3.280428899276637278e-01 -5.999031473034509565e-01 -2.612551118106441805e+00 0.000000000000000000e+00
1.620740881984902571e-01 -1.450058389612014942e+00 -2.899331393622414765e+00 0.000000000000000000e+00
4.131137581952167848e-01 -4.450463655609684932e-01 6.060702116166596376e-01 0.000000000000000000e+00
1.873005458841855708e-01 2.282262592023740488e-01 -5.575200850484876014e-01 0.000000000000000000e+00
-9.093060623793630670e-02 3.685893236090067582e-01 4.277774586988338235e-01 0.000000000000000000e+00
-2.004389249069610246e-01 1.493752716392186472e-02 3.275858381048170620e-01 0.000000000000000000e+00
1.096858573895874933e+00 1.099545265386263404e+00 -2.228590110637422406e+00 0.000000000000000000e+00
1.883908674385982862e-01 7.899490490972402856e-01 -6.216474295394510685e-01 0.000000000000000000e+00
-1.674337984951115021e-01 1.209371767735966996e+00 -6.116488789289054734e-02 0.000000000000000000e+00
9.917728970945169364e-02 -1.753566020794048441e-01 2.190353114539404789e-01 0.000000000000000000e+00
-1.224517158659864657e+00 5.942948444416933373e-01 -1.398561097158499189e+00 0.000000000000000000e+00
-7.090754465239554882e-01 -1.223814444813373203e+00 1.105990245479619549e+00 0.000000000000000000e+00
-5.293087222953810622e-01 -2.539559987109646366e-01 1.965156836025988563e-01 0.000000000000000000e+00
-7.853896915091426179e-01 -1.232131148515055008e+00 8.985312854650763237e-01 0.000000000000000000e+00
-6.447253529981366027e-01 -3.083349140026327095e+00 2.649000243469886939e+00 0.000000000000000000e+00
1.614493014668070714e+00 -1.404460089014945567e-01 4.776632874352920166e-01 0.000000000000000000e+00
1.815067037734580779e+00 -1.054963534515672707e+00 -2.001767648742969197e+00 0.000000000000000000e+00
-8.304493666018281095e-01 -1.415026553751338678e+00 7.229946081324173379e-01 0.000000000000000000e+00
-2.731831045385227363e-01 -2.472533712789736215e-01 4.052977010876787634e-01 0.000000000000000000e+00
-4.302131405381854549e-04 -3.410918491916902218e-01 -3.878115735227659622e-01 0.000000000000000000e+00
3.005589354608483310e-01 2.090129106579726240e-02 -1.368982721051660578e-01 0.000000000000000000e+00
2.341398921069254846e-01 2.215255076269335988e-01 -1.594831418742148399e+00 0.000000000000000000e+00
1.817939377027512349e-01 -8.714655858863894489e-01 -6.853663665794929027e-01 0.000000000000000000e+00
3.801172958853542977e-02 2.086463134570600356e-02 1.075331762950133413e-01 0.000000000000000000e+00
-9.931803613424552424e-01 -2.057855144061152275e-01 2.049631476610221714e+00 0.000000000000000000e+00
-1.244521470636721805e+00 -3.896361677134408397e-01 2.599704659360735359e+00 0.000000000000000000e+00
3.142146302392422909e-03 7.559298869445937319e-01 -5.081985184175915604e-01 0.000000000000000000e+00
5.422421960494633320e-01 2.599488543358787762e-01 -2.698214181034074843e-01 0.000000000000000000e+00
-1.209030954884249054e+00 -5.400968811122541791e-01 2.486741825399298111e+00 0.000000000000000000e+00
-2.990533143600379251e+00 -2.981924945042236375e-01 3.436948447383562311e+00 0.000000000000000000e+00
1.660361011956903887e+00 -1.316066244250783598e-02 2.490910840512380875e-01 0.000000000000000000e+00
-1.156759808058981154e+00 -8.616341494383495947e-01 4.859430150839038065e-01 0.000000000000000000e+00
2.491875054712695270e-01 -8.641711036861792206e-01 -6.985509972613330731e-01 0.000000000000000000e+00
2.618030643137016167e+00 3.247959084957027898e+00 -4.877124374625434911e+00 0.000000000000000000e+00
8.436676957303027580e-01 -1.656498560637864381e+00 -3.995444110572486274e+00 0.000000000000000000e+00
4.077949001726723921e-01 -1.241488156046874014e+00 -3.223172066724372620e+00 0.000000000000000000e+00
6.881340577057915020e-01 -2.924730034979546867e-01 -2.238910259460800578e+00 0.000000000000000000e+00
-1.345996117372595613e+00 4.044519968998221415e-01 2.383509488859815839e+00 0.000000000000000000e+00
-2.789862920212128339e-01 -2.547636072533768781e-01 -1.074185816576331165e+00 0.000000000000000000e+00
