-3.076191656030633492e+00 -2.248076529705588023e+00 3.952634469884506174e+00 0.000000000000000000e+00
-5.721866446914595228e-01 -3.799981616224110681e-01 1.674694324319019545e+00 0.000000000000000000e+00
-3.441978325878325973e-01 -5.871495348657909119e-01 -3.011335929712966930e+00 0.000000000000000000e+00
-3.410338587755517570e-01 2.566580764196472741e-01 -5.379048989469793485e-01 0.000000000000000000e+00
5.370886752774641781e-01 5.394743542193886077e-01 -7.528663059318918549e-01 0.000000000000000000e+00
-5.839546005498811310e-01 -1.484156760928569074e+00 1.200358331904175291e+00 0.000000000000000000e+00
-2.387762897864810885e+00 -5.379600997419164976e-01 1.217852396265737269e+00 0.000000000000000000e+00
1.181555527882524742e-01 -4.071850938812904275e-01 1.551036013732663088e+00 0.000000000000000000e+00
-1.337217693296040011e-01 -1.228537094343337133e-01 4.045339186065441406e-01 0.000000000000000000e+00
2.220964877567902993e-02 3.261984840636444893e-01 1.365925428191106850e+00 0.000000000000000000e+00
5.713229896004238251e-01 5.589248217799092089e-01 -1.121761965694356489e+00 0.000000000000000000e+00
1.450407075325208239e-01 -7.833323359561600308e-02 1.393583045217244187e+00 0.000000000000000000e+00
4.164797189998300370e-02 -1.489916052021617310e-01 2.559168446716485468e-01 0.000000000000000000e+00
1.355210324269739086e+00 3.334660278405943701e-01 1.388923579446989798e-01 0.000000000000000000e+00
1.416278409885736833e+00 -1.694822999840558397e-01 9.859717510105169003e-02 0.000000000000000000e+00
-4.040730174982373191e-01 1.810723725220966529e-01 1.982883963217370593e-01 0.000000000000000000e+00
-1.493676203898383514e+00 -9.365035073417110612e-01 -4.742754815492310705e+00 0.000000000000000000e+00
-7.777581726868946221e-01 7.693321177415131107e-01 2.104796494695451714e-01 0.000000000000000000e+00
-1.920390476326727436e+00 6.237806396777472173e-01 -2.479101493972903913e+00 0.000000000000000000e+00
-8.543275785500535902e-01 1.651881793471661752e-01 -1.843190174125607372e+00 0.000000000000000000e+00
1.894984955897531798e-01 2.092225443516118610e-01 -5.318453477380336025e-01 0.000000000000000000e+00
9.669356453858683753e-03 2.931380073043472062e-02 4.996718429515158988e-01 0.000000000000000000e+00
2.175916010850566240e-02 -9.025155403021406508e-02 1.851863488413741932e-01 0.000000000000000000e+00
1.376205992012500490e+00 9.788093813610279081e-01 -1.856770099041850974e+00 0.000000000000000000e+00
2.344599276390415821e-01 2.873493701173405190e-01 -4.149307971799995332e-01 0.000000000000000000e+00
1.055475033468112667e+00 1.534409887759241586e-03 -7.442774687789378563e-01 0.000000000000000000e+00
-2.043291363860522125e-01 1.728610620057913771e-01 -4.738458460568693020e-01 0.000000000000000000e+00
-1.369805048152106797e-01 -5.592127762008737568e-02 -2.525208614427655984e+00 0.000000000000000000e+00
-3.710678091767479203e-01 3.999996004729955978e-01 8.042749765236217874e-01 0.000000000000000000e+00
1.592490305976106413e-01 -2.683117921825890848e-03 7.745970253223461999e-01 0.000000000000000000e+00
-1.929847094188385404e+00 -2.398844806944158137e+00 1.160319451975598160e+00 0.000000000000000000e+00
-9.319828157565844817e-01 -1.920788219602663771e-01 4.961937206751199647e-01 0.000000000000000000e+00
4.480480107416049407e-01 -7.581220794785247241e-01 5.795512535279105926e-01 0.000000000000000000e+00
-1.792186605673040445e+00 7.458901487015305865e-01 -2.135814496693920983e+00 0.000000000000000000e+00
-7.809873010597432330e-01 -6.740252358064230398e-01 -6.306249951113169772e-01 0.000000000000000000e+00
-2.835273393105402495e-01 -2.691189912564972975e-01 4.151351717257010243e-01 0.000000000000000000e+00
-2.841942101218462163e-02 -6.117459742526815125e-02 -2.727576331345885063e-01 0.000000000000000000e+00
-1.004846756112206668e-01 8.716645465024056016e-02 -1.405852525750886928e-01 0.000000000000000000e+00
8.311735808981646212e-01 8.883575423494185497e-01 -2.791541494840566351e+00 0.000000000000000000e+00
-4.558325557236235226e-01 4.193559859170395976e-01 -1.328592708987195448e-01 0.000000000000000000e+00
4.261217210601696281e-02 -2.190408701995302798e-02 1.445348266094261258e-01 0.000000000000000000e+00
5.539113077434872912e-01 1.371903380863228383e+00 -2.181621442267274169e+00 0.000000000000000000e+00
-5.471135036716997732e-03 -5.381618190163525162e-01 -2.802672659266612687e+00 0.000000000000000000e+00
1.250391039394476822e+00 5.272187432637782667e-01 -6.543199712715779270e-01 0.000000000000000000e+00
1.201380963326567963e+00 3.905277433892260786e-01 9.577862140218169618e-01 0.000000000000000000e+00
-1.064014378131441951e+00 -1.368587152962463582e+00 3.943874285930900392e+00 0.000000000000000000e+00
-8.059747716104164184e-01 -1.638486932519082062e+00 -2.335468595552569138e+00 0.000000000000000000e+00
1.469052301740408017e+00 1.071623884790171011e-01 -1.410297475930148758e+00 0.000000000000000000e+00
-6.945562439657207987e-01 -1.228208323413062963e+00 -1.017349328985579948e+00 0.000000000000000000e+00
6.599162520968300250e-01 -2.630488752846764089e-01 -6.081045069127453129e-01 0.000000000000000000e+00
-2.400659551948055803e+00 -2.315177626277842737e+00 -3.318598499280686287e+00 0.000000000000000000e+00
1.091728960865683273e+00 -1.470509526831780489e+00 2.541292141945326044e+00 0.000000000000000000e+00
-3.102950560528635382e+00 2.563022201493431740e-01 -7.966546647258248015e-01 0.000000000000000000e+00
1.417164709034422820e+00 -5.416868105974097514e-01 -2.090140557665827181e+00 0.000000000000000000e+00
1.684153238567152489e+00 -2.591236139939203653e+00 1.893341557530881514e-01 0.000000000000000000e+00
-2.237011918541018218e+00 -1.137282376629962455e+00 -1.848355990656292525e+00 0.000000000000000000e+00
