-4.258971324700498329e+00 3.828273883607294370e-01 5.488620337330232246e-01 5.351687244593571202e-02
-1.625872787145851373e+00 2.019287505119980036e-02 2.438677673187187311e-01 9.638144717369880043e-02
-2.755447676909649868e+00 3.141953352524781695e-02 -2.196013578976703684e+00 -1.248873884049811131e-02
5.976677960783586485e+00 -1.046254147676458413e+00 -7.336506372968125689e-01 -3.419222846044661090e-01
-1.116196941645786866e+00 -2.788783457867290982e-01 -4.127709952119253067e+00 -1.464388833464218553e-01
1.130416078596849117e+00 9.442031185510693647e-03 -6.049854746728464683e-01 -9.093598309496411791e-02
3.158137385242353545e+00 5.710420006364498313e-01 -1.170935198492192963e+00 4.696097533184643846e-01
5.495585963889769943e+00 -8.695122860255074526e-01 7.107376638711937922e+00 -1.052015709915581354e+00
4.852025464880464156e+00 -7.552593386634823269e-02 3.437105475229948581e+00 -1.147977432005333753e-01
-4.427054153767921107e+00 1.177181870514401041e+00 2.724492156289999301e-01 5.969341615840345616e-01
-2.138270944734942614e+00 -1.274162729934529281e+00 6.874986424498887860e-01 -1.535359531768370589e+00
-3.944606388913856954e+00 6.995964934996337092e-01 -8.616092516771661991e+00 1.138829155848704477e+00
3.548396870303438533e+00 3.635216681175789666e-01 6.576628041035180061e+00 7.769891462069253851e-01
-1.002137602979485642e+01 -3.650576897009883970e-01 -6.284133322284337630e+00 -1.101824199195592380e-01
-2.152137106113152232e+00 -3.096568846509452633e-01 1.150625626957918035e+00 -1.732821298707592217e-01
-1.101872591587369277e+00 -1.772709990248761969e-01 2.762556258235353113e+00 -8.444043857841690981e-01
-1.947690458441100558e+00 4.377957035723284984e-01 -1.528595439126825273e+00 1.120706892783336073e-01
3.678998947204517034e-01 8.161833003740497083e-02 2.676937876530381955e-01 3.662669734898466034e-01
-2.050842615152937976e-01 -9.208759118526163578e-02 1.311076321253062948e+00 1.502092941185114716e-01
1.748033119773987121e+00 -5.268080920248664478e-01 4.439502929339178561e-02 -3.157618987763082807e-01
8.649878263652577282e-02 4.661076977697883872e-01 -1.706397252546848486e-01 8.369661020800722717e-01
1.133627662614209219e+00 -1.272614557009002501e-01 4.224978154435134137e+00 -3.829211728240381474e-01
-2.707108783262208274e+00 6.480176042962098037e-01 -3.339962282539145733e+00 -2.840420011115242227e-01
1.427993215271766925e+00 2.769590661886950356e-01 -9.279285007746176372e-01 2.265619263432644970e-01
6.372742585638307311e+00 5.410162876512221164e-01 3.199865470256935129e+00 2.926464845723167896e-01
2.884128367000252435e+00 1.416526879771200287e+00 -2.606227596951865344e+00 2.642413625446369707e+00
2.922474071547821683e+00 -2.320339462992151436e-01 7.820800712518582998e-01 1.912070595767045578e-01
-2.879572836498849320e-01 -1.382102821737308251e-01 -1.540124239474385259e-01 -4.580873647713276653e-01
-4.068649511014533759e-01 -1.418123407071836262e-02 -5.405477251060655242e-01 -3.741793673523196584e-01
1.953597369440326137e+00 6.348015223075172964e-01 3.324790821892786852e+00 1.442684113783676558e-02
1.598220052215376219e+00 9.266414465288299596e-01 1.933748745600477603e+00 1.050499624285715861e+00
-3.621633256403798962e-01 3.367008804059676841e-01 5.944390878101940556e-02 8.215313172425948718e-01
1.085436851311261996e+00 7.801779624309543304e-02 -3.030097048276588212e-01 1.025854287721014724e-02
-6.689261398916738210e-01 -3.548091211714496374e-02 8.055187071717282432e-01 2.946373455029946409e-03
-2.861521386764286912e-01 7.920780623683228161e-02 -3.007936829594980155e-02 5.085970908350752329e-02
1.707718323818442907e-01 -3.404104294550548693e-02 1.489433613441729087e-02 -1.373312326382121196e-01
-9.718821638406244245e-02 -9.372949801534566361e-03 -7.170718563390622302e-01 3.697432793051388250e-02
6.153929588818298768e-01 -3.740546822155417228e-01 5.496874248942100749e-01 -5.169158935349132955e-02
-1.275832062583097670e+00 -1.664221065020451140e-01 -4.912728911754721262e-01 -8.979282556000531268e-02
-3.228045584771438992e-01 -5.806490203419885365e-02 2.456232050196152927e-01 -5.447688018679899824e-02
-1.137110427847670469e+00 -3.780512015243033819e-01 6.658649606078044236e-01 -8.651254233042201536e-01
-8.518286222905449012e-01 -1.638864604943834902e-02 -7.306095105245113963e-02 -2.042007405160942701e-01
3.862898445299611794e-02 9.835475235515159231e-03 1.663519463894122530e-02 1.204873538322519533e-01
1.149892161130810636e-01 2.413997344374976817e-02 2.954318720336859827e-02 1.359549433845122779e-01
-5.914455797656570368e-01 2.710513416909912099e-01 -1.470300819790760549e+00 8.326321606742910220e-01
-8.719921160256538517e-01 -5.000026071951321205e-01 -8.707651927178401419e-01 -5.118689354779728529e-01
9.757455189440800147e-02 -1.803118741511630096e-01 1.524037053242843776e-02 -5.955193138747337800e-01
-5.853056162697822806e-01 -3.951024898002421237e-02 2.992290816799506592e-01 -1.290231078588950364e-01
4.115313432627062951e-01 -3.818108065052525091e-02 -4.098861930438627565e-01 -4.559565584452301285e-02
9.625341928722956908e-01 3.804861952228421051e-01 8.819212809078410542e-01 7.257917311409982641e-01
-2.653518597269131085e-01 2.284581911239087770e-01 1.183782343030377326e-01 8.054704109887572683e-01
2.032541126100048945e-01 1.558822348766059074e-01 3.775649045123611325e-01 -2.862189453258484617e-01
-4.025351643957407743e-01 1.866781913447012331e-01 5.685869309787787707e-01 1.829605969163431989e-01
-1.417531417695818974e-01 3.195461557894728466e-02 -2.667686265218330854e-01 3.376541543743198648e-02
6.641966522772597692e-01 -1.771736465466236532e-02 -5.220538461808400532e-01 -1.113959896829975343e-02
1.151699968664680718e+00 -1.805398995600069889e-01 -1.291404904905356643e-01 -1.484499541068666773e-01
8.745029756809206967e-02 1.364511797304202370e-02 5.224303362670340567e-02 2.183592283817260143e-02
