7.303799997303059399e+00 -8.160460888614329278e-04 1.722182891238643876e-02 8.932733753832400314e-02
4.230436243905248972e-01 4.748611389662335536e-02 4.265799418098820128e-02 4.004192733064648735e-02
-3.889512317214141035e-01 4.614109075270626803e-02 4.177826945330009867e-02 4.141074866585547909e-02
-8.612319183204760975e+00 -5.366021728245387035e-01 -6.309314591806671757e-01 -7.603101874188249454e-01
1.078727642504562212e-01 4.604944645024477978e-03 4.373600027024249215e-03 -2.238177290993581536e-02
-1.345906149589488621e-01 2.151615561967634704e-03 -6.035882599619069033e-03 5.735345851774675818e-02
-7.770017877616162139e-01 1.855784199722465555e-02 3.798106125418287959e-02 6.663729966849057940e-02
8.832543621953092838e-01 -4.442016465639209155e-02 -3.471330852602916295e-02 -2.824411972515372682e-03
-1.392826120202705908e-01 5.247648920540970430e-03 1.266935864675788892e-02 1.667921351408341302e-02
4.475513051265053832e+00 -9.174339912338957959e-03 1.298071690567548231e-01 2.323727963043269451e-01
6.475479870012996741e-01 2.666215517815273550e-02 3.471896751269021308e-03 -3.320624072509836822e-02
-7.081179459300344092e-01 2.995822953372306863e-02 1.402998965387869390e-02 -2.647781886638256310e-02
-1.155234152483970433e-01 -3.910992120185419196e-03 -1.309230672979977417e-02 1.081407928367825733e-01
2.769894817103022433e-01 -9.563354679776536749e-03 -1.043243578747876654e-02 -3.096452125437831882e-02
2.179412366153918867e-01 -4.643317477683650552e-03 8.441754908281584591e-04 -7.973358201301450343e-02
1.285753825926321259e-01 -4.307187951169716422e-03 2.058422199114703921e-02 -1.733348970891845919e-02
1.236865901620076702e-01 1.245848658742393367e-02 3.765717805775614657e-03 5.644805334294744625e-02
-3.212012732021785055e-02 1.038188363518066648e-02 2.949958506649213996e-02 -4.747144752878162954e-02
-2.821718828209085483e-02 2.117340923409871678e-03 8.063560970595906596e-03 -5.221178662119141389e-02
-1.145646665744258996e+00 1.100033346219171371e-01 3.013956071250678548e-02 -7.511241475869456785e-03
-2.361040862088827907e-01 -2.498202792950254825e-02 -1.358955596363586871e-02 4.195548437694984756e-03
2.462637480906302301e-01 -1.640770841154792770e-02 -4.489071120294951811e-03 1.351605179908155208e-02
5.730304744508263326e-02 2.512034116229178160e-02 3.952410077607204641e-02 -7.754670356717907609e-02
-1.151439676474810270e-01 3.550786020544594024e-03 1.543565070373675852e-03 3.522637250140236986e-02
-1.673074468407875770e-01 1.610428788047846282e-02 1.032934398650553476e-02 1.775615933563301496e-02
-1.128361455810384939e-01 3.015640695676358174e-02 8.485968556327383450e-03 1.665697623510986602e-03
-1.289151985202232620e-01 1.779039222428724365e-03 4.569575792209235043e-03 -7.043441594848864895e-02
3.799598878661680779e-02 -1.125210059346049007e-02 -2.863985311539929413e-02 4.310314789462377227e-02
2.208591555009875584e-02 -4.090654171962415653e-03 -4.368443533062205120e-03 4.872309793166029745e-02
4.892763119829446339e-02 2.668140845272226613e-03 -7.740689904040642944e-03 1.238014865259251529e-02
2.622350133582695975e-03 1.427699250974123757e-02 2.151774801128186754e-02 -8.726559427900459909e-03
1.246176278957483730e-02 7.283625278800442970e-03 5.119800227863069431e-03 1.067466673876649175e-02
-6.334549825068924722e-03 2.189898582767191293e-03 1.847091376184273326e-03 2.984986986239268614e-02
-1.692167338154471068e-02 -4.716112378210790546e-04 1.477683941769791787e-02 5.543419271598071241e-03
1.173791627923042036e-01 -2.501874136506265778e-02 -9.042663577345982917e-03 -3.785131076288930640e-03
3.103200788522464393e-02 4.814084380699162891e-03 2.826404270551530207e-03 -6.571122798362805106e-05
-3.168067641895833120e-02 3.938839406990302106e-03 8.259492140848534447e-04 -1.978321407225147599e-03
-9.745369253387758945e-03 -1.161176568894639605e-02 -1.220341467878804931e-02 1.693960526657611876e-02
3.225201777034447659e-02 -7.483204765831086291e-03 -3.099925556649618663e-03 -3.281179665236583221e-03
2.009071863712263983e-02 -9.484943711942084299e-04 -4.915543820176171419e-05 -4.983813968651606974e-03
3.175967850031879980e-02 -9.685681510183230536e-03 -1.324427132299466070e-03 4.462726026655372547e-03
3.256852005957666663e-02 -5.431676630605425382e-03 -2.653375699362373052e-03 2.074793582053524599e-02
-9.609711943111165500e-03 2.767201603202984472e-03 7.657391916821687516e-03 -9.430284086225759754e-03
-5.351398866302703450e-03 1.644598455317558550e-03 1.667500719932379916e-04 -1.148559982617866626e-02
-2.189799749648113636e-02 1.125870856031896405e-02 2.261171480393397992e-03 -1.538520216597283330e-03
-8.010999005455543553e-04 -4.904254697820853437e-03 -1.217933276853833124e-02 7.527432046325333026e-03
-7.871599082776348233e-03 -4.736982448027449166e-03 -1.060126903902006146e-02 -2.940794337197405461e-03
1.758758339088256628e-03 -2.312045255266070853e-03 -6.084455757692203148e-03 -1.025946768516358687e-02
8.223102817731461900e-03 -2.487000393504301687e-04 -8.223900157487751272e-03 -1.942414808196013531e-03
1.455149752223758308e-03 7.212460315792368348e-03 -1.541850254509730123e-03 2.813733176295016292e-02
1.292939820277907992e-03 6.534534928704816004e-03 4.732370527734675036e-03 1.953169560507572733e-02
-1.708509227566172572e-02 2.184958041687778962e-03 -4.798334414284899374e-03 6.269203440817938677e-03
1.554201760641832353e-02 6.132787614606116655e-04 -1.353220976624641692e-02 -6.030307575192794811e-03
7.220129371393269047e-03 -7.469378535792658980e-04 -1.337572622803828715e-02 -6.122577199833556527e-03
-1.040865777944904869e-03 -3.919743118112606339e-04 -7.549368896616059921e-04 8.909455639372065860e-04
-1.728680870363412225e+00 9.182628734315445573e-01 9.174340267092894186e-01 9.043142633137529751e-01
2.588290942813967124e-03 1.183715961745832203e-04 4.767984630071972095e-04 6.824415226418010334e-04
