3.188284120070328242e-03 -1.461627514920404991e-04 2.208127959500316706e-03 2.101672338318816280e-04
-5.018229050669487101e-02 -4.843760200775515390e-02 -4.895752919703011408e-02 -4.838664377379889303e-02
-4.776819088981154593e-02 -4.838362009519714402e-02 -4.819486215716342614e-02 -4.836742665063037405e-02
-3.195312374470773431e-01 -3.166807317324954463e-01 -3.205776722544237956e-01 -3.176738196357817845e-01
5.886291545198041320e-03 1.405694194338114045e-03 2.891682818917773456e-03 1.667781792631217730e-03
1.440830309491936134e-03 1.708455295992172829e-03 1.828967311133244955e-03 1.716849316443447293e-03
-2.299213327602167567e-02 -2.980143903868404109e-02 -2.779154857141952206e-02 -3.044542670579297727e-02
2.940245437680699681e-02 3.033924070163385167e-02 2.960524757547777774e-02 3.014562425264256940e-02
3.576450235583283899e-03 3.154914887100845888e-03 3.551206514301963324e-03 3.304200148448135921e-03
5.789521724318680285e-04 -5.546858262576170873e-04 2.492360685199201953e-03 6.226059647862491886e-04
-2.257263677466214702e-02 -1.420609337286338203e-02 -1.673356223009525579e-02 -1.280216181469495673e-02
-1.158134163276480777e-02 -1.230673303465801283e-02 -1.126614400440795194e-02 -1.184785236552918231e-02
-9.610726347816012094e-03 1.841337240212403970e-03 -2.683829235085255505e-03 7.171625541205761678e-04
-5.530916865446044994e-04 8.253485402038851504e-04 -4.036636451498765155e-04 2.048566104356219775e-04
-1.409125508143205252e-03 -1.395361408577544537e-03 -1.717959556332804283e-03 -1.485737263655195761e-03
-4.379165851323696401e-04 2.304757283810854318e-05 3.825567984077071770e-04 1.354715232879666331e-04
-4.564595972227358800e-04 3.571560410574603495e-04 -2.175688357633487335e-04 2.854088484172123685e-04
4.368820762661318469e-04 3.820994341710015618e-04 1.797554993676619972e-04 4.076965975983171120e-04
-2.373868704119708184e-05 1.002665165920069157e-04 4.327643642110245992e-04 7.214113269904398607e-05
-9.379292342250877823e-04 -6.751493322988411094e-04 -1.840609791406544460e-03 -1.296738705405253711e-03
2.747815411925813578e-03 -1.420770076962618589e-03 -7.767847467099464609e-05 -2.430571218767663133e-03
2.769072566476626918e-03 3.142590992643801151e-03 2.510434389034088554e-03 2.771026642063800782e-03
8.636885216606771110e-03 -2.024205798534239875e-07 4.062923442584409628e-03 1.221631593883859557e-03
5.338287451746026591e-04 3.663290508457706096e-04 6.433200163808994176e-04 4.803784699329849417e-04
1.816723251124585659e-04 -1.138411778940917607e-03 1.115654228878160126e-05 -4.917054534131770627e-04
2.840022960739485569e-04 -2.427624505102199404e-04 -8.179385049538190344e-04 -2.286590856410697370e-04
9.914615615964628148e-04 -1.213075326800261422e-04 8.242950556862638223e-04 3.784161104832817202e-04
-1.934591019683296054e-04 -2.470686561495405442e-04 1.109515431232388494e-04 -1.831869415630515974e-04
2.870989570702420224e-05 -1.556055150914170682e-04 -4.986635344325085484e-04 -1.002147047980961325e-04
7.465735625697966782e-04 2.345433388943884978e-04 -2.753487342613825106e-04 1.198557287773738267e-05
-1.639997036270157693e-04 3.089970737788494404e-04 -1.299903402757762727e-04 -3.618948952305300892e-05
4.815083696567690197e-04 3.037605524167652504e-04 -2.321313070430264247e-06 7.924666444147909772e-05
-1.132373335673841908e-04 9.936418014033776558e-05 -2.062177727224501211e-05 1.800056520445680874e-05
2.520980948055306925e-04 -1.011213246560060952e-05 6.650065726176990211e-05 -6.812398463673652316e-06
-1.963037811094983653e-04 -2.345911783217385915e-04 -5.743241975900148510e-05 -1.147424522379009160e-04
-2.089159963957920585e-03 -1.353676320012153766e-03 -1.614173009371194789e-03 -1.126530998381419790e-03
-2.973617938644701475e-04 -3.838325521725305389e-04 -2.456954558984203452e-04 -2.874713710004014877e-04
-2.088042676947843290e-03 -6.739471060557278292e-05 -1.170442174842856176e-03 -4.513364487269827530e-04
-7.557198487706529022e-05 3.030369906784485812e-04 -2.629241332537807230e-05 1.114896133365683717e-04
-7.016212833466095589e-05 -2.062443820910475623e-05 -9.255307553970859580e-05 -5.737812368228345505e-05
1.610351556535771778e-04 2.908416607795838438e-04 5.015094596250158077e-04 2.675115509813003056e-04
-1.729021359799798319e-04 2.341595160100240491e-04 -1.395183563055735210e-04 -7.028466325886828514e-06
2.600863429497168866e-05 8.255971068388268108e-05 -6.107327981486054824e-05 2.275730120135377454e-05
-3.317277161740683766e-06 6.427644034634472092e-05 1.312411090628740062e-04 3.080960383779196565e-05
-5.518451430687187909e-04 -2.730277583143925213e-04 3.597873655258876369e-05 -1.009069446714638829e-04
1.676919399028475866e-04 -1.134428713773782960e-04 1.708112911233405917e-04 1.736164912052862164e-04
-1.980576762812269465e-04 -1.582923530529800615e-04 1.260860817731135342e-05 1.171019426982056189e-06
6.492990870071713161e-05 -5.535103745923919405e-05 9.245144511560443590e-06 -2.193006904177563499e-05
-1.218384453598453376e-04 9.125955802269380968e-06 -4.085621500327096811e-05 4.441894178225380685e-06
-7.872220699323140281e-05 1.526868854573315559e-06 3.138538983660232873e-05 -2.801437376209747754e-05
1.126814716201351985e-04 -1.351306587848988272e-06 1.193316361052937369e-04 5.707532361953759903e-05
5.222269263485679325e-06 3.661687090761311936e-06 -4.581469751421818337e-05 6.818769054572904054e-05
6.015566619727019670e-05 -2.112116953700837740e-05 2.925604859430053217e-05 -2.311468449867071229e-05
-3.838010591339369171e-05 -3.290256429877569389e-05 -1.219788767581331257e-05 7.542730923459917136e-06
-3.071232666496115371e-05 -4.725124825077919866e-06 4.316591905473288193e-05 2.001002151064135148e-05
8.973935517544615603e-01 8.987438617876276625e-01 8.982361949614741103e-01 8.987058022824645498e-01
1.199766935760362960e-05 5.615729311900073723e-06 7.533531136150069071e-06 4.530156619366978426e-06
