-3.135794156023261614e-01 -2.976947550844681323e-01 -2.533381641946472196e-02 8.570024462239334007e-02
-5.262735492269778881e-01 -5.468339091081351189e-01 -2.812595708795404548e-01 -5.004775402656835848e-02
-3.273890050100276561e-01 -1.045067614458703720e-01 -2.867908044254992572e-01 -2.735248275881435043e-01
1.335237802508101090e+00 1.268019310680311484e+00 8.528626686641651578e-01 7.639570469379046713e-01
-3.573277565235483677e-01 -4.556467163901952722e-01 -2.744755213368588187e-02 -6.686327987702278541e-01
-9.281965863689439766e-02 5.288854267900067185e-02 -6.683219686935751302e-02 -2.929568671188864659e-02
-1.266056750693469457e-01 8.510433008316597991e-02 -4.818844373030319872e-01 -1.778648327343441915e+00
2.644577013027502588e-01 -9.644172684245222449e-02 5.898496927541232449e-01 1.845576841733891360e-01
-3.311224866492561980e-01 -6.231158451798513020e-01 -2.434801143011829927e-01 -1.436518042912062199e-01
-8.628246901831921889e-01 -7.521987184028342543e-01 -4.569144858790439301e-01 -5.691622898189587776e-01
3.280875232681047526e-01 -4.749388208193455752e-02 3.579096836771336054e-01 2.169902094052373887e+00
1.986949334208127915e-01 4.965696495855591586e-01 -3.577079338657247476e-01 4.174734230145540348e-01
4.409424990353901785e-01 4.057135276044289141e-01 -4.355672739751024203e-01 1.458639738563173527e+00
5.415923247322395051e-01 1.106574199283935744e+00 2.898849639675490364e-01 1.082384213976763654e-01
1.738264097317199219e-02 -1.482222144320084478e-01 7.566120086186206573e-02 4.199087221432484807e-02
8.557235338860875729e-01 8.332441484134690546e-01 8.865106849992428206e-02 5.230522094911456144e-01
7.446374050538312472e-02 -9.217824796620621708e-02 -2.492054707312374717e-01 -7.827347062397471689e-02
-2.730126140055901818e-01 -1.188310384050880186e-01 -1.349231418715330089e-01 -2.518157827251138459e-01
2.321491710760392735e-01 -1.482704200730045052e-01 -5.697331039385752915e-02 -1.139838356306527301e-02
1.603056498169523891e-01 1.015593103345373005e-01 7.695307442487642202e-04 1.375147466436818511e-01
4.416617773832759442e-02 2.991313583043717639e-01 1.774021497246527357e-01 -8.138002632593848151e-01
-1.870666711650885716e-01 -3.248072591307080703e-01 1.078271426122109355e-01 -3.816516653910716483e-01
-3.762877028000486401e-01 -3.692005157708542207e-01 2.929619653631861942e-01 -1.287256756255081402e+00
3.001707494629213269e-02 1.029087376281796473e-01 -6.185426868478036133e-02 -4.508670252387236843e-02
-1.749643223719840601e-01 -5.051119152376669641e-01 8.789481351497152595e-02 1.750927806186755031e-01
-1.241023291399359518e+00 -1.475607944419109252e+00 -4.544205438855741797e-01 -7.159414198014277808e-01
-1.584089859110410781e-01 9.576571456841059815e-02 2.002876781992696809e-01 8.329934624136425825e-02
2.402425636703212075e-01 1.027453025407379927e-01 6.056547200476508630e-02 1.882879894162118317e-01
-2.699864115561467770e-01 7.843559829722501764e-02 -1.266367975790780309e-02 -8.979038434785235889e-02
1.478957902148989589e-01 4.536130645477532974e-01 9.044183856425397350e-02 2.257127122728868063e-01
6.800288206140203684e-04 1.335012588310388326e-01 -8.297260654760008070e-02 -1.042968038541456366e-01
-4.915442362997649028e-02 1.549321043921849661e-01 -7.804089251550094808e-02 1.720906486070106212e-02
2.089415542845807217e-03 2.750007921271957478e-02 -5.611270541306090376e-02 -1.828252895143522849e-02
-1.824153949221923865e-02 -1.712179472843982087e-01 -1.503700438675997786e-02 -6.873803458199220784e-02
-9.813574451615722505e-03 -2.337217136059582812e-04 1.340388919634182691e-02 -2.230960644198265452e-02
-4.210188062159511690e-02 -1.010163170937773414e-01 -8.690251205197008222e-02 1.033601823302190414e-01
3.331179090987493319e-02 5.985002926275895252e-02 -1.724787128295898753e-02 8.229352495631347963e-02
2.641999655261847435e-01 2.737429941346096740e-01 9.186488482373950104e-02 4.996379775815842361e-01
1.815473953795660594e-02 8.117767556743236967e-02 -5.889041332348517871e-02 -6.945782832618274671e-02
-9.984810248654010789e-03 -2.148315906616607429e-02 1.995917492054231912e-02 1.414079747917293406e-02
3.824964983254031115e-01 5.026974991258016390e-01 1.485261896927666525e-01 1.991354094109666073e-01
6.114683130351415696e-02 -2.478889536355133316e-02 -4.047658729711545167e-02 -1.093961840435508925e-02
-5.868697582323591233e-02 -2.367655952640933953e-02 -1.796868573742040065e-03 -3.594118089654160797e-02
8.211758465238438998e-02 -1.356504478061970609e-02 9.996540197533786143e-03 4.619928616604784821e-02
-4.157967283136523862e-01 -5.094108048943337685e-01 -2.376656851483983646e-01 -4.015879216894963077e-01
-4.063784221865462953e-02 -1.179838243851832058e-01 5.130484450324479528e-02 1.472718099711012307e-02
1.363357816778518194e-02 -8.555405709871853615e-02 3.965046765726151778e-02 -2.545175991004319793e-02
-1.159759507410984547e-03 -2.743839189362390352e-02 3.970514141841130495e-04 -1.236611942565102318e-02
-1.084483624272554458e-02 5.768131280601747346e-02 -2.200115500763238918e-02 1.159003297458296999e-02
-4.004134858207067937e-01 -3.216263041583772297e-01 -3.114517099792679655e-02 -3.273023456037733037e-01
-6.412704748348624362e-02 -9.408332975298250300e-02 9.566007078915472750e-03 -9.195693316702352460e-02
1.648320434781838650e-02 -4.744245054529733219e-02 -1.878423588808353362e-03 -5.280497565957242845e-02
-6.199843412465813608e-02 -2.931373781475131446e-02 -1.272447512008895165e-02 -1.358915337537485724e-01
-3.214992726690632519e-02 -2.027012330288784081e-02 -7.453507517342299049e-03 2.161228319163827072e-02
-4.160503862507769490e-02 1.821147301066838864e-02 -1.285409023894706904e-03 1.201058630636019087e-02
-2.248019571069889422e-01 -2.373579684242308752e-01 -3.063791069803787903e-01 -3.175235733755860101e-01
4.889594603281493049e-03 4.845816980384317317e-03 2.453057967348305866e-03 7.743716069921273946e-03
