-1.661387075392612545e+00 -8.494545523360639283e-01 2.610121753685496149e+00 0.000000000000000000e+00
-4.796151795264098072e-01 2.434539413969432908e-01 1.435684091415673214e+00 0.000000000000000000e+00
-1.262339598484655712e+00 -7.370162316900844557e-01 -2.436156528685031297e+00 0.000000000000000000e+00
3.283963922546386804e-01 -8.071545698717779160e-01 2.911816979624011134e-02 0.000000000000000000e+00
3.114799622060948070e-01 4.178318360573852752e-01 -2.141925450580571544e-01 0.000000000000000000e+00
-6.012645301683573473e-01 -2.175866393136045573e+00 1.901590758994320618e+00 0.000000000000000000e+00
4.628808673111955985e-01 9.552903532401522124e-01 -1.419184166665198032e-01 0.000000000000000000e+00
-1.797396694328843525e+00 -7.688092446912628830e-01 1.101232930194474768e+00 0.000000000000000000e+00
8.457478142908826380e-01 1.052345244203206187e+00 -1.326109381669943410e+00 0.000000000000000000e+00
-4.087954350886890409e-01 -2.446457304791178622e+00 1.587601494924971268e+00 0.000000000000000000e+00
3.388168936024989475e-01 2.084923070157429781e-01 -4.120146313977209318e-01 0.000000000000000000e+00
-4.760290937787285959e-01 -1.432791606064683643e-01 1.819907796732794236e-01 0.000000000000000000e+00
3.738355730266530452e-01 3.229429386279658587e-01 -4.564228843154032322e-01 0.000000000000000000e+00
9.559620802113115434e-02 7.220666486270291978e-03 -4.749238705372502145e-01 0.000000000000000000e+00
1.956285214334679834e+00 3.183566829814776233e-01 -1.376364390802843118e+00 0.000000000000000000e+00
7.933678962300320103e-01 6.185652627523264835e-01 -4.323604469734005917e-01 0.000000000000000000e+00
9.620780131383731559e-01 4.398040269917355416e-01 -1.574956804222749085e+00 0.000000000000000000e+00
-2.414456418220118028e+00 -7.286600827273974623e-01 1.067276145394418396e+00 0.000000000000000000e+00
-1.688081690988492811e+00 -1.991858023082199169e+00 -1.920718905916212194e+00 0.000000000000000000e+00
4.493552960932291618e-01 -1.416513292384300460e+00 1.106655175218421716e+00 0.000000000000000000e+00
1.263235121452597198e-01 2.541695100649848590e-02 -1.543610944070072100e-01 0.000000000000000000e+00
3.122274583903707906e-02 -2.024776921190064513e-02 -4.484242213070080418e-01 0.000000000000000000e+00
1.321765788816954036e-02 -8.953592097684301421e-02 2.033562708595396118e-01 0.000000000000000000e+00
4.787385263448908357e-01 2.968196661432026540e-01 -1.609759546543022779e+00 0.000000000000000000e+00
4.756810178313487514e-01 2.624120679274341561e-01 -4.721906509465194079e-01 0.000000000000000000e+00
1.143292425825548131e+00 4.687950844197631972e-01 -5.517681981436910466e-01 0.000000000000000000e+00
6.372960442468885711e-01 1.421871293426431038e+00 1.993813518280788122e+00 0.000000000000000000e+00
2.421318338872055220e-01 -5.545700090169691787e-01 9.929906717166534502e-01 0.000000000000000000e+00
-1.260235743169486833e+00 -1.693432576526318067e+00 1.959811009658044556e+00 0.000000000000000000e+00
2.306401766832771316e-01 9.283022170408494755e-01 -8.421970743063367237e-01 0.000000000000000000e+00
1.024339412587574882e+00 -2.684128281125000459e+00 1.210318359972647473e+00 0.000000000000000000e+00
-3.497773430251513993e+00 1.489443377564366289e+00 -2.347497914969537192e+00 0.000000000000000000e+00
-2.270680585977335186e-01 -1.396197026534991004e+00 -1.802543819156318561e+00 0.000000000000000000e+00
-1.097842075902294212e+00 -1.336478094787937554e+00 5.704556847759570948e-01 0.000000000000000000e+00
4.007775241947886813e-01 9.005125967733775827e-01 -6.280898505530627673e-01 0.000000000000000000e+00
-1.200562920480935797e-01 -1.384709450571304859e-02 8.733293386863850982e-02 0.000000000000000000e+00
-6.304061250980434739e-02 -1.630879079706330781e-01 -7.092849208083849000e-01 0.000000000000000000e+00
-1.388934257418476537e-01 -1.160324197322367135e-01 2.910120825023080893e-01 0.000000000000000000e+00
2.183084232554851345e-01 -2.033069414430505872e-01 -1.321878486935897934e+00 0.000000000000000000e+00
-4.209933924202368116e-01 -4.555375224438111548e-02 1.227871579383487566e+00 0.000000000000000000e+00
-2.560472311409643376e-01 -3.548255996412674196e-01 5.346189143275783540e-01 0.000000000000000000e+00
1.855110733431882819e+00 1.235148297395579187e+00 1.907682228672675118e+00 0.000000000000000000e+00
5.215965992884791236e-01 -4.507445894017367977e-02 1.210404691503945473e+00 0.000000000000000000e+00
6.177883317454250234e-01 6.901092585697566895e-01 3.003510537080207876e-01 0.000000000000000000e+00
-5.385623807460927503e-01 1.764043874577834736e-01 -3.233566430104373723e-01 0.000000000000000000e+00
9.584792191748726653e-01 2.187725908760980720e-01 4.664546520814892294e-01 0.000000000000000000e+00
-2.439015370987268838e+00 -1.934173482773667574e-01 -1.586724016272105908e+00 0.000000000000000000e+00
-1.141146747132967487e+00 5.556584069398531334e-01 -8.157771097165834595e-01 0.000000000000000000e+00
-4.308334322725923538e-01 -5.966847964455260778e-01 -4.317667534864343126e-02 0.000000000000000000e+00
4.841845923016729891e-01 -1.302858067811786813e-01 1.754003671207089443e-01 0.000000000000000000e+00
1.910032616187394838e+00 3.479627459267444767e+00 -2.175781021472230403e+00 0.000000000000000000e+00
-1.711093861564586316e+00 2.961881214839073628e+00 -3.814061802474878249e+00 0.000000000000000000e+00
1.739599714597064306e+00 -2.292306683616837759e+00 -1.651405180639123227e+00 0.000000000000000000e+00
-5.024962347302593946e-01 -8.272527177979220880e-01 -2.259515132943340276e+00 0.000000000000000000e+00
-2.901209825480595139e+00 1.063907807520908660e-01 -7.358082443113124205e-01 0.000000000000000000e+00
5.672579739922869457e-01 -8.614985361842559808e-01 6.284710872685633776e-02 0.000000000000000000e+00
