-3.519234343554794808e+00 8.143271469190613843e-01 -2.948830912373430646e+00 0.000000000000000000e+00
-9.753019979978985177e-01 1.764329470384755350e-01 -7.707772059458667391e-01 0.000000000000000000e+00
1.976240880117254184e+00 4.258502180280184568e+00 1.927642729518798781e+00 0.000000000000000000e+00
2.713486970472092086e-01 6.216303602424734509e-02 8.886650165996969886e-01 0.000000000000000000e+00
4.906150057883231809e-03 3.189160801532421596e-02 8.046528520539589571e-03 0.000000000000000000e+00
-5.162621467887024140e-01 -1.903622194335687468e+00 5.942202369837332743e-01 0.000000000000000000e+00
-1.408968071576967906e+00 1.888699405466555958e-01 -1.012368871687882699e+00 0.000000000000000000e+00
1.415145484819741784e+00 2.121335462615403955e+00 4.755707028145588211e-01 0.000000000000000000e+00
-1.154495740662139086e-01 1.024438928280348327e+00 -5.160750936398588173e-01 0.000000000000000000e+00
8.028709218596722375e-01 -8.345943776922611912e-01 2.489098482073652363e+00 0.000000000000000000e+00
2.221540528227877176e-01 -1.338136569123461912e-02 1.516240779859997778e-01 0.000000000000000000e+00
8.081204053209042337e-01 -7.550515003428368566e-01 4.260091074963565649e-01 0.000000000000000000e+00
-4.398979157083667824e-01 -7.457198780519719294e-02 -5.763196986301791225e-02 0.000000000000000000e+00
1.970983719641310694e+00 -1.225357261082193339e-01 1.474154296191816371e+00 0.000000000000000000e+00
-3.080775930725057968e-02 -2.397279585463078511e-01 -2.276547098642928979e-01 0.000000000000000000e+00
2.941851735071832064e-01 -2.901490150544286939e-01 3.706069808985127390e-01 0.000000000000000000e+00
1.173618137450635368e+00 3.816057408753154689e+00 1.881262164138684634e+00 0.000000000000000000e+00
2.161122127824548933e+00 4.703954735699732437e-01 2.149197710425285734e+00 0.000000000000000000e+00
1.832169364862067162e+00 2.744843822218081097e+00 2.084488490270176353e+00 0.000000000000000000e+00
1.801155274411639473e+00 -6.809730061791727795e-01 7.249715716215737737e-02 0.000000000000000000e+00
1.520233047199037180e-01 -2.886570991689201351e-02 1.090152443696710688e-01 0.000000000000000000e+00
2.286045472479531770e-01 -1.238120228129784506e+00 2.601291326447617847e-01 0.000000000000000000e+00
-2.224309372686184838e-01 -2.874068786635347039e-01 8.860374584881727800e-02 0.000000000000000000e+00
1.816779949051645415e+00 3.387714736197255938e-01 1.473173587921920991e+00 0.000000000000000000e+00
2.758991417366557508e-01 4.738073744307490232e-02 4.042467134920895711e-01 0.000000000000000000e+00
-2.581978653985201877e-01 6.866641177562422815e-02 6.820227893805347330e-02 0.000000000000000000e+00
8.568769863164874545e-01 2.581859866027331751e+00 -1.961141094370776050e-01 0.000000000000000000e+00
2.185135463311147219e-01 1.887386335160747386e+00 -7.197448350513526716e-01 0.000000000000000000e+00
8.260530199599346035e-02 1.406246327579711242e+00 -3.831229085105101739e-01 0.000000000000000000e+00
-8.526700255697976238e-02 9.603164944781054091e-01 -4.963279567403364179e-01 0.000000000000000000e+00
-3.623921106772438616e-01 -8.108972966111764880e-01 4.409730183475740750e-01 0.000000000000000000e+00
2.084254872176579010e+00 -2.939432667554462419e+00 2.102283616958701806e+00 0.000000000000000000e+00
3.035248530538750433e+00 -3.866212297078186033e+00 1.010008728490996655e+00 0.000000000000000000e+00
3.191964254954982039e+00 -1.391094008604353727e+00 2.389229377889412032e+00 0.000000000000000000e+00
-1.474241541390588772e-01 -5.714589963694496344e-01 -5.107977806145655997e-01 0.000000000000000000e+00
9.945720067466240835e-03 -6.945782851879811481e-02 2.335670984811217057e-02 0.000000000000000000e+00
-2.447729146707391668e-01 2.899070417773673136e-01 -7.155900618087475407e-02 0.000000000000000000e+00
2.853486239466150876e-01 -1.396948921915533437e-01 -2.673265891552490184e-02 0.000000000000000000e+00
8.247364921077129374e-01 9.927971953649825654e-01 8.116575400413306163e-01 0.000000000000000000e+00
-1.605091349928550737e-01 2.059457199936105820e-01 -4.829704522667966904e-01 0.000000000000000000e+00
-1.752725282745543622e-01 4.649809277235341654e-01 1.465697416874678881e-02 0.000000000000000000e+00
8.820389923783891195e-01 -8.688026769034967733e-01 1.720941226031321714e-01 0.000000000000000000e+00
-9.008454951430072688e-01 1.943999952480629234e-01 -7.834490671936218675e-02 0.000000000000000000e+00
-7.900256727355350339e-01 6.913952054392663582e-01 -6.877116385330830362e-01 0.000000000000000000e+00
-1.176253312717361110e+00 2.149635079911650093e-01 3.305053690111902642e-01 0.000000000000000000e+00
2.078302732826978971e+00 -2.179433137362830619e-01 8.752750392625205933e-01 0.000000000000000000e+00
2.231859706026277479e+00 -5.378709082745346537e-01 3.171133689633026664e-01 0.000000000000000000e+00
2.261253067570359487e+00 -8.503222099831703185e-01 5.845530831206278283e-02 0.000000000000000000e+00
-4.233567784492680564e-01 9.944990835513207728e-01 1.720298279363621230e+00 0.000000000000000000e+00
1.912747523752379719e-01 -9.654588615114673145e-01 1.670985909686664717e-01 0.000000000000000000e+00
-6.566127102964920415e-01 3.852089425296362446e+00 2.776233962669698019e-01 0.000000000000000000e+00
2.019244126131048311e+00 -1.603754230830436722e-01 2.186987590166073137e+00 0.000000000000000000e+00
1.411718067744468952e+00 1.279072545082276191e+00 7.556124226965524882e-01 0.000000000000000000e+00
2.835797759516829775e+00 -6.023688138587492968e-01 6.323096482046310918e-01 0.000000000000000000e+00
2.999526163226187592e+00 -3.183565843343328372e-01 2.556410489989100476e+00 0.000000000000000000e+00
6.626671644576438425e-01 4.604045449883872876e-01 -8.591549896332231206e-01 0.000000000000000000e+00
