-2.780487964943489043e+00 -4.985000031999001990e+00 -3.313911166151538357e+00 0.000000000000000000e+00
-7.885460654931952806e-01 -2.149415479177351429e+00 -1.134373229702575481e+00 0.000000000000000000e+00
2.428335381726302256e+00 2.929044791773143808e-01 -2.600384845259308686e-01 0.000000000000000000e+00
1.126626962228428397e+00 -7.130824639126740472e-01 3.842856049489329906e-01 0.000000000000000000e+00
4.164381847058259423e-01 -3.842661698937819836e-01 -4.864871956218932980e-02 0.000000000000000000e+00
6.146840699276907571e-01 -5.670039627051173259e-01 -1.232935096651423201e+00 0.000000000000000000e+00
-1.362102476722916622e+00 -2.780701251582545552e+00 -2.004440511296333050e+00 0.000000000000000000e+00
8.518299409982801329e-01 1.434853462615983899e+00 7.118516811798143440e-01 0.000000000000000000e+00
2.374588036912500255e-01 6.651147184730764328e-02 7.480738120465653118e-01 0.000000000000000000e+00
1.026043695310191906e+00 5.358558233271776272e-01 2.419072323607153852e+00 0.000000000000000000e+00
4.954298263739856378e-01 1.262266240680988694e-01 2.654824171737831251e-01 0.000000000000000000e+00
-1.802942481054952972e-01 9.732700360606344470e-01 6.937848439695439851e-01 0.000000000000000000e+00
-2.843116811117150575e-02 3.455872347078456919e-01 5.843324184371624375e-01 0.000000000000000000e+00
5.496422906337343761e-01 1.790687951519594812e+00 5.318850265224647211e-01 0.000000000000000000e+00
-4.379650089822527126e-01 2.260269154579188922e-01 1.162963593758390424e+00 0.000000000000000000e+00
-5.144218629401607901e-01 -8.482401564152357949e-04 -1.923359157420886645e-01 0.000000000000000000e+00
3.284245863709591262e+00 2.484625007676608544e+00 -1.005269433150921543e+00 0.000000000000000000e+00
-6.756573076210631301e-01 1.395242168321585874e+00 -2.101118460305062552e+00 0.000000000000000000e+00
1.885449752337260421e+00 1.458120606036536482e-01 -8.928553186331493752e-01 0.000000000000000000e+00
3.424635412359133269e-01 -1.355175387229566042e-01 6.771464903777764111e-01 0.000000000000000000e+00
2.189893161491353879e-01 1.667988150217571408e-01 1.823027422096835382e-01 0.000000000000000000e+00
-3.172901882226974446e-01 3.860717506671491051e-01 3.062875842446086683e-01 0.000000000000000000e+00
-9.443798893155590235e-02 2.031325565662039090e-01 1.664994012885305796e-01 0.000000000000000000e+00
3.781574029843237650e-01 1.224540820876872438e+00 7.823647911174931302e-01 0.000000000000000000e+00
3.273085754647105938e-01 4.540781435185657355e-01 1.494114465227755484e-01 0.000000000000000000e+00
-1.067094706994027586e-01 4.772893069258579007e-02 2.280692497383608186e-01 0.000000000000000000e+00
7.357510775010638326e-01 2.078772546532408505e+00 7.076400084730773976e-01 0.000000000000000000e+00
-6.956106391103400455e-02 1.561171769098365081e+00 -4.208234483673290449e-01 0.000000000000000000e+00
-1.158445621111286322e-01 2.248288678677979324e-01 -7.385176868396653438e-03 0.000000000000000000e+00
-1.580418859367022366e-01 -1.658359004052758698e-02 4.934820635563489377e-01 0.000000000000000000e+00
2.323235082403857787e-01 3.405161793586430008e+00 2.695610401068464501e+00 0.000000000000000000e+00
-2.169975003755429732e+00 1.390536861415243575e+00 -8.966794012373092704e-01 0.000000000000000000e+00
4.879250095005129850e-01 1.253451969124300458e+00 2.237123863524194345e+00 0.000000000000000000e+00
1.810693160737959051e+00 6.562894089324358138e-01 9.449303571922283984e-01 0.000000000000000000e+00
-6.369040583146830248e-02 -1.328152255927005365e+00 -5.170050051388760948e-02 0.000000000000000000e+00
-1.591325846899674934e-01 -3.671056328127030120e-03 -5.220383267517569176e-02 0.000000000000000000e+00
1.302407812758604455e-01 -1.262068246072335365e-01 -2.523939039049201138e-01 0.000000000000000000e+00
-2.263668646710079863e-02 -2.180306347089513153e-01 -2.463236366695989166e-01 0.000000000000000000e+00
5.742440464073218509e-01 6.985621208799246140e-02 5.934451850332150835e-01 0.000000000000000000e+00
2.861510322125093708e-01 -4.133958131452670770e-01 -8.245056164782590957e-02 0.000000000000000000e+00
1.410860517102969780e-01 4.426959264362823054e-02 -6.420687937556565639e-02 0.000000000000000000e+00
-1.435829491350171017e+00 7.255814455639336691e-01 8.975260591745685135e-01 0.000000000000000000e+00
3.928959270501806711e-01 1.527794012112492883e+00 3.535955201025526295e-01 0.000000000000000000e+00
-5.761766077193306718e-02 -3.225012472935702701e-01 1.952628547169280582e-01 0.000000000000000000e+00
1.297729230136794240e-02 -2.898667061459906380e-01 -7.926960668473444216e-02 0.000000000000000000e+00
-2.279108414008775618e+00 3.719604938265304472e+00 2.929230319255731629e+00 0.000000000000000000e+00
-1.393515106759153799e+00 1.285899317608915737e+00 -2.686896768396511703e+00 0.000000000000000000e+00
-2.245215192796985466e-03 1.110807423664034177e+00 2.087169981764702698e+00 0.000000000000000000e+00
1.544595270546385013e+00 2.151763695836042822e-01 -7.322498102460512914e-01 0.000000000000000000e+00
-4.422780887230512992e-01 8.666885639170493483e-02 1.016069264944244432e+00 0.000000000000000000e+00
3.687765727542536620e+00 3.571577734200392928e+00 -1.296342393894280187e+00 0.000000000000000000e+00
-1.264635538636145640e+00 1.869748490983549338e+00 -2.303530455494949614e+00 0.000000000000000000e+00
2.138629211543077169e+00 8.936706023518007358e-01 -1.367688577690449714e+00 0.000000000000000000e+00
-4.628125155189401485e-01 1.374791216468292721e+00 -9.887933967405532210e-01 0.000000000000000000e+00
5.146414377528121253e-01 -2.077988011937743629e-01 3.992501465931955207e-01 0.000000000000000000e+00
-1.115930652963885938e+00 1.672672607271321388e+00 4.389212719421007325e-01 0.000000000000000000e+00
