2.483391461808696299e+00 -2.565146686249045960e+00 -2.867935904573825301e+00 0.000000000000000000e+00
-9.796496975435643739e-02 -4.561923318204397226e-01 -4.251244223915220943e-01 0.000000000000000000e+00
2.322611963315099892e+00 9.086725356088269923e-01 9.367910636460681228e-01 0.000000000000000000e+00
-2.089389046104836167e-01 1.894153418566852654e-01 -5.536569380873362922e-01 0.000000000000000000e+00
-5.874622654412080536e-01 1.956852294941826831e-01 5.586501258676832560e-01 0.000000000000000000e+00
4.505323251152469899e-01 -1.312307085129084339e+00 -1.258211087985119603e+00 0.000000000000000000e+00
8.693340313028218302e-01 -1.138387746656108312e+00 -1.261348545463385262e+00 0.000000000000000000e+00
-2.583337222524524357e-01 1.123381132298101104e+00 1.050218748982803874e+00 0.000000000000000000e+00
-1.174498987480876167e-01 2.673512253064721511e-01 2.935731227341021807e-02 0.000000000000000000e+00
-6.348320831583821322e-01 -1.078077616868476779e-01 -1.026171120167662876e+00 0.000000000000000000e+00
-4.252502065863537073e-01 2.156621943045733125e-01 5.635229374335434249e-01 0.000000000000000000e+00
-1.026881760156863610e+00 7.780663316952158848e-01 7.268562416642371238e-01 0.000000000000000000e+00
7.211030798761103311e-02 1.920421181134934763e-01 1.507826493902641174e-01 0.000000000000000000e+00
-1.395822925973431605e+00 6.128286848091053507e-01 1.036772818559252851e+00 0.000000000000000000e+00
-2.607386118692711086e-01 -3.833834086696888965e-01 -3.761132724968644925e-01 0.000000000000000000e+00
-7.523624794752244993e-01 2.597114578357250791e-01 6.020211360345099072e-01 0.000000000000000000e+00
1.347905550479528536e+00 5.138158313904129804e-01 -2.670690537651824736e-01 0.000000000000000000e+00
-1.003592450526673785e+00 -5.440315506294320924e-01 6.658462188894191947e-01 0.000000000000000000e+00
1.122552917975742970e+00 4.925952288801952461e-01 7.772400510019369380e-01 0.000000000000000000e+00
-4.042869602248472249e-02 -3.782612323685847211e-01 4.930949254621495581e-01 0.000000000000000000e+00
-1.259459278522358783e-01 7.360590251173845799e-02 2.210281386524467762e-01 0.000000000000000000e+00
-6.656572362983675939e-01 2.289961366719637792e-01 2.167866599094375735e-01 0.000000000000000000e+00
4.840400073698372663e-02 7.168188221230106794e-02 1.052224583662784013e-01 0.000000000000000000e+00
-6.042051996552199045e-01 6.475879355660557612e-01 1.022729191889936384e+00 0.000000000000000000e+00
-4.366971288508257332e-01 3.055677069469909246e-01 5.397095198985543130e-01 0.000000000000000000e+00
4.336667425007945109e-02 -2.109439817101891046e-01 -6.638021495489243584e-02 0.000000000000000000e+00
8.035036816643263968e-01 -2.834791002377263225e-01 -8.667962228252511503e-01 0.000000000000000000e+00
7.397662107563690581e-02 -8.634235144105186777e-01 -3.130287075157019427e-01 0.000000000000000000e+00
-1.941173519355803845e-01 1.158300032669113376e-02 7.183062443494772631e-02 0.000000000000000000e+00
-2.495695715797404401e-01 2.539787428077486947e-02 1.202271024765930174e-01 0.000000000000000000e+00
3.441968778142365792e-01 1.194099443692154816e+00 -9.838738719628290497e-01 0.000000000000000000e+00
-2.146051606442103132e+00 1.838996437367421466e+00 1.582715967573601334e+00 0.000000000000000000e+00
-9.056245332993355657e-01 -1.969863970326741209e-01 -9.536199558090999173e-02 0.000000000000000000e+00
-1.130469859777194719e+00 -4.109585742894210636e-01 1.744734982936114731e+00 0.000000000000000000e+00
7.459978480662287081e-01 2.140491268007641001e-01 -1.432553731621576620e+00 0.000000000000000000e+00
1.474548212488683285e-01 -5.392179995400691456e-02 -1.985960376072461731e-01 0.000000000000000000e+00
3.155956101143376769e-01 -3.835379413533613335e-01 -2.697510885090120825e-01 0.000000000000000000e+00
-4.207957516453260383e-03 -9.423666098191671447e-02 -8.044158718955907866e-03 0.000000000000000000e+00
6.958484462841889595e-01 2.865402384083031162e-01 2.101736142338293534e-01 0.000000000000000000e+00
2.752270240141255209e-01 2.449874037778516922e-01 3.878750603111996709e-02 0.000000000000000000e+00
1.548576530849684885e-01 2.824193908472716341e-02 -2.281461830574179339e-01 0.000000000000000000e+00
1.302968463164844160e+00 -1.313797671438704961e+00 -1.506919323854742032e+00 0.000000000000000000e+00
8.285692514348418358e-01 -8.129034312875041968e-01 -1.253227915409946158e+00 0.000000000000000000e+00
-6.214966219534028696e-02 -5.315826019444999107e-01 -7.446604471217417309e-01 0.000000000000000000e+00
-3.924841591915820271e-01 3.087853133838610598e-01 -6.627929810229706842e-01 0.000000000000000000e+00
-4.800565252835151675e-01 2.424235409635154159e+00 -4.167890985526507275e-01 0.000000000000000000e+00
-2.407696794632741000e-01 -6.720628485976830602e-01 8.384559576159019700e-01 0.000000000000000000e+00
-4.196334390240295531e-01 -1.391644392905587724e-01 6.156034992766621361e-01 0.000000000000000000e+00
-4.650260056888202986e-01 9.124988471045737681e-03 1.286281620997170361e+00 0.000000000000000000e+00
2.840567192445238032e-01 9.856265563016168851e-01 -1.352537913739005060e-01 0.000000000000000000e+00
-1.528928822470505100e+00 6.428617625263417512e-01 2.818086734072253297e+00 0.000000000000000000e+00
-2.365259840200477193e+00 8.508276554281287707e-01 3.414618323014318335e+00 0.000000000000000000e+00
-8.456488912306484584e-01 -1.397454820243806850e+00 1.387236848612323881e+00 0.000000000000000000e+00
-1.964908397171523102e+00 -8.380310918838489442e-01 1.099590852517491751e-01 0.000000000000000000e+00
4.912291364710710262e-01 -1.405212084325689448e+00 5.761002352469488663e-01 0.000000000000000000e+00
9.224382978305717407e-01 -9.126568787602149513e-01 1.172679780303007790e+00 0.000000000000000000e+00
