4.750528510626610412e-01 1.566800735192152016e+00 4.106893706529256782e+00 5.896251293095604584e-01
-1.117777010895043555e-01 -6.377970894020903447e-01 -3.950949988317282724e-01 -1.423707211237767445e-01
9.987399464607328581e-02 8.692800054130017662e-02 -9.698626367673706117e-01 7.806838051132836132e-02
3.857144146585822497e-02 -1.891758867384911502e+00 -5.670723572876857688e+00 -1.987550288357919914e-01
-4.974820597772731945e-02 -1.090803077432229706e-01 9.736431533886495959e-01 1.974622073664433763e-02
2.682467429734032571e-02 -2.817380481211773091e-02 -2.615758935586929290e-01 3.887579236391221910e-02
-1.720164359900125395e-02 1.266738701371613152e+00 1.129869413723644911e+00 -2.329350979565358859e-02
-4.331923875964224790e-02 -8.021569543495621346e-02 3.132914386923645544e+00 4.614664436717635931e-02
-1.809732754783920788e-02 3.323666381796674951e-02 3.014528869677775003e-01 -4.943773329941307526e-02
-2.801259212679289012e-01 1.277110460844306239e+00 3.899655558467575389e+00 -7.122701878041370893e-02
-2.278993467849301791e-01 -1.283693361411913259e+00 -1.756905545853087780e+00 -6.636983172340082948e-02
-2.464514004360943145e-02 4.522226669658979681e-02 -3.376913895912255992e+00 -1.150087334422125740e-01
-1.797350812073726101e-01 -6.060114254808575129e-01 -2.105129628942564501e+00 -5.177776993523171001e-01
-1.430723219845509431e-01 -2.195750686160200527e-01 -4.861425235012435397e-01 -4.800964839080926194e-02
-6.746617953475736451e-02 2.282526497036574398e-01 6.238169905657313663e-01 -4.726292404981313755e-02
2.124803711085378188e-02 8.667208025868384791e-01 5.533023356785030655e-01 2.368915865444867208e-01
2.358082826697249779e-03 1.802439586973864083e-01 -2.943026131598052153e-01 1.229020618243759078e-02
-6.875861537173066917e-04 -1.720198615027811462e-01 -3.637031998720887671e-01 -1.511150293656421395e-02
1.532033295477784607e-02 1.372499166918554891e-01 3.299586969141872217e-01 1.122070133518582313e-02
1.502115496235599812e-01 -4.452367997772274100e-01 -1.295596063771987883e+00 6.312334708830341645e-02
-1.573393014337613749e-03 3.385241012109112546e-01 8.053641352771903072e-01 -1.683443373032433854e-01
2.210049077650819149e-02 -2.117419367035472400e-02 1.520983056830620406e+00 5.148301417217805709e-02
9.786705838236597899e-03 6.175430532142138773e-01 1.148670375829765167e+00 4.298261815101195316e-01
5.572255794809982676e-02 -1.304705115105818658e-01 -4.792495943459966767e-01 4.023925739273359614e-02
1.195390745893555318e-01 1.428714428004831949e-01 2.724395042788697596e-01 3.822085850709522337e-02
-4.998116006789338206e-02 -1.314615062349759889e+00 -3.583742993528891141e-01 -4.206934925484561161e-01
4.956143116076065086e-03 -2.772161292137350630e-01 4.499902983661814293e-01 -7.679700041446915759e-02
2.517849295882196303e-03 3.730109178394254155e-01 3.421066741117511079e-01 5.572265753681654443e-02
-5.553799298474937363e-03 -3.224374442646560368e-02 -2.829730073510361432e-01 -3.678471827029822228e-02
5.330393781349396232e-02 6.264226716329222011e-01 2.291604161815395946e-01 1.097297919502878416e-01
4.419327677208847310e-02 -6.386529458928813519e-02 -2.270438656120226661e-01 3.488721377326162165e-02
2.425900117162313463e-02 -2.025392564068324575e-01 -1.766502496481748841e-01 -4.572224692162271675e-02
1.999415320537255292e-02 3.547912388475776835e-01 -4.788823278389962024e-01 6.424584212779366199e-02
2.502289374128885413e-04 -2.221896893650212590e-01 3.128982602497794030e-01 -4.168424572206624878e-02
-2.510095695311901492e-02 6.227644575218527212e-02 1.657662243572341487e-01 -1.120903601898351476e-02
2.183437085310091855e-02 -1.777157920569610861e-02 -1.273976394539922952e-01 5.996859101994742036e-02
-4.022859203859759092e-03 5.127413276990247515e-03 -2.461260680933214096e-01 -6.592609984050052524e-03
-3.389256773755537633e-02 -1.902419707260873671e-01 -2.338099356490543346e-01 -1.532034145199088482e-01
-2.448443612571070405e-02 -1.364752801727080189e-02 -5.952721562978036118e-02 -4.657466580306413029e-03
-1.247513844158193441e-02 1.692803799144534938e-02 1.162514739550938869e-01 -1.352789972324512646e-02
1.183180304298761532e-02 4.794852276464270924e-01 1.236330985567339336e-01 2.216214000008182028e-01
-1.944556120130497279e-02 9.483507069086788421e-02 -9.378426800376371553e-02 2.855068967470821353e-02
1.544846481938561000e-04 -1.026867139374162963e-01 -8.856738918679052386e-02 -9.268282640127134542e-03
2.184035149404267573e-03 -3.127038510289448237e-03 5.145572376989387964e-02 1.395292251321547661e-02
-6.846843313149497678e-02 -5.610882155123482207e-01 -2.302494800672586495e-01 -1.743485665130002638e-01
-4.056884406480770061e-02 -8.257173267230513702e-02 8.589355750501329045e-02 -4.329264005887249744e-02
-2.999284912296973360e-02 5.907236402274716053e-02 1.003310838039617181e-01 1.281070969940813209e-02
-1.632437100101562233e-02 -1.910575972009513346e-01 2.784206310465981993e-01 -4.183065381288841866e-02
-8.362602985714090442e-04 1.125808343572347603e-01 -1.790290525520323861e-01 2.268476554462629802e-02
-3.385711145892350560e-02 -7.626413987816804685e-02 -5.526749345432433458e-01 -1.429585105991031946e-01
-1.640797809645228034e-02 -8.157713015403128543e-02 -3.444274843957271792e-01 -4.456652646903383475e-03
2.734170882634373578e-02 -3.139680069266502227e-01 6.418852128297194981e-02 -1.304611404285554305e-02
4.648754958215761679e-03 -3.301161369717313387e-02 -2.128102349253148118e-01 4.008324568855420322e-02
-2.148078416853907435e-02 -7.886529784530749154e-03 2.647842096275224155e-02 -6.753036470684484205e-02
-2.035016609869035042e-02 -7.783823405102469062e-02 3.908868127510939372e-02 8.560741443802977191e-03
-2.911170670270935568e-01 -5.050767323006721821e-01 -1.134313806913549882e+00 -3.086848821443619606e-01
3.497262170556124893e-03 1.291728147226042095e-02 2.169181023133780889e-02 5.764519857380787961e-03
