-4.531994172220383810e+00 -3.473830466466629741e+00 -2.525584458116731046e+00 0.000000000000000000e+00
-2.539662774828805869e+00 -1.311686095714602152e+00 -7.544926857752776161e-01 0.000000000000000000e+00
4.311255418605095535e-01 -2.082181201901915357e-01 2.399492910598495676e+00 0.000000000000000000e+00
-6.998719187995916524e-01 -9.380184978830202747e-02 4.012098075727841412e-02 0.000000000000000000e+00
-8.313155851834603816e-01 -7.074482575878072999e-02 -1.494559644461487813e-01 0.000000000000000000e+00
3.803588406535481359e-01 -6.980489859448892886e-01 1.531757730761577285e+00 0.000000000000000000e+00
-3.106221731817359277e+00 -2.327273484840328255e+00 -1.726332785891149912e+00 0.000000000000000000e+00
9.238016605192831410e-01 1.253182870227882439e-01 6.130678655505471530e-01 0.000000000000000000e+00
2.309876410981619166e-01 7.699583826267675235e-01 4.201086065008270004e-02 0.000000000000000000e+00
3.505213446877762928e-01 1.498630850120468816e+00 -1.531372798498106293e-02 0.000000000000000000e+00
-7.079814333517005231e-02 2.986117435678348198e-01 3.379084805697167484e-03 0.000000000000000000e+00
7.110739796626983633e-01 1.959565016132095161e-01 -4.703106106454964519e-01 0.000000000000000000e+00
3.989377046842808028e-01 5.012769903479842304e-01 -2.769611891280160387e-01 0.000000000000000000e+00
2.094227728640835284e+00 1.055196063475110080e+00 1.256070574967514064e+00 0.000000000000000000e+00
3.084807942155427529e-01 1.265517569126706210e+00 1.011399890435551729e-01 0.000000000000000000e+00
-3.913057273432693495e-01 -3.536879026967233441e-01 -7.664103900086950416e-01 0.000000000000000000e+00
2.498171183671011875e+00 -2.875480119133853596e-01 2.968036656324874567e+00 0.000000000000000000e+00
1.472487380897479214e+00 9.893131097835118626e-02 1.350345892899564582e-01 0.000000000000000000e+00
-3.673376915594891989e-01 1.320880573438216743e-01 2.306069834173979149e+00 0.000000000000000000e+00
-4.702038725706053079e-01 1.340274797769495652e-01 -9.197524371810745780e-01 0.000000000000000000e+00
1.133076225281181015e-01 1.999484399721576933e-01 1.692030280933278300e-02 0.000000000000000000e+00
4.101785035275731794e-01 1.019553022067090364e-01 -3.298195497190719028e-01 0.000000000000000000e+00
2.313847969539630234e-01 1.649927361341494425e-01 -2.198102836700188967e-01 0.000000000000000000e+00
1.818723304299864063e+00 9.948023568465953481e-01 8.370873107643643785e-01 0.000000000000000000e+00
4.190696256504493622e-01 2.022736094244620142e-01 -7.190059536244465532e-02 0.000000000000000000e+00
1.560797638764758744e-01 4.519178603439873432e-01 2.792845750999739529e-01 0.000000000000000000e+00
2.177965633272446855e+00 1.568379857509794695e+00 3.148901666748140649e-01 0.000000000000000000e+00
1.516153843892018571e+00 -7.564120453501189945e-02 1.007067096563559083e+00 0.000000000000000000e+00
4.450476091562850095e-02 1.130051125736531853e-01 -3.028772301277071755e-01 0.000000000000000000e+00
-2.986343835129163793e-01 3.000766968952721103e-01 -1.379513246257792758e-01 0.000000000000000000e+00
3.213234875106164790e+00 2.226190766951905875e+00 1.669617847048806558e+00 0.000000000000000000e+00
1.928746046311062390e+00 -1.593566755167719062e+00 -2.388522142530557613e+00 0.000000000000000000e+00
7.395652922417871311e-01 2.180099737044835173e+00 1.852120496220073909e+00 0.000000000000000000e+00
5.881107843034752980e-01 2.609533858787441707e-01 -6.342547775840837732e-01 0.000000000000000000e+00
-6.647797901468635029e-01 -7.423350013311889040e-01 -1.051644304853047496e+00 0.000000000000000000e+00
-2.593120509624233586e-02 -8.508326773662629183e-02 -5.284251239112391571e-03 0.000000000000000000e+00
7.985266270163507429e-02 -4.443630375034267332e-02 3.904536682717389406e-01 0.000000000000000000e+00
-1.449633133309030097e-01 -7.195264383271450515e-02 4.914982928482459351e-03 0.000000000000000000e+00
8.899282748938958099e-01 4.398690282677514829e-01 7.185195323251626354e-01 0.000000000000000000e+00
-2.203352796938478630e-01 -6.129938053596949848e-02 5.891605694930789339e-01 0.000000000000000000e+00
8.902651490651358746e-02 9.177373163085265906e-02 2.956880283876335835e-01 0.000000000000000000e+00
1.538918336731799563e+00 1.876500604145289408e+00 -1.167262173487098043e+00 0.000000000000000000e+00
1.145443847229250744e+00 -5.618592493309103597e-01 1.794527876587264537e+00 0.000000000000000000e+00
-2.445257468641220122e-01 -1.576510645264464772e-01 -5.308649616382911107e-01 0.000000000000000000e+00
-5.902888315384023921e-01 -3.502978095764869848e-01 -3.265039867034974508e-01 0.000000000000000000e+00
3.394245906559179460e+00 2.780410093197536625e+00 1.549794492518900280e-01 0.000000000000000000e+00
2.047957537336728695e+00 -2.250382462975716091e+00 -2.302431920322781433e+00 0.000000000000000000e+00
8.598991563548123995e-01 2.540896905909070469e+00 1.411822151718683305e+00 0.000000000000000000e+00
6.744612427327288939e-01 1.785459896329279761e-01 1.458732156974092753e+00 0.000000000000000000e+00
9.532571861332994612e-01 6.107937726421867053e-01 -4.737873029660126245e-01 0.000000000000000000e+00
3.160646509875870258e+00 1.259052673637207354e-01 2.794556628132829790e+00 0.000000000000000000e+00
2.356561026000050241e+00 -1.939201324567466772e-02 1.256506652893613518e+00 0.000000000000000000e+00
6.789721182241368336e-01 1.358235867389127494e+00 2.590669689148664467e+00 0.000000000000000000e+00
9.799884051038546540e-01 4.488671096737089083e-01 5.841554158186881285e-01 0.000000000000000000e+00
3.007771274326949754e-02 7.730414024777245707e-01 1.150675296479935605e+00 0.000000000000000000e+00
6.477258156700601566e-01 -7.044355054122386495e-01 -3.673488702928151550e-01 0.000000000000000000e+00
