-2.685410646676676283e+00 -2.694551597944384369e+00 3.424916024261757563e+00 0.000000000000000000e+00
-3.515449487632698045e-01 -2.491902181143798578e-01 2.557694153016119576e-01 0.000000000000000000e+00
6.278189404182560329e-01 3.088424267856946792e-01 2.799441889142190165e-01 0.000000000000000000e+00
-2.575000479377891893e-01 5.198063918628851310e-01 6.791774251976279153e-02 0.000000000000000000e+00
4.724413637513265041e-01 5.844292408257126814e-01 -5.919197794599897477e-01 0.000000000000000000e+00
-1.143903067424427489e+00 -1.260629139258460540e+00 1.938382241147458274e+00 0.000000000000000000e+00
-1.079932556228653473e+00 -7.715346572644363743e-01 2.440906001076569076e+00 0.000000000000000000e+00
2.195914155917275679e-01 -6.457404727041922421e-02 -3.129248688882936280e-01 0.000000000000000000e+00
-7.797703595575123520e-03 1.737380537529470970e-01 -2.407910968904937270e-03 0.000000000000000000e+00
-1.842387654949962483e+00 -1.005259210013106586e+00 1.331574410930794095e+00 0.000000000000000000e+00
5.308179012997441548e-01 6.023733090609871832e-01 -5.990628568619680294e-01 0.000000000000000000e+00
-1.034790458022393986e-02 -1.717193134849548108e-01 -4.555752077344363271e-01 0.000000000000000000e+00
9.292306838558565818e-02 -4.597975986350068961e-02 -6.888327710488312272e-02 0.000000000000000000e+00
7.526750381346519747e-01 6.599152265054973876e-01 -1.580956500611965687e+00 0.000000000000000000e+00
-1.193423130813113131e+00 -4.596714331589459301e-01 5.768319674418683762e-01 0.000000000000000000e+00
4.997291966034610455e-01 6.573131091014600136e-01 -4.267616100538599300e-01 0.000000000000000000e+00
-3.387455163340876568e-02 -1.054093711977406311e+00 9.177462513417801171e-01 0.000000000000000000e+00
-1.231037722629767739e+00 1.340760041257608726e-01 1.739897698209446730e+00 0.000000000000000000e+00
1.392408665219659059e-01 -1.081816029601397222e+00 1.778087036902645135e+00 0.000000000000000000e+00
5.086520451457550163e-01 -1.465346647363170718e-01 2.919631731694181664e-01 0.000000000000000000e+00
2.382453090320426625e-01 2.569614906737918703e-01 -2.377526967237121591e-01 0.000000000000000000e+00
-3.860031049372229101e-02 -5.015000168573323369e-02 -2.942951552741663312e-01 0.000000000000000000e+00
6.782495793795470518e-02 -7.924091860647464181e-02 -8.227638774801024346e-02 0.000000000000000000e+00
3.576014472360256047e-01 4.207780167659794235e-01 -1.513676440171187298e+00 0.000000000000000000e+00
2.562289424878157473e-01 3.320184139818446734e-01 -7.966072361378264688e-01 0.000000000000000000e+00
-3.341035327499379814e-01 3.740940809970670633e-02 -3.217958405692378787e-01 0.000000000000000000e+00
-5.838170413292516070e-01 -1.464725308655792979e+00 1.523839832110899017e+00 0.000000000000000000e+00
-2.347861775567832432e-01 -3.699445952750239353e-01 7.501164770200519083e-01 0.000000000000000000e+00
-1.881276250970313410e-02 -6.351631657866900760e-01 2.519214483890624412e-01 0.000000000000000000e+00
2.336987763151049113e-01 -8.743948211580930552e-02 -2.571532803929351685e-01 0.000000000000000000e+00
-4.991525067302132745e-01 -2.955550639802139390e+00 1.262535548713807687e+00 0.000000000000000000e+00
1.294458297205534514e+00 -7.264403482185352035e-01 1.672926397238649054e-01 0.000000000000000000e+00
2.099886975171017411e+00 1.185165269072479433e+00 1.051383545295238253e+00 0.000000000000000000e+00
-1.263984625526329841e+00 1.290673477544273196e+00 9.733744461178188701e-01 0.000000000000000000e+00
-3.095370316768294994e-01 -1.230565456091308185e+00 1.731603703799295069e+00 0.000000000000000000e+00
-1.672088754568293867e-01 -1.962222794534573822e-01 2.423394844470977416e-01 0.000000000000000000e+00
5.479085132336514175e-02 1.813600951918278859e-01 8.050809825195259783e-02 0.000000000000000000e+00
-9.483224307878297676e-02 -1.049428589739707929e-02 1.139119037409648191e-02 0.000000000000000000e+00
-5.938669656743963410e-01 -3.006605496416410728e-01 -2.426512050666730369e-01 0.000000000000000000e+00
4.506353481426852992e-01 6.057845551215313568e-02 -5.996148160418881545e-01 0.000000000000000000e+00
-3.013099505449786109e-01 -4.345318874375168061e-01 -1.882657629938649657e-01 0.000000000000000000e+00
-7.910858183030640145e-01 -1.436935607266059955e+00 2.067367984239881551e+00 0.000000000000000000e+00
9.188075656910535960e-01 -3.586162499640498380e-01 -6.898623422448846298e-01 0.000000000000000000e+00
-1.094870274613581468e-01 1.598909964329398581e-01 -1.141032628795897841e+00 0.000000000000000000e+00
-2.604564227416501510e-01 1.063779621305204204e-01 -5.194356001718538618e-01 0.000000000000000000e+00
1.623476723562688462e-01 -2.788949225447297398e+00 -9.889286173037119543e-01 0.000000000000000000e+00
1.956650288432854046e+00 9.031474768680559650e-01 -1.807567227338400917e+00 0.000000000000000000e+00
1.985666757220578393e+00 1.497617829196023376e+00 -4.199470147959760702e-01 0.000000000000000000e+00
2.177954041604531765e-01 1.119431151205814157e+00 -9.205969837492774532e-01 0.000000000000000000e+00
3.569515932492888788e-01 -4.483123588602864751e-01 -4.931722743238618478e-01 0.000000000000000000e+00
-4.651721055486734285e-02 2.763809741608718618e+00 -2.218316667310284984e+00 0.000000000000000000e+00
-9.790510551890708735e-01 1.696691199517499804e+00 -2.612221434434325751e+00 0.000000000000000000e+00
-1.310676283230288064e+00 3.253196217786326061e-01 1.760992244768415205e+00 0.000000000000000000e+00
-7.888569466310727529e-01 -8.294327144042730471e-02 1.922281233304542702e+00 0.000000000000000000e+00
1.274756411499743392e-01 1.219330464967000038e+00 1.373617215309038242e+00 0.000000000000000000e+00
1.044918840717403929e+00 1.328697734003556931e-02 8.250968824839964855e-01 0.000000000000000000e+00
