-7.852102871071885204e+00 -1.212918400038637712e+00 -9.815681231454803646e-01 -1.208826646103176916e+00
9.628785585885285769e+00 4.269133553611787479e-01 1.741459902344562327e-01 2.944299689512105966e-01
2.527674063642477265e+00 -2.306070901772402371e-01 -2.830977068983125955e-01 -2.739368922038322163e-01
9.839570635307257618e+00 -1.295026703070865093e-01 -7.058770528727723592e-01 -1.657824359475225107e-01
4.251967058277243083e+00 9.557044303162048893e-02 5.163291127088466270e-01 9.023474664412578505e-02
-1.370241860026355951e+00 -1.158957333962379876e-01 -2.113574614241248151e-02 -9.005475668738553707e-02
-2.274171154893754476e+01 -7.207979905076133953e-01 -2.324859373275710572e-01 -4.425761537793626577e-01
-4.629866320253313461e+00 -5.382972118796980343e-01 -3.533081193248795993e-01 -3.652238510783103465e-01
-3.118134089062439607e+00 -1.945297337260984416e-01 2.361417386530458851e-01 -2.204655601625962746e-02
-7.204422902455002387e+00 5.045820384902840461e-01 1.086260518314403400e+00 5.413747515000671973e-01
2.139500486461602691e+01 4.052705849713276187e-01 2.737035413778832194e-02 6.270275345613873785e-02
1.918673088175754771e+00 4.793239195347056558e-01 3.029912069072637215e-01 2.459612532597977019e-01
2.421187316528744304e+00 -2.929310206376639636e-02 -5.769701540386734662e-01 -2.515860134260200498e-02
1.042316453982980917e+01 1.709657431383070358e-01 -5.501524758145177607e-01 -2.678740592927408848e-02
4.373168997341368325e+00 -2.041861704450353976e-02 -6.211272515415977580e-03 7.655517664516209297e-02
-1.461717823031194996e+01 -6.688872194645925084e-01 1.769257027575891206e-01 -7.018465310973079352e-02
-1.098333208735229505e+01 -4.389308377873041289e-02 -2.745875603683616828e-01 3.115639059589142557e-03
-6.262384455844880904e+00 5.372430723026128119e-02 -2.136318345139783248e-01 -5.090876436205621358e-03
-7.793270039643473979e-01 1.850364575714724680e-02 -4.739084414087535446e-02 -6.090537278688468170e-03
2.777831842192914014e+00 -1.588548095031139251e-01 -4.188763872024838797e-01 -1.736296223714924314e-01
-8.499917015485321414e+00 -2.384208783019490241e-01 -7.359564194715834118e-02 -4.623524474749446389e-02
2.254246583657364411e-01 -1.651064270972801840e-01 -1.086142321088263141e-01 -2.849812336542201230e-02
-5.729400544242066573e+00 1.611811417691948467e-01 5.786230893208719195e-01 2.736680342652410003e-01
-2.468429974114182635e+00 9.006541507956811188e-02 -8.964725763902670064e-03 -2.685726944718674902e-02
-8.470457271020460865e+00 -1.156259396732746136e-01 3.698265474557025367e-01 -3.530995634934847027e-02
1.341213644690625095e+01 4.910733121918821054e-01 -5.809073361741585728e-01 2.025037481434771025e-01
1.043845703707752648e+01 3.361616457705944860e-01 4.029835432428358066e-01 1.267038554214450219e-01
1.130338718918455498e+00 -7.300984652733893965e-02 2.353425065162970675e-01 1.181708289683416901e-02
-2.689454763746361721e-01 -3.117129768179049965e-02 5.681494656980157210e-02 1.540995776395887029e-02
-4.959108057294137950e+00 -1.015841795820149884e-01 -1.007021403515106384e+00 1.299982398922883142e-02
3.367278247305112160e-01 3.722519435739308769e-01 -3.522847607585080087e-01 7.724915276406087161e-02
7.318798482384359261e+00 9.989765185169141581e-02 -5.330233508260007191e-02 2.580310554184842009e-02
3.239048343746034675e+00 4.602456732849025123e-02 -2.506397723062814276e-02 -1.158657638495541597e-03
4.253672538970088013e-02 7.922996700252282753e-02 6.391028462823578060e-03 -4.976086323171813319e-03
-3.931242559131050696e-01 2.021484320819225133e-02 6.358128877486077246e-02 2.238553825771373226e-02
1.004368493710602994e+00 4.300370058452447630e-02 8.647796579626082503e-03 5.082680463434144369e-03
-1.879606155778562604e-01 2.452271571078165277e-02 2.277643874247422401e-02 -3.507203518182629154e-03
2.331864902744675838e+00 -3.616873192413375127e-02 -1.647724898330755749e-01 -7.181825189174738389e-02
1.976236231283084344e+00 2.364898056414316274e-02 -9.941265880465077753e-02 9.719671728716391956e-03
2.630087367516132368e-01 -2.578522294502089141e-02 7.106050969466273792e-03 3.794049615460197422e-03
-3.511306083622687702e+00 4.483502687462420644e-02 3.977427888720628246e-01 9.679611427392879885e-02
-1.862718778896451433e+00 -1.349718231262477808e-01 -1.799444153433445159e-01 -5.470808689487927090e-02
1.586182509911672422e+00 2.008817767564122225e-02 -8.552476100191144792e-02 -4.900906131233357527e-03
7.450312021805893803e-02 9.896053580240038450e-03 -2.260674270704981365e-02 -5.556500919229871716e-03
-5.297955624268686492e-01 5.001231520925217833e-01 9.734013245627151090e-01 2.157552504321094688e-01
-3.790973968703188035e+00 -1.263937363151280135e-01 3.198183885865960585e-01 2.735864559876273472e-02
-5.986750161765941769e+00 -6.070400830342459475e-02 4.724725683734497250e-02 -2.516827237522334393e-03
-1.087124981145919378e-01 -2.510495746345409174e-02 1.079429603001125226e-02 -3.498224373845226776e-03
2.394030357235876760e-02 -3.805442474041395573e-02 -2.470556887544300695e-03 2.882805312936276287e-03
7.896808103676518087e+00 7.213902609351281470e-01 5.581740521397834387e-01 1.235594584529657869e-01
6.203038006557743955e+00 5.164405478659617188e-02 4.459429906602168092e-01 6.567151737867860106e-02
3.044912615280466639e+00 -1.124690340772122044e-02 2.084688479191690869e-01 1.073695293147410024e-02
-2.202230405395788182e+00 -6.452665735455498375e-03 1.087439915821658554e-01 -1.331247546579861218e-02
-1.416331998539281933e-01 1.002217853095432876e-02 3.856597303759923268e-02 -1.024586603754623626e-03
6.632001652457322760e-03 1.955107916528753265e-03 7.862244532330475710e-03 -5.135671493385063346e-03
2.208738125967307564e+00 7.123573423419842232e-01 6.784061189205576881e-01 7.137972004807903170e-01
9.632561418365454681e-03 4.680188219347101303e-03 3.978140097863173096e-03 3.059541473329423222e-03
