3.244357828421451373e-02 -2.809759610039597177e-04 4.421788320885522428e-04 -1.030989787780001166e-02
-2.365362439132692174e-01 -2.392094045205528929e-01 -2.334306573606752533e-01 -2.607575520757903775e-01
-2.501807572410752467e-01 -2.391667558945254624e-01 -2.375257632545564879e-01 -2.384369333087271725e-01
-2.347724736514056332e-02 2.584703074455457772e-02 2.099723424024835250e-02 3.299769349353098846e-02
-7.876087113972252141e-03 -3.072704669993542304e-04 6.781760324614860558e-03 2.215814142280803090e-02
-1.293271675757745598e-02 1.909393943284903861e-03 3.492985512320578856e-03 3.191898078831745256e-03
-1.393065998013778284e-01 -1.537169204689626811e-01 -1.772290610239992681e-01 -5.456999727172995307e-02
1.824603205701729181e-01 1.577837781586424737e-01 1.500482904866365930e-01 1.561977674928687332e-01
2.973592609845088219e-03 2.872600989998294607e-03 7.516355636576765864e-03 4.429401025610957277e-03
2.471304148039976667e-02 -2.957574175113886206e-03 6.273347519265060068e-03 2.625582731966780159e-03
-9.702311878158198510e-02 -6.757360098936322779e-02 -3.484479681073238133e-02 -1.850766442267444134e-01
-8.042899846121720486e-02 -6.663577031197481793e-02 -5.378898995459657772e-02 -6.259847278088437328e-02
-2.991895331932603597e-02 -2.495400257798374710e-03 -2.739576435383472841e-02 -1.072334558917670266e-01
-1.497756232226987727e-02 5.324346756951203741e-03 -9.175875832926116971e-03 -1.153952779081235391e-02
2.239255711119270131e-02 2.743448620109278924e-03 -2.229921130447287680e-03 -1.258298478767239104e-03
-2.412890716636284516e-02 3.736583973771717693e-04 2.556940135467478115e-04 -2.543352515780750167e-03
1.901381697574588969e-03 3.126420542551133774e-03 5.462368687220053864e-03 1.006249679966897403e-02
6.744032868989613405e-03 4.701778665113509614e-03 4.434154150654179283e-03 5.306517874721805583e-03
4.224615542921306144e-03 1.492676373399032252e-03 1.101127905332871526e-03 2.207528045601758748e-03
4.692147114750966352e-04 7.440150560583835837e-03 5.758785356799467348e-04 2.542489021006844041e-05
8.761859829309770475e-03 -9.180114676218487091e-03 -2.788643863248413401e-02 4.383252173926877049e-02
2.195582398224349419e-02 1.985628207647233134e-02 1.104654337587995805e-02 1.578879123259846473e-02
3.223221033748524533e-02 -7.007958087197795755e-03 1.839152316652814534e-02 8.928983946624369228e-02
-1.271241515432874891e-02 -4.519775897898786754e-03 4.809500845348591014e-04 -5.126234331717660631e-04
1.124115328326369401e-02 -1.013793407233626320e-02 4.400167085428896563e-03 9.435636660622748195e-03
2.332524065027463678e-02 9.185940260666436430e-04 2.344528245786570153e-03 1.373007441225482239e-02
-1.169319278886815638e-02 3.175996241469553061e-03 -6.042191057917811747e-04 -5.340254013786571718e-03
-4.911684189375264964e-03 -1.611314918937289953e-03 -1.391007287580459106e-03 -1.867283859407820046e-03
-6.566304530644995197e-03 -1.513275296491534139e-03 -7.335920953969315983e-04 -2.415902021117855014e-03
6.313790537213481713e-03 -2.676264581887299876e-04 2.823578832402695582e-03 9.130454205112048527e-03
1.467717008696300951e-02 5.164234950416346503e-04 1.688035599207216020e-03 1.605549975272069219e-03
1.213037303172503911e-02 2.425126079219408481e-03 1.597833576850504755e-03 3.133436938270062200e-03
5.609673964390937684e-03 1.163122925926796114e-03 5.200496698831713616e-04 6.485813348215963003e-04
-1.072206910042172723e-03 4.901577419625935406e-04 -6.299759455608011649e-05 -4.180120665112502243e-04
2.199260896390553555e-04 -5.982267975134375471e-04 1.085005616990930566e-03 1.380152736972659056e-03
-7.026439257804106830e-03 -3.615255244376957416e-03 1.479220807852413277e-04 -1.176440708013859471e-02
-2.742866384048858741e-03 -2.960699586854215193e-03 -9.499413191012967550e-04 -1.815623769423818645e-03
-1.886246824569098868e-02 -6.141820563005582351e-03 -1.345080256999736656e-02 -3.068655440388073918e-02
-2.480109541657726790e-03 3.214981542741635057e-03 -9.554815281267725613e-04 -2.451095102119105196e-03
2.439320843432790653e-03 1.520237513646896521e-03 -4.520985969592994369e-05 2.417787774847135474e-04
-8.800622091443832673e-03 -1.234438014016348006e-03 -2.307180925803953286e-03 -7.376994440771444950e-03
3.467176622695244959e-03 -1.114711985824912155e-03 6.361539926321713168e-04 1.807028868443721903e-03
9.059670985021028855e-04 -3.970145079552067635e-04 -9.785591334504628591e-05 2.982944049056968083e-05
1.852848599367851179e-03 3.863905658805233401e-04 1.577355344975980844e-04 5.786526082335319288e-04
9.167339381599415304e-04 1.268368664913865906e-03 -1.622693871219382800e-03 -5.617555317199540710e-03
-3.837450999517599826e-03 3.421724992670155396e-03 1.044794867423037843e-04 1.146139772206289376e-03
-5.435315790834671645e-03 -3.928990970843426744e-04 -5.461866060596232142e-04 -1.330661076915595764e-03
-2.769183357553439695e-03 -5.437247184302343439e-04 -9.592787347895148642e-05 -2.376781782666981258e-04
4.955696829169742301e-04 -3.962088917922601539e-04 -1.071678989233992851e-05 2.378590500003718855e-04
1.041886270458514119e-02 2.028816470537875283e-04 1.231353795562994957e-03 1.540161594433042680e-03
1.697496108672380544e-02 1.515695895960622597e-03 3.037120846715035682e-04 3.708744370128358447e-03
2.121695473194407100e-03 1.566054016679835348e-03 -7.473725634088435044e-06 8.506456341927925990e-04
2.669370003411719594e-03 5.527990854441444668e-04 3.593767004887310490e-04 2.342854745829292540e-05
-1.107200825622989271e-04 -1.272224369099905772e-04 -2.507700435316062570e-04 -5.833425588334106848e-04
-2.223873885214278090e-04 -1.131121311698929377e-04 -2.608830848380705447e-04 2.495824881533215134e-04
-9.756234213048231574e-02 -9.547035696790842629e-02 -9.538900341282530171e-02 -9.331033236471003578e-02
1.392200340698647801e-04 3.569356552670220769e-05 5.479170171255361431e-05 1.208497774738172812e-04
