7.554658028572749373e+00 -1.551960306229496211e+00 3.431055475583034975e-02 2.439811003457900973e-01
2.478043578154654369e+00 1.017423363272791148e+00 -5.043689208726325202e-01 -3.647956361868933683e-01
1.121846940285743166e+00 -8.059665480183395569e-01 -4.939918957841200053e-01 -4.663211651881467579e-01
-9.988527398691562809e+00 3.284111976716948877e+00 -6.543650953737417675e-02 -4.735377537016853267e-01
6.165361115768407174e+00 -1.233014789907302955e+00 -8.339095620774489293e-02 2.099220268729525274e-01
-7.096545332155059782e-01 -3.346065384291776468e-01 -8.867876255163636978e-03 -3.336135857877333549e-02
-1.051183322770356199e+01 -4.920441939732036474e+00 -2.717296547398420081e-01 -7.605879763888113709e-01
-3.935295662994636956e+00 9.441636459145392735e-01 3.399105566333771034e-01 3.317637371061505913e-01
3.598878138728371923e+00 -2.596152470159947434e+00 -9.198151487781469626e-04 8.507394190910844145e-03
6.111353289621450635e+00 -3.053874495427629121e+00 2.259024777119043037e-01 6.051696087001704472e-01
1.341090074294941914e+01 5.920484641719798269e+00 -1.043112065068219629e-01 6.436426357439687385e-01
4.970012554769563273e+00 -8.423352798442298450e-01 9.694645470135977716e-02 4.807214498039247275e-02
-8.431455185647298123e+00 2.541710862707301288e+00 1.971478132429728691e-01 -1.730932594811182557e-01
-3.801407847699465492e+00 4.829091436543071936e+00 -5.017806984536618553e-02 -5.160555249310716519e-02
1.524269809786375163e+00 -3.918722368207414597e-01 3.876034617564502738e-02 4.713878942229304814e-02
-8.054677055945475672e+00 -4.266963622812323109e+00 -4.568412801212409780e-02 -6.813602245720524753e-01
-1.043933145780167848e+01 -5.305143978299131646e-01 5.868623336264304491e-02 -4.078600673834820167e-01
-3.380423019736092272e+00 2.382955021044725896e+00 5.088625436970502930e-02 -3.133172362680131107e-02
-1.224939013221606032e+00 8.744203258135794243e-01 1.155947173730850069e-02 4.120963337139096905e-02
-1.590565148785681338e+00 1.266092364161387707e+00 -1.354224964326496694e-01 -3.002566479993956094e-01
-6.998049587192326726e+00 -2.571701750553554877e+00 4.002867569286104876e-01 -5.107670054135593496e-02
-2.501393763499699219e+00 5.166797258236532908e-01 -1.239582205782137625e-01 -8.092244470007164958e-02
2.809178854646187773e+00 -2.072862566454701572e+00 -5.184461671399711591e-01 -3.675133356287231257e-01
-1.429511663065562654e+00 8.224869255980322702e-01 -3.602118186031139091e-02 -2.626728569746667255e-02
2.769913909417782705e-01 -2.865866222465646374e+00 6.331677608225200204e-02 4.145850708825105091e-02
8.049461242100868219e+00 1.654206349425871192e+00 4.758259626767347150e-02 4.356705338547993134e-01
1.094715366957892755e+01 -5.932080425895076559e-01 -6.523891541654841530e-02 3.184117533342655237e-01
2.745699915934874724e+00 -3.924367387193528955e+00 -5.731012443548350044e-02 -3.882741402675957132e-02
8.685731745424911665e-01 -5.048342513461772096e-01 -1.888381032229824452e-02 -6.109596094455205240e-02
-2.806671178171450620e+00 -3.503056517536977665e-01 8.743567137880758899e-02 -4.018364479174962867e-01
8.864286580654203718e-01 2.545437400433509190e+00 1.691178047957392350e-01 2.225620199703123303e-01
4.124430230107904549e+00 3.566076957284770366e+00 1.106182555899719588e-01 2.598220807151363498e-01
2.056856354726072311e+00 -8.087632555274426593e-01 3.185524640737333324e-02 4.153844881218118901e-02
7.750464059283141971e-01 -2.909772390309802725e-01 7.864342887924265224e-03 2.489934011880855225e-02
1.116710373735311512e-01 -1.976655913778800899e-01 1.693711748072630058e-02 4.382452567513323016e-02
1.361791005951183742e+00 3.922177038865168885e-01 -9.450823720229083180e-02 -1.863265022720356212e-03
4.293661014840999823e-01 -1.181739002833950836e-01 2.521070786452134921e-02 1.530150283590430565e-02
-1.624235924068526682e-01 6.685135923863728680e-01 2.591460829211419403e-01 2.302236565819030800e-01
4.482976667386699976e-01 6.164532042124800659e-01 -1.118845665113603685e-02 -8.254310724853664016e-04
3.814205961098915409e-01 -2.861126391240639277e-01 9.505388568986403164e-03 6.266535028931562168e-03
-2.837014449573552088e+00 -5.934466100531137212e-01 -9.151716153517358565e-02 -2.342726428574317676e-01
-3.352532757202700608e+00 1.602438784250521664e-01 2.710275886162898107e-03 -1.143635762152722668e-01
-5.176733430823128312e-01 1.428971101093793994e+00 8.446215782733409311e-03 1.916534388051999160e-02
-1.961790657505069202e-03 5.417373359807609035e-02 3.390636343948781606e-03 2.279794767348349710e-02
2.468623851509196943e+00 3.153014797979425410e-02 8.097316483085484351e-02 4.190487638648534019e-01
-9.702822283794111380e-01 -1.560637175569921764e+00 -6.040485937294559626e-03 -2.632048754125329570e-02
-1.851820931485409716e+00 -1.910300053116672281e+00 -4.159566089341688866e-02 -1.332078588195103608e-01
-1.362776987230951420e+00 2.342394344225213754e-01 -1.990020576374571665e-02 -2.489021775909436990e-02
-3.593271006556653102e-02 2.570735592683465742e-01 -6.136361332495263859e-03 -1.183253811581916337e-02
3.367840224233349389e+00 4.542121995863412032e+00 1.449158925173743007e-01 9.468472722848124690e-01
3.928130445023618300e+00 2.193137646531455598e+00 1.312922746509992411e-01 6.563690864025896188e-01
3.125388623309808267e-01 3.480627427043179178e-01 6.318425347922071444e-02 2.189316765506267304e-01
7.476777632626085968e-02 4.259721005724397269e-01 5.592767450011526531e-03 4.957610521515325164e-02
-1.036177800440269081e+00 -3.471675565727817547e-01 8.227910249205522275e-03 6.927686912686178977e-03
-9.902383135808963399e-02 -4.201469210764463558e-02 1.024250627090195209e-02 -1.257477788423616571e-02
-2.150947713468538858e+00 3.040291993982924268e-01 -8.175114095263545655e-02 -1.249360953593032231e-01
1.502934512213584782e-02 1.213972595435036488e-02 3.922188439051735136e-03 6.924761195644535926e-03
