1.568324572857799026e+00 -5.171180641200413541e-01 2.284117377329090703e-01 -1.199369576649543245e-01
-8.068963873068970560e-01 3.427548998754855608e-02 4.502666879564028862e-02 1.043677324418041535e-01
-1.652337274125749711e-01 -5.512680685334475639e-03 1.275004508901789180e-01 1.196768023395740899e-01
-3.330373273564055658e+00 7.514180876601136427e-01 -4.973493323902622443e-01 3.070949607086113087e-01
1.026644107488124291e+00 -8.052483126517349099e-01 -3.293717421612808727e-02 -3.173005506855450797e-01
4.628131640562053173e-01 4.040812704343836603e-02 -1.061926479993482580e-01 -1.771100732231274122e-01
3.970757751520398671e+00 5.275799846572424290e-01 6.799211698150527949e-01 3.965794703228846529e-01
5.119699953888319222e-01 3.588063152611973838e-01 -1.269600556501774280e-01 -1.127651502758474367e-01
4.300654006589816447e+00 -1.811984763330131698e-01 -3.329841905547597514e-01 -3.436942513834653767e-01
3.161793717977075424e+00 -2.918257258795556863e-01 7.264571956020644539e-01 -8.977561910062817341e-02
-5.134854707518885064e+00 -6.669129965390856452e-01 -1.039782516152603309e+00 -6.170221202834680341e-01
-4.020456596001940053e-01 -6.892625349672858448e-01 -1.017859092428782808e-02 -5.676651263899551436e-02
-1.649611420847113985e+00 1.371651668279457947e+00 -2.127777676261889128e-01 4.398272921674413194e-01
-6.980497782303508814e+00 -1.348555595848636712e-01 1.232300369553387120e-01 1.848169030533815815e-01
-3.771208758831761099e-01 -6.850052989563867878e-02 1.291038499098753345e-01 3.017923968340844310e-01
1.267686561306372584e-01 3.024871150817544652e-01 3.188375522898549419e-01 6.305053370783901545e-02
-1.768252585889968476e+00 1.471026073621195529e-01 -3.108860603663542443e-01 -1.625578820579120509e-01
-2.566156138231040273e+00 -3.224978326310414811e-01 -2.502766215167612218e-01 -1.673414969079515813e-01
7.768617091715854794e-01 -1.996123429002051586e-01 -2.003090623375061718e-02 -1.038190960904381011e-02
-1.308915666127692168e+00 1.732324408908386681e-03 -3.986641203832970715e-01 -3.107633780517914807e-02
2.659325633226243824e+00 4.348670352316242882e-01 7.344405723951605847e-01 4.380524304919661271e-01
8.960078682878958034e-02 4.039466129786169479e-01 2.780495175319608325e-02 6.571210116303466409e-02
3.117982367349479422e-01 -1.254059839687309275e+00 -1.705554570856137597e-01 -7.551587135396680139e-01
-4.746064549484196871e-02 5.694415221908404046e-02 -5.368193388356308493e-02 -1.843240114566312982e-01
3.876936588039253895e+00 2.287182511220598458e-01 5.848603631045967699e-02 -1.616292359586848915e-02
6.452287765230253491e-01 -4.057292425265685010e-01 -8.111298025558948410e-01 -2.035623273838832736e-01
1.666921332839940373e+00 -7.134495802257063701e-01 -1.418374077884958229e-01 -2.349912179261301470e-01
2.660471430835277928e+00 2.614365734082663706e-01 1.947777318380251865e-01 1.555148412109157163e-01
-7.393524535231589256e-01 4.165799878296401748e-01 7.529184614936942910e-03 3.439506722863934496e-02
9.817888137434169771e-01 6.955511915497492037e-01 -9.563620262454571030e-02 2.323819723036337492e-01
-1.704242757181894552e+00 -2.960667099785031509e-01 -1.076767318967060127e-01 3.814407613513227935e-02
-1.353351900740112912e-01 -1.833613303195300304e-01 -9.341377419386140413e-02 -1.907419460723188201e-02
-6.163156482203329123e-01 4.511972368441635739e-02 6.261593025608003238e-02 -6.333133619433802333e-03
3.594497122617641427e-01 -8.293423042904848885e-02 -1.960946845825442542e-03 4.921871664154946896e-02
1.883467628579230668e-01 5.405117985992183814e-03 6.509276284925213929e-02 4.950138437263856828e-03
-4.652690926953631512e-01 -8.314966581553200065e-02 -1.607604741624653055e-01 -8.795007112413097405e-02
-1.157335169432657795e-03 -7.679280610820450603e-02 -6.155457454894860958e-03 -1.436690660803314340e-02
2.358413533435959608e-01 4.804495062497382007e-01 2.393065686953754212e-01 3.827744496924598283e-01
-7.164170181273513682e-01 -4.063375630041288211e-02 -3.923843412219810145e-03 2.133969570445963526e-02
5.713074515621893723e-02 -1.992651041166652870e-02 4.478845466434022010e-03 4.361753793532639756e-02
-4.383101047248699755e-01 -1.877274166185639859e-01 4.701950404722754495e-02 -2.023332467590439332e-01
-3.980997971009312408e-01 2.471327504181157764e-01 5.908984506842177020e-02 9.540661556897064854e-02
-6.699100743314672091e-01 -6.109066284054238960e-02 -4.651897687916979607e-02 -2.893998422757453060e-02
1.719543317330762822e-01 -1.433404711966910494e-01 4.452032265901698094e-03 -1.119003892372247982e-02
-1.165671206197590459e+00 -1.003540986879047026e+00 -5.111599799711857850e-01 -4.773086072191151108e-01
6.970574208904785074e-01 -3.564350968082098670e-02 -9.523735148620200708e-02 -1.945494517477911467e-01
7.221234309992530243e-02 1.187519112458532006e-01 2.147762805484615400e-02 -4.638344973198985088e-02
3.339228324586748786e-01 -7.255191712668300486e-03 -3.493295770703826186e-02 -5.307975508239658191e-04
-1.875456285998116646e-01 4.516358611920344435e-02 2.432311576579137408e-02 -3.877877949110592609e-02
-1.570366505782121447e+00 -4.701923835651957706e-01 -4.640776189371149663e-01 -3.047488917007603604e-01
-5.533968220517371250e-01 -2.404244929449969592e-01 -8.350656209353413129e-02 -2.042045656824009736e-01
-1.851802115896152845e-01 1.344430468451834892e-02 -9.986226779677652432e-02 -5.985119126284436930e-02
-7.902028116118520185e-02 3.788517813068861817e-02 5.543006475855751652e-02 -7.078155325281867971e-02
3.094481940364042505e-02 1.252626844290116032e-02 6.282685048605149425e-02 -1.003989983928391810e-01
-1.154223410182774606e-02 -8.637135155037387046e-02 -1.302451813382539403e-02 -1.588667445798537178e-02
-2.476046598404268995e-01 1.238023462623845106e-01 -4.642411079585141709e-02 7.650943466306764362e-03
2.724175152141927389e-02 1.113746374883735346e-02 8.277285271819336682e-03 9.472146349885883151e-03
