2.581409910450971346e-04 1.901691682446915443e-03 4.022996707508941228e-04 -1.402333800541555320e-03
-4.753722368141660715e-02 -4.834905095929148411e-02 -4.773180659605261167e-02 -4.767590268652725782e-02
-4.750952684162509931e-02 -4.741485140174273027e-02 -4.751064467297755334e-02 -4.760999457194253770e-02
-3.168512327567335474e-01 -3.182429510117055216e-01 -3.169220061318308579e-01 -3.123530226520352393e-01
1.710418475735608901e-03 4.316558107824830515e-03 2.018658978030551943e-03 2.043577025651499568e-03
1.771492017659137552e-03 1.744530539530608770e-03 1.793638977275191504e-03 1.886519198080582882e-03
-3.000754295057128651e-02 -2.618541728342238528e-02 -2.876046081909722218e-02 -2.653857877425647160e-02
2.943461832305926951e-02 2.958386082727204602e-02 2.953645519355913018e-02 3.022057793898125233e-02
3.439876398616315001e-03 4.066790360216954170e-03 3.470477779824510112e-03 3.413388565437547317e-03
8.399572785900977223e-04 1.092783575147415753e-03 7.631585363594428628e-04 -3.649832785800111168e-03
-1.241927743539550377e-02 -1.784628455602144115e-02 -1.451286309892863002e-02 -1.899243572383113587e-02
-1.135771957223319362e-02 -1.184302057455577373e-02 -1.160189912258235978e-02 -1.255969703880710497e-02
8.230257713053856783e-04 -5.323720532351083889e-03 1.726292887815894517e-05 -4.006690248861133341e-04
8.579348216819493445e-05 -1.331519296821070952e-03 1.181731863275636840e-05 -6.403865034094735620e-04
-1.561466620562335095e-03 -1.607569460791324900e-03 -1.646188783549051848e-03 -1.741373353925990131e-03
1.846287603707308378e-04 -2.793820086672837988e-04 2.349255649712889138e-04 -7.472943002895249265e-04
3.548250143384779065e-04 -3.143334103128392343e-05 3.455441142096171703e-04 5.865492862620058645e-04
3.970690460205483774e-04 5.002708598511595994e-04 4.788196707344871683e-04 1.510101514252681909e-04
9.661967318574937735e-05 -1.769650374394693415e-05 8.184691237012042819e-05 1.797418605515299639e-04
-1.358919971100269741e-03 -1.217151209854744343e-03 -1.297218830197316430e-03 5.600000588186215822e-04
-2.368507884747517167e-03 5.722723072847379910e-04 -1.159563249272577146e-03 1.665240392428879446e-03
2.517734739971966285e-03 2.869312398365075900e-03 2.707114405487265341e-03 3.189025448289584119e-03
1.739010419611441982e-03 5.705804721527929502e-03 1.941728343513249300e-03 2.516121037563046059e-03
4.978818326957235030e-04 5.724307961729735439e-04 5.894397372426807280e-04 5.895202547057387665e-04
-3.636655399367194619e-04 5.892303733670001264e-04 -3.807510280254833290e-04 4.139863417875755403e-04
2.527083489038961517e-04 1.599236600798858987e-04 -2.347302206706647354e-04 4.095074669123732747e-04
4.123700868067237124e-04 6.067889208421495262e-04 2.359888996359416069e-04 -4.204299655641285938e-05
-1.516816189779390811e-04 -3.081845003476413325e-04 -2.724533628757352943e-04 6.262718297600500250e-05
-1.021724812049207287e-04 5.236759917970346123e-05 -8.219241602358540177e-05 -6.104081801000527108e-05
3.938509593237604633e-06 1.205209132050522047e-04 -2.191679167511395576e-04 3.302939143221550466e-04
4.982006788878390324e-05 1.259883769788583407e-05 -1.172187008643965633e-04 7.901213778849225378e-05
-3.746128763337797096e-05 6.130022062567075380e-05 1.658315162949008936e-04 4.416866221852444596e-04
-6.485339466122397312e-05 -2.705094484425907275e-05 5.076951218663250387e-05 -1.429285238530031421e-05
-2.807741172183852996e-05 1.607414932491835202e-04 -2.126296578419673011e-06 -3.731327767320102851e-05
-1.118785180222042763e-04 -1.570319871667391620e-04 -1.229913422551368041e-04 -4.094462587608052595e-04
-1.172593761924578537e-03 -1.709752178120152455e-03 -1.395607346407715110e-03 -1.963756912419789558e-03
-2.344365112530999440e-04 -3.117148333115216108e-04 -2.795310341180065605e-04 -3.601004033885191191e-04
-6.703620858027614648e-04 -1.451908230175047443e-03 -6.159575554666174568e-04 -7.920685243173464229e-04
5.557641329900775418e-05 -1.445735668074155100e-04 8.136161775257333417e-05 -1.425291206955392465e-04
-5.992362997475630948e-05 -7.323819199495096299e-05 -8.104376442019667337e-05 -6.519255052951644647e-05
1.233237139159348850e-04 2.187042256187599065e-04 3.055919561870679146e-04 1.633260379620971037e-04
-5.850725996919825533e-05 -9.486246742126946963e-05 2.476162666537051749e-05 7.106622610572599363e-05
1.734636966360669774e-05 5.572506668838350663e-05 4.654761213568336942e-05 -3.927288509653070747e-05
3.136137506698499777e-05 -1.623471164863277139e-05 2.013489160504478015e-05 -4.074549548094275053e-06
-8.634633016313397746e-05 -3.084896357598287953e-05 5.803527996972590586e-05 -2.540946551716771751e-04
9.712912399878481651e-05 1.164150649487494249e-04 1.510227488522031258e-04 4.080779093684760994e-05
9.137082267618445997e-05 -2.046601886052101804e-05 -7.353470341953105560e-05 -1.923655168925009207e-04
1.579033965365406189e-05 1.014897067005970932e-05 -2.231854816664435859e-05 -7.209257932849766348e-06
3.801846934542441048e-05 -8.664985631351429518e-05 5.670025888748764231e-06 -8.741379210849831161e-06
-1.921038448779444074e-04 1.477501340704512334e-04 -1.603194164443433323e-04 3.619670762891047389e-04
6.697308339065344285e-05 2.352461513793757675e-04 -1.744430368944005494e-05 2.803278058260971761e-04
-3.276431157772652369e-05 5.161803301259593191e-05 -1.693375137355734861e-05 3.726364105061108489e-06
-5.915683425750106750e-05 -3.393986459246378651e-05 6.358909753062524928e-05 2.062955141957090177e-05
1.424430737095860877e-05 1.380809538470417763e-05 4.335920364703649277e-05 5.351914902279597541e-05
-2.642032838173768994e-05 1.424152973050762938e-06 3.869751451779368523e-06 -8.059013719469154680e-05
8.894637951218767880e-01 8.888873831067988229e-01 8.894236879479495705e-01 8.895122414433443980e-01
5.245543152861441664e-06 6.894376882553994492e-06 5.700187546291449216e-06 7.886479225590869991e-06
