1.483955343518697623e+00 -1.452567394032759251e+00 2.001822733400436594e+00 0.000000000000000000e+00
-1.323846042759316166e+00 5.077434570695268379e-01 1.741745689216600335e+00 0.000000000000000000e+00
-3.547796934495692334e+00 -2.512363285461931994e+00 -1.841019661382309769e+00 0.000000000000000000e+00
1.202227773276637546e+00 -3.099870809794444057e-02 3.481904459408681762e-01 0.000000000000000000e+00
-9.537332937569538149e-01 7.740652975927141410e-01 5.766342284045408162e-01 0.000000000000000000e+00
3.055735703933407432e+00 -4.889494679077330264e-01 -2.476495975313574238e+00 0.000000000000000000e+00
9.008238646083995826e-01 -6.170138578809415408e-01 9.359467541196768714e-01 0.000000000000000000e+00
-1.819221561410366617e+00 -6.410395862448320381e-01 -1.701385350002114549e+00 0.000000000000000000e+00
-2.115339074948155984e-01 -1.934122362595510347e-01 3.849459394312204075e-01 0.000000000000000000e+00
-9.841771622632733418e-01 8.505120532839761660e-01 2.118364733869342320e+00 0.000000000000000000e+00
-4.867064946275446169e-01 5.613594198226689036e-01 6.969472918375960169e-02 0.000000000000000000e+00
-4.698530919460776611e-01 1.102153303771430254e-01 -7.648029496288836215e-01 0.000000000000000000e+00
1.971607691005836105e-01 -2.387336480250193960e-01 8.432307130864783451e-01 0.000000000000000000e+00
1.483402264786103653e-01 5.777858436205830506e-01 -1.944313021060305458e+00 0.000000000000000000e+00
9.903282115246584416e-01 1.372425614366732938e-01 -1.924429068236339413e+00 0.000000000000000000e+00
-2.520783919498574832e-01 4.070020616666362723e-01 5.590258046038353301e-01 0.000000000000000000e+00
-3.518285997563058931e+00 -2.510842087626670160e+00 -4.471878670119194821e-01 0.000000000000000000e+00
-5.374459612137771902e-01 1.610326198988742741e+00 -1.436769224522890021e+00 0.000000000000000000e+00
-2.225927953922425928e+00 -1.131334607347574961e+00 -2.223154145568519979e+00 0.000000000000000000e+00
-2.001327555880408338e-01 1.176336937728596488e-01 7.458697081964380526e-01 0.000000000000000000e+00
-7.678544067266609985e-02 1.790619441786854560e-01 -8.024655805926225738e-02 0.000000000000000000e+00
1.616274382112527774e-01 3.184143847567630359e-01 -1.105527773851580908e-01 0.000000000000000000e+00
1.812263261870497300e-01 -1.193243242335183391e-01 4.841743141179268295e-01 0.000000000000000000e+00
-8.354139503030807434e-01 3.076025150641521488e-01 -1.447940844023297480e+00 0.000000000000000000e+00
-5.456543259034746240e-02 3.325493629815623464e-01 -1.731970126907112851e-03 0.000000000000000000e+00
5.768781073238830048e-01 -1.006124030697602978e-01 -1.010420467135221489e+00 0.000000000000000000e+00
-1.931937575844759003e+00 -1.619738115056477357e+00 -2.257753005584015593e+00 0.000000000000000000e+00
-1.390850735685304373e+00 9.510932605101540815e-01 -1.334126486081724572e+00 0.000000000000000000e+00
-3.018100139170438179e-01 7.322097408164064680e-02 -5.126231455555159133e-01 0.000000000000000000e+00
-3.596016153045929475e-01 -2.490225326138867934e-01 -1.382071875241333847e-01 0.000000000000000000e+00
2.889406315957640192e+00 -6.673977001111465190e-01 -2.477409481931654334e+00 0.000000000000000000e+00
-1.191686706440536536e+00 5.536907993520630011e-01 3.595333907056025291e-01 0.000000000000000000e+00
2.501739397893075978e+00 3.802196759951316229e-01 -3.243880368213519549e+00 0.000000000000000000e+00
-4.635227411537642395e-01 2.832409906694298152e-01 4.806064243235256828e-01 0.000000000000000000e+00
1.080912456122098853e+00 -5.921063220435150987e-01 1.197824804501522067e+00 0.000000000000000000e+00
2.648996515914554539e-01 -2.657785987514558745e-01 -7.862877073583295073e-02 0.000000000000000000e+00
4.665206816580487192e-01 1.748582978900961593e-01 3.658854131548197608e-01 0.000000000000000000e+00
5.315681280258643948e-02 2.723402999905008906e-02 -4.278955016588151250e-01 0.000000000000000000e+00
-7.416361216943665458e-01 -2.803381847019325579e-01 -1.120318614693578851e+00 0.000000000000000000e+00
-7.842589949485219147e-01 -5.199450837622211774e-02 4.106194429993438311e-01 0.000000000000000000e+00
3.441742137628949275e-03 4.988118292094936845e-02 5.546186286513269531e-02 0.000000000000000000e+00
-1.184566893209146210e+00 -1.042005060380007064e+00 -8.937697193031348686e-01 0.000000000000000000e+00
-1.679207159432500873e+00 5.507937421892016294e-01 3.626693241562268799e-01 0.000000000000000000e+00
6.872333827346883695e-01 4.533993749873940216e-01 7.713821739732276139e-01 0.000000000000000000e+00
-2.018062050297423915e-01 -2.068733466040585112e-01 -4.675938870049601293e-01 0.000000000000000000e+00
6.957731442598432681e-01 3.951715354210855180e-01 -2.003399004713052545e+00 0.000000000000000000e+00
-8.878394649195926469e-01 -1.399923557485793224e-01 -3.146138350397055916e+00 0.000000000000000000e+00
-2.602403222969358332e-01 4.265956401595661363e-01 -1.414604355323330953e+00 0.000000000000000000e+00
4.300682882129206464e-01 -7.966263773694984840e-01 -2.170462176967193901e+00 0.000000000000000000e+00
1.163744418101305467e+00 -1.224971189241058078e-01 -2.821140371011860923e-02 0.000000000000000000e+00
-3.091763385067026082e+00 -1.563076691042811772e+00 -2.945970404202724602e-01 0.000000000000000000e+00
-5.651487583483205679e-02 1.050841463778911633e+00 -3.890243480650137364e-01 0.000000000000000000e+00
-1.846872258494557828e+00 -2.429846659756168759e+00 -1.777455310611003370e+00 0.000000000000000000e+00
-1.295389331569382074e+00 1.878154099651253572e+00 -1.145429075717645295e+00 0.000000000000000000e+00
-8.040220559840820513e-01 -1.121946883246492721e+00 -7.485266958190944786e-01 0.000000000000000000e+00
-1.169948504271403511e+00 2.134931800353990616e-03 3.223405728218902699e-01 0.000000000000000000e+00
