-2.184116422456355178e+00 3.631949006363840660e+00 1.224510490756498315e+00 0.000000000000000000e+00
-1.035586877519632187e+00 -1.478419708418901690e+00 2.016337067142154549e+00 0.000000000000000000e+00
-1.840122901491862084e+00 9.749706676513092418e-02 -2.943616174963085808e+00 0.000000000000000000e+00
-2.128692698166466446e+00 9.734893977820365807e-01 -1.834008711020175930e+00 0.000000000000000000e+00
-3.702793251275564024e-01 -1.199199418984124188e+00 4.516711316791750530e-01 0.000000000000000000e+00
2.511109751691940950e+00 3.530215725003178484e+00 -3.053667706537436910e+00 0.000000000000000000e+00
-8.027933753732889588e-03 1.458411792186701028e+00 8.538160522367553851e-01 0.000000000000000000e+00
-1.981704380244252994e-01 -1.591745771362548245e-01 -2.565274972639211448e+00 0.000000000000000000e+00
-6.770192594316840617e-01 -1.156484140322722842e+00 3.981800232219899760e-01 0.000000000000000000e+00
1.966719729429884378e+00 -2.654482743078606877e+00 -2.611099387469554944e+00 0.000000000000000000e+00
-1.368736090183429455e-01 -3.302499693432927041e-01 -1.190047118650476438e-01 0.000000000000000000e+00
3.325732856629498579e-01 -3.346395478856767011e-03 -1.612763693621581229e+00 0.000000000000000000e+00
-2.607795997146346578e-01 9.868044696775317426e-02 5.830219679286091639e-01 0.000000000000000000e+00
2.041620754118294911e+00 1.160162032382773711e+00 -2.145524292396440824e+00 0.000000000000000000e+00
-8.125008484088162841e-02 -6.102186791247877773e-01 -1.901141120778255145e+00 0.000000000000000000e+00
-7.511910471040422754e-01 -1.633727537885364400e+00 1.224552970958030063e+00 0.000000000000000000e+00
-3.962265205217903041e-01 2.617103521219073525e-01 -2.668051423482331153e+00 0.000000000000000000e+00
1.702720140003782356e+00 -4.629460582140107472e-01 -6.804694482817960077e-01 0.000000000000000000e+00
-1.116690950462720711e+00 -1.669939365924292707e+00 -9.022855649936458722e-01 0.000000000000000000e+00
1.827481243515258480e-01 -1.202099483717212536e+00 -1.680397470451699515e+00 0.000000000000000000e+00
-5.787540229456728663e-02 -3.279360844805733616e-02 -1.524424390188350298e-01 0.000000000000000000e+00
1.316568325876791290e-01 -5.523871490862898581e-02 -4.576742268937135094e-01 0.000000000000000000e+00
-6.841413527033293751e-02 3.269297255463538554e-01 3.364540848271821982e-01 0.000000000000000000e+00
1.394577619816495417e+00 9.250392258374527943e-01 -1.440069926523795507e+00 0.000000000000000000e+00
-2.129754957769229851e-01 -1.781846120375579490e-01 -1.170209933476325098e-01 0.000000000000000000e+00
-5.712718169080612807e-01 7.632441105961099703e-01 -1.243263301965017581e-01 0.000000000000000000e+00
1.563180070584731629e+00 -1.235796214112380831e+00 -1.331520266929596019e+00 0.000000000000000000e+00
1.380157653007621166e+00 -5.463093523508023575e-01 -2.088644259140517712e-01 0.000000000000000000e+00
1.361797876198326485e+00 5.911242005739107963e-01 -1.306182008767909908e+00 0.000000000000000000e+00
2.330668844437642773e-01 -1.078345705572934410e+00 -5.566359054908168735e-01 0.000000000000000000e+00
3.458088695350490127e+00 8.414043115162569975e-02 -2.078821917256829188e+00 0.000000000000000000e+00
1.051061626501363477e+00 -3.916809167932853608e+00 1.086724179578384852e+00 0.000000000000000000e+00
2.137257998753454125e+00 1.308903976198165564e+00 -3.553567317757959199e+00 0.000000000000000000e+00
7.520542111645673877e-01 -1.428796020573783521e+00 -3.734099118509954351e+00 0.000000000000000000e+00
-3.155404947730418991e-02 6.747304817692055534e-02 1.490299399439668493e+00 0.000000000000000000e+00
-4.559207130494453281e-02 -7.048750064777832558e-02 -4.076315076000997656e-02 0.000000000000000000e+00
-3.463566966433384020e-01 9.539752160600752096e-02 5.486858168360173593e-01 0.000000000000000000e+00
1.927104286254976290e-02 7.401868878261866347e-02 -1.982425750524912378e-01 0.000000000000000000e+00
9.756369653889259697e-01 8.749994494976366388e-01 -7.443549679557854848e-01 0.000000000000000000e+00
5.297172553609932333e-01 6.399899984645842643e-01 8.404117776957468200e-01 0.000000000000000000e+00
2.524778832159057518e-01 5.396110234229344327e-01 -4.727185647729583162e-01 0.000000000000000000e+00
1.749588373879809255e+00 -1.065995436483631931e+00 -7.548210471582509351e-01 0.000000000000000000e+00
1.467121960038638484e+00 5.887496024679992335e-01 -8.237364266586980621e-01 0.000000000000000000e+00
4.304914507638872845e-01 1.471734188086420092e+00 4.112722634137972455e-01 0.000000000000000000e+00
-4.611123909894805362e-01 -4.490927165736000905e-03 -2.125059103270117433e-01 0.000000000000000000e+00
2.656543483297203245e+00 -1.786347597570133505e+00 -1.709414270166750294e+00 0.000000000000000000e+00
-1.697061859403040107e-01 -2.741570054709963511e+00 -2.103170806204348597e-01 0.000000000000000000e+00
-2.143044829230311699e-01 2.123720230716341362e-01 -1.059698188351732573e-01 0.000000000000000000e+00
-1.832679446218055341e+00 8.098236801033952270e-01 -1.355745816671391824e+00 0.000000000000000000e+00
-6.200185631083429127e-01 -9.784020507729025706e-02 4.161403346552533522e-01 0.000000000000000000e+00
7.915661620434923940e-01 -1.919206394961690654e+00 -1.583109162763848721e+00 0.000000000000000000e+00
1.674738030163263725e+00 -1.104115133484564248e+00 -4.405829401072824392e-01 0.000000000000000000e+00
8.307566609037061456e-01 -1.364523737897932687e+00 -2.942449678633463073e-01 0.000000000000000000e+00
1.513753603230408640e+00 -2.311110547028107476e+00 5.955560250363352015e-01 0.000000000000000000e+00
-1.559393515199072600e-01 6.644226397413261626e-03 -1.104998091759610501e+00 0.000000000000000000e+00
5.787141758429777960e-01 -7.249157839534745573e-01 -1.676178638536767185e+00 0.000000000000000000e+00
