2.165661750019347576e+00 -1.373160894080143635e+00 -2.809086224832145096e+00 2.117851267716364116e+00 -6.551090619806202442e-01 3.757452655472284797e-01 -1.993778183910362989e+00 3.113095945361247008e+00 -5.832447966299069142e-01 -1.020225574686189907e+00 3.016332367974862372e+00 1.623427305872102488e+00 2.140456854352933980e-01 8.079750412540067650e-01 0.000000000000000000e+00
-2.628774396030181260e-01 -2.370912255635708454e-01 1.703242555909071365e-01 4.021610056188693605e-01 -5.955163575263613396e-01 -6.053246451970173414e-01 5.631269378003048859e-02 -1.116225651773085970e+00 -5.383348054895537027e-01 -3.545036729872022563e-01 3.869107479086033585e-01 1.274169822899429705e-01 3.206105442579768594e-01 -2.624108325089837823e-01 0.000000000000000000e+00
2.890929826252706558e+00 1.107304703328331641e+00 2.906363679197492722e+00 -1.671372998793873910e+00 2.341598776704157725e+00 -2.548537500348557749e+00 1.076145629477013310e+00 -2.384101862852249232e-01 -2.233897677681307911e-02 3.103517192136755476e+00 2.437969825160855919e+00 -2.889720752623030631e+00 2.646342079047867557e+00 -1.071609262852057265e+00 0.000000000000000000e+00
2.620266569227654774e+00 -1.027960456557184543e-01 -5.209748628044791330e-01 1.515125685166085701e+00 4.534216049056139508e-01 -1.981222552923675773e+00 -8.761435552495392409e-01 -1.382257586996065379e+00 -1.561864794141117063e-01 4.032104195439555894e-01 5.467242450091996275e+00 1.261718194430108339e-02 -1.828151882382436533e+00 1.087451562117640824e+00 0.000000000000000000e+00
-5.177835582820157212e-01 2.468769438300532082e-01 1.009806309470360208e+00 -1.926591645775327655e-01 -2.322046199275707434e-01 -9.335467155596471889e-01 5.405354878729837775e-01 -1.479698670481578215e+00 -2.255669209176123791e-01 6.518683851896002468e-02 -4.942496043606072198e-01 -6.704370166542134024e-01 1.173834622578506098e-01 -8.399698744415644569e-01 0.000000000000000000e+00
-4.114318763790780764e+00 -5.262695587980306122e-01 5.038040078177677294e+00 -1.865604491287518707e+00 -7.601029474689874332e-01 4.085988212687216570e-01 8.702764885309668963e-02 -1.772318783295890432e+00 -2.641920246573283393e+00 6.304254124896232492e-01 3.200447034605554020e+00 -1.414319745249235316e+00 2.751001989128670999e+00 -4.574506809682765129e-01 0.000000000000000000e+00
2.155412533715735712e+00 -9.393037891170150644e-01 -2.342501795281510812e+00 -1.278748824687858443e+00 -1.421562372582038991e+00 2.593927873443827803e+00 -2.504670729009292884e+00 5.258156022367554527e+00 5.308820956939426239e-01 -6.993991661931912018e-01 -3.016149465729581536e+00 3.892098330146918972e+00 -5.120887035292334133e-01 3.773484500104346218e+00 0.000000000000000000e+00
3.262601498009079393e+00 -2.805006128823833711e-01 1.102293655673257877e+00 1.024253443827939147e+00 1.712097361447057819e+00 -4.444275038459690741e-01 -1.188293903674956686e+00 -1.148671079421879071e+00 -6.047169420416244334e-02 2.164855691784194125e+00 3.574820815913559713e+00 -1.339701827795312994e+00 6.579551233141990307e-01 -4.099244540650466284e-01 0.000000000000000000e+00
-2.562069174560163698e-01 1.170298691122877432e+00 1.617117751650452018e+00 3.920602613724961105e-01 6.506615050383054433e-01 -2.373019056312249742e+00 9.059478470785018445e-01 -1.999770251369415774e+00 6.740849986906796709e-02 -9.822797819371552330e-02 -6.012502544208565558e-01 1.551766092138179842e-01 2.085142912480272948e+00 -2.016525279025501050e+00 0.000000000000000000e+00
-4.837963414560555009e+00 3.639729228139480632e+00 1.301509657557675004e+00 -6.019355089836550654e+00 -4.885482378288124594e-01 -5.570179268157562924e-02 -2.155534525218306907e+00 -3.133983955312153125e+00 1.001044077288427980e-01 -8.073811156213962503e-01 2.626316730995642779e+00 6.202778398320126785e-01 3.877293986219193744e+00 4.015992958899283316e+00 0.000000000000000000e+00
5.238978438398927961e-02 1.138272869154394878e-02 -8.079707509268896359e-02 2.134521271267794673e-02 4.636371265100296124e-02 -3.499953805961632941e-02 -2.674160080115544139e-02 -1.957997327714773236e-02 3.455953079050019805e-02 2.344800275181477267e-02 -5.459056695827759625e-02 -1.173652037053221804e-02 -7.226190473618668286e-02 1.052472953905543920e-02 0.000000000000000000e+00
-2.621341220865264776e-01 -9.490316204652346488e-02 -8.691151249825922187e-02 -9.738643644317769577e-02 -2.065462134718830112e-01 7.317428700510422157e-01 -3.214928144192302772e-02 5.935299644131045715e-01 -5.298801182323235187e-02 -7.078040111203805218e-02 2.803424330767275152e-01 3.390209888794732396e-01 -1.015354402268618811e-01 2.328863941198225929e-01 0.000000000000000000e+00
-1.363432684993697852e-01 -9.144836156350739931e-02 -1.985895975176187045e-01 -5.769031892596784145e-02 -6.910971941900838356e-02 -1.666076712859297093e-01 -2.180655522821164927e-02 -1.700692988503962333e-01 2.725452081116588182e-02 2.279445757298839692e-02 -4.342319577946066739e-02 7.956995802235614090e-02 -9.194296413969355042e-02 1.486809620495304317e-02 0.000000000000000000e+00
-4.290068585999374129e+00 3.346288178921610346e-01 -1.017534422993714993e-01 -6.934297012376811509e+00 -9.334450622091990113e-02 -8.102357764539226403e-01 3.055733765141023794e-01 2.492114103691333848e-01 -2.158895992755843485e-01 -2.508816775444090430e-01 -3.090835689711230572e+00 -2.876896939314124713e-01 2.443808859611153461e-01 -8.540294696186381818e-02 0.000000000000000000e+00
-4.512927473031356773e-01 9.915064400483712681e-02 2.415453029300654586e-01 3.934880814354326795e-01 -2.035355220617137695e-01 -8.351934773617841756e-02 2.933725807483863329e-02 -5.433805641625207850e-01 -2.210215343342439298e-01 -1.826155278788614555e-02 4.898079937681830698e-01 -4.219561927094984122e-01 4.401225361720404461e-01 -2.044270926948101585e-01 0.000000000000000000e+00
-6.860510310641119158e-01 8.601616684137795843e-02 5.443772589854437571e-01 -3.583762474574743728e-01 5.590674586447267336e-01 1.434115396196756764e+00 5.552733515884623605e-01 6.515138253512249289e-01 -1.200921512797957780e-01 -3.884894627545013579e-01 -8.029927951167842304e-01 -8.419575799929511772e-01 2.241997190327826850e-01 -1.854650062842687908e-01 0.000000000000000000e+00
-1.392274482841415306e+00 -2.874488155451977889e+00 -4.059714924253086110e+00 9.314872196570229690e+00 -5.156569565364945262e+00 -2.366028405654079680e+00 1.179763166936736107e+00 1.951429342645733644e+00 2.607558598906626113e+00 -5.030077544249905941e+00 -3.917452499042853198e+00 3.573254850723920129e+00 -7.982983751198354794e-01 1.953160062359726279e+00 0.000000000000000000e+00
1.247564733594292152e-01 -2.005776514054117499e+00 -2.771686832134585554e+00 6.100092415384752442e+00 -4.577262052815566640e-01 -9.912127865103548263e-01 -1.656428097072800976e-01 6.016616690307190041e+00 -1.094495155352742000e+00 1.398671142300416781e+00 -5.400308804858095613e+00 2.367114550199314493e+00 -1.960359102158263145e+00 2.084366643799568486e+00 0.000000000000000000e+00
-7.281477227755999149e-01 3.584915907155274972e-01 8.293672143551454878e-01 1.878367892699162711e+00 -1.979995377831555325e+00 -4.622508449616242188e-01 -1.641338894788641145e+00 7.085568235092635225e-01 -4.637798724222353397e-01 4.003085034287968136e-01 -2.411438847339097524e+00 1.679366465418038745e-01 1.412825987345809331e+00 -1.021312630585732073e+00 0.000000000000000000e+00
1.190776515022645032e+00 6.535570715686362941e-01 9.207438407979953165e-01 2.354316010715316598e-01 1.488101393145000895e+00 4.130327328431074640e+00 -1.961118731809114113e+00 1.417823724646707584e+00 8.496179661167015951e-01 -3.551765922862706315e-01 5.550743605686172533e-01 -1.064582754962186684e+00 -8.967418138423787211e-01 -1.041028572731533153e+00 0.000000000000000000e+00
4.192241111810243726e-01 -4.113424039083748873e+00 -4.874569234735840695e+00 9.298274425206756177e+00 9.215036525527529887e-02 5.066351042680826033e+00 -2.352145886140357689e+00 2.784597936201461454e+00 1.127978185054035798e+00 -5.654355847517988032e+00 2.981751586937219756e+00 2.494759793480290977e+00 -4.676106298784096893e+00 3.309644996500690883e+00 0.000000000000000000e+00
5.667640386353846316e-03 -2.991283449306154196e+00 -5.992171738307654927e+00 9.229741020962205056e+00 2.403852182960231065e+00 7.588300155095627275e+00 -7.837587372616656722e+00 6.978760428921776615e+00 3.790890537254868242e+00 -1.573466279802764545e+00 -5.494460828832266053e+00 5.667000591233446904e+00 -8.571204953085347356e+00 6.834992736313791006e+00 0.000000000000000000e+00
-1.880353387675069321e+00 6.169421160056091091e-01 1.815485801775126085e+00 1.908694087710372411e+00 4.468113986207574717e-01 3.173886866578697230e+00 2.265060586175671187e+00 -5.479423438057214879e-01 -4.082841650926122945e+00 -2.206241807264648358e+00 -5.202187717810239143e+00 4.466278638214632446e-01 1.204818687084348028e+00 -6.180379483551082798e-01 0.000000000000000000e+00
-4.962563166420560279e+00 -1.025698565788668803e+00 -4.040865355584694285e+00 -3.318606111729669461e+00 1.751504620793969680e-01 -6.595480946514425291e+00 7.961485293719589018e-01 -2.295965693161392540e+00 3.227672303536781584e-01 2.422495647958006426e+00 -3.414862140965294390e+00 4.970057031362307143e+00 1.120731847160919115e+00 1.135353604843521547e+00 0.000000000000000000e+00
1.556179811069928975e+00 5.566365847093350805e-01 9.553579094047229825e-01 -3.970603803046113711e+00 -1.155860225195829205e+00 5.433630786710595295e+00 8.279239392195157921e-01 8.507183244747268391e-01 1.583819030297273667e+00 -7.839268479996663874e-01 3.259126336927856138e-01 2.016028898841655259e+00 -2.907887513046173655e+00 -1.310088104628361005e+00 0.000000000000000000e+00
