2.221770054841309128e-01 2.646366445107861676e-01 2.872064337607437845e-01 1.314274134674920935e-01 -1.909254605556615775e-02 5.185707814429771911e-01 1.383745937818988914e+00 -1.556173604072179639e-01 1.576341218605520900e-01 5.870598209547545077e-02
3.898368052968121944e-01 -2.664714674030903979e-02 -8.911550176300939152e-02 -3.767323348347034750e-02 1.890500059122437737e-01 -2.201491813888410004e-02 -3.346484067988997335e-01 2.289845621876483994e-01 2.895364457176490269e-01 2.452713180743506804e-01
5.457893972858344211e-01 3.367330756276622483e-01 2.859644862677522825e-01 3.157193515505040127e-01 2.961504555620826373e-01 4.123028189924629605e-01 9.981522719111993180e-02 9.149701656801934035e-01 1.867447927288402865e-02 2.949947721213433405e-01
-6.688621274318834464e-02 -1.029626640902290557e-01 -1.142853965505839509e-01 -6.311522603534060194e-02 -1.581817937342402253e-02 -1.830313700491331963e-01 -3.783247986793267237e-01 5.559213120168737809e-02 -1.958739982355629794e-02 -2.992159194722363719e-02
5.009313910694455085e-01 3.739604930537503980e-01 -5.026796399074633381e-01 -8.147981880410638811e-02 3.347539561559834675e-01 6.390700909620478098e-02 1.392505576508015430e+00 4.570599996333352677e-01 1.706461576270923874e+00 6.852352312850477078e-01
6.861834786637084349e-01 2.264084862700645531e-02 6.219176622065931970e-02 4.309723927806810573e-02 -7.181859985672566643e-03 2.634047533871933244e-01 2.651364793669807596e-01 4.360725315739443220e-01 2.041409154359505873e-01 6.099628214791784353e-02
-3.898177160794594719e-03 2.390141459154249137e-01 3.597744737763739487e-01 2.488465279590428292e-01 1.296993669636448132e-01 3.223974712783769236e-01 5.629656954590843698e-01 1.911690122861876839e-01 3.261350204215821003e-02 1.298434885295962904e-01
-4.083706359754141757e-01 -8.895484284149962617e-02 -1.225390029033897321e-01 -1.081785233747369623e-01 -6.062919184293696917e-02 -2.367005739291745681e-01 -1.559155563834072333e-01 -5.865583482628942136e-01 -1.186437631625318449e-02 -7.179615759185171975e-02
9.982101819476225657e-01 2.313637969999736421e-01 5.040011337405370107e-01 3.680871535273724238e-01 8.926243729863331255e-02 4.448284080714978161e-01 8.722556489880124442e-01 9.293681613368690586e-01 6.575416405703110589e-01 2.911618742119723158e-01
2.831418144037139463e-04 2.019014502915097119e-03 2.283524279739374344e-03 1.013198798959445571e-03 7.509267144299594868e-05 4.263975609965332293e-03 4.312201434175093329e-03 -4.571055427375794560e-04 -1.253969495846048859e-03 1.290056030100320602e-04
-3.163072666671539000e-03 -4.818718343983927760e-03 -1.937244616379327558e-02 -6.829731777135780550e-03 -1.320755599443442212e-03 -1.500098166108130085e-02 5.450995970608298741e-03 -2.425642914535231301e-02 1.511394827807352285e-02 -5.777714730045699007e-03
1.375103571007876835e-02 1.685054492198336841e-03 1.939140195949861159e-03 2.374994251548886385e-03 5.262755194167423496e-04 9.216800416118706152e-03 1.975777805540368526e-02 1.920531362994372035e-02 7.123067775265531747e-03 -1.130564290207286072e-05
1.084233579269189007e-01 2.073352979413234029e-02 1.223329717902532504e-01 3.728557167769601388e-02 4.246716310921105041e-03 8.273591163509987079e-02 -3.794122912643371759e-02 1.290917079841282789e-01 -5.923770567098275708e-02 7.249192930295743353e-02
-5.228608874744589824e-02 -4.658047635368617323e-03 1.462432844234713009e-03 -2.370320532151011170e-03 5.037419626560506181e-05 -1.788248465987887087e-02 3.675181367468352642e-03 2.599835119651922044e-03 -2.080058456394535613e-02 -6.243270466474451497e-03
-8.695167242232082483e-02 -1.101553802381806217e-02 -1.323556854358810646e-02 -1.745767693109533461e-02 -1.107099579689367098e-03 -3.062729687306795651e-02 -1.652189053753974346e-01 -2.151039736967322313e-02 -8.932714563120622286e-02 6.071193254597002237e-03
-7.471888629828694894e-02 8.948574450406432401e-02 -2.038066408342857627e-03 1.277173880177699394e-01 1.033791526072894290e-01 -6.674087189316318947e-02 -1.837516558925559318e-01 -2.540912238656536370e-01 -8.335570938212261832e-03 -5.779934237104922268e-02
5.006716608493688714e-01 4.511408761538368561e-02 1.737127178830965013e-01 1.121361387120206055e-01 3.423196667788264147e-02 1.557741309784717032e-01 4.975949698217856376e-01 1.845813784908539174e-03 2.392836429124627073e-01 5.467402065040318643e-02
4.640465764723082365e-01 8.191898616430305646e-03 -2.951998903232287003e-02 -6.304508882843971873e-03 3.536381936458875622e-03 6.561519369216506359e-02 2.287000739622512685e-02 2.177583562983214371e-01 1.203461795852062144e-01 3.038658244868808547e-02
1.619027849051294377e-01 -4.597157169332706864e-03 1.853977465815665956e-02 5.911318063063157602e-03 8.470302189519287716e-04 4.344942993176329621e-02 6.903638241238331530e-03 -2.736361443821328301e-02 -1.736698567658350595e-02 -2.854097767569725719e-02
-3.697097755781114659e-01 -1.729011148148953680e-01 8.058062113536932358e-01 4.930591070205407878e-01 1.173867362856322316e-01 6.559445310634738624e-02 -1.462544382888689043e+00 5.603373140506399952e-02 -2.017886428476307614e+00 -7.739881020676118162e-01
-9.358496673476970340e-01 2.929074718397055299e-02 -4.673454437237515302e-01 -1.425529265477802898e-01 1.391167558074370425e-01 -2.494208238725890425e-01 -1.115729874407820343e+00 -4.430807114721314055e-01 -7.202014976268096280e-01 -3.331665840112107424e-01
-1.909718337329103122e+00 8.786129686020198448e-02 7.128420495718312822e-02 5.784708756150989256e-02 6.012633507265805616e-02 -3.554891875223717412e-01 -8.811677405308069311e-01 -1.693848616092284098e+00 3.051336479785010658e-01 -1.850970355655199295e-01
-9.735335058614058568e-01 -1.774338814350913396e-03 -1.183555817789974512e-01 -5.428813642602313416e-02 1.045931775858890966e-03 -1.762375792493919291e-01 2.784755366971018442e-01 -5.738892379852060799e-01 6.883310444922775828e-02 1.050609800339094568e-01
-4.855760231604455135e-01 3.765375353223959082e-02 -2.295073338574519367e-02 -8.059968922356948451e-04 1.117504018013273231e-03 -7.931654145789550359e-02 -2.642047711445800751e-01 -4.311127248709169246e-02 -2.691703581712944771e-01 6.860200366657806526e-02
-1.886406226818867216e-01 -1.244667443513507721e-01 -9.914579478388373113e-02 3.200360477071240162e-02 1.198463186584378948e-01 -3.497436317169164699e-01 -1.295027147048084970e+00 4.269925106316128233e-02 -2.880831591202412945e-01 -3.903392077224718260e-02
2.035562541826703084e-02 9.513007189148161083e-03 1.765502964209901202e-02 1.058361785190530674e-02 7.699431823415501218e-03 2.165129301696384206e-02 5.446126539632443336e-02 3.106265646269184069e-02 2.058960495940085830e-02 1.663794754182176122e-02
