-6.286467250576086574e-01 -1.217410717436711920e+00 4.813261263000665480e-01 -1.131484250763066246e+00 -1.415635403286491290e+00 -1.366784890369792116e+00 -1.805736134556701344e+00 -1.037706945374388567e+00 -1.470880932522801388e+00 -1.944029402315362587e+00 -1.192107852502363174e+00 -7.029455847827826842e-01 -1.309634749500524276e+00 -9.259036369647533071e-01 -1.046209955860930796e+00
-2.653784312360474296e-02 3.728486718303181124e-02 8.989728956542375471e-01 2.711395401694498969e-03 1.293255435892060046e-02 2.560348531304920683e-03 -3.159531449385583057e-02 4.156029401319219496e-03 -3.038018385512242237e-02 -1.385510327980707390e-02 5.494163908496704773e-03 -5.028518303431134262e-02 -1.922929097513959018e-04 2.335229475124464549e-02 1.203503228183506746e-01
-8.176519246963255549e-02 -8.144902400854997504e-02 7.938357260836466089e-01 -9.028520004821835587e-02 -1.222785494137256235e-01 -9.763565863884267337e-02 -1.594318812920869355e-01 -9.364475211527976961e-02 -1.009980241089070696e-01 -1.226429727226235333e-01 -1.031573510722538223e-01 -5.236433924946753971e-02 -9.425346847601218103e-02 -7.703782180131764357e-02 -2.075910918230852165e-01
6.461835129213849838e-02 2.115402884611384815e-01 7.202807005855446643e-02 1.889983005407303851e-01 2.825902997518225379e-01 2.680267649604439750e-01 4.712119848669726885e-01 1.606868368726052654e-01 3.071009331896056294e-01 5.617202284669140511e-01 2.105819657417634938e-01 7.779338875129604425e-02 2.529538600585181651e-01 1.296973539002275189e-01 1.306344956951252523e-01
-2.091050311192282213e-02 -1.852187618604904384e-01 6.682375482348877682e+00 -4.469476834613731603e-02 -1.555035750412081530e-02 -6.957906970577633354e-02 -2.708782418360647370e-02 -5.144828622251812478e-02 -7.121225261330810241e-02 1.347492127851818156e-03 -4.179307864960544322e-02 -4.262439369408260736e-03 -3.233268173189000200e-02 -7.277472465183149053e-02 -1.005289071250444088e+00
1.425024192540091938e-03 -1.440165650227134136e-02 -2.808930180773999696e-02 -6.182331297043930363e-03 -3.494805434549275169e-02 -1.786235122523158192e-02 -3.703431158024805825e-02 -3.615271471329437047e-03 -1.540461487774691385e-02 -2.683507407841895925e-02 -6.008269151157694110e-03 -1.398996708164063421e-02 -9.633300464265175805e-03 -2.600418308897577829e-03 -2.646417829941372091e-02
-5.991114233216866813e-02 -1.015426251022158166e-01 -2.219982326645773441e+00 -7.265503207438292477e-02 -9.669399812485945933e-02 -7.324188840401363310e-02 -4.138097188361428147e-02 -7.387472580583828718e-02 -4.039347288100525457e-02 -6.284527431573738721e-02 -7.463148694102428315e-02 -5.753047484594711602e-02 -7.144528541038154545e-02 -8.224833525626873421e-02 9.397148870700665346e-02
1.021091996396387980e-02 2.098030935576222430e-02 -6.607792861647482363e-02 1.406649382374480090e-02 4.818685052776738864e-02 2.462380900667062583e-02 8.893604364350402025e-02 1.549660238563108777e-02 3.736637684843091556e-02 4.465438154684225891e-02 2.182785830175716646e-02 1.346446599885281481e-03 1.697288369532790053e-02 7.414133993301843389e-03 6.628705476750743064e-02
-9.179121194731784672e-03 -6.954363765362689409e-02 -1.295455014854790754e+00 -1.486310056167304550e-02 -6.744543434721855801e-02 -3.151474707882699622e-02 -9.034884392412638465e-02 -1.265660261056007763e-02 -7.253482705978719913e-02 -3.226122175573334361e-02 -1.092729956819750783e-02 -7.578802951754660955e-02 -1.300857971142217739e-02 -1.947626231886495987e-02 -8.099916266110122887e-02
-3.344429928205951662e-04 -3.062760720593873942e-03 -5.563391522892861818e-03 -2.626559954356854493e-03 -5.806091869375300252e-03 -5.122763789881197571e-03 -1.733497813456979370e-02 -1.915138878819475782e-03 -6.575254239442407736e-03 -2.698785660823782226e-02 -3.311859250415754435e-03 -4.549874881740821717e-04 -4.838269684301714328e-03 -1.263656203113153837e-03 -1.431644254393854218e-04
2.463683254965479651e-04 2.717521957263319479e-03 1.026056308394049932e-01 6.379488830381208671e-04 -1.018511418565334892e-03 4.032167076932560712e-04 -5.157263276436480082e-03 7.231717532094291724e-04 -4.185625240299369054e-03 -4.947693733317937159e-03 7.124587312407548115e-04 3.395385666029194366e-04 5.734701590347415084e-04 9.137796933009925508e-04 -1.771388710960577345e-02
-6.641764558640620396e-05 -7.675353839442441983e-04 7.161346568343190944e-03 -1.106250918828999893e-04 -1.563343436431885447e-03 -8.269079688252756362e-04 -8.388357679814745227e-03 -1.955173660781622282e-04 -1.759640550328702563e-03 1.185270292500748002e-04 -5.121112678149880582e-04 6.633544390344204775e-05 -2.035104586040371866e-04 1.295322669660717730e-04 1.614158580280702915e-04
-1.541622488358197068e-03 1.980657136989923128e-02 -7.368462753805458121e-01 -1.230107671325082579e-03 -4.362868359740312840e-03 1.021906202309960827e-03 -1.135823124558974634e-02 -5.869393988409505811e-04 -1.267115464508028477e-04 -1.199630967306432316e-02 -2.569167205179535493e-03 -1.992323679053688984e-03 -3.807316661498109153e-03 7.047192711892732130e-04 1.204032845288670883e-01
-3.719207552021976289e-05 2.377020760414032177e-04 -1.688516594474446381e-02 6.639657220419829288e-04 8.154976247303297177e-03 2.585687649294404408e-03 2.693147693734548875e-03 4.534978833345983638e-04 -2.995005558579962035e-04 1.306787929400815562e-02 5.921174365115956101e-04 7.033664336161197638e-04 1.443273340962604630e-03 3.455820711451345825e-04 3.604849436157329251e-03
-3.492941780748742842e-04 6.974391658992475963e-03 -1.181661181385311732e-01 -1.753401115023403047e-04 -5.997555365063050870e-03 2.260884127936221843e-03 2.839311660611261445e-02 -9.411159693066984550e-05 1.634383998671675581e-02 -5.955830083459040525e-03 -6.572462529925212488e-04 1.875868108548366846e-03 -3.583727224440200025e-04 1.045363051438533445e-03 -1.539767696643128125e-02
-1.836922250960399544e-02 -1.035230247736089459e-02 3.357181055607295406e+00 -1.906259575030777934e-02 9.007579832908618744e-03 -1.640863654329727250e-02 -9.086616631571189928e-03 -1.982536266144493617e-02 -1.501188595696917316e-02 -1.035862375926165091e-02 -1.763833682195022762e-02 -2.308895787539499977e-02 -1.675949346433473416e-02 -2.091263680556568194e-02 -4.067547394159309326e-01
-4.619857089889818462e-03 -1.035784317323585196e-01 7.763573710540967454e-01 -9.297412424361529981e-03 7.986831698767075244e-03 -2.231084547011368685e-02 -2.906290976391310427e-02 -8.163323750004704282e-03 -4.459855625944947333e-02 4.081008356835308382e-03 -9.580112159356272972e-03 -1.547377367097318990e-02 -1.175122480012672291e-02 -6.766113594666009826e-03 3.128731196378642387e-02
-4.770224153570327454e-04 -2.295580506161185377e-02 1.684967888822034299e-01 -1.092195618570278998e-03 -8.510743134359816109e-03 -5.497638162232547712e-03 -2.583474969817959460e-02 -6.716177006540766450e-04 -2.322064573451998459e-02 -2.188802301332497258e-03 -1.019287116394967246e-03 -4.560377359865468161e-03 -1.608703863519825479e-03 -1.856875282467747995e-04 -3.833910027852824309e-02
-1.436275305374866765e-04 -6.908736249978536526e-04 -2.654062620958935748e-02 2.926151102161170248e-04 -9.548517924316018979e-03 -1.359443881765860090e-03 -4.267388355431889213e-03 4.020652795355393085e-04 -6.156961004005801624e-03 -1.034149505795596558e-02 4.975577819264723894e-04 2.280911345561409398e-03 8.585880473376966693e-04 -1.288675964508933201e-03 -5.466092810956942744e-03
-3.538211240754738501e-02 1.780059050353979266e-01 -8.178549723103380131e+00 -2.613686050131222571e-03 -5.053050388561519668e-04 3.686673890707767298e-02 1.446848827983748809e-02 -1.533830811218106493e-03 4.638789320723046838e-02 -1.551645613429417092e-02 8.689212243273892328e-03 -8.546817887198132624e-03 8.734951469500581989e-03 3.587763853996686625e-03 9.954716897740535364e-01
-7.336220333963180962e-03 3.016151218878282414e-02 -9.809481779985134153e-01 -3.366131927459749262e-03 -4.256687630654898413e-03 2.740335812846467906e-02 5.365720647222183004e-02 -1.011708091006091083e-02 7.063090390814091846e-02 5.606156014899832396e-04 -4.389831171263978982e-03 1.109885583616740945e-01 1.344855530350706763e-03 -1.138586595293560044e-02 1.050138107345093275e-01
-3.681547080690752982e-03 1.187384269770570128e-01 -3.086489474128186750e-01 -4.940042009478576301e-03 4.021860827252046744e-02 2.060437135675897286e-02 7.731954570725330100e-02 -8.677367664195988206e-03 5.729826415298439057e-02 3.847473104905678454e-02 -3.646762726925403125e-03 2.320543058622939747e-02 -5.651877036168683963e-03 -1.096781189020849118e-02 1.544370333655739613e-01
-8.632464582942547815e-04 4.057638758061563045e-02 1.850759212051864555e-01 -1.242638957794452159e-03 8.961066390846231244e-02 2.702838112619988797e-03 3.437225713741212663e-02 -2.051231279844321909e-03 9.562123388816713698e-03 2.091024320346693277e-02 -2.487800472522208942e-03 -1.090675789997386236e-02 -4.538945416795669985e-03 -1.365223551679331515e-02 3.257380546815094591e-02
-1.138980929743413709e-03 7.297063355284013481e-03 -1.162216340585503493e-02 7.037383606069078090e-04 -3.835496468750310139e-03 2.493058888512617033e-03 1.524472205963210703e-02 -7.548018010060169800e-04 5.346586187074314767e-03 -2.428686792306772313e-02 -4.262318136078677155e-04 5.978833944544736934e-03 5.352044567302378930e-04 -6.339476407038989458e-04 3.615223052393506942e-03
1.247851766337701562e+00 1.915538768174160689e+00 -1.374130310934512877e+00 1.825103700045964228e+00 2.057251282455756503e+00 2.017516373688077458e+00 2.275970997556266973e+00 1.740485995787907081e+00 2.093031221886357152e+00 2.329086220949283526e+00 1.869584656217080587e+00 1.364034269539741828e+00 1.958202679055940143e+00 1.632013619291040829e+00 1.895406979524110413e+00
4.481445940150665568e-04 1.295467023830011548e-03 4.442112115222770358e-03 3.189788013186362634e-04 5.682219711478993414e-04 1.318164059146052997e-03 1.137153503502367309e-03 2.990757502482660653e-04 1.144954821126497853e-03 8.518348214199828036e-04 3.764865816879324543e-04 8.776536057045376815e-04 3.690831932020405509e-04 5.414129707374615644e-04 1.165093032537780054e-03
