-1.903606563604978819e+00 -8.839797690107937811e-01 -2.165787766248506774e+00 -8.010940013538904170e-01 -2.341408721456700981e+00 -1.904824702668838299e+00 -1.943824215573570768e+00 -2.644544379376719601e+00 -2.404212152158303528e+00 -7.381108840253285397e-01 -1.673134176370328241e+00 -2.308663760476819871e+00 -1.382468975998839777e+00 -2.977927520936678008e+00 6.810471732415492419e+00 -2.300577083863657446e+00 -1.934997398515071909e+00 -2.556628054987905685e+00 -1.035907193703023754e+00 -1.494434894873629904e+00
-1.596574889487085980e-01 9.434660303124864367e-02 -9.008586660881470753e-02 3.172229459533105200e-01 3.439715997322418950e-01 -1.458141528648815577e-01 -2.205537009989674835e-01 -1.816948975891155005e-01 -8.304220682150006971e-02 1.061431665756793208e-01 -6.416499821091364852e-02 -4.843907704276436549e-02 6.756570385660767841e-02 -1.048740733965100036e-01 3.202765712101403928e+00 2.356821825205863252e+00 -1.789417214099711662e-01 2.039315465598414423e-01 -9.670904156237683513e-04 2.294241216862102362e-01
-5.501521227446844881e-03 7.360508420795100482e-02 1.981896057620510243e-01 8.807732044615598777e-02 2.745169774626207149e-01 3.504923225576841994e-02 8.483103714049670951e-02 2.103414746613717079e-01 1.907865306319675436e-01 4.914616721760010909e-02 -1.461169617839485138e-02 3.558721551440954811e-01 5.641963189071597801e-02 2.410596526638826009e-01 4.518995982435927594e+00 -1.388409760246250402e+00 7.384083208466549197e-02 3.360134863598767119e-01 2.679006790751912170e-01 2.402159553051812224e-01
4.938034930991593852e-01 1.916810997989646381e-01 5.408811308254093397e-01 1.722097001943557748e-01 5.529938696296704537e-01 4.889919892003246060e-01 5.058707140979209482e-01 7.519349500879181081e-01 6.594370632850050651e-01 1.574660425616228598e-01 4.139859677113665315e-01 5.646022405935756661e-01 3.250126953768538440e-01 8.696400029257388420e-01 -1.489102919133209024e+00 6.686075519629153252e-01 5.004191276177704095e-01 6.445721531303169050e-01 2.123970819691908263e-01 3.520532792187426874e-01
-2.461802988089979716e-01 2.381562659412086724e-01 1.793313383404193107e-01 2.842269996284749745e-01 8.092251994255694747e-02 -1.436888640770483394e-01 -4.536496803107721576e-02 2.650398648181411659e-02 -1.444134526321865300e-02 1.951033308135947941e-01 -1.633991704749878926e-01 2.098995828425692101e-01 -8.878716904907522911e-02 1.585741332608598120e-01 -2.806930316013188076e+01 -4.826415313172224941e+00 -7.999194671548176538e-02 2.253394730448623484e-01 1.116562491242555133e+00 5.115011842906459494e-01
3.785835646574551433e-02 1.187007264599637679e-03 2.379424803989188542e-02 1.261035928246026158e-02 7.688009600601362903e-02 1.945990024650126257e-02 3.311768434743403433e-02 -8.442975209482879093e-03 1.798573987726547266e-02 -4.714401420047800370e-03 1.599995666194679173e-02 1.040037208231447685e-01 1.466077411072168497e-02 -3.288440617977297920e-03 -8.500297050603998983e+00 -1.088037230477014949e+00 2.971266123727357017e-02 1.755611585075865511e-01 -6.163443470112737188e-01 -4.206174891948973316e-01
2.990967707563550460e-01 1.387183885155210405e-01 2.444236505164533724e-01 5.025475744082292390e-02 -1.290470947216920128e-01 2.910023045237271622e-01 3.432382502428661386e-01 3.495715133663609420e-01 2.709488334849011748e-01 1.304240618181268796e-01 2.412792859767891041e-01 2.057803189184415071e-01 1.598963988487554222e-01 2.986269436156442358e-01 1.585252965477995879e+00 -6.242437160543000685e-01 3.152222068519043296e-01 -5.040336432618190698e-03 5.716254520284758806e-02 -2.394817628393612619e-02
4.593662917997784478e-02 1.463609913161168646e-02 -8.553450419699951124e-02 -1.087656509311906751e-02 -1.526975531619618742e-01 9.567343620113438751e-03 -1.115876995691176751e-02 -1.158634459452492077e-01 -9.934950847900164694e-02 2.917075120297549576e-03 3.378424755812074742e-02 -2.186094519263919178e-01 -5.969981015159228979e-03 -1.027009561907541169e-01 -3.402871396122394643e+00 1.063373698654595856e+00 -9.801289994305795172e-03 -2.077923996182899913e-01 -1.236038133418962265e-01 -6.337114567917515040e-02
3.691849026249577684e-03 -3.428510189825358379e-01 2.648364524969232803e-01 8.709528819073315831e-02 6.341646531741483850e-01 3.667630150511466680e-02 1.147827917937335462e-01 1.046553683051484746e-01 2.677557131589233114e-02 -6.162820280528270162e-02 1.053792815611057782e-02 4.763735076698769610e-01 6.679278047189504686e-02 1.943950198285759878e-01 1.330290709756301482e+01 9.795390380220224680e-01 8.207067617966259943e-02 6.307747418749920509e-01 6.275536105815728849e-01 2.727060356151957965e-01
-8.840927984799946612e-03 -1.692054045088540017e-03 -7.655658063127741830e-03 -1.394483707010889901e-03 -6.147551369213738806e-03 -8.399038922184440953e-03 -8.946517173714337370e-03 -1.692090022180214523e-02 -1.321443006949766900e-02 -1.218744331410103257e-03 -6.404216149162616188e-03 -7.535549046162806110e-03 -4.180004641242928733e-03 -1.921783835326397460e-02 -2.738312465841231252e-02 1.366101264279580806e-02 -8.713950068559194601e-03 -7.600498832144251746e-03 -1.787389897535416336e-03 -4.527640856833255699e-03
-1.075149108920087776e-02 -2.331333195286510156e-03 -7.487702004844533354e-03 -7.442163618982045644e-04 -4.157458457644984569e-03 -9.597531540246803314e-03 -1.261020916505591755e-02 -1.585135523772823046e-02 -1.075207767567130587e-02 -2.708926254929501509e-03 -7.033054292989950398e-03 -1.173625368203936280e-02 -3.168736499724822842e-03 -1.638197635314015549e-02 4.763008218367805191e-01 -2.909176917235807847e-01 -1.095048447014131815e-02 -1.797049711514905196e-02 1.491772845012743955e-03 8.751749931581854700e-03
-9.564917715939419115e-04 -2.344375803126073400e-04 9.732027556803609161e-03 5.512172769146472502e-04 1.028693925161038719e-02 1.068796967748162751e-03 1.566335040681595975e-03 1.471527404280372278e-02 1.170850860631197227e-02 3.320207758200860535e-05 -6.176943424728356929e-05 1.633341374598376583e-02 1.179592741361031732e-03 1.046228813370102782e-02 7.536599609717425929e-02 -2.037665307160759637e-02 1.860399168586898992e-03 2.568124797029295095e-02 1.799069288252210224e-03 8.071617412451885260e-04
2.660496006709573910e-02 1.848244827508706625e-02 -1.081787803731443665e-03 2.800369633000151896e-03 4.271319054142592303e-02 2.152266443461681514e-02 1.367797909965627612e-02 -2.835688016264379437e-03 -2.843377312728458811e-03 1.521640005964871971e-02 2.212280892860134240e-02 2.382180453235801382e-02 1.996379334999510632e-02 -3.780175056061887973e-02 -5.008751835065213820e-01 1.016964283566986538e+00 1.708804618506922293e-02 4.099927662656251137e-02 -2.265392533928993479e-02 -4.778071863930662133e-02
-1.157066677345679542e-02 1.580412784478035923e-03 4.306725361643624732e-03 -9.970786407808786452e-04 -5.219777455783293149e-03 -4.864796286656539008e-03 -6.968805537678562055e-03 -1.975269299434584316e-03 -3.906151726139127627e-03 -6.301406956218670282e-04 -2.035375596942202991e-03 9.488091782264335486e-03 -2.198193333201560289e-03 -8.378188733258263091e-04 1.643219966340910387e+00 -4.048452761584650506e-02 -6.291959251092619533e-03 -7.244977056419870179e-03 1.242825920969036629e-02 1.101014184311713273e-02
-1.549738527449107768e-03 1.589677591801451698e-02 -1.759994904642195324e-02 -4.440254010865241248e-03 -3.375238973568820550e-02 -2.077906122596005854e-03 -1.081945693179636563e-02 3.365787427679123311e-03 4.995483310496574847e-03 2.889982842328683074e-03 2.309213720742032527e-03 -5.232069785377163607e-02 -2.415305584384620091e-03 -1.487807121167991110e-02 -1.669563349653567119e+00 4.408861827626067709e-01 -6.521639620705609389e-03 -1.008885966607468987e-01 -7.355397405602995264e-03 1.451021059044707920e-02
-2.297125783582615877e-01 -3.061790094065936496e-01 -1.979837452905064132e-01 -2.340022731522222177e-01 -1.702398318913189712e-01 -2.507284611562736187e-01 -2.550447978618077816e-01 -2.688997160301231926e-01 -2.544073418443413837e-01 -2.020516114232878691e-01 -2.572810176905285240e-01 -1.026929110092664882e-01 -2.578157662756991875e-01 -2.145867962443710197e-01 -9.622675650145893655e+00 -1.971896778961133856e-02 -2.557437701715544742e-01 -1.144262129568577174e-01 3.156918758518109103e-01 -6.430126660681045880e-03
-1.459770870165682521e-01 -7.801341456818342013e-02 -2.182164852337218630e-01 -5.822953774621725254e-02 -7.922850277784733442e-02 -1.155957199293043969e-01 -1.269753369673876642e-01 -2.362610148505363550e-01 -1.977018908595594704e-01 -2.041373479398354840e-02 -1.000858216498476533e-01 -1.480073944203545155e-01 -9.198131966031863893e-02 -2.645433118298965991e-01 1.665660237795892229e+01 -4.612581455344511028e+00 -1.207911350645518300e-01 -1.022914583962333396e-01 -1.643570835317578749e-01 -1.721800412154781690e-01
-3.942054110610269946e-02 2.471102115311740385e-03 -4.717640052774208642e-02 -5.656083469987680835e-03 -1.835033311312543602e-02 -2.107548089567903155e-02 -2.733914160824360909e-02 -5.433349965806473503e-02 -3.979692764961815371e-02 2.520464514003430134e-06 -1.471274843037542052e-02 -4.451078914700617312e-02 -1.391912362752923543e-02 -1.068392627427704605e-01 -1.693275182184047267e+01 5.320304787387439838e-01 -2.271970980621816974e-02 -9.803860634016274556e-03 -5.612734279212183708e-02 -1.408135784266995039e-01
-9.620269921247415895e-03 -1.737956408203767539e-02 -6.795075189480921651e-03 -3.422213708342740704e-03 1.252915594476485678e-03 -8.060706713361932840e-03 -1.436754052209958388e-02 -1.349664112428366732e-03 -4.737125390478064829e-03 -4.992130152684742458e-03 -5.979807393808747942e-03 9.758150622274693736e-03 -1.862449041391634873e-03 -3.001867613271855945e-02 1.721572065463730983e+00 -5.270109617902709459e-02 -1.300960442297715430e-02 -5.769432318794789211e-02 3.454824562193434256e-02 3.163741945185818971e-02
-1.544671086309631625e-01 -9.607983324129703018e-01 -3.551320827593219542e-01 -5.392265034673356938e-01 1.159549416318854109e-01 -2.634298296796027117e-01 -3.421969120031879141e-01 -1.902790560424969524e-01 -1.720488650959031418e-01 -1.090492334967709365e+00 -2.207835183131272028e-01 -2.761356601817273604e-01 -3.348746666604927591e-01 -2.548059694139881426e-01 4.150111514467352691e+01 2.336527099832766297e+00 -3.283093697191304949e-01 -1.331000195907367512e-01 -4.711693398297200019e+00 -1.357888217588348656e+00
-1.035116326479105092e-01 1.454800255244194374e-01 -6.915092337683930168e-01 -8.971656529042545958e-02 -8.619467162348749545e-01 -1.336914887880357172e-01 -2.340926559592280409e-01 -2.989979151472640928e-01 -2.382719885649424441e-01 -1.317374300760892625e-01 -1.180895017437184613e-01 -7.705443682405548333e-01 -2.765520712971177297e-01 -4.619762972223896424e-01 -5.430350435821079458e+01 3.118486548816597370e+00 -2.106573806874836585e-01 -5.820691580076460259e-01 5.184802831631944997e-01 -7.514714139919381752e-01
-1.410670584385951241e-02 2.498616382241144740e-01 -2.841161656709028649e-01 1.198402666811973147e-02 -1.188255224281031586e+00 4.291942636219094748e-03 3.404536130794670601e-02 -1.803424956263700585e-01 -1.432844771622393820e-01 7.321012927421535754e-02 -6.504304775930690175e-02 -5.233237357052610284e-01 -1.490543148522125924e-02 -2.473483013297747557e-01 5.728230607764530191e+01 -6.032440539509570376e-02 4.602258858633462291e-02 -8.179504840871689719e-01 2.159258798339323882e+00 9.225178933014870353e-01
-4.662702904207005616e-02 8.590575016355693483e-02 9.992649892545345247e-02 -2.900527138507487737e-02 -2.827319124702178388e-01 -5.155918726813867037e-02 -2.989515409171435850e-02 -1.330347702628016382e-01 -3.181215016278977903e-02 -1.287487096321135449e-02 -8.275504540590399027e-02 -3.237137534847681769e-02 2.380199472809830380e-02 -1.157574562771215287e-01 -9.157393027674384456e+00 8.516723947199728029e-01 -2.725846814508429972e-02 -2.190162939329633462e-01 -1.397705777284124595e+00 -6.283000963294815833e-02
3.236319778991736396e-02 -1.538705939217391849e-01 1.002121707181463650e-02 -3.380962090572217638e-03 4.061337639110395442e-02 1.486492945065498103e-02 -2.236473413183522052e-02 4.202977852640014944e-02 3.338902450250318121e-02 -6.057162615419591639e-03 1.065227488678539315e-02 -4.122796519885965627e-02 -9.294153333741540790e-04 3.941369227543905368e-02 -4.002274442693209977e-01 5.973244219339393091e-01 -1.933055126355733705e-02 -1.217295025201481640e-01 3.131925123841848846e-01 1.076025695308569924e-01
1.871504581312796622e+00 9.185113766885304454e-01 2.110100698077118420e+00 8.327964221863836114e-01 2.292911189583182185e+00 1.874511227237439792e+00 1.883396916472393379e+00 2.417232963238561183e+00 2.250893622562621932e+00 7.667237932744858098e-01 1.688834903368985341e+00 2.233893127495478748e+00 1.429256498293703492e+00 2.654070295593475848e+00 -3.307855269859370395e+00 2.253044016646589487e+00 1.887228247341468101e+00 2.405169503988786150e+00 1.188286187602345390e+00 1.553763841327781225e+00
9.245883635262828332e-03 9.448544345526008539e-03 1.265417589573313017e-02 8.097041427460909685e-03 1.871001198239563568e-02 1.011833979654795136e-02 1.055127507823499199e-02 1.354465585639877054e-02 1.047963214259020788e-02 7.534186979665982893e-03 9.134631003295968360e-03 1.243662503080260155e-02 8.541431576344772625e-03 1.291772732555799587e-02 7.027215824214752549e-02 4.604979087103970581e-02 1.061279325389341902e-02 1.822899433496189686e-02 1.113444515864730339e-02 1.833067206671277344e-02
