1.800694197647800254e-01 2.429866105795695230e-01 5.434616230985928054e-01 3.513918947265889936e-01 4.063341657772781557e-02 -2.453297448160686178e-01 1.410530917462556044e-01 7.743917384427949635e-01 1.483519325065379424e-01 4.295935131497256865e-02 9.587372174721023876e-01 -2.277808947845855747e-01 9.486392763113037363e-01 -4.530971149670716680e-01 1.120593577569716642e-01
2.662672722877338916e-01 1.733113002622558019e-01 4.272097709877386434e-02 -2.166489535340197503e-01 2.564903118513137681e-01 -5.611986106847255407e-01 3.511416225112296563e-01 -5.210030418661186769e-01 -3.433304314543240976e-02 2.571510198245466339e-01 -4.742464866474783158e-01 -4.255899391317172764e-01 8.835357820452499622e-02 -2.162914010664839792e-01 3.779064354487511879e-01
-1.804404349843205871e-02 -5.411894476789230052e-02 2.090038363642590102e-01 1.708975331126027508e-01 -1.228945852417305390e-01 1.726976790124418459e-01 1.186972200489697926e-01 -6.808792267735528370e-01 -1.976536633714373603e-01 1.052464805399733368e-02 -3.157757458937648226e-02 5.532802850450041499e-01 2.911198838117323717e-01 9.181722600483686880e-02 1.215839023004438441e-01
-4.225619054912554962e-02 -6.488219663241012736e-02 -1.881146422858739620e-01 -9.371356831983049251e-02 -1.336176319602822536e-02 4.172612550528183306e-02 -5.159582515140628822e-02 -3.212463001705170851e-01 -3.644043419648693855e-02 -1.243916900075802551e-02 -3.533456614108863580e-01 3.671902573275967474e-02 -3.273532045228613185e-01 8.209594361415532837e-02 -3.363591138266433522e-02
1.310994492952044288e+00 -3.235060751894245912e-01 -4.182284134903555550e-01 4.457418802288652393e-01 3.031409316996510617e-01 -2.629450052535735050e-01 -8.727835169124431580e-01 -2.728326279767880891e+00 -8.790148709144253170e-01 -1.094284682641510076e-01 3.357572171679255521e-03 -1.707911208285150195e+00 -5.701494391430587116e-01 -4.106627612295032925e-01 -1.201071343846249695e+00
2.069149998227284154e-02 -9.503601804974649847e-02 -7.743950523270544395e-02 -3.052268205613693497e-01 -1.535007422699924580e-02 3.884981591211837670e-02 2.731895842350727174e-02 -8.733787953143686833e-01 -1.166823487499918655e-01 -3.869626440617937591e-02 -4.920727048372917911e-02 4.095541474131583759e-01 -1.294593138947378042e-02 -4.921411847089359748e-01 2.315603899435632676e-02
-1.399937915544942624e-01 -7.038027886086488383e-02 2.186007358490920510e-02 -1.335300546399389443e-01 -8.635432475945700737e-02 2.582168973436150816e-01 -1.625046296587693839e-01 4.993717935457879231e-01 4.227364686505502567e-02 -7.492951049936812102e-02 3.951168498107558436e-01 5.681625180796636559e-02 -3.505126591772057820e-02 2.651213956415120199e-03 -2.046292311589782420e-01
1.370817851149063252e-02 -2.537473411940652235e-02 -1.975055063488176665e-01 -2.145221633767803449e-02 2.823188642084780917e-02 -7.885640106359236012e-02 -1.031327097264418957e-01 8.590569857468213222e-01 9.666584687981594204e-02 -2.478472627154670871e-02 -3.015076462846569272e-02 -2.981802882581138237e-01 -2.661908497805831053e-01 -1.671634426839133936e-01 -1.397978335158579777e-01
2.644881126496883561e-01 -5.716670884491501653e-02 1.475111289831240562e-02 -1.590158462133339778e-01 3.694439324472322678e-02 4.779578676658203899e-03 -5.555074945955048443e-02 -2.520988137267671902e+00 -2.593244541180723117e-01 -2.127407633498523132e-01 2.222539739247269830e-01 1.978096587052013411e-01 -5.423551950851736303e-02 6.640938262508420120e-01 1.529054348398555252e-01
6.875800528796140176e-04 1.043958385898488290e-03 5.409537072584911892e-03 1.558537439539767460e-03 3.999447284370716803e-04 1.252235489309919169e-03 9.131264593748571624e-04 7.563375564940336485e-03 4.783353821324204131e-04 3.604098171914528101e-04 1.318836645911031398e-02 1.164477346248866518e-03 9.889363762622057491e-03 2.009773592993272396e-03 2.934191299592956619e-05
4.176219589088695471e-03 -5.753954934333131190e-04 -9.753299551651110205e-03 8.582534084912192898e-03 8.227113864604095224e-04 -1.837735701954857151e-02 1.915544778277861356e-03 -5.475695502829999034e-02 -2.286789409266149625e-03 2.903578529160486454e-04 -3.341672689199251534e-02 -2.080875608581164715e-02 -6.543561816612844875e-03 -3.365110170712976023e-02 5.046507815765447803e-03
5.433656600732447326e-04 1.398665816910935489e-03 1.055027488244108386e-02 -6.778076695675822570e-05 -1.050319081021710199e-04 -4.254824206755046176e-03 3.523904548052870025e-03 -4.818236475104872157e-02 -1.524773989569229394e-03 8.340477948919186504e-04 9.048298683379366741e-03 1.277246082505862843e-02 1.451500370262400960e-02 9.316667627526743073e-03 5.590447610259932990e-03
-3.023204901434041122e-02 5.059804512407118683e-03 1.150775970864960189e-02 -8.696175536000889938e-02 -4.879313546360297855e-03 -4.127537718929397137e-02 2.460915508942029470e-02 3.235059232068749346e-01 1.034126991975987432e-02 -9.608194528707383886e-03 -5.749386266305071824e-02 4.621119850099641990e-02 -5.131294900185998879e-04 6.614684314168804702e-02 2.069772133387576263e-02
1.550272826724087300e-03 5.888132959899853094e-03 5.560909016119408924e-03 1.557471101757366798e-02 -1.151729500176158186e-04 -1.408707409034782969e-02 5.951342514751420398e-03 1.436233684130464039e-01 9.412158188472914688e-03 1.051705524834208429e-03 -9.512757513729264147e-03 -3.948625562723589999e-02 -6.741138338554088227e-03 1.967876126064034212e-02 -3.844799734443440833e-05
-1.620511366527334005e-02 -2.524552403154704285e-03 -3.073229955362407825e-02 1.620618839590686269e-02 -8.114541206577766466e-03 6.591767575796748935e-02 -1.213947422953975432e-02 4.631907913663714793e-01 5.228431723066006773e-03 -2.078998888336478466e-03 -1.364879561093109150e-01 -5.514214756343797236e-02 -4.918409854519441987e-02 -1.084956653301872437e-01 -3.169873823355157799e-02
-7.997503798218039694e-01 4.231833335161366144e-02 9.583591908659222502e-02 1.328090783848368428e+00 -2.177041870496407815e-03 3.854319977070472802e-01 6.680308165308963819e-02 -3.430200600985002790e-01 -5.267647109406820710e-02 -3.671084624597473894e-02 1.320071290160747535e-01 4.920883754147895028e-01 1.432948592934052690e-01 5.533953584050425034e-01 8.124778588161203630e-02
-6.472890577512996346e-01 -2.255930837149521667e-02 5.624716895071310563e-02 -1.044511751731581395e+00 -7.518111738942483135e-02 -3.560621951359733695e-01 1.436769454839883359e-02 -1.986024167589797162e+00 -1.724858211150339105e-01 -3.510643262709309959e-02 7.572745726181003001e-02 -2.354004347383214374e-02 9.644005924361402637e-02 2.918405655834974133e-01 2.479489068549255160e-02
1.955817316891635647e-03 8.132878286464789025e-03 2.434278572768738824e-02 -2.863197538600164016e-01 -2.454382586280701856e-02 6.353501647374486250e-02 1.287356597538974814e-02 -1.403505879002729717e+00 -9.270231715901885994e-02 -8.831663147034391620e-03 -6.698270339402954965e-02 9.772164449291106947e-02 5.732109171627899902e-02 -1.487341855168307914e-01 2.553539263351578201e-02
-3.349347102154569440e-03 4.584295737972544568e-03 -3.911187473824823124e-03 -1.635040248387565134e-02 -8.713505281975474082e-03 1.747265526661074819e-01 1.657017321534243887e-03 -2.520513277202950375e-01 -3.644569205982099713e-02 -5.398468569071030766e-03 -4.565586614087695921e-02 2.658135826604854368e-02 1.291433288574941191e-02 2.151782913797021801e-01 4.892056231472898670e-02
-2.252029950193890961e+00 2.340920456451907883e-01 2.843841600761429222e-01 -1.837197497408451063e+00 -5.238463732110102411e-01 5.237298217549927193e-01 8.600508907153047167e-01 2.548311809561269126e+00 1.560582269156681523e+00 1.040045515249806429e-01 -2.657692615986299856e-02 2.265543137538884366e+00 5.706826044966434308e-01 2.353174408288733754e-01 1.528457099873167024e+00
-5.010949238224585711e-01 -1.763219203120987566e-01 2.092749149032338274e-01 1.529807981831516006e+00 -3.599488905094996860e-01 -2.578541584526185537e-01 1.658805589172747674e-01 2.558709297450662667e+00 5.823536881743824889e-01 1.253747131724879116e-01 4.560095853315497827e-01 8.380417528591961318e-01 6.662221147029898649e-01 -1.198015671589103548e-01 2.819996572502338483e-01
-2.820760789206088193e-01 -1.490171061877051256e-02 -2.255733389484042284e-02 2.420890958934349690e+00 -1.520807069870909467e-01 -2.055204543291872521e-01 -1.828755881176596931e-01 3.793607653050432571e+00 4.045568158864660813e-01 1.015903753031294557e-02 6.687963006525768916e-01 -7.434967098793737739e-02 2.122664188842202093e-01 7.808629664027225692e-01 -7.636295052890187951e-02
9.507005476651210485e-02 -1.956375977586943815e-02 3.854526474061772956e-02 2.089163586388198546e-02 -5.170230300926742517e-02 -1.348168810888384916e-01 -3.666218399704344877e-02 1.985222273836593443e+00 1.496374706385179831e-01 3.826864595905642152e-02 4.115621429796481046e-01 -5.107736030197377458e-02 3.131340042392746770e-02 -5.480783069391825801e-01 -2.019455736271295598e-01
-8.806336429324813919e-02 9.540836469633051653e-03 3.550165337334718063e-02 7.490233831497709882e-02 -6.554931684929600835e-03 3.615730112851880396e-01 -7.294895873378479112e-02 3.299254646111293154e-01 1.179325649156602596e-02 3.481001134763859334e-02 4.878787131059840465e-02 -1.110609997823036599e-01 -4.397165425915589704e-02 5.752016186087065552e-01 -8.058469864820490269e-02
-2.321924465279608663e-01 -1.966888274332714848e-01 -3.304483801469902948e-01 -3.045438786494509831e-01 -6.788121192926743763e-02 2.469489801991628652e-01 3.168692742275174001e-02 -2.509997072306330845e-01 -1.113047667984778111e-01 -4.193392446337139423e-02 -6.702001252215248339e-01 3.122618693126943401e-01 -6.258589210983610540e-01 4.883727422598378998e-01 6.561930114122302427e-02
1.516619941363186834e-02 1.331718927433863178e-02 9.194905250346262562e-03 2.531742423752641330e-02 1.179201082149685526e-02 1.718135426365762289e-02 1.201694218965872196e-02 5.717788932217460207e-02 1.087699976052207591e-02 9.846849520821611065e-03 1.253322386573068811e-02 3.251605427906121421e-02 9.488919046716096442e-03 1.898489072296434890e-02 1.451102305430274422e-02
