1.625184877659404392e-01 -8.717751891987238211e-02 6.160560702180183368e-01 -1.551896588375025199e-01 -1.181878272415020636e-01 -1.059000591973628946e+00 1.482941287844010692e-01 4.918474629756292016e-01 3.766475932832796802e-01 1.612459319321568052e-01 2.021769681574714372e-01 1.718484849828810335e+00 7.556451830791895974e-01 5.057667496274623892e-02 -2.391681495934551427e-02 -9.296739151027717807e-02 -3.002711449274599320e-01 -7.278824196788312717e-01 -1.145087381150773131e+00 1.402721789664606589e-01
-2.814481189524322552e-02 2.979092387747392934e-01 -4.808661132618984313e-01 -1.000989559483765889e-01 -3.096389851880915756e-01 1.471216207069007686e-01 -3.793576891740578771e-01 -3.857067707952532842e-01 -3.400158219721177710e-01 -5.134392570332829003e-02 -2.051733042315681821e-01 -1.001446480488492830e+00 -2.177510179690122782e-01 -4.507814224991143343e-02 -2.459767189287991734e-02 -3.188792785978824540e-01 -4.947737459897791901e-01 -8.312441656885403984e-02 5.932401174349731798e-01 -3.339013693965942609e-01
6.683110308452896997e-02 8.006853621637587126e-02 -3.494556692168740430e-01 2.236243466899784094e-01 -7.516816662314064479e-02 4.142295605624680688e-01 1.248075625282577816e-01 1.159568010611469607e-01 9.111116546700816221e-02 3.693266361410762338e-02 1.028380386646162853e-01 1.423347387528973718e-01 -1.611271737043996066e-01 1.349403956027926954e-01 1.858011832480591964e-03 1.078841402752746814e-01 -4.133161947439026318e-01 5.465660298995120292e-02 4.537956670978973150e-01 -1.355923045383856246e-02
-4.902412301554447821e-02 1.908663548720597458e-02 -2.665131437332703968e-01 1.147641043349454347e-02 7.293220577780248556e-03 2.944818381596993606e-01 -5.588463404871188422e-02 -1.613115717647679026e-01 -1.334595906451289948e-01 -4.897935765562980853e-02 -6.637751941716532600e-02 -6.307958091758090191e-01 -2.400652181225828852e-01 -1.925117212670565334e-02 -1.911809733175265065e-03 2.837142477040918015e-03 3.498754379585582164e-02 1.923042901249705505e-01 4.024023816487137251e-01 -4.848647193776686043e-02
4.356671471675619411e-01 7.694335399500516759e-02 -9.350039723835998906e-01 2.268830442133463743e-01 -5.180214333439251417e-01 -5.558076613142544087e-01 1.095978186593691145e-01 -8.796628160036377986e-02 -6.714938053971791776e-01 5.841032404004711243e-01 4.125800128650814469e-01 -9.164057107703291738e-01 -3.378657827474353947e-01 3.080223570330906657e-01 -2.576992013327669695e-01 1.065296452375974895e-01 -9.271420261114415862e-01 3.951378249255622643e-01 1.718067598529349760e-01 -3.877681884248676547e-01
-3.815827106384010736e-02 -5.854787549302382238e-02 -4.960571354220923435e-01 -9.723691994868294275e-02 -1.967388909712010359e-01 -2.296252828094106149e-02 1.110019226108245431e-02 1.900692302020622060e-01 7.377209759472058703e-02 -7.481735139913460800e-03 -1.620807923721802671e-02 -9.231223485262438633e-01 2.883845267417672886e-01 -4.794623585366640517e-02 -6.104501354360276216e-02 -4.525883731347547789e-02 -4.005747683021895211e-01 -3.028251923316125846e-02 -1.035604601217814946e-01 8.312879953048525616e-02
5.473849743093330000e-02 -1.223067308379072182e-01 3.538777130949729011e-01 1.321579041757922068e-01 2.556620163096636755e-01 1.536662493920040208e-02 2.587160346281715539e-01 2.903446906381764725e-01 2.845673097678936836e-01 6.749406039759400788e-02 1.546264390873608729e-01 8.461895988724670303e-01 1.233065093012109953e-01 6.059311948922103952e-02 -1.811871720097302935e-02 2.247658711984041602e-01 3.583967345137608618e-01 1.253744011054209462e-01 -3.170747436793761587e-01 2.269801497594736150e-01
-5.304072838188024497e-02 -4.376555092700578492e-02 2.769266627243506251e-01 -1.198465713953851125e-01 9.321202371183096025e-02 -3.147166449251428411e-01 -6.410554332099022146e-02 -9.263406150255724947e-02 -7.933032420416290253e-02 -3.801614691337999730e-02 -6.274919447797881744e-02 -2.174881954059018629e-01 1.105050759931892196e-01 -7.846121287642883468e-02 -2.710627041472720225e-02 -5.456433876970247926e-02 3.501225881077055235e-01 8.622522791360809000e-03 -3.566614126662064344e-01 -1.050728833797207225e-02
6.339626636164438778e-02 -1.221849800277545611e-01 -7.739317500990365861e-01 1.895027667775814328e-01 -4.712490414416999895e-01 -1.485813841246020825e-02 4.464744110410249350e-02 -4.882008653738809656e-01 -9.953360431831596855e-02 4.209372524206059923e-02 -2.374513695313771114e-02 -9.322552479728267727e-01 -8.569839273886790121e-01 1.675770550946725779e-03 -1.550175327113396395e-01 1.145056135421954058e-01 -1.098592416853378717e+00 3.761794207039476090e-01 1.048627482029635405e-01 -1.048621673992288089e-01
1.357969525419030002e-03 -9.351002954259988380e-05 7.043635365677279603e-03 1.179735718264593100e-03 5.709229504526718273e-04 -2.787905653479179000e-03 1.819662294154503158e-03 3.994999235441471820e-03 3.820705295607458845e-03 1.417582981740398958e-03 1.857130428129749556e-03 1.002258494597928380e-02 3.972152628052131630e-03 7.546440763402727063e-04 2.786918686540090393e-04 9.110028547641540455e-04 1.391104297502744440e-03 -2.924568408140986939e-03 -1.462301507245773388e-02 1.287308857185895210e-03
-3.700615928561558354e-03 1.297605667297401432e-03 -3.470472714306240686e-02 -6.703600302521718277e-03 -8.808320995931998021e-03 -2.676048820920970406e-02 -1.202272318760146119e-02 -1.862558383071749243e-02 -3.017141591461669839e-02 -3.976748227906813649e-03 -7.234471481336956535e-03 -2.971595134342088287e-02 -1.211011229155240475e-03 -3.401930421220747576e-03 -4.947446670549872881e-04 -1.017226855968648286e-02 -2.735135200683461859e-02 -3.921790993324470939e-03 3.103848049335415984e-02 -1.091432105864133251e-02
2.314849563959422464e-03 9.697909756849424495e-04 -2.746368413366329087e-02 5.098590423760233567e-03 -9.163835095254724630e-03 7.394861137008693422e-03 2.614514048789796496e-03 3.796096505746938358e-03 7.138753273651514061e-03 1.930526230624794986e-03 2.822436581039190935e-03 1.031982819460046559e-02 -1.487721663263582433e-02 2.508533005869246352e-03 2.267810828254004376e-04 2.191807041203783050e-03 -3.123396849431197414e-02 -3.282565150711318300e-03 3.327538075354638525e-02 5.865431877264365261e-04
-2.808021772587873319e-02 -1.733826270060313118e-02 1.621533088020780389e-01 2.903649900736226825e-04 1.864522709003744658e-02 7.084775824497749341e-02 -9.012666960270386551e-03 2.382714580578088395e-02 1.028224827243616885e-01 -3.037780998932682053e-02 -2.032407384480399565e-02 2.088312969331758973e-01 7.089058156654001047e-03 -2.797393706847834879e-02 -2.631950534158690024e-03 -6.098568865005445051e-04 1.024099283453560189e-01 7.983712854485316285e-03 2.801908827437306695e-03 -1.097125596911135113e-03
1.274441800464595287e-03 2.217141295646316186e-03 7.665684535784851594e-02 -8.230050485883334474e-03 3.278791099273807574e-02 5.389844081261464803e-02 3.831019190154802022e-04 -1.374505216607968885e-02 1.339338253185546560e-03 -6.263270177455739808e-04 1.329021970517076968e-03 1.298541775872391890e-01 -1.831260064361719606e-02 3.334459243249092864e-03 -2.025185633976606114e-03 -2.049165748153245446e-03 6.743160750106305668e-02 -1.108463283968021650e-02 -2.707755644054700254e-03 1.870813900187016758e-03
-1.269020848275419396e-02 -1.472480873617807622e-03 3.056727144394275064e-02 -2.885579202571464039e-02 4.298678219373062992e-02 1.759378112533883584e-02 -1.607690688705662452e-02 -1.156406597338156469e-02 -3.845124897366675870e-02 -1.020464304141244401e-02 -1.034909409994298930e-02 -2.077371364883827398e-02 6.262625647509073579e-02 -1.041480458869664845e-02 -4.461081744091752177e-03 -2.187226032036973175e-02 1.498245038231232618e-01 -5.816862123367858017e-02 -1.367627459739656319e-02 -1.925838456154534487e-02
7.550701407892461935e-03 6.383494068475420447e-02 7.421990952386885165e-02 -5.980272024116215640e-02 -1.275725807093230635e-01 1.245369473134536192e-01 1.351033370769842007e-02 1.521388847189198736e-02 6.664884110400498551e-02 -3.217600886251034513e-03 -7.293001998619512080e-03 -6.644332307603356691e-02 3.933929242222564820e-02 2.056255640265317042e-02 7.897940166855331456e-02 2.106308389668055947e-03 9.787035649481999611e-02 -8.015645035502548532e-02 -3.163313937337458581e-01 5.714565135837364196e-02
-7.332841815412675934e-02 -3.408215748072355306e-02 1.011698302432084418e-01 -8.124767861607193331e-02 -1.576434138376107963e-01 -1.855265512342110443e-02 -1.029786912741282728e-01 1.621671239614957266e-02 6.030368643440507659e-02 -7.348199062705307316e-02 -8.072953530939243338e-02 1.011611891475867192e-01 1.599467531734711512e-01 -6.706983015036467599e-02 -1.781544995261531011e-02 -1.200027875572187430e-01 1.206628736496186127e-01 -1.087966486428860735e-01 -1.508956718255106688e-01 -4.887119820691883040e-03
-1.757655487357710766e-02 -5.999312599369235367e-03 2.090406309218957592e-02 -4.097107203031355449e-02 -1.058596285748363008e-01 -1.855291509470300138e-01 -3.700700648320925934e-02 2.474133150517932728e-02 -3.476791954018518260e-02 -1.416274910727963188e-02 -2.230049108489381982e-02 -3.103566639963076246e-01 -2.422083383956498762e-03 -2.988341193880401231e-02 3.110546059245656095e-02 -3.836017981402378707e-02 9.138253534608023476e-02 -3.857456785720950188e-02 -1.730245435249827199e-02 -1.462055381690045841e-02
4.022069342619392571e-03 2.226950645304404206e-03 -4.294044910181520069e-02 -8.931061345715052627e-04 -6.061578057272139219e-02 9.169948173436975880e-02 4.658738551885989107e-03 -2.759088252529840954e-02 -5.976295996553602358e-02 -2.433440153501788793e-03 -8.929511676346091331e-03 8.799342217660904852e-02 -4.307408682933054622e-02 9.888931854034168148e-03 3.548897884188212393e-02 1.577277052068742219e-02 -3.921764655876147643e-02 -1.345400809583739091e-03 -1.041965544479300440e-02 -8.878865193069893080e-03
-1.772125943396478387e-01 2.380652849204200894e-01 4.921714941256771225e-01 -3.169628453262717249e-01 6.425875215941273533e-01 4.411530985460103693e-01 8.487900346122913275e-02 1.505671068208223051e-01 6.011301410598067774e-01 -4.347705551936056345e-01 -3.262900557027250126e-01 7.849076170441715572e-02 3.453603359734306877e-01 1.075976973814240026e-02 2.895871717502446208e-01 6.414076744502304750e-03 7.461777324382130594e-01 -5.498908026594585552e-01 -2.495110396338980630e-01 7.992793830619229212e-01
-1.529200921811228187e-01 -5.118741160634948661e-02 9.407754081370828247e-01 -8.911716981950834615e-02 4.594426778325068628e-01 -5.188545215901031737e-02 -7.476255940611110928e-02 9.844184983341458528e-01 5.827386247805904640e-01 -1.858815704134064717e-01 -6.798449966393366184e-02 1.427934452499823648e+00 1.329176387352765332e+00 -3.866804898292641041e-02 6.596333073084356680e-02 -1.416942761476833179e-01 1.144563966093282037e+00 -2.772415316047961431e-01 -1.711376645723700629e-01 5.807003276346625054e-01
-3.881986644186304763e-02 1.887245613336868688e-02 6.248084582422327449e-01 8.385634794433691197e-02 8.858443398645186873e-02 5.551964975972724092e-01 -1.045081430113467963e-01 -1.707154033982704877e-01 9.803202224071146109e-02 -4.390583552233702502e-02 -7.104057236950392373e-02 2.597169809126225748e-01 1.986047283415913745e-01 1.036630568048413775e-01 3.920195289930175075e-01 -8.269605335437740790e-02 2.417598773188842365e-01 1.279868428294842764e-01 -1.291645674431854407e-01 1.064178702194416293e-01
1.037267635569365243e-02 1.975193080660011050e-02 5.836017857335533687e-01 3.404250249913715054e-02 9.344127386921825817e-02 2.772406561047723317e-01 5.730518442068423257e-02 2.089581404924684138e-01 7.708359155483989096e-03 7.299664004928570551e-03 7.107042847907393823e-02 7.897860571557484555e-01 1.431300852773284005e-01 2.845627086897337121e-02 2.325138284357056995e-01 5.885215628886188849e-02 9.545239735709143414e-02 1.301174971153884474e-01 -2.109605602109950948e-02 -4.750973039099783655e-03
1.815527074861473036e-02 -7.565356803526919124e-03 2.126416402088153468e-01 1.829997771013096297e-01 8.879330965520215724e-02 -3.790830121025854926e-01 -2.687016379042049454e-03 -9.525978160901926728e-02 -1.630896095094624132e-01 -8.197457087290728039e-04 1.444580776373125507e-02 4.183749857852309684e-01 -3.327896585679113173e-01 -6.029766826744092922e-02 2.022560481788751585e-02 8.460190382445906265e-02 1.585203409129342100e-01 1.301439805128287719e-01 2.406615425739911940e-01 -1.592441697754364005e-01
-1.994186027198688871e-01 9.687674099334879496e-02 -2.084055398426503114e-01 2.189065201074032740e-01 2.196255517846131267e-01 9.844598771462462761e-01 -1.311447965652244030e-01 -3.940308352863880481e-01 -2.396877914612274008e-01 -2.089244146492167387e-01 -2.062835385783652054e-01 -9.105319512185972020e-01 -5.639420468941676035e-01 -7.241994419929301263e-02 8.755085406558091310e-02 1.357089705826934889e-01 4.765752021253839010e-01 6.434129560681951521e-01 8.698693093198395232e-01 -8.582638086673331779e-02
1.673590494472368753e-02 1.816169155505121396e-02 1.855217208775536419e-02 2.169920595440777769e-02 2.014639669528739754e-02 2.586778372981705584e-02 1.812461326756660204e-02 2.564432699718019112e-02 1.835183791999724090e-02 1.603550196628343930e-02 1.725514604433117313e-02 2.721389262434715031e-02 2.606131948654967501e-02 1.159812817735149902e-02 1.135888041717871520e-02 2.201743862919341987e-02 2.045844652585821974e-02 1.862876941575255033e-02 3.064924726224937598e-02 9.805971422001106066e-03
