3.981670190907756091e+00 -9.239476842074246798e-01 1.802374894881251244e+00 -2.600730582475698216e-01 -1.116437003987917898e+00 2.872737738664007612e+00 9.720800520959058111e-02 1.487671208437876036e+00 3.468357680878457305e+00 -5.552710864531718027e-01 -1.032837032022791313e+00 -5.575000279373979462e-01 4.237030829205453486e+00 2.255880523656197845e+00 0.000000000000000000e+00
6.671382280388022945e-01 1.483943711688238687e-01 1.089093724951669451e+00 6.621900437183967369e-01 -3.264649207553962929e-01 1.274624589236368344e+00 9.241287659875899729e-01 1.270180367733244164e+00 4.259174798142189022e-01 5.098756301164892868e-01 -8.609921790987251633e-01 4.620862762338829866e-01 8.672494240805342924e-01 -4.282508574926822131e-01 0.000000000000000000e+00
4.404159226341549660e-01 5.431273832507608201e-01 5.104001564371939137e-02 -1.158850532057271732e-01 -4.405810144206374901e-02 -1.805386782671301704e+00 5.177117004710308779e-01 -8.672809924526326819e-01 -2.641562317741397159e+00 -2.733528495617424947e-01 -3.887616339561324463e-01 -3.151874718752836757e-01 9.565641400841710107e-01 1.227529624488631121e+00 0.000000000000000000e+00
-1.510684716664071781e+00 -4.375731427724830480e-01 -9.427501154830322805e-02 1.010564216195355636e+00 4.118831642492420952e-01 2.371619332521563539e+00 1.441048071385725660e+00 3.271823523432326741e-01 -3.339632748663299733e+00 6.915884565361783975e-01 -2.471600346659554859e+00 5.106834523303546147e-01 -1.802663028043030691e+00 -2.574168948857546102e+00 0.000000000000000000e+00
-9.675443331681834458e-01 3.558473064369028771e-01 2.863869548914127483e-01 7.255685832734248830e-01 1.492644985664034751e-01 -3.730605829704605192e-01 9.527154776030961614e-01 -5.522232880292269816e-03 -9.491167171941493619e-01 6.599272013574795093e-01 -4.865210770556389619e-01 6.463837781110959302e-01 -9.710912586457813855e-01 -7.481409497727123936e-01 0.000000000000000000e+00
2.463563003932978557e+00 -6.909365594004868161e-01 3.212178058596598440e+00 9.843708404339469586e-01 -1.664622719808871665e+00 -2.874840957329253821e-01 2.569632280638059818e+00 -1.106809123893097491e+00 1.908977068991137283e-01 5.124778524782317435e-01 -6.871723755403600364e-01 4.329074842751448604e-01 2.098626989440709245e+00 -1.032865611669101291e+00 0.000000000000000000e+00
1.487535079197757737e+00 -8.436838484353521572e-01 9.132716900228405876e-01 -9.869349264332385463e-01 -6.045511836101290504e-01 3.551789645564802367e+00 -1.555704937834694324e+00 -6.300960955046006617e-01 1.428314271863712959e+00 -1.291370412579225357e+00 1.600694923955838789e+00 -1.362751042280236469e+00 6.859857043649535413e-01 3.584435714446392751e+00 0.000000000000000000e+00
-1.826325838756760245e+00 5.393147659854661269e-01 4.935188466701238563e-01 2.510045573728056367e-01 -9.106177087791601787e-02 -3.291673438765947979e-01 4.820726333535536590e-01 -2.807835183440335225e+00 -1.629177154417511986e+00 1.718942976461562411e-01 -7.396330622960500811e-02 1.557638505726056111e-01 -1.541816515016913192e+00 -7.365073471892313872e-01 0.000000000000000000e+00
4.657153416729966633e-01 -2.196872185896396323e-01 -1.654532569693142885e-01 3.513971458400703268e-02 2.229663201627847535e-01 -2.272166726327866204e+00 -3.538423903161878603e-01 -1.870285895063811932e+00 1.104170639349816296e+00 1.418851473403061891e-01 -1.016002504116255256e+00 5.433177108229318708e-02 6.546780010067092537e-01 -1.052582283027722498e+00 0.000000000000000000e+00
-4.804917942017662646e+00 -1.249050663236235703e+00 3.910132272830469269e+00 3.718203428081714890e+00 -6.432131446668502006e-01 -1.307546612185028989e+00 4.629165603169421495e+00 -2.272524333298863830e+00 -4.877392934166723926e+00 1.902292286978886304e+00 3.623353458590347076e-01 9.559727980304740802e-01 -4.786176742301642584e+00 1.153184130484095071e+00 0.000000000000000000e+00
2.841236828180388613e-02 -1.776241469541885512e-02 -1.702150805536222777e-01 -8.640187794980486169e-02 8.762201497596084840e-03 -7.427485708505418560e-02 -1.534340660712566751e-01 -7.518796575442705798e-02 2.760790570861088727e-02 -6.433081054063910509e-02 -6.265066614967318079e-03 -5.611970076112578198e-02 1.261128542398656967e-02 9.816515628849985589e-03 0.000000000000000000e+00
1.169032766189856687e-01 -6.046823256733224738e-03 -2.120342566216839308e-01 -7.470667201269991231e-02 1.208855500999225507e-01 4.152010492244745388e-01 -2.148565053550531290e-01 2.024094239549801000e-01 1.986037505864029773e-01 -4.443050002393903603e-02 1.397668105913666414e-01 -2.325112318948658816e-02 1.058784115835789165e-02 1.657259702631026510e-01 0.000000000000000000e+00
-1.247512657031294714e-01 3.722466902633522756e-02 -2.105838271155981434e-01 -6.561234311299983524e-02 -7.724794357709804590e-03 -3.186250946539461726e-01 -9.433308618534726186e-02 2.286314339808654672e-01 -6.153726911273980221e-02 -3.989088028552615034e-04 -1.434670683648586742e-02 1.533678494604488046e-02 -1.457027113832502496e-01 1.060091324940869162e-01 0.000000000000000000e+00
-3.394054717562138279e+00 4.557460525778532778e-01 -2.883229346947983607e-01 3.528471311313928216e-01 -7.501627370184900112e-01 -2.908717124438798596e+00 2.617754833170441997e-01 4.199260275224350747e-01 -1.772897048308702539e+00 4.536297648902887780e-01 5.660341683350428310e-01 5.338593369698372282e-01 -3.639185502368820657e+00 -2.087895056893710952e-02 0.000000000000000000e+00
1.566131329693998611e-02 1.056950627942036119e-01 -1.100659320020602738e-01 1.851176940172954977e-01 -3.560532531732631817e-02 -7.512205350659428849e-01 2.566208130493179973e-01 4.000485754102766078e-01 -1.729672732623618869e-02 2.093061098983096113e-01 -2.735263343905696212e-02 2.449198518468608810e-01 2.743415983305725891e-01 -4.234290677553886328e-01 0.000000000000000000e+00
2.553001157553532185e-01 -2.727585610874018116e-02 -1.534107316153632272e+00 -5.647770016800669479e-01 1.927767532204248402e-01 1.070684361719284716e+00 -8.920327886914676263e-01 4.845410047455966929e-01 3.494351314767885630e-01 -3.451644127063706047e-01 1.465328554163124741e-01 -1.455541499639913527e-01 -5.254634852153052677e-02 -1.055074589524631345e-01 0.000000000000000000e+00
1.813011116152648317e+00 -1.760408715003466185e+00 3.470419912819791564e-01 -7.902579010087486255e-02 -1.214267273691186366e+00 -2.658544282756653221e+00 -7.222100856021528015e-02 1.808499161610010564e+00 2.957650149077057034e+00 3.782214080565278469e-02 1.713161629201398917e+00 -9.826838968377998862e-02 8.436780043684525277e-01 8.691784970386472464e-01 0.000000000000000000e+00
1.424848709979007699e+00 -6.797520181859819655e-01 -1.732378624522131760e+00 -1.201625905691152907e+00 -2.113889308229254027e+00 1.544163041739232911e+00 -1.512680900813570650e+00 -1.326721082220311265e+00 1.231676369438575058e+00 -1.226664396537252122e+00 1.870582281312636486e+00 -1.192458441210580089e+00 7.641897771675308926e-01 1.183108277529088204e+00 0.000000000000000000e+00
1.753720293506442207e+00 4.769994973511118563e-02 -2.016847521046166936e+00 -4.672159801208357055e-01 -4.634578676746409776e-01 2.436620074588240037e+00 -3.293855852467955647e-01 -7.252795141127515999e-01 -6.115382114789453816e-01 -4.407789927957376230e-01 -1.476239392588709065e-01 -2.324068900156737449e-01 2.771105658147635431e+00 1.268105600822967971e-01 0.000000000000000000e+00
1.788528621589525747e+00 -3.769178950965158537e-01 4.919004902896487175e-02 2.038830575830524738e-01 -2.417874202589807842e-01 2.565376506872981910e+00 -1.476447943590648570e-01 -1.439683545329216718e+00 1.679180224529269960e+00 -9.602050549814890312e-02 -1.607569130253131418e-01 -9.761893050967876406e-02 2.436152138405359935e+00 -1.014828796629682756e-01 0.000000000000000000e+00
3.293136328793457412e+00 -1.619876000419544715e+00 2.186193083638515500e+00 -5.025264233849341400e-02 -1.545236201671905008e+00 4.074287584170859233e+00 7.116491008611244284e-01 1.561545423640920305e+00 -1.052542061517602462e-01 -1.530276510564427594e+00 1.634189391951678338e+00 -1.687565318111118984e+00 3.677396867650503332e+00 1.634883775436518194e+00 0.000000000000000000e+00
-2.192011151011648007e+00 4.810396598390568323e-01 -2.262306004946541993e+00 -3.637100324825192299e+00 -3.011912044411960920e+00 3.087435754798200982e+00 -4.353630437413857912e+00 -2.560993011544795639e+00 9.415206372750584141e-01 -3.785140249408452728e+00 2.810569237684878985e+00 -3.866395455664132896e+00 -1.822801687801579584e-01 3.335928835059824404e+00 0.000000000000000000e+00
-2.313359276111405016e+00 -1.515207764341846286e-01 -8.604202495406692019e-01 -4.885363205918779594e-01 -9.144022001981620962e-01 2.416052327287148138e+00 -1.802952487629049250e+00 -1.281877489110726964e+00 -4.527672596011590445e-01 -2.298841129238222702e-01 -4.518908288051235456e-01 1.009159201973092029e-01 -1.876853113740073686e+00 7.279789958201844380e-01 0.000000000000000000e+00
-7.349402185952716438e-03 -1.749381317659233881e+00 3.987416675775637298e+00 -6.092872574509897166e-02 -1.708735506859800690e+00 2.524215466170680600e-01 -8.292961956429885095e-01 -8.431530971607805736e-01 -3.527645672148662204e+00 -5.113271420902583131e-01 2.936863267027404745e-01 -3.177097207603259976e-01 -3.960528965759260722e-02 -4.728316337679930315e-01 0.000000000000000000e+00
-2.895257993452982626e-01 -7.469281931039333244e-01 1.033518964737220935e+00 -4.850955594908764046e-01 -1.746446216937363183e-01 2.592338698701774469e+00 2.645777697533696071e-01 -1.420261047125151110e+00 3.000516844361840185e-01 -1.129761115435729657e+00 2.572110633383605016e+00 -1.181473789135861541e+00 -1.151377914189952500e+00 7.761819391005823077e-01 0.000000000000000000e+00
