-9.543101065780164038e-01 1.024456118967848273e+00 -5.567011967138720818e-01 -8.256112299842376379e-01 -1.051865892128881264e+00 1.940449211635130178e+00 1.257416114907720761e+00 -1.293596061666533625e+00 -1.196847865144785805e+00 -1.679728928686242018e+00 -1.162978823247935001e+00 1.358718642050442460e+00 1.333209860059113572e+00 -1.122653608188959318e+00 1.637325795166928444e+00 -1.470523195605673017e+00 2.757971327950538232e+00 3.122105420342727644e+00 2.835793753644863191e+00 0.000000000000000000e+00
-7.404681290635771462e-02 -9.031690678536637984e-01 3.403314334122008455e-01 8.085588784646740024e-01 4.875175776261820859e-01 -3.473285693595296042e-01 -7.769220230782984682e-02 6.840274799316542476e-01 4.725953574798537060e-01 8.678147312801203217e-01 5.016099978912824664e-01 -9.480911133169789284e-01 -4.923033165626584662e-01 4.778334927423298351e-01 -9.272540553428247900e-01 6.533279597805555783e-01 -1.326274248735628936e+00 2.735663773212987371e-01 2.109598155164258138e-01 0.000000000000000000e+00
1.474399542009207087e+00 -5.141977272304220081e-01 1.924617276833905599e+00 -2.716026043558033898e+00 3.128234229342145012e-01 2.284551893464228586e-02 7.059437700006470327e-03 -2.638097021420797272e+00 1.310437867085769259e+00 -3.849884036036211654e+00 9.546465551927774129e-01 -1.518810751334446207e+00 2.753967580672139759e-01 1.886406275256420628e-01 -7.788334457416704604e-01 -3.293736215207625495e+00 -9.297209524778056178e-01 -5.009991121557342275e+00 -4.117090202316874503e+00 0.000000000000000000e+00
4.316917111296166842e-01 1.032987791413080059e+00 6.109313115942744954e-01 -5.960094413934348134e-01 -4.608485378935521237e-01 1.128940246775204770e+00 9.378854651126670161e-01 7.593002301146972721e-02 2.022368968911910647e-01 -6.393722454972637914e-01 3.853412923877490986e-02 -2.228679518523934977e+00 2.036676318835421107e+00 -3.828100286441477595e-01 1.111489758774649728e+00 -1.165361348297676791e+00 -6.926945060968319190e-01 6.322187627564835877e-01 1.574016672008546669e+00 0.000000000000000000e+00
2.216356398954885121e-01 -4.370929307457521729e-01 4.230086808149423616e-01 5.064905683536776726e-01 5.113019648843739606e-01 -1.007313786108215981e+00 -1.667184643467140681e+00 3.357700945713915086e-01 6.257154659938497510e-01 6.510244498634480959e-01 6.289289594519169579e-01 -8.823903808040242103e-01 -3.275081821542100702e-01 5.363635700134701256e-01 -8.092117185880219887e-01 8.278390366324350769e-01 -1.196010763606421889e+00 -7.301781617971219163e-01 -7.402675524989962286e-01 0.000000000000000000e+00
-1.845553175352245834e+00 2.488082844504402757e+00 -4.813670654993919551e-01 -6.998019607802028474e-01 -9.589086475854772251e-01 -1.222777697588446344e+00 -1.853614151870072169e+00 4.668603253300398492e+00 -1.995615407262704422e-01 4.619364623861444308e+00 1.125956005903743784e-01 1.541635018672145030e+00 3.222051738964329948e-01 -8.902057699849948991e-01 1.295227854659927180e+00 -4.310361524342790851e+00 2.793608575031901520e+00 -5.615480243871883381e+00 -4.298438845978150624e+00 0.000000000000000000e+00
3.940321397422937716e-02 1.398519056513206404e+00 -1.848501730014309841e+00 -4.375855491513063633e+00 -2.996614431096849440e+00 4.512967695369217047e+00 7.415035038652255217e+00 -1.258252288782772288e+00 -2.856073140667263477e+00 -2.854400240919896081e+00 -2.902253933429622457e+00 3.156345442061583739e+00 -1.691628477124465513e-01 -3.126207093305199081e+00 4.039130264244267465e+00 -3.981449421217355678e+00 2.450092918017786392e+00 1.802147344654067229e+00 3.285671599716386559e+00 0.000000000000000000e+00
2.532794132035127155e-01 -3.382942211075103955e-01 9.107504142978363193e-01 -2.605891708035659171e+00 -1.699229194612154936e+00 5.966879348845275377e-01 1.171484801263921183e+00 -5.298571590183180913e-01 1.327440389211786309e+00 -9.880161029787275229e-04 1.142424381015427093e+00 -2.482463307820742537e-01 -5.157003100413837943e-02 -1.728054019126244789e+00 -8.838412355710220658e-02 -3.821700992953672049e+00 1.333734732013353852e-01 -4.242034803263191045e-01 -3.631794897542235390e-01 0.000000000000000000e+00
2.916374859595722291e-01 8.695384719906508186e-01 3.544840572877764329e-01 4.364931301047789841e-02 -4.333445084021742000e-01 1.024471512903272208e+00 3.363214538042848201e+00 -2.202833189797345437e+00 -3.406794006670990031e-03 -1.854435608726026752e+00 -1.234234778271075667e-01 5.985040456674770581e-01 -1.971420410734656903e+00 -3.639170808769330301e-01 -2.584973382216165794e-01 -3.171128404140168833e-01 1.104139347041445784e+00 1.540553640639286126e-01 2.663338890061544006e-01 0.000000000000000000e+00
5.848971431253042752e+00 4.146635150937179937e+00 1.191242984739097732e+00 -4.652034032345431669e+00 -2.040485970845427044e+00 -3.850553670264340589e+00 -1.052987359738180029e+00 -3.259617038786599696e+00 -2.407170959823946021e-01 -4.972857636967853878e+00 -3.852024772911690764e-01 2.895939022828087683e+00 -4.141928838574280292e+00 -2.044631311390869843e+00 1.086840915111565303e-01 -3.965926990728083190e+00 3.313133405533748910e+00 -6.891069327200657568e+00 -6.207373461041393981e+00 0.000000000000000000e+00
2.200967321763121903e-02 4.574723457915678276e-02 3.350121394518297546e-03 -2.898392717568086530e-02 -9.876698232041377160e-03 6.748405182241626332e-02 4.192331571859633094e-02 3.890346728888374392e-03 -1.935779160997418147e-02 -3.538790335067094200e-02 -2.076850729732351505e-02 4.415647256465988352e-02 2.136355144684413607e-02 -1.116225732010939047e-02 6.175464696067850534e-02 -2.931172702898380764e-02 6.103193019744215797e-02 3.749867267455590097e-02 3.098626194351402838e-02 0.000000000000000000e+00
1.069375279095807346e-01 1.160344291374181963e-01 7.190906961454354013e-03 7.018482319155677773e-02 1.315240533602351491e-01 9.881560817897197535e-02 3.084500164721210580e-01 2.863818268652670515e-02 -3.289752947050485904e-02 -4.008463340597234054e-02 -1.710139413284336718e-02 1.157443045953545496e-01 2.652288903156742594e-01 1.224602273427246035e-01 7.084659304207621688e-02 2.200131621696447271e-01 2.808592844401749944e-02 9.634188618370856383e-02 1.831072816266448577e-01 0.000000000000000000e+00
-2.421384156102858454e-02 3.699567872278929082e-02 -9.583796785525940110e-02 5.478922805970439479e-03 1.463786142362546484e-02 -1.079284570986397962e-01 -3.468881263817210070e-01 1.238638410524780936e-01 -4.073173292296468351e-02 1.932587157372012143e-01 -2.993289081375506352e-02 1.073303199144035221e-02 1.147253987945060921e-01 2.063690991059726615e-02 7.149869807031290769e-02 6.716943435679385843e-02 -1.510889761853763521e-03 5.482839194115633058e-02 -8.186614826083232765e-02 0.000000000000000000e+00
4.074482436484934689e-01 -2.176798799625551395e-01 -6.737564271093519908e-02 -1.181022395817957538e+00 -5.363370483870644190e-01 -1.094213240542688315e+00 -5.629142578095782529e-02 -2.774646352713960429e+00 -5.838529779299147376e-02 -1.910026068952252798e+00 -1.627001928013568355e-01 3.090597902330771696e-01 -1.244576355539168816e-01 -5.560908222856277838e-01 -3.014402923866146833e-01 -1.397347008515055666e+00 1.043387090994873256e+00 -1.463864856197760300e+00 -1.108849263431322507e+00 0.000000000000000000e+00
-3.170244443882496571e-02 -1.448729395576751622e-01 -4.243723074300543435e-02 3.020223788179295377e-01 1.981217320008372418e-01 -5.012824236592271498e-01 -2.219653126299411028e+00 1.898136621057194551e-01 6.242562476785507020e-02 -5.672741735284523440e-02 1.172680553533723136e-01 -2.218731093784558628e-01 -3.097643294129266978e-01 2.119877345013428394e-01 -3.962766976807335362e-01 3.164523956215201661e-01 -1.406317860990614066e-01 3.940715901435833390e-01 -8.871700315879551407e-03 0.000000000000000000e+00
6.830391740172354897e-02 1.813099605964775818e-01 -3.684977977273324878e-01 -6.948725661912197316e-01 -3.082408525679922739e-01 8.005044091201914958e-01 4.103561168777951074e-01 -6.685439961900652150e-01 -4.978153169683871559e-01 -5.725049205151925280e-01 -5.249717561338030913e-01 3.234939810434446505e-02 -1.498366809774341057e-01 -2.553037369609224561e-01 4.249900411631348796e-01 -7.275208811751145976e-01 5.194523824446392046e-01 5.668419257683278145e-01 7.613055689861770725e-01 0.000000000000000000e+00
-5.604254447067654077e+00 1.459642550061846622e+00 -4.887130083741052289e+00 6.915101051325815540e+00 1.729430942003390079e-02 3.931305511609475722e+00 3.835673136777746350e+00 5.033534985462896572e+00 -4.781481590351480904e+00 3.932124614221022441e+00 -4.584061692138065247e+00 2.815385869857320422e+00 -1.628161224492669923e-01 8.509040187855473336e-01 3.618956099038871166e+00 6.253636350291419177e+00 6.875081447789400668e-01 7.171130301567019139e+00 6.583622725322032743e+00 0.000000000000000000e+00
-1.507077901013970621e-02 -2.973119947143221253e+00 6.590149590963690907e-01 3.941998717662138496e+00 2.979195493724156041e-01 3.630291383901231406e+00 3.216746391124875704e+00 2.795449250936323349e+00 7.204241748851335503e-01 6.501726063245371057e-01 5.194619571361843713e-01 -7.771095809715955482e-01 1.431096060511532153e+00 7.086393725761895857e-01 -1.917268368438097781e+00 -9.887697261747907529e-01 -3.909405641084775951e+00 2.768366645140954763e+00 4.031089780198801265e+00 0.000000000000000000e+00
-1.452129733187070615e+00 -7.166244100184527843e-01 -3.906141045437273585e-01 3.590137634746560114e+00 -6.880245110535885278e-01 -9.185290742025881139e-01 1.570479197242082847e+00 2.467867927153643226e+00 1.177738773742217582e+00 2.939165663340890688e+00 9.058933422706686445e-01 -6.142663377561720095e-01 8.099433464297046970e-02 -6.380096775666946884e-01 -1.703685332497270055e+00 -5.680435118585716037e-01 -1.282121898183953723e+00 1.516360769311602796e+00 -2.877191716772797281e-01 0.000000000000000000e+00
1.347696610320927579e-01 -3.827162875841961798e-01 8.422109590537447676e-01 -5.218269953555741969e-01 2.779757823281669982e-01 -1.467927963164740834e+00 -3.069010488230229594e+00 8.151433116492927677e-01 4.148288049203942562e-01 8.051591560314148577e-01 4.311655215973579369e-01 8.484469674481481816e-01 1.061722310146779202e+00 -1.968597984389694744e-01 -2.473321700656007649e-01 -2.030147468321964188e-01 7.373289022146657656e-02 -1.362062040043489963e+00 -2.390329215378236061e+00 0.000000000000000000e+00
-5.576982560155560265e+00 2.132751122682292610e+00 -1.943058138014456260e+00 4.297469782135557637e+00 1.814218618001214756e+00 2.500467891575673729e+00 -9.618475546087011940e-01 6.538397050026093282e+00 -4.320765121992836910e+00 2.289764924182886574e+00 -3.823903408301713380e+00 3.382366090703254891e+00 -2.277367676808428776e+00 2.531917613442562054e+00 4.343546813488207370e+00 2.570544425937434152e+00 4.409842551975403424e+00 3.898574948651964522e+00 6.172348816735405919e+00 0.000000000000000000e+00
-8.231324826021982233e+00 -6.901240567333873921e-01 4.674601345347726422e+00 3.542490615823155053e+00 -3.169170573289858073e+00 5.069056149747117601e+00 2.154735223088398932e+00 5.591622788144931633e+00 4.377846909697998612e+00 3.257210887205163274e+00 3.917291178014533415e+00 2.259596611721067738e+00 4.029995016207390535e+00 -3.546018827518408578e+00 1.329823451134237278e+00 -6.360371435028629783e+00 3.112637541983412914e-01 8.347595562518561607e+00 8.557799973448098285e+00 0.000000000000000000e+00
2.473575965073502025e-01 8.839349713120565610e-01 5.535407574936744846e-01 4.062924559836330829e+00 -1.340519766928582879e+00 -4.014193056941508964e+00 -3.781033363964171112e+00 5.064285712667317974e+00 1.818445303505346722e+00 1.977635466596392222e+00 2.204842086797930367e+00 1.149756549415706514e-01 3.987948830645827725e-01 -1.619121566017153402e+00 -7.980291718733163453e-01 -5.120337846957407457e+00 -1.887832865657350867e+00 -6.390798381656383143e+00 -5.747184726809220656e+00 0.000000000000000000e+00
1.202164741090641087e+00 -1.153033823212293418e+00 3.111739077847641699e+00 3.597024927443775777e+00 -6.669538066694058465e-01 -4.534607558308315411e+00 -1.805249171317579560e+00 4.101831564847158162e+00 -3.871868935320590954e-01 -2.895375336574984027e-01 -2.835057490896739640e-01 -3.203013235636522071e-01 1.984138737093187776e+00 -8.095452155373970005e-01 -2.606388495987071341e+00 3.407643703750990571e+00 -3.601354536157470143e+00 -3.988128122474410286e+00 -4.274253176365681917e+00 0.000000000000000000e+00
6.372979527490364449e-01 -2.052805340721366445e+00 -1.083433742060654570e+00 -3.645785870666404804e+00 -2.243912221691459763e+00 1.985759886829203014e+00 5.644325263157887740e+00 -2.525149765701898197e+00 -3.724907317660169914e-01 -2.470227857935678895e+00 -7.275931348947431987e-01 1.728173575905795234e+00 1.372687130426192947e+00 -1.946178409597351555e+00 1.911352465290061531e+00 -2.673672138121144126e+00 2.575006436082211692e-01 -2.985152819049244233e+00 -3.131314299341690699e+00 0.000000000000000000e+00
