-1.106817520908481622e+00 -8.534429785744325203e-01 2.785303725785927664e+00 -8.071832331592933008e-01 3.963179679509988951e+00 -8.542470247437738973e-01 -3.642485704849083294e-01 5.582212133405626275e-01 -8.915258574146260884e-01 -8.164941463149029133e-01 -9.395108638891108699e-01 4.324741043457682288e+00 -1.416709249937577741e-01 2.293461494520837363e+00 -1.239891072734101485e+00 8.357293850100375732e-01 -5.952309931478523275e-01 4.373358297322898380e+00 -8.231282748661427062e-01 0.000000000000000000e+00
1.037556079657297348e+00 -1.956199833086667283e-01 5.528177692057640868e-01 9.215310222206385404e-02 -2.343758266677407887e-01 8.505132824450660767e-01 8.400675305067389909e-01 8.482353932628523552e-01 9.214699712892278072e-01 -2.108620074923191479e-01 7.855163205451310970e-01 3.955134535846686616e-01 6.511028171731295666e-01 1.172662062899105351e+00 -1.042121382817737585e+00 -5.805528224252836100e-01 8.450840639707647428e-01 -1.104538520106540384e-01 -3.290827996981925962e-01 0.000000000000000000e+00
-1.649368290928539871e+00 5.184420327617587226e-02 -9.228963404194169273e-01 -3.104142028533404818e-01 2.083291388744279438e+00 -2.126179113495986872e+00 -1.959374804538662307e+00 -9.980583084699247154e-01 1.017911454411404959e+00 8.159472482412651884e-01 -1.895140616217510177e+00 2.550496823019767767e-01 -9.167718817230267048e-01 -1.897768370331033738e+00 -2.960102248954314952e-01 2.424488827900221022e+00 -1.976366859734620007e+00 2.477692708968116442e+00 -2.160029035417635745e-01 0.000000000000000000e+00
4.769840526771967903e-01 4.024888099275010789e-01 -6.010548153792918402e-01 8.926610675538916295e-01 2.224384961189524557e+00 -9.522330343055575297e-02 -4.586814226977280473e-01 -8.085146139692252210e-02 3.827970492798726254e-01 3.662203854046749418e-01 1.379437755319364578e-01 -6.230596835249743171e-01 -1.181880562693993775e-01 1.549775467765548420e-01 1.506055618474767821e-01 -4.389130844744362769e-01 -2.848613478335819682e-01 2.284461004458311351e+00 -6.896062931046363920e-01 0.000000000000000000e+00
1.098375277224985513e+00 1.946738890377309739e-01 -6.505923865740784739e-01 3.365338051239492034e-01 -1.086116836450619738e+00 8.592079786771086303e-01 7.433346079631960590e-01 5.627229979120942360e-01 1.090291390113051984e+00 1.948648811507955325e-01 8.703654123997187630e-01 -1.300887890474802022e+00 6.124717559844604642e-01 -1.213612724527551590e-01 -6.660166183374105486e-01 -8.247946431728240269e-01 7.986541881245587948e-01 -1.276646905111542996e+00 1.715767883662732210e-02 0.000000000000000000e+00
1.209235922447813749e+00 -1.219957014344188462e+00 2.370698704006283020e+00 -7.685312321737849395e-01 1.467255155180251514e+00 3.342768412186547522e-01 -2.239663154642278220e-01 7.502337593093952872e-01 5.622990583876141812e-01 -7.854072340569137056e-01 2.366292498203837746e-01 1.715036226999152147e+00 -3.086938774077471748e-01 1.698884081618768471e+00 9.536501972854044551e-02 5.400091628099628061e-01 6.586873919672389492e-03 2.025135174256592396e+00 -2.402536074178993175e+00 0.000000000000000000e+00
-1.096928278129575052e+00 -5.331288825222779693e-01 1.686945286817698619e+00 -6.541836110534831050e-01 3.898654477880162172e+00 -9.813452828683405516e-01 -6.177465908320018961e-01 2.156387393591698842e+00 3.471855535755878908e-01 -7.281028068614922022e-01 -1.277006720164574505e+00 2.028645416066392482e+00 -1.106730066969146664e+00 2.538774493633141116e+00 1.387693926266491684e-01 3.714727305837588478e+00 -7.472947222129736611e-01 3.238337827776453626e+00 2.573668096338251332e-01 0.000000000000000000e+00
-4.452400697766176196e-01 -9.315912096798197040e-02 -2.570481727559331686e-01 2.774274088679735684e-01 -7.035946451512686828e-01 1.467728255584133112e-01 1.506523688869636779e-01 1.292365787125401955e+00 -9.930773390617859964e-02 5.148014985546374156e-01 2.113511317433708625e-01 -1.066680410733720441e+00 6.044846608263740317e-02 1.234527262524212965e+00 -3.610086998275859882e-01 1.321940492011314250e-02 1.373167635067539250e-01 -1.139739477745175256e+00 -5.302018715588926456e-01 0.000000000000000000e+00
9.264205905552408415e-01 1.997160009151142668e-01 -5.720501756004440219e-01 6.156019786399676841e-01 -1.034367714531871485e+00 8.035693875856830815e-01 5.623916865745742788e-01 8.790294255858390748e-01 5.511049923006443585e-01 1.440501090014766339e-01 8.357185653518121038e-01 -2.236169507606051710e-01 1.128507891899882098e+00 7.947881154338563015e-01 -6.679047731478874317e-01 -1.140243749797884343e+00 7.423086532522347181e-01 -1.348428614506854473e+00 -1.295348696777907982e+00 0.000000000000000000e+00
1.687849131454989937e+00 7.743338032700518569e-01 -1.669543454823987583e+00 -2.371564446780406038e-02 -6.653567666646295065e-01 2.353062230945672351e+00 1.879540729081331740e+00 1.701653024612848508e+00 4.645294839073775828e-01 6.595907397418632537e-03 2.162612182586092668e+00 -2.460019681525741575e+00 3.930866919255794900e-01 2.338202332934489647e+00 2.147784391226413847e-01 -2.771246676343358528e-01 2.260132442614641857e+00 -2.311517789815774826e+00 -5.928171570969278381e-01 0.000000000000000000e+00
-1.120213113792482423e-01 8.930636061263923231e-03 1.531770292853266470e-02 7.324595632913371603e-03 3.891471937063143566e-02 -8.050390551803164596e-02 -8.188062044034775944e-02 -1.351476850527749962e-01 -1.513368009456097507e-01 1.639914098608899126e-02 -6.925527487611798927e-02 2.620933534381337041e-02 -3.450752220065566450e-02 -1.435627674725750980e-01 -6.118239003014238307e-03 2.844117542348480882e-02 -8.179883762681788850e-02 3.464161823915745675e-02 1.345755773319736587e-02 0.000000000000000000e+00
-1.238531554818905617e-01 -9.187261178016496721e-02 9.716041819496205184e-03 -1.184431661274674558e-01 1.099665733478768781e-01 -1.171485018771372677e-01 -1.385266750502505417e-01 -2.978895299810490616e-01 -2.300100031507791298e-01 -1.520993055936518679e-01 -1.211476099133911022e-01 1.769252138977137900e-01 -1.219068798160094780e-01 -2.579209141853257004e-01 1.721256952151775654e-01 7.418123442989874028e-02 -1.340485894584925453e-01 1.869877175142588832e-01 2.100957083515246626e-02 0.000000000000000000e+00
4.675626350289707397e-03 1.969766970852079510e-02 6.923181680569237724e-03 3.320011397808213943e-02 -1.440646282138077078e-02 5.725679411746916608e-02 7.349284032968958491e-02 -8.184859066864612342e-02 9.043565403426222921e-03 6.406204015974377441e-02 5.945238423858472537e-02 -7.446942191720462567e-02 8.003974834841325048e-02 -6.386935419700734418e-02 -3.450104216277675301e-02 4.574937880337427709e-02 6.194594982033371777e-02 -6.871603331716152376e-03 2.808105694731141688e-02 0.000000000000000000e+00
5.648339322904155635e-01 -2.001009219795947813e-01 -4.929989864725738968e-01 1.331748214166666999e-01 -4.011829009024176496e-01 5.228418108128901620e-01 6.365365455300269204e-01 9.583438994399939848e-01 8.205892831582226599e-01 -3.133384958670079601e-01 4.534322978167910634e-01 -7.345111006929963549e-02 3.613267591347377738e-01 1.081938273334138056e+00 6.626963702759584018e-01 -4.108435880869826806e-01 5.732061714637946004e-01 -5.152236195383615991e-01 -7.970346793852410849e-01 0.000000000000000000e+00
-2.998145715396282121e-02 2.402921357693161009e-01 1.134608349480730055e-01 8.800035863008101589e-02 -6.341980341412570832e-01 9.411048169744160030e-02 1.180882137451108316e-01 -4.474399985113307610e-01 -2.310920110266839744e-01 1.666867822108433761e-01 1.420927522276494992e-01 3.128326069427469353e-02 1.862162903481173470e-01 -6.851754774102913892e-01 1.418155816712113604e-01 -3.959734120714085703e-01 9.533396945127030342e-02 -3.293281902771489356e-01 7.820227465645712001e-03 0.000000000000000000e+00
-7.174478684588211364e-01 -6.125321663845715303e-01 3.773534970143896938e-01 -5.999758195659038451e-01 3.785543328376037020e-01 -6.942662272797784917e-01 -6.731688063205448769e-01 -5.829480672543916331e-01 -4.294548361561432159e-01 -2.469979725077171839e-01 -6.292095650612179458e-01 5.366447448417521748e-01 -4.600696323751158889e-01 -4.347190382962422550e-01 1.725890565941061439e-01 3.686477767267841710e-01 -7.387450348329812622e-01 9.007077113335921759e-01 4.073204736584929431e-01 0.000000000000000000e+00
2.448788439406720807e-01 1.451499396835188804e+00 -2.859388808031093632e-01 -2.113817903862541314e+00 -9.345474005722581579e-01 -6.380759196196669203e-01 -3.687797989006292854e-01 -2.887420255520950274e+00 -1.603851167128967248e+00 7.458408925331866390e-01 -4.293759376249474125e-01 -8.100949134183342837e-01 -8.445310231806003598e-01 -2.331240521591347203e+00 1.062939428171064904e+00 -1.550262066716935061e-01 -5.467488795934349888e-01 -1.371334566454627923e+00 9.703905485880882642e-01 0.000000000000000000e+00
-2.221647620609054297e+00 5.025810422559159329e-01 2.004943057281906249e+00 -1.999293735869453581e+00 3.000364028952986484e+00 -2.079682294788772090e+00 -1.763524644201469593e+00 -2.606824946793942499e-01 -1.632575804579192047e+00 -1.271990195601328644e+00 -2.437039975549730730e+00 1.000929896061058866e+00 -3.006551718220572322e+00 1.264011685141510077e-01 9.262145054593449167e-01 2.729426765314796111e+00 -2.068211316704877678e+00 2.550411331240982626e+00 2.740579146388519405e+00 0.000000000000000000e+00
-5.599583203275418919e-01 2.721578861943617020e-02 4.368269457635985398e-01 4.888215684616399881e-01 -1.675809382672628800e+00 -1.695937860973562583e-01 -2.282285101838225361e-01 1.256394484843528891e+00 1.630549194454003759e-01 4.355273301906427696e-01 5.363963404213255987e-02 5.577442303214089625e-01 1.286322470195478407e-01 1.091551939271745875e+00 -9.459397704687988462e-02 6.070212843951217074e-01 -2.493725321867254763e-01 -2.112087713008509393e+00 1.086385866469814276e+00 0.000000000000000000e+00
4.836366200641112334e-01 1.021990719140985826e+00 1.035819526301095195e+00 4.425181522770446074e-01 -9.056180460690473888e-01 -1.044592215800665275e-01 1.614993984140821459e-01 8.491689540606771336e-02 -1.011853146302006505e-02 4.573959683251985764e-01 -1.613074438476600758e-01 1.465930590372316322e+00 -2.314882697052996208e-01 -2.480418730091286106e-01 2.235149187885798749e-01 -1.307700906032577715e+00 1.284115011488697056e-02 -7.040947339622871670e-01 9.278502163275720305e-01 0.000000000000000000e+00
-2.469255196885999037e+00 1.810217278101565297e+00 3.405511840737296403e+00 -2.107172165657466234e+00 1.320311000854155425e+00 -3.143412091667396435e+00 -2.643819502940615518e+00 2.177484829619392936e+00 1.707365225867478076e+00 5.975254745960085767e-01 -3.232530081658792742e+00 2.455542978771769747e+00 -2.100016249372250066e+00 2.440885077040766404e+00 1.590312606507364279e+00 2.031055702194724866e+00 -2.906267813812418499e+00 2.308132658460144704e+00 5.836892320108781895e-01 0.000000000000000000e+00
-1.090935363232719224e+00 -1.194508008729979309e+00 -2.932592715244298542e+00 1.813393198699004394e+00 1.271632331091325119e+00 -1.915225286915899439e+00 -5.985842372318868065e-01 -2.122641616983527157e+00 -1.093397507749954256e+00 -2.091722611138436161e+00 -1.983167940455722089e+00 -1.147374693545588631e+00 -1.450524569121754537e+00 -3.142837851904777491e+00 1.411788938200267740e+00 3.764865843316019145e+00 -1.440374724809561080e+00 9.847668610934099398e-01 1.044699717938440298e+00 0.000000000000000000e+00
2.738771344629797877e+00 -1.818415380574018858e+00 -2.354266432193331759e+00 -4.311345424871565468e-01 -1.968185643523467920e+00 2.526622701166579610e+00 2.159184606934796413e+00 1.528648137791225103e+00 3.134541034166435924e+00 -5.957710065757463314e-01 2.577229378141934646e+00 -2.334896700340315157e+00 1.985191857721445574e+00 -1.429814836842838721e+00 1.951448773062850750e-01 6.083758242890828782e-01 2.283710610067994473e+00 -3.336188901362366899e+00 -1.647699963373288057e+00 0.000000000000000000e+00
2.863642789342979000e+00 6.891931617826644318e-01 7.369317342530021797e-01 1.859716105024233346e-01 -2.308386022247088665e+00 2.073942805653263388e+00 2.549609387868972732e+00 1.796451779866492515e+00 3.608145923632929186e+00 -4.904365115223609517e-01 7.919059272562403162e-01 1.320521298671881727e+00 1.545717343107101627e+00 1.337575375120164667e+00 -5.880528725479534230e-02 -6.433890844698771927e-01 2.463554604711174711e+00 -2.788681308758768740e+00 -1.134036386022568399e+00 0.000000000000000000e+00
1.698992803480736447e+00 3.816660535957146216e-02 -1.772509972749066742e+00 -1.710903469282695211e-01 2.777386792314450403e+00 7.683346682099798652e-01 8.999133456071796155e-01 1.694682865261051052e+00 1.686318035255505832e+00 -9.484797505543836049e-01 1.279478747695489971e-01 -1.103233849951086754e+00 -8.553222646676078567e-01 1.331312088203165711e+00 -1.037655633934362998e+00 3.479770990697049982e+00 8.622491544095433058e-01 6.257534119012093665e-01 -1.062193695091146806e+00 0.000000000000000000e+00
