-1.457950007877713006e-01 -6.439012174671766564e-01 9.642657356488787412e-02 -1.199987148387779978e+00 -8.519205931250319885e-01 -1.066878711264181101e+00 -1.744815602681011948e-02 -1.165771317679436869e+00 -7.411083789055536997e-01 -6.855349587974746139e-01 5.108272859962913470e-01 -5.176819064885356259e-01 -1.624916186043689204e-01 -7.896599502745214050e-01 -4.821410548892228198e-01
-3.518432939561398909e-01 -1.989937153268785675e-01 -8.135782795972703596e-01 -1.424773330616921074e-01 -3.071718001459430858e-01 7.001660969693175307e-01 -8.729107400446176612e-01 5.988991591317217589e-01 -1.011028378701464975e-01 -1.951448203621566624e-01 -8.546278290686418755e-01 -3.437774028533616688e-01 -1.056526215169408589e+00 -4.263228087757108820e-01 -8.389933924978554280e-02
-4.307012924361828810e-01 -2.787525004462115819e-01 -4.574750633943577838e-01 -3.583901894654943354e-01 -1.899064715981345908e-01 -1.578578951497948690e-01 -6.890799174619784973e-01 -1.834410751464168182e-02 7.508870766709259403e-02 -2.655665654444013812e-01 -2.031275315755393773e+00 -3.151424983214118347e-01 -2.178605381546728226e-01 -1.802070808059309248e-01 -3.558792613197007682e-01
4.972074303133761086e-02 1.994413607409858680e-01 -1.446266333685933443e-02 3.864808540438330331e-01 2.434583166627670991e-01 3.286235543008810822e-01 2.118945408476662073e-02 3.924954397919271365e-01 1.961509561208990837e-01 2.071071561023537233e-01 -1.493888324422225911e-01 1.615478962691768161e-01 5.008806971402919583e-02 2.079237796538696836e-01 1.290745916399776982e-01
-1.716582454244035771e+00 -4.958722832017173898e-01 -8.743731880515011046e-01 5.419183746849078886e-01 -7.879070290029589474e-01 2.939824718428683537e-01 -3.258740714423026263e-01 3.549601271639250821e-02 4.203813344628828247e-02 -5.822694512818530344e-01 1.901523109159806602e+00 3.970496984494952808e-01 -1.279528578517844517e+00 -1.251401827262795141e+00 -1.740480189663509591e+00
-6.532771447810893639e-02 2.966397562595456949e-01 -5.003125694858516492e-02 1.655129244848895786e-01 1.587656931555228579e-01 4.292451965052151985e-01 -6.976108260952143536e-02 5.403933378816504485e-01 -3.790611623164501509e-01 2.739307011442013717e-01 -1.212311428482234499e+00 6.163015607336370938e-02 -4.110149869418129598e-02 -2.885974661583107226e-02 5.519379014273322753e-02
9.568182648671448576e-02 -2.393033495366880814e-01 2.741041583393302172e-01 -2.553574300401545982e-01 -1.116961710804337538e-01 -7.669123615286956852e-01 3.515585402727117170e-01 -6.910003474988634098e-01 -2.165298353854142391e-02 -2.287420624328639907e-01 8.798325191775949183e-02 -1.950190226715186603e-01 3.089577288375049413e-01 -3.703333391178493389e-02 -8.440541476615259775e-02
1.106628374428520467e-01 1.391315470896756050e-02 1.330076926229892265e-01 1.493411391997721653e-02 3.253803068580102265e-02 -6.553804605092689028e-02 2.339087380262314386e-01 -3.829853958526596713e-01 -1.029122594222737913e-01 1.716001812392198289e-02 1.156501960712903898e+00 8.899555354682943398e-02 5.975548114664136490e-02 7.059770856487858348e-02 3.944122761611321137e-02
-1.558451226893528205e-02 1.175165066013443560e-01 -4.430205959649143321e-01 6.945158917435380053e-01 -1.862116505496175800e-01 1.151612853639385925e+00 -2.877221934550445170e-01 9.428695391210819565e-01 1.011928450714307398e-01 7.567497684704488359e-02 2.710440976226830001e-01 9.002758094476763506e-02 -4.344909549930487946e-01 -7.331595905789016487e-02 7.410886967214270760e-01
-7.069823756089731659e-04 -4.112989346539900996e-03 1.512157051474499335e-04 -1.084311301575004854e-02 -4.734377089177960705e-03 -8.145399702606498371e-03 -3.556842450218810313e-04 -1.169770427766642258e-02 -2.498886908179398948e-03 -4.188757308404670275e-03 5.228626963236806396e-03 -2.821116180174719143e-03 -8.898441464174945432e-04 -3.593587034902609965e-03 -1.671964155752291232e-03
5.196587292184383367e-03 1.256840635811654235e-02 -3.117710454508143460e-03 2.035797988412496595e-02 3.666271270206428873e-03 2.157004644423016898e-02 -2.892802395816872641e-03 4.609049571430708786e-02 2.484130274562327927e-03 1.147322504259512023e-02 2.298818964644051051e-03 1.361478337365750781e-02 -4.964033424573744725e-03 9.080099661857788306e-04 7.026368176335744467e-03
-6.535492583477065225e-04 -1.378966734423840452e-03 -2.251924559157055493e-03 -4.851101880086780387e-03 -5.470479114740586270e-03 5.433221693184140527e-03 -4.028281763568010779e-03 2.681993560999225770e-02 3.852544488242193484e-03 -1.967646911112572519e-03 -6.579089811738597637e-02 -4.901700418657215820e-03 -1.063154977932544154e-03 -7.012450296881064804e-03 1.807637541166420662e-03
-1.599636990458836588e-02 -4.705255456221993371e-02 -1.888270815845463635e-02 -3.801124635369348970e-02 -9.979939628383486042e-03 1.613995665503699384e-01 -3.187454903186991845e-02 2.111309446937197770e-03 -5.422228959115848318e-02 -3.767044718634803002e-02 -2.067165936893729239e-01 -7.726501324272697091e-02 3.413159017153921324e-03 1.449463013137036824e-03 -4.735308755233401390e-02
3.150726832227496079e-03 -3.092638013838329772e-02 2.024231256696461430e-03 -7.624829879979852509e-03 -2.045536394055727167e-02 -4.283264780300451158e-02 3.040151309682902203e-03 -4.949954455780242180e-02 2.824845848991920476e-03 -2.818983363408024759e-02 1.857102523403690586e-01 -5.088855535118270990e-02 3.416160898184369445e-03 -2.854344811425317541e-03 1.360485659622519402e-03
-8.709534448926975134e-03 -2.725774476332445961e-02 1.519955371754510773e-04 -1.061330088778130454e-01 6.679600509971875440e-03 -7.285379409341855017e-02 -1.125743518623897529e-02 -1.373323148132358784e-01 -2.218309734541229483e-02 -2.059524868571145292e-02 9.952989739376258416e-02 -2.496625025383823054e-02 1.403418841883043167e-02 -1.676527408386428112e-03 -4.273925596575326585e-02
-4.836365308366306626e-01 4.103210547634366656e-01 1.488344992447427316e-02 3.007588140486902595e-01 3.844421222312958131e-01 -8.699682227806124213e-02 -1.368949905433801129e-01 -2.563545192320711499e-02 3.784227279545857199e-03 4.067510388995994042e-01 7.385694001803637665e-01 4.392948324323840970e-01 1.485166049299855295e-01 4.010627962353866538e-01 8.576257594497073422e-03
9.806014684342057031e-02 4.043207054165761649e-01 1.677101034966279811e-02 6.388888949406273943e-01 3.286405243917717156e-01 3.687588500927674318e-01 -4.534020098082239270e-02 6.540240741888996290e-01 -7.501406611665237256e-02 3.910355242880376725e-01 5.362699652760881674e-01 4.415772173886740593e-01 9.272365146042343964e-02 2.256629753076050682e-01 9.150754220660008154e-02
8.523409184518016338e-03 1.076387533631988497e-01 -1.413608450078304365e-02 2.110877775797402323e-01 6.297210468956462859e-02 2.928757449215818043e-01 -1.659118290014686969e-02 3.009944304625115641e-01 6.404305189217632255e-02 9.513442465180771412e-02 -5.542750582675923798e-01 1.208407199190499326e-01 8.182880348489938310e-03 1.026432153428248617e-02 1.780327644509160229e-02
-1.808183436106202682e-03 2.876499943767180448e-02 1.564921996506678931e-02 2.456552576865265319e-02 1.745052843088163927e-02 7.413357717489418852e-02 7.040248754687393994e-03 1.678461258074671614e-01 -2.632779921343374185e-02 2.325923179834630747e-02 7.194577591676261374e-02 -4.490107138361158073e-02 -3.400036478804879109e-02 7.191383832908733280e-03 3.707696736448435476e-02
3.832710150546053018e+00 8.753499895918800400e-01 1.464363502083291024e+00 -6.174674612190967915e-01 1.164164798111774424e+00 3.325499178864743666e-01 9.313849219588883344e-01 1.066257159037008045e-01 3.305772926327105732e-01 9.827453819417170111e-01 -1.700029728373953608e+00 -3.314152196284263496e-01 1.442546229106325351e+00 1.838928892115190727e+00 4.407360086960959045e+00
-1.088521830706228544e+00 2.546752685784488962e-02 4.775842566245277476e-01 -6.044937430048266114e-01 4.700573814172467890e-01 -2.239496049169443559e+00 5.347313040599174228e-01 -1.030917541533133752e+00 -8.788700597506404755e-01 7.713642474773317603e-02 -2.366691124395844614e+00 1.967707528131048267e-01 4.140612434186251578e-01 2.754638105683426819e-01 -8.608803530764677081e-01
-1.806533253054689869e-01 -1.455909199130965836e-01 -6.317932744591209238e-02 -8.063265281860245715e-01 -1.793634264616648377e-01 -2.523430427604478776e+00 -4.217962890000056392e-02 -1.362193853458506965e+00 -8.062509688073119518e-01 -2.102370380938138883e-01 -6.645121725117624223e-01 3.228098796767137763e-02 8.185912901074632320e-02 -2.061010400695871200e-02 -1.332928761090140357e+00
1.096610590396707441e-01 -9.643261189287065382e-02 1.111845739114277060e-01 -4.098381553950898315e-01 -2.201223765213037309e-01 7.234974887751420558e-02 1.427851061877310757e-01 -7.213131243849711938e-01 8.208346617031269110e-01 -1.218850826415108224e-01 7.256627715587395944e-01 -2.403963219075753721e-01 -1.951711914931128222e-01 -7.805893556187770699e-02 -5.741393360493654008e-01
8.135844081269015537e-03 -5.505322765248220340e-02 -5.217361578623536111e-02 1.603729983770250250e-02 4.454847136454193057e-02 -1.916454600707815648e-01 -4.353307080147650332e-02 -3.014003655065016773e-01 3.747532943105330028e-01 -2.722608934126644412e-02 -1.219501628642142843e-01 3.311131120883802903e-01 -3.656576384031384741e-02 6.105834196101349309e-02 6.458035321947758201e-02
1.657902753417155040e-01 5.727915558379071959e-01 -3.690684907326183262e-02 9.813173398455548035e-01 8.367592244826250747e-01 7.565263205221495202e-01 -1.637111102560174364e-02 9.228888179967429384e-01 7.333049177773754979e-01 6.307261615256088971e-01 -6.040984866966194744e-01 4.036705312067271900e-01 2.329286894084068860e-01 8.928707127119540621e-01 5.297924217928525747e-01
2.548538994508728686e-02 4.131101476861271521e-02 2.803557050797427994e-02 5.662282233687533639e-02 4.485435555001005686e-02 6.187027873741898082e-02 2.522988739839315125e-02 5.512509634643703721e-02 2.623298806307623743e-02 4.311518650631945837e-02 6.898499215243003579e-02 4.648874631061525320e-02 3.398503983302850889e-02 3.814169984416051346e-02 2.560316376962052179e-02
