-5.710407400783730214e-01 -1.349541432349518968e-02 -9.806454781932943954e-01 1.994549088942314308e+00 -1.242095886832755708e-01 3.596275942487923594e+00 -7.901878941843070159e-01 3.249483254206129157e+00 1.096057975880700530e+00 6.377032798241474149e-03 2.407180673165076890e+00 -4.798033256848412142e-02 -8.012817930495281793e-01 -4.049813048232481227e-02 0.000000000000000000e+00
-1.852636216660803192e-01 5.707950526432429283e-01 -2.757970770500821622e-01 9.910786601245729077e-01 4.995478988504077900e-01 7.968299810718665332e-01 -3.408581602620302520e-01 1.114800584313442755e+00 -2.541389116526003300e-01 5.457441098609170371e-01 3.232617262093285815e-01 1.041428797743776391e+00 6.629120067146142270e-02 4.175599928186586318e-01 0.000000000000000000e+00
5.410988222668463576e-01 2.520456577666844167e-01 -1.421467679035938181e-01 -8.588280507905537986e-01 3.535790336479854856e-01 -1.842330668718048958e+00 6.991460783936701007e-02 -8.255156041176286985e-02 -9.829202899296998197e-01 2.911399940378381346e-01 -2.354000627028582482e+00 -3.800197472949751187e-01 -3.803755055703097326e-02 8.121725813435374253e-01 0.000000000000000000e+00
6.306612228258522412e-01 -5.245276472134225987e-01 -1.609939734823318258e-01 3.383441465411780591e-01 -9.188755924280568310e-01 1.225489239869435476e+00 2.046127941845534703e-01 1.648895206028892169e+00 -1.178323034931913482e-01 -5.991181650318146978e-01 1.746797811436531234e+00 -9.162218947776367139e-01 -5.711202101173752377e-01 -1.388395030006858710e-01 0.000000000000000000e+00
1.045593437214924759e-01 4.838455202974958902e-01 1.914173639272799821e-01 3.920542892777222066e-02 4.883556012179791628e-01 -7.563865368346819329e-01 1.202279395043792110e-01 -6.032471310236875439e-01 -4.388165596981109529e-01 4.656326178580735831e-01 -4.401860391809742645e-01 8.922836391507136256e-01 2.358583462254893182e-01 3.842724209719815542e-01 0.000000000000000000e+00
-1.209013686434162516e+00 1.937068108080688633e+00 -6.598906345635420223e-01 5.150549206971899441e-01 1.699439516882663481e+00 -1.094801110337587646e+00 -1.046771263039833366e+00 3.619576225772149769e-01 1.796805265167056298e-01 1.763100115024442527e+00 9.757912170243233652e-01 1.916239031922166713e+00 -3.490823505619271017e-01 1.147854012361893661e+00 0.000000000000000000e+00
-4.321589743056091781e-01 7.528711944720367644e-01 -8.442815500645874938e-01 3.827403164717704809e-01 2.774315932304389221e-01 2.413783459072134541e+00 -6.272069491079880210e-01 2.305379171190452769e+00 1.354514555596115777e+00 5.652972479860798316e-01 3.860924164510355916e-01 1.895543383780078917e-01 -6.558092166687488067e-01 -4.997471899555105401e-01 0.000000000000000000e+00
2.902105488981834847e-01 1.966700317283482935e-01 -3.100068311450305258e-01 -1.432615216951593773e+00 3.010388027530543353e-01 -1.083662895197005094e+00 -2.461565413460849450e-01 -1.373809746565535228e+00 -5.192440365891803911e-01 2.028090048252222666e-01 -6.830014515793511043e-01 -8.490076562280597372e-01 -5.377873485626721850e-02 4.743989929697128849e-01 0.000000000000000000e+00
5.891450501941507545e-01 4.345823326755539617e-01 -8.819123093336099506e-02 3.672972773848479089e-01 3.581001765326364272e-01 9.305146339310496062e-01 1.267302393519146309e-01 -2.013576555557052838e-01 1.008751920955494735e-01 3.301033098730727922e-01 1.826415792803108284e-01 5.604380834752635820e-01 -1.839689534222556933e-01 -3.364654740163090449e-03 0.000000000000000000e+00
1.218095369478682910e+00 1.805619995461733129e+00 6.806860986096606725e-01 -1.556634533919323493e+00 2.267621426256609674e+00 -2.005404792571549244e+00 8.545202720776136074e-01 -1.470191692058851807e+00 3.260796344528735791e-01 1.713827157409853585e+00 -2.803666137566829697e+00 -1.105036779813833026e-01 -4.023065065442794075e-01 1.537144406464987512e+00 0.000000000000000000e+00
7.173777374066147954e-03 -6.256755598887195347e-02 -2.503011136285723023e-03 -8.555484649865738311e-02 -6.150217731280576555e-02 -2.765001502135453967e-02 4.589301801022066009e-03 -3.472467663485661465e-02 -3.297283275098124647e-03 -5.974517885755688262e-02 -2.381930054590171084e-02 -1.556568464136374175e-01 -1.315879067999403337e-02 -4.210307702672418106e-02 0.000000000000000000e+00
-6.979464659988988962e-02 3.752119484002541805e-02 -1.125111503339605440e-01 1.798345585202163754e-01 2.824504169443644089e-02 3.579453252029630161e-01 -1.297321731251475929e-01 3.065559776616279541e-01 4.844089050001576524e-02 3.637105444144313887e-02 2.305454702395161315e-01 9.611864415264924355e-03 -6.034922919354599596e-02 -2.382986401535278304e-04 0.000000000000000000e+00
-5.048605556511857190e-02 -2.123359604713876553e-02 1.106467349290688601e-02 -4.021781124107712962e-02 5.841683572376884029e-03 -4.541838261822894740e-02 -1.444777359369073082e-02 -1.790092176915728667e-02 -5.565885283845545956e-02 -8.678363763833032984e-03 5.411943962906137773e-02 -3.027688190003306745e-02 2.490065027897544331e-02 4.139469707233088720e-03 0.000000000000000000e+00
-5.762767605592130638e-01 1.349627487555120631e-01 2.713058834875961001e-01 3.945991182091523330e-01 3.916399724741363442e-01 -2.207526288657870872e-01 -2.821107591733053033e-01 -1.048593663896280753e-01 5.743400389965047648e-01 2.033908085306436464e-01 -4.033754731250149481e-04 2.920250324887852522e-01 5.835542772555880608e-01 7.373773310717141038e-01 0.000000000000000000e+00
-2.770539181906485002e-02 -2.121619516089121860e-01 7.852391741571046468e-02 -3.299338972707570039e-01 -2.189929376118520121e-01 -4.814299509857868781e-02 -9.193905946558195586e-04 -3.527618268237647792e-01 1.088912626861877724e-02 -2.001840698236672655e-01 -2.792476393802780787e-01 -3.174453149841676702e-01 2.422704679966903099e-02 -1.497019444408111966e-01 0.000000000000000000e+00
1.313577844725359878e-01 -6.193050848249166407e-01 1.896624559623039663e-01 4.606875970839819368e-01 -5.073831511876578659e-01 1.818924040489091343e-01 2.578054981050075245e-01 1.367710701812355489e-01 3.330366167496287000e-01 -5.796453388800200113e-01 3.296671780451543299e-01 -3.576005583091249607e-01 1.109984419226066749e-01 -1.874723240168143790e-01 0.000000000000000000e+00
5.624850392770895935e-01 -1.757261315057088824e+00 1.866374114669090645e+00 1.316619400926860362e+00 -2.080268779730811257e+00 1.834491089441457667e+00 2.183896329625220734e+00 1.388716559595499334e+00 7.190380979208785828e-01 -1.864679945589732490e+00 7.693803516721948732e-01 4.244880487598426955e-01 -4.531738884893157793e-01 -2.282614231979275043e+00 0.000000000000000000e+00
-1.487673363440511265e+00 2.122222733709870024e+00 4.243847829227792579e-01 2.236046342262426379e+00 1.648411656827504679e+00 1.400229963010771739e+00 4.043264491393427917e-01 1.535951051310983972e+00 -1.336614954060915794e+00 2.018107377544799963e+00 1.336711225239178624e+00 2.979477168836524914e+00 -7.779181265797915912e-02 3.199641683219334731e-01 0.000000000000000000e+00
8.077777583122126570e-01 1.804613031769885800e-01 -3.994646613117875389e-01 1.152944192358438258e+00 1.660014756236224132e-01 -1.764639281129601001e+00 -5.740719199969083197e-01 -5.123043929232002913e-01 1.193351771630355024e-01 2.477799178067879304e-01 -7.061442155047774616e-01 1.431303931526666240e+00 -3.375163610441749285e-01 -7.532257604337930235e-02 0.000000000000000000e+00
3.601358347449564734e-01 -3.580453629391404380e-02 2.577553220558195801e-01 7.657203112634314301e-01 -1.380633736347572915e-01 -1.606605524476255153e+00 2.248381972988879318e-01 7.675508708981982897e-01 8.631268692129910880e-01 3.286559926879911893e-03 -1.985500523678848106e+00 6.294874803753593984e-01 3.698602701573553975e-01 2.446369875502746871e-01 0.000000000000000000e+00
-4.434765051063482288e-01 6.487512631393463902e-01 -5.840222594942454659e-01 3.899144349472360993e-01 5.969358816061535178e-01 -4.575616855101312108e-01 3.234204023699033814e-01 2.708578013981178811e-01 2.350117939206996631e+00 4.984244892398856375e-01 1.395708517887050304e+00 1.070223672568863416e+00 1.036980011942430779e-01 -1.772893175918034137e-01 0.000000000000000000e+00
-3.914622414403354789e+00 2.051889823402619051e+00 -2.675302753146413526e+00 1.612672255845824631e+00 1.485692063588046175e+00 1.418276056915753536e+00 -3.299630557801982000e+00 1.905802350087357544e+00 2.293411609866303102e+00 1.770329225587566224e+00 1.502069486186805580e+00 1.970554493136685847e+00 9.683872808883150496e-01 -1.360503471905520189e-03 0.000000000000000000e+00
-8.172929780897885133e-01 1.709347703561468590e+00 -2.224840018730284488e-02 -1.179604400085641380e+00 1.406744745625408521e+00 -2.740175806037899786e+00 -6.304412313628027231e-01 -2.227180606824440190e+00 1.632246687476561098e+00 1.533000244466321105e+00 -1.524589335070371199e+00 2.489405299762609047e+00 1.596136205689201726e-01 -2.450671674724798910e-01 0.000000000000000000e+00
1.293567289139072818e+00 1.433396536777672203e+00 6.112759073877165328e-01 -2.966855211731562192e-01 3.617695926632584214e-01 1.718259523029665725e-01 1.270368072849261676e+00 -8.046215503078701925e-01 3.419663969789422109e-01 1.155146798702054944e+00 -2.560305482757836870e+00 2.975168313931679798e+00 -1.973648747560719230e-01 2.749527927695939455e-01 0.000000000000000000e+00
-3.104961529275316878e-01 6.790565564814267097e-01 -5.205873130374283342e-01 -9.046695130388276995e-02 5.650733368704121684e-01 -4.046729185274606788e-01 -2.442664870195738192e-01 -3.004013268757180222e-01 8.836532025723524697e-01 5.376255391557023255e-01 -4.243588303773122572e-01 1.221522929059965179e+00 -6.004242890086092244e-01 -2.704313152647948026e-01 0.000000000000000000e+00
