-9.700528342883865118e-01 -8.773767336815236906e-01 4.611848888319172168e+00 -3.666620571026782960e-01 3.533774064579148888e+00 1.388879490386655480e+00 -9.985203883399881297e-01 1.557362677439390941e+00 2.184045381185991896e+00 -7.716467920541920655e-01 -1.008431385379897183e+00 1.906887849286925007e+00 2.632404382300083334e+00 -3.599643412119034602e-01 -4.549874745625795414e-01 -7.727500325134529779e-01 3.225533442153921015e+00 -4.538797182764262028e-01 1.270996745859822807e+00 0.000000000000000000e+00
7.955949365051009914e-02 7.480493294131791704e-02 6.257165123642540946e-03 3.453376216670761556e-01 8.031543477523006569e-01 -9.363673704554814625e-01 2.363647808824370089e-01 -7.996714413282621225e-02 -5.809868242866163268e-02 7.720715138574686665e-02 1.266515821704526368e-01 -1.067852812738952162e+00 1.798463855374298759e-01 1.076161781996086420e-01 -3.561667832259990951e-01 2.971101418784196646e-01 1.050430802027997323e+00 5.109294258383120235e-01 5.113225394928665457e-01 0.000000000000000000e+00
-1.149113868403034866e+00 9.942543471466699367e-01 8.931396194605449868e-01 -1.836012881096512173e+00 8.567945887020196327e-01 -6.709381742619296984e-01 -1.589867756458281711e+00 -5.049661435734368320e-01 -9.419922922898692486e-01 -1.294978009234405203e+00 -1.894478376723301327e+00 -1.271546736454635562e+00 -1.933929696436252066e-01 -3.522359661040099787e-01 -5.729447216579829361e-01 -2.123625052740639063e+00 2.820754669035193452e+00 -2.464553066263177161e+00 -3.307594625698997426e+00 0.000000000000000000e+00
-8.800223091385231955e-01 7.779661006998798145e-01 3.151755036995161685e+00 -1.481514510591980471e+00 -1.694372469828556438e-01 -1.104584289229667782e+00 -1.134369145184398686e+00 -4.190743222176912530e-01 -1.461804960945443099e+00 -5.441722148255240254e-01 -1.036275043192259382e+00 3.448362867293819800e+00 1.198766667382119122e+00 -5.108465213765095436e-01 1.666924590453071064e-01 -1.000272060596482104e+00 3.029041201307218767e+00 -1.950150221066796252e+00 -4.030164278228552277e+00 0.000000000000000000e+00
3.498298175022643841e-01 2.859175043591398735e-01 -1.489108790350666789e+00 4.130608599933747183e-01 -7.748151240746671276e-01 -9.437520959498600925e-01 4.648070877331355599e-01 -4.818740705433519067e-01 -8.006927434700189528e-01 2.955761121278322467e-01 4.005602224589457361e-01 -7.743480223234082693e-01 -7.518104488020741494e-01 2.091402143114734491e-01 -1.555620675561371347e-01 4.712525029342304328e-01 -4.850296422715901778e-01 6.187674603305067800e-01 1.863148088241094458e-01 0.000000000000000000e+00
9.045529624646416744e-01 -4.042595326600846861e-01 -1.691128238073731804e+00 2.894925198621575366e-02 -3.736515364698028030e+00 1.248989243517459879e+00 3.633688170233688175e-01 -7.489203249662835793e-01 1.265639510148823810e+00 4.928254340155074353e-01 5.466509019098789723e-01 -3.527195119494229512e-03 -1.241493177046914420e+00 5.425816957487835657e-01 -3.627509175809166542e-01 -2.484769020886487545e-01 -1.707228142131055337e+00 -3.538202876611757364e-01 -3.611049823456409680e+00 0.000000000000000000e+00
-6.065840118176868412e-01 -9.304526197588841585e-01 2.984874118477876426e+00 -5.943379745097076006e-01 -1.058389406221076579e+00 2.094003260594362370e+00 -2.530192399967452488e-01 1.499409625138409474e+00 3.022286022326549637e-01 -5.627781321306400963e-01 -6.586970394431115317e-01 1.482425728856754610e+00 4.178623685821973410e+00 -2.133596272017288242e-01 7.837163823173745603e-02 -7.882134972835758147e-01 -2.331708805531074180e+00 -1.055609314816728039e+00 1.730414191478577113e+00 0.000000000000000000e+00
-2.489598034427517592e-01 8.275882661498555892e-01 -3.334242434984336367e-01 -1.630738018021455682e+00 -1.314281365728221296e+00 -4.210950957867096722e-01 -7.767814500052284687e-01 -2.644145937851453687e-01 3.574034371874792448e-01 -3.374139518469124188e-01 -5.821274735309098780e-01 -7.371895291740689915e-01 -3.789716696079344360e-01 -2.768863668502317132e-01 -4.666996695646537519e-01 -1.191963613835173907e+00 1.305234586013182430e+00 -2.201565710741256066e+00 -2.816881890213158268e+00 0.000000000000000000e+00
3.586616316728162279e-01 3.550820348156932815e-01 -6.763213222420386694e-01 6.995177998019246057e-02 -1.083880232981042857e+00 -4.841520505318855361e-01 2.161124243430784797e-01 -1.161141281048218010e-01 -7.738378779496487558e-01 2.507668411446294932e-01 6.158758530696261113e-01 -1.334525268768393502e+00 -1.801762538597102337e+00 -5.354261139083799775e-02 3.421306890763837760e-01 2.131436082855754921e-01 -1.751200631295070309e+00 -6.445612201637457295e-01 2.487251256437146008e-01 0.000000000000000000e+00
4.087524582542318541e+00 1.590620818841414374e+00 2.818664225315436145e+00 -4.778667908019786914e+00 -5.146345011895158805e+00 3.778862918416877048e-01 2.121062044540129310e-01 2.516523108980744938e-01 4.277477507959364100e-01 3.328730280050561596e+00 3.722423521560490833e+00 8.308973722637782444e-01 -1.928961269157144054e+00 1.517287747405362541e+00 4.662057390393624656e-01 -3.594602287581870392e+00 -4.410581026507829350e+00 -5.141423305518743270e+00 -5.744861829905095085e+00 0.000000000000000000e+00
-1.181916343776380149e-02 7.738555948864358006e-03 6.200336866902100320e-03 -4.647338388556360167e-02 -3.199440059460737992e-03 -2.341918096995107383e-03 -2.779729897129814761e-02 -4.730806897024070201e-03 2.370027397604224800e-04 -1.182098091382965434e-02 -1.820650750236020229e-02 -2.549576743983011234e-02 1.084337311329316815e-03 -1.781499272043609618e-03 1.251312555750880989e-02 -4.176146972803249785e-02 -4.452735753941663294e-02 -6.862614394146787644e-02 -1.033418016715369758e-01 0.000000000000000000e+00
-1.909563731826159280e-02 -9.041403124199388908e-02 4.021927278445663889e-01 -3.366976722327665733e-02 2.583036663218698514e-01 2.248568078157975880e-01 7.040007922889931179e-03 1.324644343030247085e-01 1.276708564577410665e-01 -6.618137709743190933e-03 1.194342385326364366e-02 3.569305560174623193e-01 3.446885063549354755e-01 -3.994017068322107400e-03 -5.682252740337639940e-02 2.372968055090902972e-02 -7.915838877332244394e-02 -8.352840051200412230e-02 3.023778839820854825e-01 0.000000000000000000e+00
6.512129187524726137e-02 3.288317640351830218e-02 9.894117206016186938e-02 1.574442041840955764e-01 6.914260531909856289e-02 3.936800916301713693e-02 6.182294160191111748e-02 -9.384898282266217195e-02 1.736125796378143807e-02 4.916232430214821647e-02 3.257876979285261043e-02 3.213844935690809979e-02 -1.080398748937745346e-01 7.292270811782212980e-02 1.721443664246536482e-03 9.492435916849800703e-02 1.905826604085651133e-01 2.295954508375533665e-01 9.206650764509168028e-02 0.000000000000000000e+00
5.539080739780589957e-02 -1.758734391024907306e-01 -3.583999290313107933e-01 -2.894225172640360055e-01 -5.726793108126190246e-01 5.161185092573229438e-01 4.729219535256592999e-02 2.238517733190501513e-01 1.750309127234484785e-01 1.876772111336078297e-01 1.269445122338999365e-01 6.303171649374700314e-01 -1.019670228049256222e+00 1.133063968008562669e-02 5.165288565945720389e-01 4.812807209929208241e-02 -2.629160395789840621e+00 -7.154128394041330274e-01 -1.030929592398943384e-01 0.000000000000000000e+00
-7.294565267988518953e-02 6.351425113515025977e-02 -6.184573897981857082e-02 4.697583946811958316e-02 -5.158241857746270753e-01 -2.732101213224367164e-01 -1.761640065125435750e-01 -1.006913204182970922e-01 -3.730113782738703893e-02 -4.635735201528023292e-02 -1.085578472515653786e-01 7.427467738952443777e-02 -4.301305714031503635e-01 -6.388212016791471048e-02 -1.770626255238577362e-01 4.505999904620733298e-02 1.797597621333197615e-01 1.284339746659673986e-01 -7.367493059156881019e-01 0.000000000000000000e+00
-5.287418661286884536e-01 -5.608489877767297571e-01 3.507949494232184273e-01 7.337143995879955582e-01 7.204833316553754807e-01 -2.876074913256755350e-01 8.481628383406183969e-02 5.308338592097607833e-01 2.768295075718709697e-01 -5.067569520922514670e-01 -4.400297916326643688e-01 -3.068831314148735556e-01 1.238987359603634930e+00 -2.867856406251131918e-01 -4.309017099401692974e-01 4.160224049248953948e-01 -3.965227369030600024e-01 7.878651015943312075e-01 5.556997493349412620e-01 0.000000000000000000e+00
3.762335373340147116e-01 -2.474927106594227322e+00 -3.101547623670403708e-01 1.616027928117063084e+00 5.775202442833047289e-01 1.011263648505843715e+00 5.987111126658984928e-01 8.885863308970409769e-01 6.195723568609464715e-01 4.023731443475058733e-01 6.900031200968826939e-01 7.770697881482057090e-01 -1.146018403856788437e+00 -1.677262619273823530e-01 -1.719114466574988009e-01 5.975030701459050908e-01 -1.560413435658559944e+00 4.412251837825165168e+00 5.153560014389950261e+00 0.000000000000000000e+00
-1.033770869541940307e+00 -1.310601422605594646e+00 -2.903957148732071225e+00 3.795651740361624116e-01 1.834401658326368034e+00 2.358945798096320490e-01 -9.735335107954953271e-01 1.695789848302687641e+00 2.949972077458306030e-01 -1.082869520534507357e+00 -6.214479303594167003e-01 -7.155287294314708335e-01 3.698429731413242827e+00 -8.576074358396342801e-01 -1.487929871343146582e+00 -3.952313777194993993e-01 -1.458277265009704005e+00 2.717248443801513202e-01 3.583718282857351056e+00 0.000000000000000000e+00
-2.005252482683993545e-02 1.710627223772233085e-01 -2.385423501208716157e+00 1.638325105359337730e+00 2.775875006186284688e-01 4.474687998660218935e-01 4.504732255993423862e-01 -1.216885544914558581e+00 -5.224284548971901421e-01 -8.149879703226985128e-02 1.990459837234497542e-01 -7.157360794254914449e-01 -4.880297631101668254e-01 -3.533976375634605149e-02 2.881931815930406648e-02 1.264486331664550045e+00 -1.074822394165984907e+00 1.802732073144471814e+00 4.695510514684058112e-01 0.000000000000000000e+00
-3.199999115241837222e-01 -1.112982406577767980e-01 -1.998197378973557869e+00 -1.575434429831209959e+00 -2.424675393416630964e-01 1.193314352506210207e+00 -7.923964010808902392e-02 2.243033268428333282e-01 8.688367333623895350e-01 -1.621393631661583457e-01 -2.010898917857276424e-01 1.171390484040977453e+00 2.915241208207339230e-01 -1.287876150331672964e-01 1.003561462541528337e+00 -1.393620157955727024e+00 -2.860130866025627494e-01 -4.985253959254383749e-01 4.455281385941000094e-01 0.000000000000000000e+00
-5.874859645723279344e-01 -9.811903274493878335e-01 2.190869734912344047e+00 -2.696965468960309753e+00 1.161462997900229166e-01 2.201072784578538499e+00 -2.179743494345883104e+00 1.107758237499302911e+00 1.816753503193577091e+00 -7.293975784222128667e-01 -1.463509340676748316e+00 1.569808869165033816e+00 3.153645377181300002e+00 -2.643263763595503635e-01 9.002103207902673043e-01 -3.671898813685065210e+00 -1.358833937895114197e+00 -2.965774462544407353e+00 2.960810633960619387e-01 0.000000000000000000e+00
-1.611052146153337139e+00 3.208122070452895436e+00 -4.048581379558268800e+00 -3.495736584634814736e+00 3.392989560801074056e-01 4.815096092215170875e-01 -5.957035443097169036e+00 -2.351992957141745277e-01 4.466144640668566757e-01 -2.056768173689536017e+00 -3.881874580192718582e+00 1.629740817895107385e+00 2.609421240433269507e+00 -1.938632049518437261e+00 -2.774660017685797730e-01 -4.408771488453729681e+00 -3.470461457488591250e+00 -4.818887920573913242e+00 4.256574456451898136e+00 0.000000000000000000e+00
1.616200534040182824e+00 1.251608212360244832e-01 -6.215428399950708283e+00 3.390329098266762209e+00 1.785857428216701903e+00 2.504114324892769972e+00 1.438715962549943272e+00 -3.962293662257279081e+00 -2.370823128539313096e+00 1.240416832481667564e+00 1.865012767764004264e+00 -2.894412473996683222e+00 -5.268727446039913609e+00 7.747984506475005251e-01 2.323356313837123543e-01 4.720632684479122432e-01 -3.355930631678245124e+00 4.256429190188733003e+00 4.250241397130948506e+00 0.000000000000000000e+00
1.351492662840628745e+00 1.267971973329181878e+00 -1.266101792639000578e+00 -3.338996163350883006e-01 -1.616676127862226142e+00 2.051932775114720664e-01 2.837236831801682735e-01 6.307385641060185844e-01 -5.787281905142527272e-01 3.028708361356981626e+00 3.437114510970069592e+00 -3.736186887836090431e-02 -4.285298958678594339e+00 -1.209130936659638805e-01 6.362856151180186215e-01 3.183634046410817042e-01 -1.547961750730044272e+00 -2.209746140299056361e+00 -3.132129581220485903e+00 0.000000000000000000e+00
8.453251077861623219e-02 -1.009462392896099070e+00 3.865990990153516105e-01 -7.129810594878457364e-01 4.174811809127144668e-01 1.364004451649076355e+00 2.867368698508002134e-01 9.195841052504434288e-01 -1.240045585490771457e-01 -7.111000537496491025e-02 -1.367811517061101878e-01 3.720755887674487838e-01 -1.807093033158861106e-01 1.698607920099003132e-01 3.891515407643654501e-02 2.227051612391065805e-01 -2.116264345978894568e+00 -2.232240970571492067e+00 8.573511437063808804e-01 0.000000000000000000e+00
