-6.693946918301358906e-01 3.058519165351150981e+00 -6.165326259984389878e+00 1.225634607593375058e+00 -6.641347442377316668e+00 -2.082665465551571948e-01 3.344427253605530836e-01 1.387757511305804492e+00 -4.006510923382109013e+00 -6.201737392701617502e+00 3.762582588849596732e-01 1.298287664034486255e+00 -2.710932255550375203e+00 -7.506933339065923860e+00 7.737822088985222280e-01 -2.239361804608286377e-02 5.140199472300761130e+00 4.679878527020653323e-01 7.722948903770259221e-01 6.426142926757455243e+00
-6.736836776251848846e-01 -1.199274696186922284e+00 5.699086603352499836e+00 -4.130888201345292998e-01 7.008741074868249044e+00 6.531690228332869275e-01 -2.094459912623207742e+00 2.067187966141048605e-01 4.778984854327148923e+00 4.217759232901617139e+00 -1.098940885626575437e+00 1.204635607753239412e+00 2.205638875008641975e+00 9.748252683205009816e+00 5.491752983385375098e-01 5.917514585552697826e-01 -3.572184789491143153e+00 9.796838541921504273e-02 -2.792197761584524152e+00 -9.838771299511510193e+00
4.015983398923967940e-01 -1.983312843274832593e-01 7.854017087903395478e-01 6.099582832505168195e-01 3.004005103095659379e-01 3.025845382226255431e-02 1.206416031563488644e-01 -4.267594318162259981e-03 5.283130176093351338e-01 8.706866273863559380e-01 -1.448457738972820152e+00 -1.230764477769081822e-01 5.750261911448726337e-01 6.218041967301459749e-01 -2.128525137957811841e-01 1.323016073307540785e-01 -6.630397247220765067e-02 1.226737303847786897e-01 1.596637011003675610e+00 -2.479905489744282931e-02
-1.287463141345042139e-01 -6.770902288154241333e-01 9.284818625315853780e-01 -5.211113232659885242e-01 1.032725037753896125e+00 4.658257789865902776e-01 -4.512378708536504135e-01 -1.498131407315206332e-01 5.278417708193465785e-01 9.829420366988452784e-01 -1.133453526421348556e-01 -3.059694173673268569e-01 2.714074352442557014e-01 1.151942214646082263e+00 6.637489103587257411e-02 3.687098000408102205e-01 -1.341739107139369391e+00 6.521382160554978213e-02 -3.406355618117409279e-01 -1.656122618651214573e+00
1.885815575569935731e-01 -5.173429320132791887e-01 1.504715303502370594e+00 3.187796595633414221e-01 1.075977969382227339e+00 1.045873766988747455e-01 -7.130636593398136824e+00 -1.232126935147082047e-01 1.692814514535420756e+00 1.011579076596099025e+00 3.475347171699780802e-01 -1.112698026853880862e+00 1.351851061980738677e+00 2.756564263888225952e+00 5.221371263359264603e-02 1.520426385264125324e-01 -4.917087826455363020e-01 2.807955007911694389e-02 -2.884651125106074687e-02 -2.866461439315592941e+00
6.052840022704786271e-03 -8.502614900113780738e-03 1.662115360068903980e-02 1.307038177521002709e-02 1.187742809850456105e-02 1.526653950186374065e-02 -4.367940602655551174e-03 4.108028733746493799e-03 2.055859098457091250e-02 1.708596907788428876e-02 4.423421904187705422e-01 8.192530190266977819e-02 1.641631780820707043e-02 1.825190290651124148e-02 2.071899499025892100e-03 3.262838397408274194e-02 5.955306759921868975e-03 4.058937663313003097e-02 8.937128630391555362e-02 5.356929423965750559e-02
9.120307380089371918e-01 5.557864827106611116e-01 -1.599360049000861927e+00 7.633569929519166131e-01 -2.239597126805815908e+00 -6.792340227350888160e-01 3.359980533462183949e+00 -3.385567511739258073e-01 -1.248561760226023054e+00 -1.096468421700585338e+00 4.080773528817758233e-01 -4.671078337789804635e-01 -2.848679926699464460e-01 -3.016661789280451700e+00 -5.850836700637233045e-01 -6.125132412426524953e-01 2.042190332818823784e+00 -7.241064383622752842e-02 1.603179796580904259e+00 4.874283993959917183e+00
-1.331687870459148382e-01 1.329495545495146813e-01 -2.791507796895003057e-01 -2.109509799355224757e-01 -1.259017960162789329e-01 -6.640916205355196222e-02 1.106003870569871594e-02 -5.236901542349903238e-03 -1.861116061008400990e-01 -3.048220094030734684e-01 6.432779072623020511e-01 4.907599516717997545e-02 -2.041643901274965422e-01 -2.242229868936727044e-01 1.273120058336572047e-01 -1.551710464861504324e-01 8.774032308668444635e-02 -1.360038378301096085e-01 -5.191768343319846934e-01 4.154754609396604792e-02
2.295123078075951284e-01 -1.623845068189050389e-01 3.228190219916591275e-01 2.139597138462212000e-01 1.511762711695321948e-01 6.252777291834016316e-02 -1.554555229153180562e-01 -3.250530071695234557e-02 2.910169495086281088e-01 3.369799651855760469e-01 1.709828795483531394e+00 2.192189485898925483e-01 3.454225698556399049e-01 3.514115597302254201e-01 -2.515030474220997236e-02 1.203517645657705415e-01 -5.956650164548341064e-03 7.247835211094844077e-02 5.909633247781442833e-02 9.585598042666632068e-02
6.480352595286606454e-03 3.047469190272050418e-03 -5.189949360671609890e-03 1.135617265059691780e-02 -6.294336481965041863e-03 -3.750035161772327652e-02 6.354785419107611411e-03 -1.214945239912024189e-02 -1.085064545576469586e-03 -6.865020007477622144e-03 2.207870450247118033e-03 4.458368049996390588e-03 1.853687564753679282e-03 -6.943229074735025874e-03 -1.904527466729154239e-02 -2.965494109428749858e-02 2.186568889051775100e-02 2.952217012724078771e-03 8.088800454415623342e-03 2.720196685575208134e-02
-4.976483950910959297e-02 6.519218812621949133e-03 6.980912456991339443e-03 -4.508125049070889345e-02 2.344753201260033407e-02 8.566325259372170597e-02 6.869649876620709250e-02 6.001234477855241223e-02 -6.145687825033219198e-04 -9.087410159219488914e-04 -1.672725938155306125e-02 3.126944474142689945e-03 -2.052888868557739555e-02 3.257076765909516780e-02 7.709513992824243434e-02 7.395911758726399221e-02 -7.506464610257196357e-02 -2.260533337233405771e-02 -7.478684794236345468e-02 -1.601112160631567582e-01
1.056972956767654459e-03 -6.024368938861199285e-03 3.868790608763966743e-03 2.353662789531800470e-03 1.597742161858192733e-03 1.307386541459576446e-02 8.062484669211986144e-03 3.674141294062058249e-03 2.075653178851027958e-03 4.210638122348515922e-03 -1.609611289098245024e-02 -1.697615051921445850e-03 2.477826303214504533e-03 2.964928703345262595e-03 -4.665375800482013391e-03 2.235915215053548011e-02 -6.315704947068774208e-03 1.571698512867525377e-02 5.681336442515672047e-04 -3.470450412364600723e-03
3.822083830020961415e-02 7.458051935523440923e-02 -3.719769268422041392e-02 4.357111937038027349e-02 -4.049875435435874860e-02 -4.339293886332400152e-02 -1.764561665514520428e+00 7.863253405310688393e-03 -4.944679217361501455e-02 -4.618874439794015685e-03 -8.839403897898279183e-03 9.193705639134619467e-02 -3.049889424210777689e-02 -1.085987239389832326e-01 -3.063060348163867269e-02 -5.805421268380787925e-02 1.035110173425807523e-01 3.689659633608954881e-03 2.625444094225031222e-01 3.040435544170432269e-01
4.342965848827540221e-04 1.993494752894633959e-03 -4.124860412378170832e-04 -1.427772051724694735e-04 -1.744976738649428160e-04 -3.696119356712723042e-03 -1.406475671845472397e-03 -1.595143647842162116e-04 -5.717853294593816527e-04 -5.438921852739305590e-04 -2.634726801924536232e-02 -5.707306004487315565e-03 -3.194946484032512579e-04 -4.695010065485366590e-04 -1.248750164999784529e-04 -8.579858792521863342e-03 4.721460591994193490e-04 -1.195402165396852734e-02 3.497700968232031471e-02 -3.869155843135962947e-03
-1.498973296967265334e-02 2.767842983556992667e-02 -1.106672087247483061e-02 -3.433706848240025006e-03 -4.821048256771046786e-03 -2.197670770385688754e-02 -2.110693116135822223e-01 4.134633293733924742e-03 -9.401536915152997054e-03 -1.127006249198544974e-02 -8.867472041963075924e-02 -2.993967136066810752e-03 -1.297423465563765643e-02 -1.304792607717719655e-02 1.219183222483787021e-03 -3.952557466131054187e-02 1.494430441733053325e-02 -1.407752878512583128e-02 1.625883214113272857e-01 1.438976298573590995e-03
1.612074270760501804e-01 -5.124455682093750908e-02 1.675140624714282489e-01 1.040719918703958552e-01 3.316327617616210421e-02 1.171099570588488015e-03 9.390364220930706551e+00 -3.959947154050355578e-02 1.784081895730815215e-01 1.434542123241174250e-01 5.062628270876956549e-02 2.141558032735386696e-01 1.764917198529347697e-01 1.853948541442245190e-01 -1.833911986145948109e-02 1.439262679100668241e-02 4.835776220908342277e-02 6.559558441816937258e-03 -1.180452780689211778e+00 -1.017943398394883237e-01
1.280067973911336310e-01 -2.907940495160631772e-02 3.821260994796463195e-02 2.875508942963692083e-02 1.063470616738623753e-02 1.477731228632511717e-03 1.510943433052357676e+00 -1.997989040989432696e-02 3.348064142945453292e-02 3.052100546367599379e-02 -1.812925821089947931e-01 1.055142035285006052e-02 3.976008021529953140e-02 3.430177159419239841e-02 -1.081468858455128870e-02 1.917437768385853170e-02 1.638938496028823424e-02 1.741306846435729944e-02 -1.329302975150028487e+00 7.319741412913627343e-02
1.511831486729064977e-03 -6.875624053447798589e-03 2.990046294645845593e-03 1.825956767933040181e-03 2.510041160907416913e-03 1.851378804517571364e-03 3.262228490108975976e-02 -4.201351493562974215e-03 2.583300092082324584e-03 2.475020419417238438e-03 -1.246946988341406382e-01 -3.025499868472112525e-02 1.601201197732882164e-03 3.223425290513781682e-03 -1.666968519623135761e-03 1.318844876509062819e-02 5.048698932974757247e-04 1.298026237547000861e-02 -6.130972563302350409e-01 1.901106863296292415e-02
1.589471767928618551e-03 -1.056411270027458882e-03 2.950564471915495535e-04 1.234999879376683096e-04 5.979643719049645978e-05 6.914848981792254615e-04 3.503187041703700877e-04 -3.660187301930614701e-04 2.124312754074597631e-04 -9.735654033263714535e-04 -1.077012829923518211e-02 -3.058100892948757699e-03 -2.096514763562686012e-04 1.905776336543728300e-04 -8.881379822654050793e-05 4.726311215216948830e-03 2.262313905121854374e-04 3.025299449954201025e-03 -1.040426070432545202e-01 -2.341599452614473442e-03
4.318117136517258814e-01 7.810306461638660824e-03 2.159718341202256919e-01 9.107932508719224218e-02 -5.949432435309653933e-03 -3.086251573361509237e-03 -1.412399016954364583e+01 -2.882589740429847280e-02 2.866389877305774991e-01 1.257025560695198552e-01 2.246302229543459816e-01 3.330896052079355130e-01 3.826745054374036670e-01 2.334218499607487729e-02 -9.012782140176325840e-03 1.993730101602475546e-03 9.768648167833568485e-02 2.482574633630996175e-04 3.438184126798290663e+00 2.884080550185668113e-01
-2.279468200037939596e-01 2.826708026642144045e-03 4.601385236134958312e-02 1.458134557970369727e-02 -5.711669563306598363e-03 -5.635435367243771254e-03 -3.150365026216704223e+00 1.456499386360499138e-03 3.749716181814066740e-02 -1.369347100660667227e-03 -5.995141915572048674e-01 -9.038561151937507532e-02 6.330616935602950690e-02 -2.285789309873642594e-02 1.126072188059001888e-02 1.038262885403794245e-02 3.596250431266281855e-02 -8.008319607051284095e-04 3.739536877755995192e+00 -2.040687388856259332e-01
-7.116078309614692898e-04 -7.504965888081471803e-03 8.702624132572722715e-05 -3.948752108790143378e-03 2.330956558224350772e-03 -2.132885091522332410e-04 -1.072168595904483546e-01 6.898885292665357660e-03 -3.452707009446998043e-03 1.016068369246461711e-03 -5.575160874592484106e-01 -8.286105273934873949e-02 1.997485111286856352e-02 -8.481042760346557685e-04 1.124771146487900386e-02 -3.916263355637786270e-03 1.750040624178522686e-03 -2.417094509865297391e-03 2.385068619822334313e+00 -1.038210747868828498e-01
-1.106061928489054935e-02 -5.839780653202786276e-03 1.119479357103769779e-03 -9.582233393064798488e-04 -1.120142323900286119e-03 2.783683487213483437e-03 -2.901330823983805374e-03 1.873768624991889453e-03 1.730105510841850602e-03 -5.889471146429875459e-03 1.926773620773758466e-03 -2.176967023933763790e-02 6.759300673847112861e-03 -8.799498709078368286e-04 1.960167560040998458e-03 -1.465654161912836873e-02 -2.707427743258994379e-04 -1.658148283784605104e-03 8.606783337694992042e-01 4.794116276056303860e-02
-2.127195607720677728e-03 1.755945239461459417e-03 7.718631673834519535e-04 1.108034480373151776e-03 1.827918575805775880e-04 1.995269687900216860e-03 -1.601981634346105743e-03 -9.347678143354631874e-04 -1.123982723984146004e-03 -9.476184048975988539e-05 -3.254770711649257464e-04 1.649262078805644946e-02 -9.642770622401708458e-04 3.460075743559609673e-05 1.245461751487320079e-03 -5.884108888031341911e-03 2.158304716159839542e-03 -1.153467389587339853e-03 8.483405328093773790e-02 1.992410890542550828e-02
2.736361255568079187e+00 -3.263080734091067914e+00 1.079670057293785135e+01 1.931510079125233759e-01 1.128280736322185263e+01 -6.605153473201150760e-01 1.260903461188604524e+00 -1.788311765257259545e+00 7.520848191328042276e+00 1.049544502331711726e+01 -4.307982428968557542e-01 -1.591489071929579779e+00 5.688991349408059506e+00 1.303644298361214027e+01 -1.322149357835053607e+00 -7.614456467004298013e-01 -5.035907491437361827e+00 -9.779498732610832912e-01 1.514672739710931637e-02 -6.480129435094687196e+00
1.552722509838842834e-04 1.730107963311639701e-03 1.432155741748321407e-04 2.235412735360280362e-04 2.197152046254271368e-04 2.547334608389919012e-04 2.781955535454015346e-04 3.608896169314589151e-04 6.407332860607264501e-05 2.667575415536171165e-04 6.149015647999897093e-05 9.308846904718447865e-06 1.931645720807654459e-04 1.085847387234716379e-04 3.793486490286696760e-04 2.140408145937982079e-04 6.239240055883591872e-04 2.359865868639666434e-04 1.473153970039327071e-04 9.537868678573610351e-09
