-1.779522247664675483e+00 -6.175934565012416444e-01 5.554966622490088213e+00 -8.318417808544482650e-01 -1.274543603931443947e+01 -5.222894066207093289e+01 1.074069961300520015e-01 9.908786211185738324e-02 -6.947315089921414000e+00 2.565812313959301871e+00 -5.647862716220079626e+00 -3.957445144539024628e-01 1.388435646455694616e+00 1.311643255934134666e+00 -1.623587877777589839e+00
2.614753472356945441e-01 -1.724530739274853008e+00 -8.293362414393932180e-01 2.220893494045018901e+00 7.689475646509768225e+00 7.685122092274433214e+01 2.399401358116136640e-01 1.249284111563659483e+00 8.897263047667767211e+00 -3.068393128582380669e-02 5.867267877881558569e+00 8.877245675738570929e-01 -5.416303863705087540e-01 -3.944016387742325103e-01 1.327844494666752695e+00
4.679936114617555543e-02 5.232011865632868464e-02 -9.495133620762544746e-01 -6.283896851767403202e-01 2.476129428240907426e+00 1.110120717641979837e+00 1.438538054498796348e-01 7.763479526764220928e-01 1.439775577994581113e+00 5.914891883625478242e-01 6.071584445946202058e-01 -1.263530653547299210e+00 3.702904543273109472e-01 4.097600597088024710e-04 -4.516030561099111829e+00
3.924364817136578032e-01 1.902238470089628875e-01 -2.102947941934230958e+00 3.093502976217202272e-01 3.895493032290380242e+00 9.818021082708440872e+00 -1.480141714320021840e-01 1.105809214212131741e-01 5.457158984786287803e-01 -6.618998005134396623e-01 1.650354983219831428e+00 2.438230669746857537e-01 -5.074370747973822038e-01 -2.982396427957767493e-01 5.405807176007586534e-01
4.039748810452187255e-03 -5.384022103267293025e-01 -1.550680646810008445e-01 -6.367666155705778985e-01 2.021619365955083403e+00 7.007421473853600702e+00 2.846726609863885482e-01 -3.328494358864726443e-01 2.965608366952214858e+00 -1.338084606812319777e-01 2.337740076479735141e+00 -3.046758640704780863e-01 1.730318754993392938e-01 2.240918825482293708e-02 -1.452787002703773700e+00
-1.147924213128184712e-01 -6.262034735160160182e-02 -7.577854803761302493e-02 -2.276646071469918542e-01 3.208216115627791076e-01 -1.417247161434731229e-01 7.301679442030503675e-02 -2.259167923688628066e-01 5.298764546281586885e-03 -3.861532136034939722e-02 4.354455314384580999e-02 -8.648700344735639478e-02 -7.458690810617252254e-02 -2.862499274329731447e-02 1.521695739879402876e-02
2.224393477214470227e-02 6.161014570370570986e-01 5.425018959422652776e-01 -1.010806604426894184e+00 -4.824418798723683288e+00 -2.722301038974061527e+01 8.243703718607081621e-02 -6.074091952385596294e-01 -1.000769121530320493e+00 2.199702008451721591e-01 -3.679852272337506225e+00 -2.237829752798208560e-01 5.913276442686163925e-01 2.885517917117102482e-01 -8.535564805733839577e-01
5.413775528177955376e-03 4.319581389625465340e-02 7.395630986389972739e-01 1.926653583165877925e-01 -1.608397346442522524e+00 -1.455329407442820244e-01 -5.361737099199345713e-02 -3.630964636579310234e-01 -3.872449930139443275e-01 -3.303925607036555245e-01 -4.493001242855760857e-01 4.842553272098206740e-01 -2.388618496803999180e-01 2.238659630658335065e-03 1.534164662692103054e+00
-1.937303895068661630e-01 -4.084332213895913721e-02 -2.684739922605164364e-01 -5.875356944372479573e-01 1.240205944030048579e+00 -3.624059201426160559e+00 7.530563309281898543e-02 -1.162958218332071914e-01 4.233142087948169596e-01 -8.937633177617405611e-01 1.161524757463784807e+00 -8.253028061264119364e-01 2.895412918932379620e-01 2.464341961146673810e-02 -2.142971662478974082e+00
-3.405672783125520374e-03 -4.118559332376476104e-03 9.303943136882177056e-02 -7.815520744310480716e-03 -8.923127755468930611e-02 -1.010602877046401782e-01 7.636362348062010474e-03 -4.902451747046273310e-03 2.313826270114673414e-03 9.831171142227894053e-03 -2.693363805360584479e-02 -7.535909301345807172e-03 1.462349326559530746e-02 -1.465729813839393263e-03 -1.113883884923052084e-02
-8.044318402185186151e-03 -7.340493580949940949e-03 1.063935961969512262e-02 2.637076786961958103e-02 2.330021555484709517e-01 4.973024082993658945e-01 -1.930422196608602703e-02 1.828391261472433332e-02 -3.202400174516059628e-02 -1.309155672529902989e-02 1.770392605716223644e-01 7.813889303562047972e-03 -4.368032808563540592e-02 2.944963710638032889e-03 3.986905917872392291e-02
-1.443362674335618712e-03 -4.955068510075617133e-03 -4.065355715549728854e-02 -3.838566216236802622e-03 8.391539835403843961e-02 -7.711323267965006917e-03 -5.852547053485784856e-04 7.702617117015430476e-03 3.263054435438336037e-03 6.680718626575688456e-03 2.756669813251296647e-02 -1.245862888353892715e-02 9.421692980705227705e-03 -4.423615038835039884e-04 -2.668094248394219797e-02
2.916619774891989966e-02 1.830930966293910916e-03 4.086260828135428180e-02 -1.193735402922000560e-02 -3.754924139432760932e-01 -1.936248320197671013e-01 -3.963007321901175495e-02 -1.421018435607891012e-02 -2.931987824316181768e-02 2.157944912846046503e-02 -5.024833028059078055e-01 -7.625396464901394722e-03 -1.824347413958189376e-02 1.111423377394673423e-02 7.034538631401524023e-02
1.655622098108701368e-02 9.097374398303714749e-03 3.720841939960837369e-02 9.195974204938828916e-03 -8.048783671609430201e-02 9.645823016138508482e-03 -6.555718470789454605e-03 1.605912632830058459e-02 -3.568889402158249846e-04 8.442832382321296958e-04 3.568306655477406549e-03 -4.260039288739858598e-03 2.796888089523531795e-04 7.907955771015973655e-04 -7.001804895344874990e-04
3.342075415620909817e-02 -1.108335359562354072e-04 6.181622904335949686e-02 2.443305706093975085e-02 -2.384054244162981950e-01 2.610229931910142409e-01 -6.414203341937417882e-03 -1.618031645502822705e-02 6.483804475361260033e-03 2.237519508232969218e-02 -2.188911080383501018e-01 2.778261458827062380e-02 -4.137891803371942373e-02 -9.769802034090713933e-03 1.134113990964183971e-01
2.065075983516470592e-02 -1.354309145431917272e-01 -4.156234311976590712e-02 3.817420186753473638e-02 1.997117524244611808e-01 -8.835969390276563473e-01 -9.751525720786123619e-02 -2.928266402922827943e-02 -4.497407834413705285e-02 9.981730829376977976e-03 3.180303928060873586e-01 -2.026565432775750686e-01 -4.153334094446196889e-02 1.145903474763132618e-01 -1.707585449458279003e-01
-7.353559104721674178e-02 -4.550410996908280103e-02 -7.740402603800725090e-02 -2.742718201485994448e-02 2.351937260910760552e-01 -7.489293840928750168e-01 -2.171792524792930806e-02 -2.473373084748500816e-03 1.915160184031126367e-01 1.040353899135801341e-02 2.288451068148041889e-01 -6.929583641670780669e-02 9.658362566662571230e-03 2.043638744714440514e-02 -1.356284303977028372e-01
-8.158082497378198183e-02 3.365373289578219018e-02 -3.718295186747414688e-02 -1.993931027899581779e-02 1.124253691141675893e-01 -6.899423017903827393e-02 1.036479077931149254e-02 6.370261269611328381e-03 -1.353854831270728809e-02 -1.360339428424534730e-02 5.153483478594678147e-03 -5.086379569491680797e-02 2.584401917729876874e-02 -3.261885907979938590e-03 -7.406098238828165425e-03
-6.011715769437341733e-02 1.877425929615646194e-02 -5.509885462662168082e-03 2.223373436155022531e-03 -1.780747161412715718e-03 -2.666076983982890170e-02 -6.656975701246706408e-03 1.928285123895034925e-02 -3.280473301074192383e-03 6.823402985222704054e-02 -4.459766744751664930e-02 1.471814128359157092e-02 -2.692496087552158357e-02 -3.095174386548811205e-03 5.417498796928569768e-04
1.513787751192226250e-02 -8.172417388260821980e-02 -3.420284180137037056e-02 6.682605084366534109e-01 -1.272396827125041319e-01 -2.164109804974737372e+00 -2.700126058319532452e-01 1.404122191611771320e-01 -9.048354887727985130e-01 4.987482385438901655e-02 7.323069779739830309e-01 -2.499641809205046528e-01 2.277491913315699001e-01 2.871085023383581625e-01 -2.609580194954905785e-01
2.917161108159065097e-02 -2.005530133380007962e-01 -4.986825511122022769e-02 2.182844508552099771e-01 2.524418032938858386e-02 9.881024648705327706e-02 -1.052217023385993433e-01 2.677177052118276945e-01 5.639412113304043128e-01 5.729769762729384208e-01 9.815318212954370070e-02 3.072368593463108422e-01 -2.002218645574604938e-02 8.398352969762835907e-02 1.519757144865438447e-01
4.238408169864388286e-02 -1.234428392372177163e-01 -3.203790619410762375e-02 5.953415325175587247e-02 2.282327702024814775e-01 2.898822816551800408e-01 2.595206240677624954e-02 5.828569906451525062e-02 -8.869559952514083356e-02 -3.312575550525072021e-01 1.795735756671310024e-01 1.490068553771589366e-01 -1.195627587024057359e-01 -1.184168166272307234e-02 -1.400633345948858466e-01
-9.445102878048282358e-02 -1.951249240264136819e-01 1.394571552429246797e-02 -2.060569829592073798e-02 9.004027585338813394e-03 3.427644486875514040e-01 -1.204071911149659502e-02 8.924472048960410686e-02 -2.592292959173370104e-02 1.900374110732030442e-01 2.051417009250847134e-02 2.703677363847573623e-01 -1.248062480153010467e-01 1.419290922819649303e-02 -1.936854419471017996e-02
-2.143710561180081631e-02 -1.538348039732834183e-01 -4.885658178908282301e-02 5.657849356031174892e-02 4.169846092261696169e-02 -5.762061301848653283e-02 -2.363650695108486521e-02 2.590142802042544323e-02 -2.209583352549844559e-03 5.435948282764785366e-02 -1.337913803535287771e-01 7.623687786601471283e-02 1.426304281322393064e-01 1.919656184861436021e-02 5.477151871095889413e-04
1.946250344321320602e+00 6.592701941608467564e-01 -3.831721079530889362e+00 4.629494808933277694e-01 1.115992757976791871e+01 7.787823303470199221e+01 2.550484870091129230e-01 -8.231446095189730583e-01 1.928723396632462084e+01 -2.436409461503383334e+00 4.977879049016150859e+00 -1.572510688203843099e-01 -8.877951598887752205e-01 -1.102388923312049851e+00 9.163441517748777132e-01
5.153860130678367991e-03 1.957355360414898913e-03 1.019844984359886617e-02 3.334652522868052256e-03 1.729233193515163428e-02 1.064229505067517019e-02 9.731663080742400385e-03 3.240005052547186449e-03 4.602986461738346226e-03 3.973654794495368875e-03 3.508774901087751558e-02 1.711215292175380983e-03 9.243086862526079389e-03 1.207833851768162596e-02 4.059048861750128717e-03
