-1.553608177567604498e+00 4.583426359111470560e+00 -7.901791869718509664e-01 -1.777992393454380649e+00 -9.062680168744947640e-01 -2.703703967054901458e+00 -4.806327368662327570e-01 5.741685631845513171e+00 -1.156875967526267868e+00 2.882019909112497613e-01 -2.123724149375850523e+00 -2.328162354363056075e+00 -2.118685225848068843e+00 -2.522410124793067254e+00 0.000000000000000000e+00
1.136548018371446922e+00 -1.120491652693603735e+00 1.702929488785416501e+00 -4.318399323160408976e-01 8.231003546842955432e-01 -1.926762131508796827e+00 2.916212696817918615e-01 5.038353067051373202e+00 3.463821709299479412e-01 4.167144083360352802e+00 -1.232670771675872468e+00 -1.502370699170674229e+00 -1.164062339659338141e+00 2.448380700196312265e+00 0.000000000000000000e+00
-4.958042528396466309e-01 5.254212666388212938e+00 9.745876155628171444e-01 -2.819458071312628711e+00 -1.812284048080848198e+00 1.264415138321071108e+00 9.304390808286941983e-01 -1.116827723875978839e-01 2.130097087956362767e+00 -2.642504898770986710e+00 -2.585907006605183134e-01 5.432023967538156251e-02 6.940123560605330200e-01 -3.147720553134423671e+00 0.000000000000000000e+00
-7.097518454515248099e-01 5.009826519841420023e+00 -6.427128079025615781e-01 -3.472187305192866447e-01 -4.449711026358478816e-01 4.553426461562056771e-01 -3.179875251654016438e-02 1.123440137812165007e+00 -6.925164308579080386e-01 -2.196718543068678198e+00 -1.531058190486284998e+00 -8.064645973005968305e-01 2.398842500286507418e-01 -1.270978866098849469e+00 0.000000000000000000e+00
2.511040277482463612e+00 -2.023276064563007459e+00 2.599348729498683674e+00 2.231997457833320986e-01 1.259766618995608711e+00 -1.139723248839508596e+00 5.543464163801559152e-01 -2.182739013421614249e+00 9.251033029602852009e-01 4.258404153896186095e+00 -5.028058617006383457e-01 -7.481244954555960058e-01 -4.165270087088641104e-01 3.592661463815535861e+00 0.000000000000000000e+00
-3.070076256736956610e-01 4.200265694435453057e+00 -1.168509532319702782e+00 -2.538305994914690000e+00 -2.304946316099631076e+00 -2.618828372191912557e+00 -1.428019726592948846e+00 5.664706305475486481e+00 5.611753517465243313e-01 1.539007493774914026e-01 -1.333314020018855128e+00 -1.752267986158721369e+00 -9.182963230875001992e-01 -1.814249009377547406e+00 0.000000000000000000e+00
-1.002133683513293683e+00 4.149940407939068265e+00 4.115738393058121503e-01 -9.296648780585859972e-01 -7.535734527919206727e-01 -1.840208599369941078e+00 -8.794644895801516649e-01 5.710232710489385966e+00 -1.175938061841847126e+00 1.510977386324575455e+00 -1.329053883277687031e+00 -1.113873346608331927e+00 -1.541187355590900587e+00 -2.211884736798926276e+00 0.000000000000000000e+00
-3.610996091269476627e-01 3.196256522425809266e+00 1.944455799198874013e+00 -2.268254250164964070e+00 -1.644281478744023861e+00 8.015323541557340947e-01 7.782554778895462988e-01 -7.422576845626066566e-01 2.083952341323946467e+00 -2.375235448196113985e+00 -3.454089424521527563e-01 -8.813384193796412747e-02 3.093510260751773377e-01 -3.584787328280635066e+00 0.000000000000000000e+00
-2.291060111146671352e-01 1.211404042786199398e+00 3.196754059039138007e-01 -3.675055829708038790e-01 1.860554483239053314e-01 3.953570653445532823e-01 -1.988742423063135090e-01 5.056635356876204579e-01 -1.598536860769396439e-02 4.045196374166878384e-01 -9.846909022025427394e-01 -4.129654759599625802e-01 2.632827122210174564e-01 -8.219699654694417879e-01 0.000000000000000000e+00
7.065043902566675582e-01 4.312676099218210268e+00 4.874330272752093185e-01 -7.335649728176677487e-01 1.636302060441178652e+00 7.539614307620901013e-02 -1.629494387854367732e+00 -2.227444429181719698e+00 4.515925566834692595e-01 -4.842700225200374103e-02 2.053007879942195801e-01 -8.632470684934696881e-02 -7.660554592866595236e-01 -2.921922899479991731e+00 0.000000000000000000e+00
-2.540289504540741983e-01 9.979603807066543542e-02 -4.988174514099582568e-01 2.158279228394302529e-02 -9.421230783776618489e-02 1.128643108458074612e-01 -3.740652281614768176e-02 -6.908459609429541681e-02 -1.142592495727248886e-01 -1.043060539011452237e+00 6.174045810592714706e-02 8.383378254549134212e-02 4.507179178691651800e-02 -4.242968814345156048e-01 0.000000000000000000e+00
5.623593722067606882e-01 -2.827270355413452063e-01 1.370814782702204582e+00 2.336127270201548145e-01 2.272946212468119620e-01 -2.522139612296230293e-01 2.716885347036204212e-01 8.366405448881055751e-01 3.613143660867587648e-01 1.912946863874327663e+00 -2.252985882678286422e-02 -5.244113814113941785e-02 -9.506553036315908015e-04 1.162850433358708635e+00 0.000000000000000000e+00
7.481434666225789121e-02 -1.689015381965444096e-01 1.639618785441711857e-01 5.019627767618491804e-02 -3.423053585961982614e-02 -1.129222193525910439e-02 7.445082950612259831e-02 -3.955202072684111947e-01 1.073596627510447765e-01 1.418705774671890629e-01 4.020305817899053752e-02 3.496800119440814092e-02 -4.256479916364070554e-02 2.103428160893274779e-01 0.000000000000000000e+00
6.254995152176038298e-01 3.238083061754370995e-01 2.390635916670949435e+00 -9.459158471034689875e-01 -1.111563324682748100e+00 -1.277946535811298467e+00 -9.789352740652872142e-02 2.581543083186019771e-01 9.711553633090617144e-01 3.640800258856714322e+00 -5.704051250542734736e-02 -4.039211892737530896e-01 5.769381924152836572e-01 -1.342021822922459418e+00 0.000000000000000000e+00
2.193338931200763953e-01 -6.918860976486882475e-01 8.062826887749820204e-02 1.180373315002000850e-01 1.506292078861063422e-01 1.007580517684238813e-01 -1.071943744381103625e-01 -3.410949429511421993e+00 1.384056120437665224e-02 -1.854934621760760405e-01 1.518413518860198541e-01 7.209910395233605496e-02 2.284780675087905721e-01 4.241590515493425806e-01 0.000000000000000000e+00
-1.742235538734158706e-01 -9.557363005700043601e-01 -1.440309458395581388e-01 -1.604206535830654534e-01 -6.702663775215931263e-01 -2.895842271935393231e-01 -4.724589487518172648e-01 1.885707849927898527e+00 -5.494875414108849609e-01 -4.031627022020514151e-01 2.154588633379777018e-01 -1.171919812895335332e-02 1.392926763565534021e-01 2.308651331938352813e-01 0.000000000000000000e+00
-1.736760237581275623e+00 1.723917580712526876e+00 -1.983377155730055907e+00 9.400514808537416833e-01 -5.253032399395897167e-01 1.068889466572144453e+00 6.630778942457027370e-01 1.315075362233663281e+00 1.625259619934056543e+00 2.490587511033191870e+00 6.200711292793015250e-01 -3.626898865623678914e-01 -1.517198548383666239e-02 -2.652938550932637973e+00 0.000000000000000000e+00
3.355563096224399855e-01 -9.520536743661308643e-01 -2.051895935349060451e+00 -3.391203010162391895e-01 -6.190629583838656025e-01 -1.599648336889161415e+00 5.950562807153432221e-01 1.869023961093034591e+00 -1.565538588611955273e+00 9.702626862388052942e-01 1.202493271706922773e+00 -5.372538487852402955e-01 -1.780563051985503123e-03 6.310251776400981338e-01 0.000000000000000000e+00
-3.620665392300213004e-01 5.432087825752761612e-01 3.102620417774101247e-01 -9.259231124849577332e-01 -4.187862443548995839e-01 -2.080929626003363564e-01 9.902115043541926953e-01 1.348301831695933872e+00 8.259036321809115622e-01 6.403727612438048222e-01 6.402447688418664296e-01 7.610892838599115917e-01 5.358296964804627471e-01 -1.401577478090955564e+00 0.000000000000000000e+00
-1.147407335774440484e-01 1.987860181311191798e-01 -2.010567184236833893e-01 -2.376645400814060005e-01 2.752626658193189635e-01 3.645709636361103012e-01 3.498117918243774382e-01 -1.358607563172440358e+00 8.514678802997154294e-01 1.904827390764679274e-01 8.504750313316453703e-01 5.238615247805271657e-01 1.021381519157623874e+00 -3.807593277891873629e-01 0.000000000000000000e+00
-1.656161298487012656e+00 3.982656720843598563e+00 -2.542381212208861818e+00 -3.979410690025385389e+00 -2.040905286262785445e+00 -1.577685911336602409e+00 -1.632597880451005290e+00 5.235559345336403325e+00 -2.908956374533044342e-01 7.436037430481859944e-01 -8.545980214393329444e-01 -1.971916423650149186e+00 -3.093976639437761578e-01 2.449606490710409368e+00 0.000000000000000000e+00
1.271411853923612334e+00 4.519876605947944270e+00 -1.321938351680916890e+00 4.135239812802942172e-01 -8.169038217454711592e-01 2.544190269019429351e+00 6.080510552687656833e-01 -2.571917622397917658e+00 -1.773423493768082171e+00 4.755518717439009557e-01 -4.110078064542413423e-01 -1.941175188810486674e+00 -7.953494137507117756e-01 -1.641407862219405933e+00 0.000000000000000000e+00
7.716239818403739514e-01 2.845962661752420964e+00 -1.633581789116507199e+00 -1.889282343955142052e+00 -1.010728431621619183e+00 3.052569698849659854e-02 6.012179841864968566e-01 3.999744773906438677e+00 -5.729189806326687728e-01 -1.651410281308334671e+00 -7.642918089363394119e-01 -2.712948024618464515e+00 -1.578223826076589953e+00 -1.326783942624177204e+00 0.000000000000000000e+00
1.146840184359733117e+00 1.105938640566643399e-01 5.570377047730129538e-01 -3.246979479059006746e-01 -3.674649563147895370e-01 9.802563999322476684e-01 -1.711070973003865348e+00 -1.165394792609371288e+00 1.875326881523442291e+00 -6.593178746227076892e-02 -1.856906899167918734e+00 4.735927628855721716e-01 2.447384572521773827e-01 1.219232796209709591e+00 0.000000000000000000e+00
4.676766663639703170e-01 3.042947884194703523e+00 1.695552928154677452e-01 -1.013798092575589616e+00 -9.838669495413936428e-01 -1.106520608178222398e+00 -9.969107408821312744e-01 5.724737775504390669e+00 -1.578416098810180301e+00 1.077767077984975286e+00 -1.076111149685836210e+00 -3.733234544645913089e-01 -5.276649931214361100e-01 -1.800338406540530345e+00 0.000000000000000000e+00
