8.198772885491456552e-01 5.011221855069316611e-01 -1.451632935043915662e+00 1.260570034791504979e+00 -5.653594565384434389e+00 1.490675147994554584e-01 5.157479984104823556e-01 -1.270846203719670164e+00 -4.184875050676729380e+00 4.981997458178733518e-01 -2.894250482310811279e+00 -1.611955528553236316e+00 1.885133196597628569e+00 -2.138619970723460995e+00 -5.104240762115534125e+00 8.109471219454706947e-01 -5.427319540098352491e+00 5.071003420752613344e-01 7.531681856681550213e-01 8.867941931628182672e-01
-8.028554387659887492e-01 1.275128434935959287e-01 1.345897268753966980e+00 -1.741589608653079546e+00 6.265513226204599828e-01 5.437268707058655615e-01 4.119844103420255976e-03 1.121903380973502840e+00 8.845542330439256640e-01 7.858789228042856179e-02 1.258823975038586784e+00 1.237223424825463880e+00 -7.213256559258114375e-01 1.255168017841703509e+00 5.960389905989810222e-01 -1.059102345451692351e-01 5.715967603153844223e-01 1.708492422694887491e-01 1.459173845029819727e-01 -4.673112475727111415e-01
-1.787921309088084110e-01 -9.731378664340539775e-03 1.890620199304968718e-01 2.163165743482453607e-02 1.566869822821670422e+00 -5.039577868666167415e-02 -1.211641990048422379e-01 2.664501908083144466e-01 1.041089272834651469e+00 -1.398926197173586128e-02 7.012298700223473791e-01 4.158485702901155712e-01 -1.441346643951232354e-01 5.262249839047016264e-01 1.310412541134074349e+00 -1.851286821514985803e-02 1.455851042120297034e+00 -2.724856529481569645e-01 -4.095133574894563311e-02 -8.522488516875384446e-02
-1.503290101299069592e-01 -4.353065778555359477e-02 5.312739855473991302e-01 -2.285724955741604281e-01 2.480213036462361131e+00 7.541038911476521944e-02 -4.091603809191271535e-02 4.423231884218911114e-01 1.616453622863647244e+00 -4.084220002303473596e-02 1.031562716560049164e+00 5.615340599665339383e-01 -3.587334662032224397e-01 7.440994842330546089e-01 2.117794074189652598e+00 -1.299730165808858917e-01 2.144118351070806838e+00 3.415826236330199439e-02 -1.017127354037753451e-01 -1.332143086566841550e-01
3.958300926791215590e-01 1.798695835040703406e-01 3.205321595641716925e-01 -1.753274389287037549e-01 7.030287861753070633e-02 4.752783519541288193e-01 -2.176292568610911637e-01 3.276836605881128794e-01 1.341266064651670253e-01 1.121714916640150494e-01 2.600201068897821655e-01 3.518455946284825275e-01 3.546324581432715450e-01 3.289111237599578463e-01 6.208893182167241065e-02 -1.440257984765687560e+00 -2.128813764093617777e-01 1.925000129179190722e+00 2.620711629278180688e-01 -4.812984055157713825e-02
3.669028216037272666e-03 5.828787620549991111e-02 8.252834022937562131e-02 3.659356768938061555e-02 2.270450948704731964e-01 4.674776632663477094e-02 4.723146041590053218e-02 6.969559980217027162e-02 1.702171191212854540e-01 5.829877607282855922e-02 1.218610232855820430e-01 9.675964003743937891e-02 3.804878194153372972e-02 1.167724691447892121e-01 1.821126478890215394e-01 3.726671279454661645e-02 1.708050013085220531e-01 3.527399505391692891e-02 6.783445278899061237e-02 5.407729612490737303e-02
2.117825258424991808e-01 -2.717272960726028752e-01 -9.857008261747783884e-01 5.579661914071961659e-01 -2.226386608682988655e-01 -6.297630297520444564e-01 -1.726794343702304779e-01 -8.290526834923598321e-01 -5.474371516314244790e-01 -2.525613624598528340e-01 -8.974285698882278339e-01 -9.038049533901617583e-01 1.773427824536502606e-01 -9.060606635000822973e-01 -1.822941974908479645e-01 2.186422998823844832e-01 2.615574399437310404e-01 -1.037044321385140577e+00 -2.742359126121626800e-01 1.976810338426637781e-02
4.872183093295118228e-02 -5.245815973672074417e-03 -1.343705283709773490e-01 -7.306278921653031055e-03 -1.444185494516131651e+00 2.126746778502652119e-02 6.020696858846710797e-02 -1.770616442831554616e-01 -8.319488410944394507e-01 -4.262782670517897832e-03 -5.194845410719853840e-01 -2.817357618380609274e-01 5.821953918707037379e-02 -3.779128814162228123e-01 -1.115872190695803789e+00 2.938217018637728772e-02 -1.259972837387327571e+00 5.772326105406155872e-02 1.181396246737076439e-02 3.383440134717129177e-02
1.082151256057404393e-01 2.688219064962930616e-01 3.013671085725715404e-01 2.493055222084240297e-01 3.134536674414329926e-01 1.248578715868680078e-01 8.236749387640118769e-02 2.925022787435044291e-01 3.751384538187695350e-01 2.478801604491143729e-01 3.801379160583682193e-01 3.510172912224550634e-01 2.615141105166436386e-01 3.761604563014022129e-01 2.918835102986509500e-01 1.627443813760731661e-02 2.626425844258907238e-01 4.126815412488054058e-01 2.993993194489737997e-01 2.019938514528195617e-01
9.420313080239473523e-04 -1.411544744580548079e-03 -1.592950256897431027e-02 1.655582097235887805e-03 -1.582870937751061913e-01 -5.377652185966008344e-03 -1.618512345080713689e-03 -1.175517922853962748e-02 -6.826265976152007253e-02 -1.545168914565438331e-03 -3.297674683216138963e-02 -1.534775047946273716e-02 3.319190077749594164e-03 -2.084220832606828444e-02 -1.136495931626942124e-01 7.048898167588699484e-04 -2.301430747478816485e-02 -1.027506118542548252e-03 -5.213125406148015270e-04 -2.543055479367031975e-05
-1.299165925830714739e-03 1.672776230640236894e-02 5.265538084532041946e-02 -7.998990016131024561e-03 -7.243497584766786512e-02 4.150563502651669068e-02 1.097562786481779198e-02 4.250908666016066373e-02 -3.606123743727344608e-03 1.618590125065897181e-02 3.978351934699337483e-02 4.638227885348886192e-02 -3.213287610542227453e-04 4.286729341960203443e-02 -8.416329401950445321e-02 -7.935190078284165560e-03 -6.595084502149592964e-01 -3.224637099968585829e-02 1.604314284077554623e-02 6.316409448747567143e-03
-7.559615728232206957e-04 5.363124063629230720e-04 8.249241639352271685e-03 -1.397744649545128864e-04 2.084906947974397018e-01 -4.778122872551408828e-04 -2.485285885767431462e-03 1.023602436448656575e-02 7.959850398189734222e-02 5.320807818841602694e-04 4.055063020763815390e-02 1.721154694535896937e-02 -1.674114868475288197e-03 2.688739488811227665e-02 1.276047151643086019e-01 -2.191747663233128973e-04 2.220369716302914576e-01 -1.684598754661899636e-02 -3.074166958387013551e-04 -1.041656938758319740e-03
-5.118017405502880285e-03 2.293740369549240876e-03 -2.541149257327163583e-02 2.877917843735922077e-02 8.434964884275120145e-02 -5.271899966979903818e-02 2.803812640697187636e-02 -2.357480296074569714e-02 4.320154862892781888e-02 7.215066128712852023e-03 -9.224764656811944991e-03 -3.204906201444395614e-02 -4.179589155415511237e-03 -2.920842485613452111e-02 9.046900955698530811e-02 4.155445505346744284e-02 1.600150801482648433e+00 4.982192487290966199e-01 -9.844702565116353332e-03 2.306129050473157069e-02
-1.476892970337679179e-04 -3.262432494794778072e-03 -6.590175589991935715e-03 -1.549489887280617066e-03 -7.377911773715639665e-02 -2.623207737004331491e-03 -2.655884041037570760e-03 -4.713487653764118074e-03 -3.681459658357373599e-02 -3.264002651803259592e-03 -1.690361546200703363e-02 -9.444367816833360019e-03 -1.605007591510380048e-03 -1.477366218330209216e-02 -4.036367110205660302e-02 -3.178524483740105544e-03 5.607807844713513790e-02 1.257894860468772302e-02 -4.189366359980409987e-03 -2.720939832055345540e-03
-3.317901786283378521e-03 -9.520063583497655191e-03 -1.832997258122455800e-02 -8.006442841553705961e-03 -5.917152406556436262e-03 -9.328512784289505477e-03 5.743380869011226880e-03 -1.549714983016619446e-02 -4.767743621574146995e-02 -8.300784953229247559e-03 -4.168531807995729671e-02 -2.636703583878548252e-02 -9.213235431843529860e-03 -3.853232019030203986e-02 1.062468291048499283e-02 -2.890872011827605448e-02 -3.786259720745448476e-01 2.190928229176337672e-01 -1.420334946406701104e-02 -3.851023725659689315e-03
9.179113697748503276e-02 2.097179603537947801e-02 -2.326370060831538938e-04 4.992193437049330385e-02 -1.051176239156897951e-02 1.717836435486863877e-01 1.509162053102155177e-01 -7.013378353208902030e-03 -6.632964539375632573e-03 1.971403031336425860e-02 7.886873990565142906e-03 8.178306736802143373e-04 7.465372651579559038e-02 1.252816370303546853e-02 -7.656451521370802316e-03 5.618839479126442882e-01 -2.104775977459201641e+00 -1.374253411715159245e+00 1.919728386059848732e-02 2.042370679923229126e-02
3.410918655847927639e-02 4.018123672820833603e-02 1.356064396215042253e-02 4.532003524152954793e-02 -3.426471096194511068e-02 1.583201882109979697e-01 7.425971595842634221e-02 1.272043283287857020e-02 -1.087494652881167145e-02 3.870776690590583408e-02 1.405114816789968489e-02 1.837030738550201464e-02 4.628617283086018663e-02 1.670133601588379840e-02 -1.948927256007772224e-02 3.280912555615200787e-01 6.982981642215886353e-01 -9.530634128064050525e-01 4.176318801990069191e-02 4.008610917414835717e-02
4.028399910910189508e-03 7.786629001363856717e-03 6.814619968064912145e-03 1.024456332092061987e-02 -3.428264158470162304e-02 2.579375792688248792e-02 2.157602933709501861e-02 7.054052021254621219e-03 7.623879040872902357e-03 1.256953494824285950e-02 3.757059723319633449e-03 8.547116481083133835e-03 1.000050037769342759e-02 8.250236189663520334e-03 -1.547081426484436112e-02 3.494029056625480578e-02 -3.500263380977716166e-01 -1.138294670990624979e-01 1.442806427343997291e-02 1.231112292192954039e-02
1.616858064892167258e-04 -1.086262823695692548e-03 8.777024655298375048e-04 5.131149370255646235e-04 -1.156665568370315866e-02 3.595245408754485939e-03 2.667857164152593469e-03 6.593021747579412561e-04 2.686947325729688307e-03 6.965686669909969958e-04 1.162990505488530404e-03 2.231108228064554097e-03 4.163100114996948903e-04 1.372590807005177882e-03 -3.239810623404434931e-03 7.097729029826999048e-04 -1.958663688128237101e-02 -3.415505882712194241e-03 1.685435836167072099e-03 7.441827336894879866e-04
6.719724720666364615e-02 -5.351840179060746161e-02 -3.950554115859603033e-02 3.025996723650232756e-01 5.629382728135401415e-03 -5.331934811205474301e-01 -5.651924801766746720e-01 -6.677534168415366622e-02 -1.106299498195620346e-02 -3.475615246200713937e-02 -2.476598860134980595e-03 -2.184738843520771245e-02 3.401536763547366449e-02 -3.961161527389109316e-03 -1.341454371622356756e-03 -1.497065082437057271e+00 1.118619850361124435e+00 5.231716817926468366e-01 -2.612357818958643829e-02 1.752397675773531560e-02
1.553769118600084598e-02 -1.036704190975978879e-02 -3.532241671823186518e-02 1.091284101065210788e-01 1.553666632309302909e-02 -4.169326582147157012e-01 -2.176615440011153702e-01 -5.824695496755602497e-02 -4.141440158893811008e-03 3.949846074510876548e-03 6.136377642917467679e-03 -3.802918424845301570e-02 7.545780750057462516e-03 -5.071876388749105291e-03 -6.680839494375812038e-03 -7.604860985262700268e-01 -4.389068911049189836e-01 1.170880839452525191e+00 7.836773248649883672e-03 3.468186585705967939e-03
-2.250289485162926262e-03 -2.603818946921421240e-02 -2.101782618501643607e-02 -7.900643361052530483e-03 6.388529540357679171e-03 -8.103468187553852786e-02 -5.910384088202051689e-02 -2.246439273514919122e-02 2.555377351000844011e-02 1.452760575067679749e-02 2.804166546762076884e-04 -5.689334481801450183e-03 -2.927115599257179568e-04 -4.113271527530215632e-03 -7.247166810876060072e-03 -9.826804095044794352e-02 3.280714458042578441e-01 2.568624648260566801e-01 4.149846910828522417e-03 -6.998172833059354558e-03
-1.658472479252916243e-04 -2.075842211361281220e-02 -9.126603487480716009e-03 -1.051952364453101474e-04 -7.218050086257865594e-03 -1.664233931159019020e-02 -1.524218639130268255e-02 -3.379717642253997345e-03 1.833051678296320625e-02 -1.022408068101415823e-03 4.090842797470350956e-04 -6.954161542979647725e-03 -2.361743926887316380e-03 -1.796502317341359956e-03 -5.173492968733942043e-03 -2.363966580716470034e-03 5.795708690652312534e-02 6.601759021049313780e-03 3.287289139508486890e-03 -1.189911631088516608e-03
4.583767187226958639e-05 -2.773934433859426285e-03 -1.960158809841433536e-03 -1.862612609342950698e-04 -4.975873720756807117e-03 -1.786300419736739503e-03 2.937249161836588685e-04 2.756479583024912250e-03 5.221176967286484533e-03 -6.118782344368897674e-04 1.824370445557693676e-03 -4.633744169585396477e-05 -4.301491134914292580e-04 -1.416423616372820826e-03 -2.992614303060414649e-03 1.896840181215928012e-03 -4.175113452627665644e-03 6.797268721985438855e-03 2.488324715013146005e-04 -5.203722894643204172e-04
-1.134724454452859188e+00 -9.723631746081453642e-01 8.811424289633171814e-01 -1.824960165393879397e+00 3.545870612858349702e+00 -6.635322809612481665e-01 -1.023769851230897698e+00 8.212194388836909775e-01 2.836383480291172710e+00 -9.767578919599514409e-01 2.036756935299864235e+00 1.072194784775645671e+00 -2.666391091874832142e+00 1.480565087207653896e+00 3.315686214168811041e+00 -1.392576349615310960e+00 3.476602032375652129e+00 -1.007188631360394382e+00 -1.276888334216077503e+00 -1.434110493691003629e+00
3.645811915222855505e-04 1.206539009126023982e-04 2.342826152791229973e-04 4.408306060780989690e-04 1.787053803719720424e-04 2.000714790519984713e-04 3.495590016686086566e-04 5.192253507452841655e-04 7.666234837701037513e-04 1.460998206348282510e-04 4.024291466484601317e-04 5.316134974447325485e-04 3.737265754424081939e-04 6.195148439512271994e-04 3.237733262572419987e-04 5.386446973392152501e-04 5.290708953287436001e-05 1.263121511533919739e-04 2.685589343690850464e-04 3.100433550020544721e-04
