6.284125521089958255e-01 8.826852437548451391e-01 -3.277192581964713192e+00 1.548146612322200788e+01 -4.368847318179190253e+00 1.185963054123336491e+01 3.561380306292988962e+00 2.473847749007390462e+00 -4.616288314679261262e+00 4.221507954090895964e+00 -1.398838806800872980e+01 -1.225345466024057028e+00 -6.750537912722456291e+00 -3.152976188850786343e+00 8.114918505908537583e+00 2.189260799973215654e+00 -8.404737110872440908e+00 1.501175592829663508e+01 5.340003584581292095e+00 -4.219255060977150862e+00
-1.624051436553250127e+00 -1.631157230045892970e+00 3.596797602134219396e+00 -8.390827506379824996e+00 9.376128080011447707e-01 -9.235409926450520501e+00 -2.491058811859486966e+00 2.105631035215260738e-02 1.039778533233812752e+01 3.229031318406581974e+00 1.540897955707901090e+01 -8.467718838460751574e-01 3.291575331542180294e+00 8.560911596519744649e+00 -3.936615509966249871e+00 -2.695020661964570241e+00 6.510007085743312771e+00 -1.545084494548763487e+01 -3.168986896987401991e+00 -5.140020174173525191e-01
-6.254206662354100388e-02 1.652018944183218707e+00 7.740190130185851114e-01 -1.411113561331023281e+00 2.617762934962840404e+00 -1.161485552839242708e+00 -2.853667322817372565e-01 -9.229060827573831727e-01 2.690509446979003627e-01 -1.722725933497990525e-01 1.772415294778563633e+00 1.558391366710714099e+00 1.898214964215825695e+00 4.883916805834105923e-01 -3.053332180629162895e+00 2.028402398438405307e-01 -1.883934009392520259e-01 -9.314483619232493128e-01 -1.100857802420060816e+00 1.108831165502750515e+00
1.601894912430970042e-01 -1.659551381883000998e+00 1.641252051470618367e+00 -2.517253935963979838e+00 1.440884609031511943e+00 -3.502969149589768794e+00 -5.170121487787886494e-01 -2.530412336339021850e-01 1.132679614197217077e+00 -9.275751197807793336e-01 2.815695174112843535e+00 -6.092133029933302080e-01 2.870059890668158253e+00 8.211297130463828253e-01 -1.110168529296447559e+01 -9.389968782646458401e-01 1.947418897354193046e+00 -2.291874607323908464e+00 -1.269638716252988742e+00 4.033549714006114950e-01
-1.963049142762085975e+00 -2.378882914111765945e-01 1.094131017852356447e+00 -7.776177163605199061e-01 2.508726187041358524e-01 -1.533540689143538804e+00 -1.007307368199957587e+00 -1.975948909723736213e-01 6.344853636095471039e+00 -3.156422659198270253e-01 4.384813616895018029e+00 -1.390182883533047642e-01 9.237022509078075538e-01 7.515235643830440182e+00 -8.467450576446822197e+00 2.465092368023771019e-01 5.247664477375197922e-01 -2.689988656282049639e+00 -1.544605738086575419e+00 -2.564483213933447026e+00
-3.991926498066540596e-02 5.779396125320634958e-03 7.481662292965921002e-02 -5.053551851673609985e-02 4.557598960852369818e-01 -1.823633945513924992e-02 -1.506869274052871077e-01 -6.095633940137437645e-02 -2.998545591708986352e-02 -7.195118943761630304e-02 2.809411309724565986e-02 4.406115243011543559e-01 2.404396916759308223e-01 7.153296571355891587e-01 -2.017471789105613311e+00 -1.451902435896329502e-02 -2.411880842805079819e-02 -3.531954372143895904e-02 -6.746917705481714211e-02 2.860611531819198805e-02
-2.497560906316609319e-01 2.894747901795165390e+00 -3.259826698985071491e+00 2.628699371280846631e+00 -1.911055076890866289e-01 5.463996178076108379e+00 4.666935682055961543e-01 -9.278332218376488250e-01 -5.071563712435048110e+00 -7.558752936567998404e-01 -6.189854432486213476e+00 2.093291555834442264e+00 -2.794207120899623753e+00 -4.502975504024455233e+00 1.673962983549568051e+01 2.144272439072494763e+00 -3.284022004931646421e+00 4.631785175695479317e+00 1.333596025385244355e+00 2.042259596378804609e+00
-2.390521550016266872e-02 -1.164717509474599400e+00 -8.128703036578791563e-01 3.898909404234071063e-01 -2.439609696664521987e+00 7.324919077505585019e-01 9.002531107214828410e-02 4.098946988584400430e-01 -1.407227870814971582e-01 2.702665072290777459e-03 -7.423368684393888417e-01 -1.105969836890280611e+00 -1.763481644416111438e+00 -1.754792405939751276e-01 1.041504412417087622e+01 5.310205238584837784e-03 9.787318199868638713e-03 2.805542081539012522e-01 6.130711205452207269e-01 -4.146379470390004207e-01
-4.382327741638386565e-01 1.027619223239604196e+00 6.419227690587318014e-01 -8.388194243756317281e-01 8.003799641258094733e-01 -3.945612887352525910e-01 -1.908588371057977628e-01 -3.083973707515397789e-01 1.062712418440314721e-02 -6.733361409070037773e-01 8.172004014510485526e-01 5.686425847223212093e-01 9.454206423082789357e-01 1.624929258162765677e+00 -9.151060742173743989e+00 1.429022453435221940e-01 -1.056910001828346574e-01 -4.977606867978098815e-01 -6.409061540115263966e-01 5.627797600681996304e-01
-5.958562729128428354e-03 3.166839011521140890e-01 -7.802207868630613163e-02 1.845994843003502181e-02 3.179094116307998319e-02 8.051055966937431529e-02 2.401100514991053037e-03 -2.934536879544729499e-02 -1.582115077359132205e-02 9.046608526077274878e-03 -3.028696711106057191e-02 2.798308627109994950e-01 -1.076745642246714485e-01 -1.292554055417609316e-02 4.676786009273222078e+00 2.873656851698298820e-02 -2.604971843692744163e-02 1.495614715755148871e-02 5.549480397923290537e-03 1.295264605509264914e-02
3.320429947552670791e-02 -7.147303101282437288e-01 3.028267029902192986e-01 -3.908043212972985708e-02 -2.759136032037521336e-01 -2.508548206272565029e-01 4.050840614434517151e-03 1.853271368337166547e-01 1.440731534273557712e-01 6.672198725817257703e-04 1.316957084731680827e-01 -7.835324236920586660e-01 1.812119491173094787e-01 1.439379664527878910e-01 -1.669773604421843416e+01 -1.287316773704294814e-01 9.458700611698436789e-02 -5.468872971553342954e-02 2.211571809406078643e-02 -1.567518586722377316e-01
2.055953716096049766e-03 1.734349852578407347e-01 9.286588884270395583e-02 -4.340722284828357064e-03 2.721142786012011872e-01 -3.728377009995799407e-02 -1.358776675342891760e-03 2.761100999641157017e-03 4.226252960198632197e-03 5.507356760637502346e-03 1.794872950047805144e-02 -5.313293324125140105e-03 1.842484602811860217e-01 1.354498875788423540e-03 -1.253024350725980085e+01 -7.041860008807680760e-03 1.702267859431255692e-03 -3.362270567589274728e-03 -2.182331930852674656e-02 9.159821560747197222e-03
3.003212954191061823e-02 -2.114276339957088524e-01 -3.785448083124817176e-01 3.784552018428866127e-03 9.459068951228183364e-02 2.606472141198430403e-01 -1.511506747717772381e-03 -1.044037799083987472e-01 -4.675239151202151278e-01 -1.289972625979667331e-01 -3.338695545755844818e-01 1.701148914743462748e-01 -2.994289000748026619e-01 -5.204633260108575410e-01 2.894847212013680959e+01 6.652119929534289211e-02 -1.133727199306457795e-01 9.380426921979501120e-02 1.983687181666146659e-01 2.969978158305250915e-01
1.165826570801835500e-03 -6.453604445581251348e-01 -3.443216396365456761e-02 1.034256682284018583e-02 -1.789951707355614263e-01 2.784053436712012781e-03 5.350748256799792157e-03 4.247615581298327773e-03 6.230074887056178236e-04 -3.400979926646008344e-03 -3.446184355798792044e-03 -2.868303812665596864e-01 -8.395610607336899400e-02 -2.621208947046771431e-02 1.865730296564841240e+01 7.721269440249672877e-04 3.305776400493497594e-04 1.119684759451202577e-03 9.366132152186932430e-03 3.802212273726138236e-04
1.035378945382062557e-02 -1.974622783377260049e+00 -2.262663353323325077e-01 1.404366984985108008e-02 -1.772235037157904314e-01 6.464579859169715392e-02 -1.256080293315642304e-03 -3.091143143277866323e-03 -2.139313161554164816e-02 1.038857682037312991e-01 -7.021145123539396238e-02 -3.222396925593929984e-01 -3.212820408629676883e-01 -2.018874034285667030e-02 2.946632296582286870e+01 -1.052069096821147548e-03 -9.684040424161981242e-03 1.669508731745267954e-02 8.470170941701024581e-02 -8.355101751037580238e-02
-2.433990682823724550e-01 1.155241591656746447e+00 6.157249171645470809e-02 1.296549046771998392e-01 1.354267141738974001e-01 2.373070173739696975e-02 -9.176273854395178287e-03 -1.581192857628688775e-01 1.270604325863261552e-02 -7.651869277016425386e-01 3.513224585775044928e-01 3.958205961853855093e-01 1.487828099409401750e-01 -3.368518532261253196e-01 -2.947874994822831241e+01 2.344647342607285301e-01 -5.390124560561154743e-02 -1.049814689169547288e-01 -3.069264169727433100e-01 -8.141496899862035175e-01
-4.685417456134970821e-02 4.455759958580607361e+00 8.543721016625671627e-02 -1.376242690701283411e-01 2.746828214970976623e-01 1.599340114994566783e-02 5.141061512033417991e-04 -9.764141053673359993e-02 5.226175590641465168e-02 5.550553892615193163e-01 9.123808013514292381e-02 1.056549798244060367e+00 1.964045824569204401e-01 -1.967536353147174566e-01 -2.404584915200092610e+01 7.371246286755994692e-02 -6.574381832068794743e-03 -1.555304122596351535e-02 -1.662377806154139159e-01 1.920269204850350575e-01
-4.428331565206755291e-03 4.881892290264035594e+00 3.303009481003882364e-02 1.045105671952288318e-01 1.946144867210178875e-01 3.190654082617896264e-03 3.304999381793072288e-03 -1.743861414509433397e-02 4.180076313037670022e-03 -7.755137678827495051e-02 7.364443451784993128e-03 8.902203940696573614e-01 9.035428165529174604e-02 3.397679507764541640e-01 -3.415084681023873259e+01 9.601464752655764628e-03 -1.825671827295569788e-03 -4.626940741867726498e-04 -3.004152833472731321e-02 -6.136965370912794704e-02
-2.823027603181937212e-04 8.611262000241054482e-01 3.898168829793857357e-03 3.775404281307469939e-03 5.617863497254019234e-02 1.724164040594969912e-03 4.708185985511113836e-03 -3.274889129390515241e-04 -8.157671335386855460e-04 -1.435095931384167134e-02 3.144770737432277426e-04 2.472970373910012010e-01 1.364175898068867299e-02 1.030544814525579111e-01 -1.272857104771809489e+01 7.512345792248624476e-04 8.224516001898059259e-05 -2.041043394132267819e-04 -2.312550383086812295e-03 -6.824621258658063183e-03
-6.574299006211794527e-01 -1.120102040076825123e+00 -1.309277766855238556e-01 4.355359373920268951e-01 4.333270989787646466e-02 1.367410726158559964e-01 1.944984066051629323e-01 -1.363333019665040335e-01 1.458089307198984219e+00 -1.549459690758819619e+00 1.732086849367169834e-01 -2.932801132567303126e-03 -2.016360945584836500e-02 2.613026032522498099e+00 1.372634358216599892e+01 2.894548113096769848e-01 -6.791039079251195987e-02 -1.805191582205355472e-01 -1.605604362346430836e-01 4.583862922926186023e+00
-1.520916220413303099e-01 -2.058426875491727870e+00 -7.861492718646422018e-02 -2.503413829802207946e-01 8.053005045282235486e-02 5.416102479103933331e-02 8.543313913308570040e-02 -7.927615878950694528e-02 -1.091445274860401993e-01 1.300981553869810625e+00 2.223155519401581737e-02 -4.216480910462018783e-01 -4.470083502303993234e-02 -1.156525689026963732e+00 1.037860838559626941e+01 8.543780046080393098e-02 -8.380106101651456363e-03 -4.397063323269967405e-02 1.101473832981186701e-01 6.203480472363176457e-01
-3.671969604017333300e-03 -5.590745829943701395e+00 8.455192901506994319e-03 3.225724388350498795e-01 5.333883904520331232e-02 -5.344128741520490916e-03 7.254216114014688799e-02 -1.840611994246260652e-03 -5.619272302110278616e-02 -2.369412384287201689e-01 1.913406219155400212e-02 -7.462049560705272810e-01 -3.304277706445306328e-02 -2.963294263385822802e+00 1.241465953276344436e+01 2.474522807846987055e-02 -7.509722092492350509e-03 -6.939480717652046771e-03 5.343298326260711995e-02 3.606530497851250239e-01
6.207006888985108772e-03 -4.115148872529465152e+00 -3.823073444271348625e-03 2.489795943414847834e-02 2.389563693857588156e-02 3.554782089939477127e-03 3.978705414938815688e-02 -3.173799433819936289e-03 1.650047209956209682e-02 -8.855646224579416526e-02 2.473779920624710749e-03 -5.016900438581838317e-01 -1.124332018191014082e-02 -8.829060766036103125e-01 1.620696804942044977e+01 4.402081315925898686e-03 6.124179288195384652e-03 -2.489320646420087324e-03 2.266603578075981895e-03 6.022188794203769957e-02
3.678740231817148598e-03 -1.263094972153717688e-01 1.426123539728336997e-02 3.202255443983434424e-03 1.301153403190297153e-02 -1.007232642105386489e-03 3.742116271478690415e-02 2.951334673782779472e-04 4.589715327971855691e-03 -9.357178363777252095e-03 -9.102366548913096156e-04 -1.338529624795999073e-01 -5.029956365759716275e-04 -3.519154716764827384e-02 1.385330502207081427e+00 7.269653497250727625e-03 1.639643824068170996e-06 2.984185277001151493e-03 1.546829764683385622e-03 4.872790646209379517e-03
-3.350990277831600750e+00 5.056277890031354305e-01 1.438269743001439949e+00 -2.617708608736988651e+01 2.962648164787952787e+00 -1.076804628624924653e+01 -6.378926236701701669e+00 -3.289208937470702310e+00 4.586877024937349390e+00 -3.643338548300535606e+00 1.888076148822285205e+01 1.622230050679863034e+00 4.034899917897469379e+00 2.923171294285282329e+00 -1.686152510700779539e+00 -6.310370099346838124e-01 9.307996623818471704e+00 -2.698906974897814592e+01 -5.499043248907052650e+00 7.598853726559926969e+00
1.788079286300762105e-03 8.393861021449752205e-04 3.145615507362746477e-03 1.131982813146879168e-03 1.011393931699238781e-03 1.761116371394911640e-03 1.394395944018841222e-04 1.950986934241243868e-03 1.379813563342547006e-03 5.893051586826728331e-04 1.014613969928596570e-03 3.833782711596143110e-03 2.247406465846634241e-03 1.292405198250826668e-04 1.924800593325979095e-02 2.518360092375244910e-03 1.904966738690362909e-03 7.440245202888855734e-04 2.534959217322174403e-03 2.913858859947676509e-03
