-1.914693909105616498e+01 -1.963767040491248395e+01 1.102705749720954742e+01 4.155872844493221585e+00 -3.265913571490472123e+00 -1.080270782731226653e+01 -3.229997472585744767e+00 -9.075741992321134433e+00 1.622922763894345533e+00 -9.813377688780644093e+00 1.205078270569601928e+00 -1.541908220123755235e+01 3.050270953970674270e+01 -1.088997606346092795e+01 -7.618269958738883574e+00 4.638470339661404651e-02 2.437807982374367910e+01 -1.128815596902272489e+01 -3.398467722819712122e+01 -3.751522381317744514e+00
2.339579912017439156e+01 9.789175946327739908e+00 -3.229970143322976828e+00 -4.628370497508488057e+00 3.130982412030069995e-01 6.698860540071021497e+00 -1.366972544957342883e+00 1.058878509190903827e+01 3.004390336827523100e+00 4.680791234873163731e+00 -4.876701608794599352e+00 1.379869405953450467e+01 -2.431555215952376514e+01 1.031719769905424933e+01 5.569895247017767836e+00 9.586205180140892068e-01 -2.257736226294384352e+01 1.078689810511773217e+01 2.513602796764612535e+01 2.011662928507190085e+00
2.364248696235841773e+00 9.951595199583804785e+00 -2.869972353212672633e+00 -8.576600463336592206e-01 1.157742244480340688e+00 2.445572636461217364e+00 2.813470671663540479e-01 1.512400114301096110e+00 2.113577482269257679e-02 1.210602496721834509e+00 -3.116465265115871963e-01 2.187327829309575478e+00 -1.723835271865362673e+00 3.901825297137162529e-02 1.865601933473229002e+00 -1.488471491123847024e+00 -1.300530668613468110e+00 1.751723086914921623e+00 1.272814629439044332e+00 2.307896375593170735e+00
3.437715051762361362e+00 1.878239766784154696e+01 -5.211593527022660766e+00 -2.606404861264504547e+00 7.892793091472880551e-01 3.408081044987188335e+00 6.033378268233610120e-01 1.509464477988368136e+00 1.601557574698072584e-01 1.421242072454889094e+00 -1.587108676440152522e+00 5.204881229430651679e+00 -4.563106532023176953e+00 2.367001290377416911e+00 2.326303233515477409e+00 1.212238776306171939e+00 -3.551864392869088505e+00 3.668531848627968994e+00 6.629929570722557841e+00 9.734975843272675178e-01
9.083061502076958504e+00 5.754254337465010138e+00 -4.841092768511184308e-01 -1.277611008126496639e+00 8.449018277504052321e-01 1.243907849103297769e+00 2.177907190359956502e+00 3.199579478121650666e+00 -5.478231959484181068e-01 1.765477913130428345e+00 -3.251012185999643034e+00 2.870171852850274874e+00 -2.948171632037974721e+00 1.394966704526508394e+00 1.104412036126008134e+00 -4.909322935522926479e-02 -5.285586282869754626e+00 2.530771631452139570e+00 3.466887205673683248e+00 1.913051386636190676e+00
9.148920184168767011e-02 4.424258656635135623e+00 -2.208940337911754204e-01 1.070246299627361508e-01 4.015506195006352641e+00 2.038731075967385176e-01 3.046885364113588457e-02 1.644011734415661841e-01 1.022170753987176883e-02 3.405625658639482856e-02 -1.430657539097521941e-02 1.325132174341850377e-01 -2.594860709038207536e-02 6.886923690210232374e-03 1.391169542032617557e-01 -5.504992537991100221e-01 -1.422461748494595335e-02 1.812506265370285030e-01 1.601371702776601541e-02 -2.962340537166649468e-02
-8.618649779788556842e+00 -1.868939259174848644e+01 3.195746504107934260e+00 4.722173142098530896e+00 -9.831932749815623929e-01 -4.295622221910507577e+00 -9.833143799566801402e-02 -3.367530706606633117e+00 -2.619086419433178214e+00 -7.128346796841277255e-01 5.806010622980807057e+00 -9.153025604287842398e+00 7.119542985661602152e+00 -4.680081826974340942e+00 -3.505698960107813456e+00 -2.065977346300451600e+00 6.208028330816156348e+00 -6.937298845151217641e+00 -1.005454171242230466e+01 -1.448233765524417072e+00
-8.910591171253468001e-01 -1.829925099876897221e+01 3.044186885218260308e+00 9.544130423588979006e-01 -9.417825401827757403e-01 -1.510308209396555856e+00 -1.468182375879394375e-01 -5.501155571233771191e-01 -9.891823717607936550e-02 -3.928813526652258914e-01 9.208228621384154655e-01 -1.470063374124989330e+00 5.279506556396892369e-01 -6.414260766424195737e-02 -1.109154786665111470e+00 1.160560644540429731e+00 3.722843197776423696e-01 -1.129407452079008056e+00 -5.110337125451244189e-01 -1.572609492349289706e+00
1.610632250645448904e+00 7.308507442706480894e+00 -8.258228971342029823e-01 -9.197652673022352898e-01 -2.847506393674535730e+00 9.945114186971663051e-01 5.496288005579963443e-01 1.010111433223708666e+00 -5.785037093294682908e-02 5.393473583124638315e-01 -1.353351826618844234e+00 1.152376828923909358e+00 -3.667602863124591051e-01 1.650477111208076275e-01 8.821503973305481194e-01 -8.133165669798807507e-01 -5.121299075054563943e-01 9.031476426820107539e-01 4.947462034105969964e-01 2.251577699203752836e+00
-2.894845441570498279e-02 -9.906123588942208347e-01 2.865664103124552775e-01 1.988313406426734931e-01 -8.852089351163281231e-03 -9.212733113214560676e-02 -4.063558324097928283e-03 -8.696755289054083210e-03 -3.240626769292773851e-02 -1.728537721669521493e-03 1.468611242719845000e-01 -1.576085802579837158e-01 2.912401738611019447e-02 -2.798337753611839993e-02 -5.929660546289088757e-02 -3.509162739127441033e-01 2.133768104696255608e-02 -1.030087191982492073e-01 -7.106786469829225183e-02 -2.070229391243591510e-02
1.569330273571893919e-01 -5.273559596141190298e+00 -3.312376956879966583e-01 -5.824923921953045758e-01 3.083951609873422650e-02 2.407746236243470672e-01 1.472601250189795388e-02 2.664133551820397142e-02 2.076599299367207219e-01 -4.969637667725445435e-02 -4.931392972169868494e-01 5.416489173871619212e-01 -8.564945793850654854e-02 1.151688503206701186e-01 1.856185535858684288e-01 8.227475865831718194e-01 -6.055322966394868778e-02 3.855949383693914045e-01 2.213184174370888546e-01 1.235854613711630939e-01
1.791482241372148454e-02 -7.790994476660257462e+00 -4.259786226354971284e-01 -9.931568974904489422e-02 1.956751736920644621e-02 7.757652710814591512e-02 4.003355680126927107e-03 7.790903287090554519e-03 1.421775314584194233e-02 4.356189802351782131e-03 -1.675748962837777523e-01 9.099100438477639163e-02 -7.011999663347827719e-03 2.496237610592302522e-03 5.224678742258488662e-02 3.552681696530613636e-02 -4.265806766369492631e-03 6.543737675143826427e-02 1.122158617635443667e-02 7.578120172517247011e-02
-5.850531884837768537e-01 1.258122554625052025e+01 2.078878037617599983e-01 5.721795814995395135e-01 -5.463394210719341171e-02 -1.673572927628567408e-01 -1.899019068930118403e-01 -1.769977462159439963e-01 -8.158498345472230823e-03 -1.341901728867214011e-02 -1.254942698047866179e+00 -5.480707569470121276e-01 8.888308530314113776e-02 -1.483309636235053131e-01 -1.387201358335442836e-01 -1.883735803700370137e-01 1.782281005996428913e-01 -4.079889440679529411e-01 -2.509106333942848766e-01 -3.263808223829875454e-01
-6.305028260621636099e-03 1.931772378890832442e+01 9.698328419431247183e-02 -1.246315418751922643e-02 -2.438792911398979246e-02 -2.978364352265623280e-02 -1.812665062735491911e-03 -1.046001049900924934e-02 -1.341044641253370286e-03 -1.700548034771398945e-03 -2.295319126556484568e-02 -2.027276212784255571e-02 1.195036428390645888e-03 -7.559449048032021272e-04 -1.779800217063092632e-02 2.739652041511089209e-01 1.383457302388570176e-04 -2.960455639264924707e-02 -1.519420040740306586e-03 1.337896545346144439e-01
-1.057146893940459076e-01 4.640481460600472019e+01 3.683516152984521730e-01 4.288248749470492394e-01 1.428615834498233594e-01 -1.337116629411231883e-01 -4.122367816286687942e-02 -4.808820702226504484e-02 -7.024756880281165725e-03 -2.057114035976404659e-02 1.893931799119841219e-01 -2.062742530571239630e-01 1.645177919239836084e-02 -1.731996156086876987e-02 -1.215942104708878646e-01 2.476329991906488504e-01 1.563168870428419815e-02 -1.452344792789144468e-01 -3.575948107262431896e-02 -1.967181901793183529e-01
6.755007527678238421e-01 -7.763274187054278741e+00 -9.947350063426423084e-02 -2.109074225828439508e-01 3.834726432756402348e-01 9.362118530231859637e-02 3.235506224984152635e-02 5.206308095671486891e-01 -2.950255295881732964e-01 3.410841782725357318e-01 6.679642765150799022e+00 1.023227970285280064e-01 -5.887075551409792773e-02 1.830508880970260072e-02 1.196050303834358397e-01 -2.222429706346882305e-01 -3.015328701498376507e-01 8.953743942263292510e-02 1.670074112199302907e-01 -4.639659797352108650e-01
1.964706813305907018e-01 -5.570238951362060931e+01 -2.519729123776094371e-01 -2.956695052493930609e-01 3.275131516362170814e-01 1.418115625689563009e-01 6.891961856627487615e-02 2.203362199507843400e-01 -6.406258527340764897e-02 1.082946187303491237e-01 1.644935360815995118e+00 9.674284230362666104e-02 5.251665622331536110e-02 3.597476674418076392e-02 1.063769187463160515e-01 -5.011004706500697958e-01 -1.776860097631477453e-02 6.046844168219700499e-02 5.064037735200457857e-02 -5.610127887037809069e-01
2.366210260121159176e-02 -6.557995638768500157e+01 -1.850311598665211055e-01 -9.459814954521757191e-02 8.605838229576345810e-02 2.937620557231041679e-02 -2.790339569250205320e-03 -2.989099663484075242e-04 -2.235947758541245722e-04 1.344243975617849703e-02 5.457576609490135677e-01 2.627670126929644925e-02 7.204819102879067572e-03 6.137822471821247246e-03 1.846630852502015308e-02 -3.798371693248676628e-01 1.495313145232430099e-03 3.774306552903503031e-02 3.272631909752507506e-03 -6.168645183792835773e-01
3.410434413095549469e-04 -1.054403619520752500e+01 -4.854400926330628557e-02 4.480412635347430506e-03 1.306332579943800809e-01 5.509524664924769777e-04 -7.139203619306051102e-04 1.197943431250085913e-02 -2.680044161503317146e-05 1.141398968633481649e-03 5.448658223290563096e-02 1.552769740692960809e-03 -9.048549485604559517e-04 5.139848726406874568e-04 7.043796941541800860e-03 -8.947773850394308282e-02 3.893665531651616107e-05 -7.460906525333377282e-04 -1.264824734276519258e-04 -1.131921685799575084e-02
1.865179730794784829e+00 2.350491981471734548e-01 -3.481105668060280323e-02 -1.061621671462704419e-01 5.734159633557212032e-01 -5.356812883796843727e-02 1.702803306415095808e+00 1.399562980759079922e+00 -7.780510280133083878e-01 3.283954399635261590e-01 -7.023059554654640380e+00 -1.680500978166247494e-01 1.332176009396257577e-02 -3.545808795540111857e-02 9.057616797125689345e-03 -2.568269246683030915e-01 -9.375218973468115724e-01 -3.335276922936435406e-01 1.026776636210001703e-01 1.815127854490738324e+00
3.345743980620179969e-01 1.534070572688733769e+01 -4.427931944767483918e-02 -2.240286258959581778e-01 7.241589013292204502e-01 7.232385456117720879e-02 2.926816848913849078e-01 -1.613861146148701520e-01 -3.058657514604502525e-01 9.977280530674324799e-02 -2.733169657706231437e+00 -2.539182228233204802e-02 9.789495343235976588e-02 1.690579919088697203e-02 9.913294428699970240e-02 -3.938893030841006393e-01 -1.058402829377741439e-01 -1.127516247297061930e-02 1.170914549219592704e-02 2.188710373455155178e+00
2.459703644905100739e-02 4.589932960108517079e+01 -5.784606648255810613e-02 -1.099326230341459154e-01 -6.771679853848397990e-01 -3.029568496804047051e-02 9.392741873904197902e-02 2.247822510199509738e-01 -3.171596687016451505e-02 9.339470222260282117e-03 -1.240032368891776038e+00 6.551191361544224726e-03 7.855019143786279301e-03 3.001274426752270630e-04 7.902813304125366756e-02 -2.083763700108784422e-01 7.188858088245625444e-03 2.529773411859151389e-02 -1.546248810361594561e-02 7.781642607183558713e-01
3.477656712927434945e-05 1.983190581020152621e+01 -5.669767116360527326e-02 -2.703799827305865960e-02 1.517657699629236134e+00 1.279893877847701478e-03 1.000544591742064116e-02 -7.250499365097556881e-02 3.030597477227858771e-02 3.424420557795293529e-03 -2.505663937954329956e-01 6.797796469611816494e-03 -9.076965090427685512e-03 5.618962235729482724e-03 -5.874154171100318816e-02 -1.989706296619625503e-02 2.529257052820921281e-03 8.621503207409895661e-03 -6.702049680628530820e-03 1.073769845183876748e-01
-5.509102439655993999e-04 3.385704037334624772e-03 -1.488529523215023631e-02 -4.022948192035469273e-02 -3.370587930361153006e+00 8.447062583763847998e-03 1.780595130448345970e-03 -1.230907478537683619e-02 2.069454923539007507e-03 2.223965835551327402e-03 -5.162477226180027523e-02 -1.148867173726155627e-02 1.092431484660450272e-03 -4.506970351807956798e-04 1.863338983223308820e-02 1.981634305637941518e-03 1.903864435507600372e-03 -7.456112613549364943e-03 1.636428893097098547e-03 -7.377871472718548762e-02
2.895541733616951774e+01 5.037542613969066885e+00 -6.165163277536658271e+00 -1.265507119350640863e+00 1.892803734276581551e+00 9.207747763406709751e+00 4.290344371230343512e+00 1.435670381219626002e+01 -3.620110839214437881e+00 1.691380519486953204e+01 1.036135466927335269e+00 1.228738738504663708e+01 -5.655441678219279567e+01 1.280450235385930924e+01 6.644359688692296650e+00 -9.396816197098845080e-01 -4.627049205533627685e+01 9.328425788330202195e+00 4.801719652311731323e+01 3.718757063059160650e+00
2.394225178303908356e-03 2.560603831035557221e-02 2.015329517647261159e-03 3.416984568182098673e-03 6.153168995182927612e-10 2.489781420454643263e-03 9.360511195268554543e-04 4.546220931187261102e-03 9.928708233341139444e-03 2.554902169605143252e-03 3.880881892629032843e-03 4.678173071063873416e-03 1.008166838700153391e-03 6.711781488141807354e-04 1.764168452226597301e-03 4.260499074067440606e-03 2.267984483488594011e-03 1.039291773121139330e-02 8.328944945038721341e-04 5.021599481036006021e-03
