-4.424378312877340846e+00 1.171500353469182798e+01 9.183649325634689831e+00 6.031950805465697840e+00 1.213588845103822500e+01 5.960886852929393243e+00 -2.081280665091173709e+00 -4.286889578243738619e+00 -1.080537528615961307e+01 -5.807580369373132712e+00 4.443913164673291227e+00 -1.343747901203213324e+01 -3.042675532925207094e+00 -5.603253892809299863e+00 4.332698195339858671e+00 1.290370446582092434e+01 -5.246645173010194618e+00 -5.257223920534475070e+00 -5.699842656942021968e+00 0.000000000000000000e+00
-1.532661557384677353e+00 6.910942762631793634e+00 9.209015711161544715e+00 6.489374438019903657e+00 -1.456259939904467116e+00 4.323359145429120254e+00 -3.348272395553352876e+00 -9.419468407971521851e-01 -1.387958473437908458e+00 -1.073491935507663309e+00 2.766579652112786558e+00 -1.705976801760310302e+00 -3.339127947125711149e+00 -3.106543091582063543e+00 1.005030048847670443e+00 1.146470725959979120e+01 -5.276883919070889384e+00 9.287022781601613763e-01 -2.537905322308608103e+00 0.000000000000000000e+00
-2.071048092790034101e+00 8.669234584678109812e+00 -6.868434567685495651e+00 3.926961933748686739e+00 4.315338433952744523e+00 -1.249224756688549753e+01 9.385229160158090167e+00 -1.644431856911434009e+00 -1.039746978778058839e+01 -2.203947180492071389e+00 8.429089361751229248e+00 -1.259138421239809702e+01 3.641726079507624725e+00 -1.968348651287857853e+00 -3.693096043402880557e+00 -9.751852968862458226e+00 2.833782597724530117e+00 -1.002283628446928532e+01 -1.302070776516011330e+00 0.000000000000000000e+00
-4.613428147754606634e+00 2.520468909565642068e+00 -6.907242612398308168e+00 -6.872575766267472019e+00 1.851075401275387722e-01 -6.984150325846484542e+00 2.856226864623855111e+00 -1.790029675665955056e+00 -5.624394428262292855e+00 -2.548305216701381326e+00 -7.208905332328487958e+00 -1.000206661096086336e+01 -2.725924875776652101e+00 -4.046308469310321954e+00 -1.089604694355864645e+01 -4.647838338002470593e+00 -9.210104518698445375e-01 -6.945430943612333152e+00 -4.188058735014093870e+00 0.000000000000000000e+00
4.335087457965265401e-01 -4.640998777178930723e-01 3.895904757608417146e+00 2.823121663952762983e+00 -5.203208352120691771e+00 -1.524516361499974604e+00 -2.489698857326549941e+00 1.046023954175996584e+00 6.174728688052709025e+00 2.155369784506359743e+00 -2.642205565505940434e+00 9.496687269365521544e+00 -2.445010097828357765e+00 -9.795719037403488594e-01 7.854210594076255214e-02 6.361353949419577880e+00 -4.186746135375535971e+00 4.497116692180425090e+00 -1.000237607791088917e-01 0.000000000000000000e+00
-7.774429685546857982e+00 7.339946443047050018e+00 9.072652394292376243e+00 1.468280541296121555e+01 1.327834581803828407e+01 -2.914071439374789740e+00 4.943568676630280656e+00 -5.766465950074365132e+00 -9.478812180272578658e+00 -6.837484248186427749e+00 -5.907536354409499424e+00 -1.355998847435900601e+01 3.525871559502852470e+00 -4.272723128323341335e+00 -1.673913469280919886e+00 2.674876109763048238e+00 -4.086264638589344855e+00 -1.811464435067597689e+00 -4.197709575661022541e+00 0.000000000000000000e+00
-2.267194281809044032e+00 1.596787833713137816e+00 6.962605441954471175e+00 7.702905307106274968e+00 1.232971777942279523e+01 4.745220363045275780e-02 1.992411085279554239e+00 -2.076235951689445969e+00 -8.264143317657598686e+00 -2.518171002108410939e+00 -4.298898005933409650e+00 -7.418503114376655105e+00 2.175970857897286947e+00 -2.684153772400403870e+00 2.228764834269143513e+00 -1.354338094612661803e-01 -1.592942067664583572e+00 -3.415904908864459522e+00 -1.821572881372852892e+00 0.000000000000000000e+00
-7.668586922855216148e-01 -5.580425889367013337e-01 -7.646069133103247317e+00 -3.872317294284707057e+00 2.442119965199361253e+00 -1.170663661976040881e+00 4.610607771348528949e+00 -1.572215099612894740e+00 -9.731554786244450028e+00 -4.837315267441716138e+00 1.052913258781302019e+01 -1.313907751299310434e+01 7.627058486589890496e-01 -1.830833160980152030e+00 1.064474107959023363e-01 -2.032341042290886080e+00 2.388276246096134869e+00 -8.450250401707680936e+00 -1.648595081175264099e+00 0.000000000000000000e+00
-3.452719179923117387e+00 -4.999687390684800725e+00 -5.489255240273656966e+00 -4.062794599900636960e+00 -7.154857778061943563e+00 -5.559608919479695821e+00 -5.312481672978883740e-01 -3.109268103163952635e+00 -4.603839080971861009e+00 -5.750087592183366958e+00 -2.930792193327642625e+00 -4.740834171183034407e+00 -1.493617985982180096e+00 -2.833320328393851284e+00 -3.907883830379613510e+00 -2.093900483309140803e+00 4.410411098672950003e-01 -4.979429727126632343e+00 -3.273370927376753947e+00 0.000000000000000000e+00
2.210434989751689783e-01 -3.875305113534015078e+00 3.407140897385315004e+00 5.319310662304115311e+00 1.174081643624135829e+01 -1.360691005835918288e+00 1.151824940404901199e+01 2.090108355243689875e+00 -2.193418508309213366e-01 -3.854597500104484542e+00 -9.382676994679734150e+00 -5.387978864778957266e+00 4.532210414977191348e+00 2.972961727619682026e+00 -2.099005612421423805e+00 -8.359595257893783327e+00 -4.563981793540357046e+00 -4.524272051033671360e+00 6.393855126478265483e+00 0.000000000000000000e+00
8.124754358795401032e-02 -3.819788210543134888e+00 -3.811691362806210126e+00 -2.072027626108583043e+00 3.288958427006570262e-01 -4.128947247535493664e-02 2.638269533854085136e-01 -1.079619599220081085e-02 -4.060236898549646756e-01 -5.537080414676752438e-02 3.829336516177903743e-02 -8.106955684683316843e-01 2.549978094474860679e-01 1.987850105420091995e-01 -7.664954976770843587e-02 -7.062755127775756314e+00 3.980154720945296987e-01 -4.887379816708692370e-01 1.210566572530840240e-01 0.000000000000000000e+00
-5.860480701783861435e-02 1.467648565373773639e+00 4.253008767688037040e+00 -5.958042187096994624e-01 -9.622429986547463843e-01 5.112932111609698183e-01 -6.838627246596450382e-01 1.853122960802739139e-01 1.544281885179046077e+00 1.982132228939839091e-01 -1.649390374248282054e+00 2.808859865151284385e+00 -9.342098486428905835e-01 -3.370584579613452592e-01 1.210445606877874336e-01 8.573633096609738047e+00 -8.731445364395186148e-01 2.166879204596971142e+00 -4.742665597251926046e-01 0.000000000000000000e+00
4.225492380244653678e-01 3.311565221377053003e+00 9.054695710079645465e-01 1.597475410487687819e+00 3.927304549125634758e-01 1.020375122860919914e+00 1.701284746484581500e-01 3.795592555069835505e-01 6.185586408798444680e-01 5.623857240473099095e-01 2.713530284577417850e-01 8.841722104582953046e-01 2.060121503785604935e-01 3.470001364690246115e-01 8.519318507881756819e-01 6.182978611903841015e-01 1.286950250114547445e-01 8.591760703392348208e-01 3.628357378645762354e-01 0.000000000000000000e+00
-1.644887181778988072e+00 4.020620717851450365e+00 2.410990976529379104e+00 2.338061026558404532e+00 -1.829735391960068958e+00 -1.357288666782539011e+00 -2.103314745347418135e+00 4.394413721874422009e-03 -4.616010598960940126e-01 -6.048535879253565950e-01 4.615419728520663845e-01 1.227887401481388280e-01 -8.388359187520697535e-01 -2.116850716399783838e+00 -5.442562977561793414e-01 6.750944962085256407e+00 -3.329702250528255192e+00 3.447454076699176251e-01 -1.136992746518809966e-01 0.000000000000000000e+00
7.864244864818916714e-01 -1.636931090868985583e+00 -3.768920717956862454e+00 -4.824753525347136751e+00 -2.687109961021172833e+00 3.246508112256817069e-02 4.546480660429050857e-01 8.466618967026834364e-01 1.624354214729217150e+00 8.218590431037714472e-01 -1.318600639856856993e-01 1.675419755739851801e+00 3.901339942921142057e-01 8.410639178010130834e-01 1.138423459317357556e-01 -1.841771590487683685e+00 6.344898959840237218e-01 5.350029053046106986e-01 7.473008342060756259e-01 0.000000000000000000e+00
-9.050739341523834636e-01 2.257947501586586192e+00 -7.729765165344489874e-01 -2.594783951300062341e+00 -4.091022449146247908e+00 -2.459895309469309066e-01 -1.412918719878404561e+00 -4.761935820368309868e-02 -1.091984189803495875e+00 -5.422275080322254137e-01 8.560391126769638648e-01 -4.869965501705980082e-01 -1.120695481687336681e+00 -9.258562863648797103e-01 -4.016103316218586627e-01 3.731771388068055195e+00 -5.358763108084247939e-01 2.306741088672009943e-01 -8.151259246846401796e-01 0.000000000000000000e+00
-1.358356374433006275e+00 8.424384111809606779e+00 8.226207624666935558e+00 9.087606750000045253e+00 5.304346160992868597e+00 -5.371779820206810108e+00 -7.703513515375684406e+00 -2.832134109407845823e+00 5.710170854867210322e-01 2.138779728200161045e+00 1.825340966057737546e+00 -8.289169985895886938e+00 6.420866048251660629e+00 -5.964548286302916225e+00 -4.455318580201801382e+00 4.742650525170570397e+00 -2.281356005421131705e+00 -9.590497994952711380e+00 3.800726915761670099e+00 0.000000000000000000e+00
1.351522469181876573e+00 1.033334474654305613e+00 6.765350683146987620e+00 -8.962710852767777348e-02 -9.970211981602586926e-01 -3.841917227713914862e+00 2.504275999779140172e+00 -2.508480604494759181e+00 1.347221856367666337e+00 1.067596967787010076e+00 -1.227052931778805034e+00 -2.071008889736062342e-01 9.576374819444131159e-01 1.883462442408452953e+00 -2.085991139392893157e+00 3.171389601543165515e+00 2.618932255278845211e+00 -3.754963440878544834e+00 3.231229993555488011e+00 0.000000000000000000e+00
1.900290428484343375e+00 -6.174755767580891508e+00 1.355911418856669881e+00 3.082520913051963518e+00 -3.983956051172591550e+00 2.537032304628054735e+00 2.832146172282365093e+00 1.126941504187733312e+00 7.469181247294239823e-01 1.111380468940737387e+00 5.461426934356524932e+00 4.968980227693142182e-01 2.919647017737477146e+00 1.049770596111212262e+00 8.313372375063986519e-01 6.463978030958624998e+00 1.964473270511594816e+00 1.181784736120644386e+00 2.542660988895089957e+00 0.000000000000000000e+00
-1.326880886242345625e-01 -1.784463183855287127e+00 2.037540136494971899e-01 -1.349541603197487394e+00 -4.175588321440176998e+00 1.157069445384437456e+00 -4.083462708894350368e-01 1.812388605273678177e-01 3.412596838109061559e-01 2.284380533345969078e-01 4.472083252384109642e+00 8.223005895781754226e-01 2.627317993102326610e-01 1.984222873469161652e-01 2.116835942098496126e+00 3.174177221333071008e-01 2.691214281247925749e-02 1.151044205587638425e+00 6.202945071565009183e-01 0.000000000000000000e+00
-2.976118415823794106e+00 1.110648948660614899e+01 1.576860078087159334e+00 7.153162377149134166e+00 1.227120917305190240e+01 -4.735429141272495812e+00 1.777477691984175934e+00 -5.043305786015845449e+00 -3.529266931336751512e+00 3.936947427066725513e+00 -3.580188606180870980e+00 -7.380168539798860117e+00 -3.802775447509065376e+00 2.839198894261877548e+00 -8.959097368097461711e+00 -1.650203899380038752e+00 -1.864786108923962848e-01 -1.004819003784854914e+01 -1.045009854379230596e+01 0.000000000000000000e+00
5.277537175244042977e+00 2.230049094704382728e+00 2.092315890914492549e+00 3.309859632142789110e+00 1.270008338035119166e+01 4.688421079781990741e+00 1.000211096185988247e+01 -5.481129172033744723e+00 8.869145027502285394e-01 8.073818658578082008e+00 5.787808708760248250e-02 3.196663641586828142e+00 -4.494421689078011539e+00 4.229012876832766388e+00 5.648710037628862146e+00 -9.210856949368057656e+00 7.449627171589614960e+00 -2.440598731776052688e+00 -2.245019894919025649e+00 0.000000000000000000e+00
-2.946391118389547259e+00 -2.389944936305993917e+00 7.193093128662205515e+00 1.109752415512135748e+01 9.744726932916035977e+00 -1.501791957173784331e+00 3.001401359900258914e+00 2.378830484334814588e-01 -4.422237432664274159e+00 -2.145785897739770132e+00 6.573347489745108518e+00 -4.979918907338103828e+00 4.307218069337419131e+00 -4.569602818755997831e+00 5.959990580275599248e-01 -2.788017722702454404e-01 1.193213879678819644e+00 -1.618405069577676658e-01 -2.440509860381538498e+00 0.000000000000000000e+00
4.091341782318914433e+00 -8.084630544707190891e-01 8.940871282499903927e+00 5.417226290929632704e+00 1.026764778007749257e+01 3.287355697542688748e+00 3.591191936733996837e+00 1.842179308190418641e-01 7.689555083475410946e+00 -2.111554266821941805e+00 2.895924859373911087e+00 5.988607675099390626e+00 2.551229551680240792e+00 3.252859100452694552e+00 6.733807620114768966e+00 -7.814688067209012878e+00 2.682347668631982263e+00 5.799576366641829850e+00 3.898919234178984450e+00 0.000000000000000000e+00
-1.265651051092035351e+00 3.439093809884425923e-01 -4.358743062790637612e-01 -2.287284058645478790e+00 6.194876692867413936e+00 -2.489042412647386904e+00 1.340799272825745847e+00 -2.608319672378479837e+00 -3.356810355396357526e+00 -8.959055397608433058e-01 1.190863056494011252e+00 -3.715369842173859460e+00 3.053157928261330589e+00 -2.005607571179922388e+00 -1.945044650018070032e+00 -3.018351077274803451e-01 2.029638129805252600e+00 -1.529531086072618784e+00 2.622852833251240412e+00 0.000000000000000000e+00
