-1.195012799167707973e+00 2.981176739115706020e+00 1.276946785509596727e-01 -1.711157376616775139e+00 3.843118900362713752e+00 -1.961354905160487716e+00 -1.873097953233819002e+00 -3.643676097842017958e-01 -6.855802281103356988e-01 -6.525031054853791534e-01 -1.540083080947901140e+00 3.554285279651407947e+00 2.277744893062060516e+00 -1.044196312898634016e+00 3.281057409271347147e+00 -1.966993489240480786e+00 -1.588594093655783190e+00 -1.479573583206158505e+00 -3.684610221043311262e-01 0.000000000000000000e+00
-1.046440543191391015e+00 9.766068849517256512e-01 2.608196957137012273e+00 -1.097124935081787989e+00 3.529654277830763576e+00 1.150025677698508941e+00 -1.356439009055805833e+00 2.738633902551849353e+00 -7.151111656148305684e-01 -1.511069268728741921e+00 -6.786757971973707282e-02 3.009107311110920779e+00 3.255197315653261647e+00 -1.297537546051859225e+00 1.128455640814687522e+00 3.328168060494808289e-01 -5.586951344053974200e-01 -1.474020463833343841e+00 2.023358291823541766e+00 0.000000000000000000e+00
-1.092018234626809248e+00 3.642843633841723161e+00 -3.025487726934436683e+00 8.631805457354353450e-01 -2.654601270148635450e+00 -1.809415550705455011e+00 1.203242200110894888e+00 -2.080579590245174693e+00 3.298630468456290044e-02 2.839689580812128966e+00 -4.535635849102577777e-01 2.188837289914664641e+00 -2.712350281628523430e+00 1.407229631506399015e+00 3.628868996858678475e+00 -5.222668731923485463e-01 -7.754618623710328729e-01 1.472163295547388229e+00 -1.089797127937881083e+00 0.000000000000000000e+00
-7.105642607957410872e-01 2.053845490324753165e+00 -8.825503725027029622e-01 7.040976505264027185e-01 -1.717747614980879689e+00 -1.082336047811075286e+00 5.398334699384799151e-01 -1.334221233521823091e+00 -8.986725374642637876e-01 3.340079906085672068e+00 -9.219990999121121522e-01 1.776430388769891344e+00 -1.652520302610292147e+00 1.128474917982256853e+00 2.715001582884545073e+00 -8.767086236493665252e-01 -5.047544720740330115e-01 7.798860240157656776e-02 -9.309246064600996684e-01 0.000000000000000000e+00
-6.762450721806883003e-01 -2.190839092311722969e-01 2.493524079883222555e+00 -5.080086844594889905e-01 3.149478362437822643e+00 2.029514115000270902e+00 -7.487216362970599004e-01 2.694656230154076404e+00 -4.672803473541349839e-01 -1.248982214808595614e+00 5.080795149595566107e-01 2.336864243541667552e+00 3.041990058897025673e+00 -9.622399781226385063e-01 -6.417055430880387601e-02 1.383334869187273775e+00 3.181218906681217064e-03 -1.103178365213816070e+00 1.874169972531603001e+00 0.000000000000000000e+00
-8.437593888655263719e-01 3.751399998839101801e+00 6.142963207912535140e-01 -7.241750427232948040e-01 3.494301950345145791e+00 -1.791158702883306919e+00 -6.088671050558759346e-01 -6.351207608538441685e-01 -6.566836543008212068e-01 1.508737664416691215e+00 -2.514505686150296349e+00 2.557642990496167279e+00 1.287387824861742525e+00 2.610483457447108913e-02 3.722837205620603385e+00 -8.552413867063841657e-01 -6.673328569152336964e-01 -7.023107918782395265e-01 -2.032993074067773964e+00 0.000000000000000000e+00
-5.987919297152546338e-01 1.967802045893539464e+00 3.162727729633434959e-01 -9.431122416577418788e-01 3.053884832879858457e+00 -1.163746751953953273e+00 -9.875938586884488446e-01 -5.195940700188632633e-01 -2.574995259352196308e-01 1.476894038281771238e+00 -7.418030319514814508e-01 2.100448973889779136e+00 1.782289972745598083e+00 -5.451155146027232279e-01 2.858656973383510103e+00 -1.411824799595235769e+00 -1.157484096542165108e+00 -4.988916683136395691e-01 -8.402820570024324698e-02 0.000000000000000000e+00
-1.009658809755616726e+00 3.144848146431221458e+00 -1.915882302424438466e+00 2.881145582490933221e-01 -1.955822376046354449e+00 -2.047997052735023971e+00 5.036921014288550102e-01 -1.856056634819612139e+00 -1.790336956856888317e-01 1.557880145616803214e+00 -1.039805957967663064e+00 2.600902298940150459e+00 -7.870691257591179157e-01 7.448915877897667182e-01 3.420309152793766572e+00 -6.118320637304994758e-01 -1.164408970883266781e+00 7.791409718801498574e-01 -1.097784471844361898e+00 0.000000000000000000e+00
-2.645328073969064331e-01 1.653780432778045206e+00 1.309862202863784908e-01 -1.446599977078266708e-01 -1.599920067099495746e+00 -4.770098507730100024e-01 1.784914094730735354e-02 1.744679472652090058e-01 -3.718354247597140949e-01 1.597469330895219475e+00 -6.550597020529658199e-01 1.643188469096337423e+00 -1.504924423129089694e+00 3.945186504681054696e-01 2.481677615590167196e+00 -5.997358224286845202e-02 -4.306395745092813643e-01 -3.358132553327168313e-01 -5.380517147637132735e-01 0.000000000000000000e+00
-1.016709760255588985e-01 1.273604807933420124e+00 -1.623835138906442113e-02 9.736175953677790318e-01 -3.538904275740618388e+00 -1.172011731092573283e+00 5.593842857317087303e-01 6.008711833411926051e-01 -8.257726806338829828e-01 3.856627797827555160e+00 -1.206196351745205453e+00 -3.165034857067301477e+00 -3.932436610517589526e-01 1.698603062876714587e+00 1.775120672924713983e+00 1.182880838268247414e+00 -2.872586968942352215e-01 2.268909168765837148e+00 -2.114454586804299208e+00 0.000000000000000000e+00
8.780547996256964083e-02 -5.602144068042987923e-01 -7.429999286727217989e-01 5.131804541547640985e-02 -2.008758154563902387e+00 -2.061619588745682852e-01 7.038585108463660256e-02 -5.377061688844377851e-01 5.884612581087829419e-02 9.646826740664110611e-02 -3.723077307048819947e-03 -1.721235559994677811e+00 -1.032622159320731425e+00 7.770768871037002368e-02 -1.330591041156237608e+00 -9.752233234766696790e-02 4.152750399733173836e-02 1.100442017644210624e-01 -3.016236140213420791e-01 0.000000000000000000e+00
-1.732984843437701816e-01 1.928084825558105952e-01 1.650918116219374010e+00 -3.740418757226910973e-01 1.580791813053730843e+00 4.420113862613837541e-01 -3.172270257485458322e-01 1.030553592443650412e+00 -8.071237799827393755e-02 -4.997400444467402503e-01 -3.634839438834128189e-02 1.895232406557959548e+00 2.093160157465547844e+00 -2.542263783787391263e-01 1.107809746537346429e+00 6.090803232445472087e-02 -1.594337879446238726e-01 -4.670881190059852917e-01 7.986571142740610529e-01 0.000000000000000000e+00
-2.155371998124605559e-02 7.235692443897602522e-02 2.068787609121724436e-01 -7.586997680374717341e-03 3.305288799515985199e-01 6.648055439484854001e-02 -3.579915729938563246e-02 1.137621111090799803e-01 -3.909465012308751229e-03 -1.914352491182395588e-01 2.738162264125100498e-02 8.225940891459813109e-01 8.897889574010796609e-01 -1.238891150761089466e-01 1.502082638236074685e-01 -4.756694131559451380e-03 -1.192340315277296177e-02 -3.605508367160060318e-02 1.902383849266436333e-01 0.000000000000000000e+00
-9.441296191128265569e-01 1.203642401238145698e+00 2.460593762261433781e+00 5.621905942456218996e-01 -4.912379024111725445e-01 -1.765823788074191714e-01 6.259524121241446526e-01 1.761261196800027795e+00 -8.043501508039411219e-01 6.353544706429380129e-02 -5.227609431145721075e-01 2.622464275266293665e+00 1.280299607144594676e+00 -4.275220628258393774e-01 2.092623668687711547e+00 1.794655565709635803e-01 -6.186925209649857260e-01 -9.412377869529811036e-01 2.867027362560976012e-01 0.000000000000000000e+00
-2.666637721503863426e-02 -1.085462502424193731e+00 2.486335676061793287e-01 1.250514205675771484e-01 -1.750652153689296942e+00 3.444751429556642819e-01 9.025401816170395761e-03 2.547655855064164809e-01 -6.408506611422796519e-03 -1.202731164686418330e-01 1.035559157218417514e-01 -1.717521496355838950e+00 -7.774673135180391048e-01 -8.854328899215094251e-02 -1.307330227934857980e+00 2.400098742021784526e-01 7.128668781697240775e-02 1.978311942964127226e-02 9.864360516123396594e-02 0.000000000000000000e+00
1.063081860895342401e-01 2.919173963342965861e-01 3.126658027955465102e-01 5.656395230879091018e-01 -3.799225913482503492e-01 2.083371376493955707e-01 4.469647928409418991e-02 4.005675725376632301e-01 2.275327010613032719e-01 1.646198158503258402e-01 2.239953726133518674e-01 -6.212288201008759891e-01 -4.065294589852303520e-01 -4.571755757075243176e-01 9.964177577202815161e-01 3.287026210221368622e-02 6.929497449578043977e-02 -5.076442021427721163e-02 -7.561899213880589332e-02 0.000000000000000000e+00
-8.561228988858918809e-01 3.319472038024879446e+00 1.191654100296985153e+00 9.403676060918628732e-01 1.648293786430844454e+00 -2.183926968441830319e+00 9.501107399777374285e-01 2.299314973169517273e-01 -1.201887154813359837e+00 1.181877020588081528e+00 -2.267683916778990838e-01 1.605350917079891637e+00 -1.170136797596011524e+00 1.661431951737516011e+00 3.463491089370377196e+00 -1.616258827688976663e+00 -2.170183183450526965e+00 1.120364913989484235e+00 -3.680951800255026218e-01 0.000000000000000000e+00
2.841827974711664262e-01 1.340319210622599844e+00 -1.509786738744083312e+00 1.214555057794301840e+00 -1.436727059147114606e-02 4.171198850282552967e-02 1.048252093448127746e-02 -4.604153864642568927e-01 -5.550657610747721238e-01 2.692893235749070246e+00 -1.983462264986682322e-01 3.958182784978283020e-01 8.604680835203243339e-01 6.489481804026885348e-01 1.026881304333765899e+00 3.387357702459833919e-01 1.718969458142556306e-01 1.579983175173861332e-01 6.298396906910827542e-02 0.000000000000000000e+00
6.741290785915725337e-02 4.486264762178962529e-01 -1.930135031706291526e+00 1.914471787216490695e-01 1.756852001541501451e+00 -8.088295195101358193e-01 3.743867380062553263e-01 -6.267287226997044769e-01 3.517177645900420035e-01 1.150664400497296569e+00 -3.454780124959708765e-01 -2.003408032340584288e+00 5.501355026116067082e-03 -4.118123107706754549e-02 2.109278451833497270e-01 3.685154473436084988e-02 -5.477328011823510145e-01 1.984519448249046913e-01 -1.014321155286034504e+00 0.000000000000000000e+00
-1.110649821901376760e-01 -2.235274069826068827e-02 -2.692872519022626587e-01 7.568572211540382233e-02 -1.956035934872862037e-01 -5.702615333538658682e-01 -4.846321690067659227e-01 -7.303810663927506885e-01 1.127398072477035218e-01 1.057925154868651685e+00 -2.320615826567991313e-02 4.656550098210441857e-01 -4.217951190972331066e-01 3.619376938129311716e-01 -1.157072847577614860e-01 -2.356037207150928348e-01 -1.739577356254284890e-02 9.052464375330110391e-02 -3.711511513716894139e-01 0.000000000000000000e+00
-2.217068697991495529e+00 3.881595493918414963e+00 1.991223572414191789e+00 2.039950006433270124e-01 1.947060375763133733e+00 -1.012004566422021412e+00 6.855049779902702700e-02 -9.210954986009822765e-01 -1.827003523591545608e+00 2.239450899896689329e+00 -2.997145868661819090e+00 1.506823456984438536e+00 -3.657555601486721097e-01 5.666754644187702583e-01 3.733002000717009050e+00 -1.506107344438396778e+00 8.495134384021423013e-02 4.787857414428434155e-01 -1.719841556449164699e+00 0.000000000000000000e+00
-1.326187037057239004e-01 2.551500381872175538e+00 -6.985354484540276000e-03 5.409059977037771194e-01 -2.745602751611187831e+00 1.530756810083216068e+00 1.564252177454014126e-01 -3.359341060549929647e+00 -3.212772214199791865e+00 3.720916913713397722e+00 -2.339550035604609224e-01 -2.404944772365044336e+00 -1.576168301293850299e-03 1.486517248868330476e+00 1.115764672019699422e+00 6.088878741355360225e-01 2.282729576145593242e+00 1.099506266098184026e+00 2.043297091110797825e-01 0.000000000000000000e+00
-5.779014335823507986e-01 1.700515204950680870e+00 -3.869377727520723620e-01 -7.835726372340696966e-02 1.995736755239387317e-01 -4.642397313688992888e-01 2.229448960646310263e-01 -1.973257470344771614e+00 -3.728874923310519507e-01 2.919418893016930472e+00 -1.171694155359625178e+00 1.472863762285042455e+00 3.163539860814474497e-02 3.118050473552718138e-01 6.913434179751402064e-01 -1.827425154726247669e-01 -3.659613801390250720e-01 1.007574636820405045e+00 -2.486827984701156069e+00 0.000000000000000000e+00
-1.428043370938890111e-01 -6.581678592966949681e-01 -1.149294576450939243e+00 6.089597526372984015e-01 -2.678745849543318069e+00 2.323690191889276821e-02 -7.460951282219888681e-01 1.492339300478728870e-01 4.003800269362943259e-04 3.810350746513943676e+00 -2.880402768449226159e-01 -2.015617044147759884e+00 -9.554490346912789533e-01 7.432258249541351391e-01 -4.995552589957053535e-01 5.694833486613302131e-01 7.610432057674106077e-02 1.485629355290414733e+00 -4.255967815448532532e-01 0.000000000000000000e+00
-2.646938487378618921e-01 6.851480182135585295e-01 1.239575049921686656e+00 -5.717636334609684789e-01 1.649599662294474745e-01 -1.217054439941776867e+00 -4.416599206892825591e-01 -1.584210903299323736e-01 -1.393696662088856342e-01 1.923191474320387506e+00 -7.433976598619309595e-01 -5.331566242377220322e-01 1.138109073646005331e+00 -1.837552477013160990e-01 5.151955500219211892e-01 -1.044668136660993563e+00 -3.739907047609251078e-01 1.689523490445523843e-02 1.218591375080059214e-01 0.000000000000000000e+00
