1.158307734423051683e+00 -9.231787191456457542e-01 -2.400467154336298314e+00 9.403784691689653030e+00 4.326250928605478663e+00 2.170423076079386782e+00 -1.406001686314573007e+00 -4.884550610345427812e-01 -3.697077563257623378e+00 -3.856845649063566306e+00 -1.639275080684367558e-01 -1.048060095993487817e+00 -2.924962288792296583e-01 -6.941343981101784077e-01 5.723030797455117558e+00 -5.208783953564926072e+00 -9.117426962123557077e-01 1.738460390239419118e+00 -1.395807146457041181e+00 0.000000000000000000e+00
1.482014909313732920e+00 -1.946922675926471946e+00 -1.434486243687841833e+00 5.780176902522289772e+00 2.852127009741671326e+00 4.849386092146227512e+00 2.026627118718872467e+00 -1.898654836138752522e+00 4.201768292949249251e+00 -4.271506045628786552e+00 5.675131360852684326e-01 -1.843501815437609048e+00 1.127083965304512603e+00 -2.377166012933389361e-01 6.973577731719134754e+00 1.641789582992874807e+00 -1.257759135889851221e+00 3.719283100097806827e+00 -2.478303180795441651e+00 0.000000000000000000e+00
-6.207473085269584745e-01 2.718061832029308178e-01 -7.359826354261067571e-02 3.082774885370124007e+00 3.728031152592098163e+00 -3.978669975468185349e-01 -1.303991529704827457e+00 6.849606058028129274e-01 -4.175190593769984915e+00 5.440835900825856664e-01 6.550018980369189808e-03 7.722652906725386845e-01 1.677908351232827222e+00 8.319354152682836290e-01 -1.479526535523575381e+00 -2.480139659246045625e+00 8.298301845782378727e-01 -1.504406807464174101e+00 1.958134554269465699e+00 0.000000000000000000e+00
-6.681408369325677610e-01 -3.052848527188550265e-01 9.346849533672364763e-02 1.886433685263995796e+00 1.355762856450057896e+00 -7.085763125828660192e-01 -3.059066778507177897e-01 3.905458181634172132e-01 -8.549079105751400398e-01 1.583075657360437649e-01 3.352334422698498573e-01 2.716023136470150368e-01 1.011240179085811874e+00 -1.136643711788569953e-02 -1.171601915802198635e+00 -2.630414599551230553e-02 7.533388214438728470e-02 -4.811697563152297352e-01 -1.431757479040787484e-01 0.000000000000000000e+00
1.964697967556191083e+00 -1.411938461112705046e+00 2.065330672689990807e-02 1.393845478309968966e+00 8.282020763102384553e-01 5.102182753422133565e+00 5.574157009322413536e+00 -1.582570376334464068e+00 7.809392503615946168e+00 -3.105597848144188600e+00 1.151229495364816113e+00 -8.435926595059153321e-01 2.874394244096563522e+00 4.819211286563449548e-01 5.815117497359349130e+00 6.839204470553110760e+00 -1.094294845165522112e-01 5.040087549297041392e+00 -1.974483131361526089e+00 0.000000000000000000e+00
1.218425605430686121e+00 -5.265198244299277297e-01 1.549536131734722266e-01 1.680296099807100152e+00 2.887454382067711656e+00 -3.129801215426943894e+00 -1.403920193617768986e+00 -1.086273284018808294e+00 2.070442387862368727e-01 -2.320033921752277239e-01 -7.837707147851806777e-01 -2.314220860866127716e-01 3.858725796363051130e-01 8.361689148265367966e-02 1.544512720341773671e+00 -3.138410615708041029e-01 -3.709027958304793038e-01 -2.541512332515622141e+00 -7.598984602530274302e-01 0.000000000000000000e+00
4.961249243752873794e-01 -3.351067091214502969e-01 -4.014169314489134388e-01 2.161356443128426008e+00 1.992454854610224424e-01 -1.021021404961096335e-01 -3.489490230914761293e-01 -1.944598085071969074e-01 -4.297273269581290411e-01 -6.137508178710219253e-01 -2.909503313185480833e-01 -1.625225907506928080e-01 3.256077898172906049e-01 -1.877212630623671941e-01 -8.540941390691468571e-03 -5.419620562119951135e-01 -3.756601609594516396e-03 1.250615035173304301e+00 -4.461506340545631222e-01 0.000000000000000000e+00
-8.293370862399110366e-02 -1.628631985198647214e-01 -1.050705598470221602e+00 2.632780273442255847e+00 2.361869834087740649e+00 1.619391178269281584e+00 -9.193881054557125898e-01 1.221631971627142432e+00 -4.913793381672160621e+00 1.814959638428832234e+00 -4.037842767501255703e-01 7.551069195220705410e-01 -2.407775339027474537e+00 1.997157849914903860e+00 -5.528807591053072068e-01 -3.676571094129347905e+00 1.249146182917920900e+00 -6.872211627448995275e-01 2.525127197244542376e+00 0.000000000000000000e+00
-5.247709607747617078e-01 -2.500829952743666706e-01 3.374070539551512482e-01 2.486271255179841599e+00 1.478341092025140080e+00 -8.033360722390093800e-01 1.307179540527282913e-01 5.325361046260052023e-01 -9.476565078359607819e-01 5.677797784151666916e-01 -2.073969168833912288e-02 6.092194907210585209e-01 -3.909528656608109443e-01 3.484479531576085143e-01 -7.277295557524052771e-01 -4.318769847251850424e-01 4.375107598021469313e-01 -2.042112946468663370e+00 -2.682140991407602065e-02 0.000000000000000000e+00
8.330772932845086354e-01 -1.151326434488967876e-01 2.473396224852401071e-01 -1.976713742870417345e+00 8.645815645014323092e-01 -1.726920287730588921e+00 -6.955296621208817420e-02 -2.533271038245518691e-01 -1.941229588816704432e-01 6.964054814538185589e-02 -7.473935335682480030e-01 -2.368278791737579714e-01 4.194520750236269691e-01 5.676180818375268361e-02 9.578846907620016671e-01 -4.105100807657531270e-01 2.657838713849207390e-02 8.734067161636219767e-01 1.239037987224723275e-01 0.000000000000000000e+00
-3.927683723186885523e-01 1.632024447897535424e-01 6.456409571351356957e-02 -2.427496988879032092e+00 -2.704427489754784308e-01 -1.486261213637617207e+00 -9.319253335026069784e-01 1.731508799427478040e-01 -1.317135115050901861e+00 2.831129947881234066e-01 -7.786086433026299936e-02 8.292735249275684506e-02 -2.742579992036304759e-01 -5.254816323896282886e-03 -3.020847540344501425e+00 -7.553104612334115009e-01 3.966098790062071860e-02 -1.149233969989446935e+00 1.954236582295631186e-01 0.000000000000000000e+00
1.249114851366570411e+00 -4.330934971857257065e-01 -1.098080019590859380e-01 2.694955846997175719e+00 5.076295559722512341e-01 2.867003158514761285e+00 2.746052432451044467e+00 -3.243942504038160313e-01 3.229703191947857821e+00 -7.461036528628528508e-01 1.750890564561414786e-01 -2.773223951114628383e-01 6.764614014142424914e-01 -2.454343368418590854e-01 2.268170329325343015e+00 1.724109368894766847e+00 -6.339663028567080194e-02 2.808400987877461397e+00 -6.976903949741231070e-01 0.000000000000000000e+00
-1.529642775617655326e-02 -1.626372803152313640e-02 -5.606315803654438046e-02 1.041392244287693947e+00 -1.568513711270396460e-01 1.028376625645995635e+00 4.475291730929831235e-01 -9.267836306075631636e-02 5.247163341488211286e-01 -7.570342870917493028e-02 -7.157966869374269604e-03 -9.723884747205316370e-02 1.464438878124029592e-02 -5.836146456039594671e-02 1.388662918907801469e+00 1.475090664771726845e-01 -8.302738634561993014e-02 8.818723273208594060e-01 -4.682527308431776863e-02 0.000000000000000000e+00
1.693248272135556620e+00 -1.942672896172245256e+00 -8.572633681635144498e-01 1.346906453522367375e+00 1.552146983591681684e+00 3.200612144195333020e+00 1.324915753799414952e+00 -2.644627056327474079e+00 2.440676529929375616e-01 -1.314918523395385508e+00 -4.500869367842290705e-03 5.424726998202521466e-01 7.096273522231412167e-01 -1.016368126676935602e-01 1.581513294924990598e+00 7.237191235989841598e-01 -3.628458825122928832e-01 2.034023518458158541e+00 -5.305616201764671302e-01 0.000000000000000000e+00
3.862456959904257414e-01 -1.417128836987552598e-01 -1.298379107638813201e-01 2.103115270089765676e-02 -2.110226914603627324e-02 -1.949790315994038292e-01 -9.450821390156811941e-02 -1.959287115422514991e-01 7.783469204994158952e-02 -6.279146791707469755e-02 -9.019209104304681812e-02 1.886825582004328650e-01 -1.275369960025540816e-01 -6.790674230464273375e-02 2.000078825571334762e-01 7.098827755350223256e-02 4.373176694350648652e-02 -2.374618212941359274e-01 -5.820196952728195344e-02 0.000000000000000000e+00
8.639720631814968854e-01 -2.434620494101520094e-01 -7.126451030846676915e-02 9.861708551142103207e-01 6.832274494607674109e-01 -1.065410975884698852e-01 -8.570192340488481664e-01 -1.265655129612157370e-01 -3.225343652050192689e-01 -3.302164686139372751e-01 3.291974030369698018e-02 1.816741696626777702e-01 5.823719839845989399e-02 1.004765987839637553e-01 -1.169985725075939120e+00 -1.229586847713145387e-01 1.360672585133226864e-01 -8.239484416127380584e-01 -2.327052086129640096e-01 0.000000000000000000e+00
-1.795999604140242553e-02 -3.729052560334713107e+00 -1.958217439358218570e+00 6.691590055366768430e-01 3.768310079878347540e+00 -8.189343141517421154e-01 -1.370809278144129451e+00 -1.689600115143821135e+00 -8.667848995802658330e-01 -1.940428686783884471e+00 -1.256877133582228467e-01 6.186901955791221930e-01 6.273248839673715160e-01 2.475948623661089254e+00 3.593637050309546055e+00 8.043345583038594704e-01 -6.413079972962648645e-01 7.448530023285183654e-01 3.153984716512641562e+00 0.000000000000000000e+00
-3.239799180991361216e-01 -2.481955390283398788e-01 -2.074953460660296789e-01 -8.720472917471868701e-01 -1.253032078914476100e-01 -1.420232513631028759e+00 -3.540540106476880999e-01 4.193369075074703661e-02 7.807630927910071961e-01 1.610709800237510592e-01 9.875202918334205146e-03 1.408731042564502212e-01 5.941199125570866268e-01 5.847782767422451400e-01 4.952911191173365313e-01 4.147352890698894484e-02 1.041067653707806323e-01 2.896505584593277449e-01 2.257926036481512633e-01 0.000000000000000000e+00
-1.370292063045670632e-02 6.741403136984334965e-02 -4.608491460694490172e-02 -4.738791847594232554e-01 7.481422742021544281e-02 7.579779156395097250e-02 -1.611009672164131490e-01 9.635611752222611459e-01 3.940338824055257538e-02 7.446482188974762328e-02 7.500411534384855416e-01 -1.304160857013776376e-01 3.751886703542907098e-01 5.560715313194471987e-01 8.459987727600930540e-01 -3.286609805247003302e-01 2.136644123677190477e-01 -1.874437346019449391e-01 8.060353427090386491e-01 0.000000000000000000e+00
-3.726883893466242936e-01 -3.190518139616099202e-01 -1.192809799809020771e-01 -7.929975408487206501e-01 -4.880675156286275879e-02 5.754710598932598620e-01 -1.742239363290050413e-01 3.025742425400052560e-01 1.808119571295248584e-01 -6.423730434855738913e-01 -3.452184400957968302e-01 1.768838750280339323e-01 -2.063806257347181317e-01 -6.077220540305791792e-03 3.977919291786902178e-02 -1.705126363207512263e-01 2.048251099566641975e-01 -1.375515984906316158e-01 3.907192954171359589e-02 0.000000000000000000e+00
1.081569014910815474e+00 1.263200018369733391e+00 1.420605860378044705e-01 -9.491417619867595357e-02 2.056035514201562275e+00 -1.816100306700447531e+00 -1.432114238057823341e+00 -2.745219459109696225e-01 -1.092651612457646304e-01 -7.185998295128007696e-01 -7.353852224338776056e-01 -4.813435365029864604e-02 -1.487009883625195483e-01 7.111401177634365522e-01 1.553761635874397529e+00 -4.529183554281420720e-01 -6.235000926757586770e-01 -4.323579511588245272e-01 -9.802045231184347562e-01 0.000000000000000000e+00
7.484685192361066886e-01 1.631347536758777916e-01 -1.110125987405498754e-01 -9.493602815894267577e-01 5.545142479011759828e-01 -5.833535581349572618e-01 -1.531563903571080409e-01 3.384081635756529954e-02 -1.744908625744736042e-01 -2.835876814295185677e-01 2.909318123558057856e-01 -4.157798850785188738e-01 -2.719829688356382169e-01 6.216975500748371797e-01 8.691823523564502496e-01 2.873451179606125935e-02 -1.654841850507547119e-01 -6.543204308164758676e-02 1.243167212337080441e-01 0.000000000000000000e+00
5.843296277971755659e-01 -3.213751576191551940e-01 -3.538578019942053010e-01 -4.892320773687915958e-01 9.681763181235307492e-02 -6.820154698370789470e-01 -5.459495995705700849e-02 -2.674971526433903568e-01 -3.523947191531832668e-01 3.686277929961203625e-01 2.563484320818640305e-01 -1.438632893897299689e-02 -4.197205305798150099e-01 2.574690073077171015e-01 1.894480002320283019e+00 -3.043594635239644242e-01 -1.921245628765300140e-01 -5.169489747437786553e-01 2.627591245531262984e-02 0.000000000000000000e+00
4.244567613276055418e-02 4.943095767623983949e-02 2.306964559490422978e-02 -1.375403341374050292e+00 1.884848477484283025e-01 -1.915158992673857419e-01 2.504475704051672968e-02 -1.622565871524266068e-01 2.656500756788356399e-01 2.032654078607969150e-01 -6.637510370157137518e-02 1.762545614848929909e-01 3.007264765752494240e-01 1.114072023357575159e-01 8.768808563843082382e-01 -7.928801975601659432e-03 4.625345760507487691e-02 3.197777707435036088e-01 -2.906563366127725700e-01 0.000000000000000000e+00
2.110743908804569788e-02 -6.343480795802114436e-01 5.676504022551615708e-02 -1.772381074355883560e-02 -3.385112281613443797e-01 -9.168578813624166102e-02 -1.181337177831447011e-01 2.416636548568013021e-01 2.244205089515401430e-01 -3.752379036210914953e-01 5.753030077235430362e-01 -1.632862142144996254e-01 1.467429893815552777e-01 -6.245955245792883526e-01 1.665595074540731635e-01 1.118137882502047015e-01 6.222683930526645008e-03 3.762097573285948515e-01 -5.486080977320431998e-03 0.000000000000000000e+00
