1.127459128459525672e+01 1.117748533921328935e+01 -8.437084038711502032e-01 4.463125258058124878e-01 -7.499017748129737093e-01 7.798789427947581565e+00 -3.154516462037606939e+00 4.325470369398888515e+00 7.550062756719596813e+00 -2.300887680337210028e+00 -5.376637554425305332e+00 -6.736560091303369635e-01 3.168620541088375209e+00 -1.408491735558169200e+00 1.393386694955392802e+00 -2.174015593869946361e+00 -3.488433997130027553e+00 -3.270995518467021856e+00 -2.924559513261801413e+00 0.000000000000000000e+00
1.053321202437767923e+01 9.373483490025693143e+00 7.571187668681438332e+00 2.517942330875421852e+00 7.074373452884088032e+00 5.440459513969837957e+00 2.868053912228394786e+00 8.908558348570780439e+00 9.448015363991745019e+00 -1.251057464009598608e+00 5.080985862505755790e+00 -1.884128659761146407e+00 8.519200136443314975e+00 -1.485194473151791428e+00 1.140062814842388583e+00 1.210534857339785608e+00 -3.681241419171370904e-02 -1.884518190810516192e+00 -1.363601828010529537e+00 0.000000000000000000e+00
-1.979628968763657459e+00 3.754693547774380580e+00 -1.234132011707036236e+00 -4.416725304586189838e-01 -1.360381034381849430e+00 6.980344334917266025e+00 1.037355572465642473e+00 -1.478428323763473884e+00 -2.443783597905398786e+00 2.815341980384125087e+00 -1.853385576161498793e+00 7.406919272396493170e+00 -2.420736302128223105e+00 6.434555383337154488e+00 5.440441169174206948e+00 -1.308153453282287826e+00 3.679525142020274586e-01 -2.237813099315105470e-01 -3.664609388859605410e+00 0.000000000000000000e+00
-5.266968554482471809e+00 6.006949319041834379e+00 2.390527851152930705e-01 -8.657791852616839035e-02 4.245183121807946769e+00 1.096066750953841096e+00 1.232475278192535884e+00 -2.130438668190727469e+00 -1.900726573272035314e+00 2.139285692973287745e+00 4.125220249310620479e-01 -2.248822569349524514e+00 -1.042289880591365847e+00 -3.541926528715158895e+00 -5.769999275429084085e-01 6.509919143276871045e-01 -6.797669667765622314e-01 1.496817684279567739e+00 -4.795821568267753521e-01 0.000000000000000000e+00
8.819250610663733170e+00 5.404396246931509218e+00 7.770808278210437514e+00 2.706381010443948298e+00 7.410404666116209071e+00 2.792072442905479956e+00 5.439096835064632707e+00 7.945622729806594897e+00 7.924806631554833558e+00 -2.250833938897932041e-01 7.486911369023006024e+00 -1.955776108247585077e+00 7.970794787875053800e+00 -1.232089693561049248e+00 3.616891462963467974e-01 2.179083037373791498e+00 1.453641094686817681e+00 -8.016768569759125107e-01 -2.099001343282438092e-01 0.000000000000000000e+00
1.000775063046001812e+01 7.440824996634039401e+00 3.750211549037407721e+00 -2.905602996865448873e+00 -1.551964818276269309e+00 7.685020043165377679e+00 3.102543606390713027e+00 5.618417643141818907e+00 7.753112370842543122e+00 5.037183875459793070e-01 1.896047194892041432e+00 2.939050793829529162e+00 1.527126233481845841e+00 3.151124740037158034e+00 9.266269387043266637e-01 -4.105903434404750918e+00 -3.919464888978281714e+00 3.399378310298994399e-01 1.383698316094648995e+00 0.000000000000000000e+00
1.046488554372310986e+01 1.109095562156609382e+01 -1.871085989127076576e+00 6.880821224930976365e-01 5.694244104702913312e+00 3.621227880792745601e+00 -2.946110998043226292e+00 5.625206819878720843e+00 8.093419770277069603e+00 -8.607948751511107499e-01 8.524018112746341025e-01 5.479641852639112187e-01 2.234140760737951537e-01 -1.551326581608775124e+00 -2.880767685958919078e+00 -1.926276929307626062e+00 -2.884715510573900854e+00 -2.002235235349004938e+00 -2.501575762725262830e+00 0.000000000000000000e+00
2.242161996283937864e+00 2.320099097266683952e+00 2.682919152037575028e+00 -1.878943235127089384e+00 -2.861401836104350282e-01 5.243585079069676524e+00 1.476957970945492971e+00 2.930453404238314352e+00 1.250843696254702930e+00 2.383433522937895344e+00 -2.833758564730398000e+00 5.640255360483502400e+00 2.158941515953651247e-01 5.334520143083071098e+00 6.044590769818144693e+00 -1.837177795569808980e+00 -7.670829701156075542e-01 7.767877131766147691e-01 -1.383315676915334969e+00 0.000000000000000000e+00
-1.917179385553097193e+00 2.854197875821561592e+00 -4.185013605202703602e+00 1.437602195241327596e+00 9.019086364058650496e-01 -5.189076484822552349e-01 2.493872527717995613e+00 -3.438893573940169812e+00 1.432363811122404851e+00 1.352264655694278561e+00 2.743276785437369636e+00 -2.736226789746907251e+00 -4.304203989384060236e+00 -2.740320515089205156e+00 -2.380109488743889390e+00 -1.073313356077699454e-01 -6.373809705942405923e-01 1.564685068709819493e+00 1.016960405158832570e+00 0.000000000000000000e+00
-5.958607693912180814e+00 2.107066315275402335e+00 -2.493515519237496036e+00 -1.678573321442584643e+00 -8.204689140225230659e+00 2.414594048925539305e+00 9.307646279303229964e-01 8.779147536952446318e-01 -3.857811789422042725e+00 6.034953125835757604e+00 -1.227568268589741329e+00 4.537158801240651407e+00 -3.695848181737189098e+00 1.252827906546126524e+00 4.354923324639983662e+00 4.770674056402750551e+00 4.536732500520947120e+00 4.477780547382266718e+00 1.075237696367216111e+00 0.000000000000000000e+00
-5.933574994247088341e+00 -8.412913187444418739e+00 -1.812452222781222311e+00 -2.883837688615872863e-01 -1.401030406806351269e+00 -3.724619353230743890e+00 -6.946879290900265236e-01 -2.767093646593286049e+00 -3.634618369222472278e+00 1.715682426574039604e-02 -1.049912153699370299e+00 7.903158919134997684e-02 -2.351618982872722974e+00 4.276879693097872942e-02 -1.351414355154558766e-01 -1.495741466077915860e-01 -7.276077073562189912e-02 2.606150711012893834e-02 -4.599082389639963520e-02 0.000000000000000000e+00
8.275356343682722660e-01 -3.281668440737647519e+00 6.392698085531982599e-01 3.742588184253535788e-01 6.286328760877418764e-01 -8.607473381125800849e-01 3.839898667646234887e-01 1.658661411514100070e+00 1.525555144653091055e+00 -2.153931363379919806e-01 5.335743952190009631e-01 -3.519866292470658631e-01 1.521781412349179963e+00 -4.523367845893930816e-01 -3.882004244891398281e-01 7.576527511472258558e-02 -1.638853964053681722e-01 -1.942694873305332859e-01 1.322522036493086472e-01 0.000000000000000000e+00
1.121715689905136593e+00 -4.459718076495205352e+00 3.378311083007815019e-02 -2.240724316661832916e-01 -5.076469126119641517e-01 -2.514900673144826460e+00 -2.718404247895641057e-01 1.803037011282703883e+00 8.634221114207625281e-01 -4.149819949484316595e-02 -4.986660338335995868e-01 1.949956411972060821e-01 3.502566384971389502e-01 2.839784186771069918e-01 7.693554836740518210e-02 -1.210033766449798431e-01 -4.887222429223695569e-02 -1.662606520192153048e-02 -6.492715299892740100e-02 0.000000000000000000e+00
-3.587599850626185916e+00 -2.802801950500185768e+00 2.402714516085229235e+00 1.568270579158254296e+00 1.360917950603546256e+00 2.757205864036945897e+00 3.501708641100125696e+00 -1.538874885406337489e-01 -1.180128614912346441e+00 1.672622596769820724e+00 1.653630439257008478e+00 2.510569512715123075e+00 2.056141869880919959e+00 2.386680018127416147e+00 3.139201673309143015e+00 -4.384964897334173162e-02 3.620584005631036217e-01 3.155738841569729836e+00 4.230073567152821568e+00 0.000000000000000000e+00
-6.940473314526421689e+00 -4.918459704493879925e-01 -1.649139588135192014e+00 -1.011208452212810638e-01 -2.263040235497220554e+00 -4.556459981876605170e+00 2.903949350079446656e-01 -2.862214407034044950e+00 -2.142962148306036152e+00 -2.499323421669726875e-01 4.088546509122201189e-03 -3.823731688400127116e-01 -2.506668260987685137e+00 -4.653609128449249788e-01 -4.417061199820003226e-01 1.789939145748537241e-01 2.775604847208062997e-01 -7.605703907099489736e-02 -3.920730917157177337e-02 0.000000000000000000e+00
-1.112772234414367567e+00 -5.041057269688611342e+00 2.333739813217718062e+00 -3.377225129704904960e-01 2.244572296438979708e-01 -1.208127175184117608e+00 -1.590707973005946796e+00 -3.160265941038473247e+00 -4.681087794449261263e-01 -4.655991537040353734e-01 -1.648816557744335887e+00 -3.625648860232339454e-01 2.318012723900776617e+00 -4.573803012853608352e-01 4.205013228978993767e-01 -5.974767511430235656e-01 -4.526239616751801531e-01 -5.829623200859934684e-01 5.848733179213012195e-02 0.000000000000000000e+00
-4.027774350574787832e+00 9.147417497049580959e+00 -5.123816091118084337e+00 -6.220090952001775975e+00 3.048365685632109745e+00 3.722499408672787613e+00 -6.537290036983941732e+00 -7.395381402223589973e+00 1.717779588358472109e+00 5.440938056992754568e+00 4.004967544363273291e+00 -1.461090905028477882e-01 -5.614103175307803895e+00 7.787484022568975206e+00 1.180844989491347086e+00 -2.047107226260734159e+00 8.988695713148955324e-01 7.277658061797149358e+00 3.648712678613057481e+00 0.000000000000000000e+00
-7.749396803223229213e+00 -1.041991484173242055e+00 -4.892591412621038138e+00 -3.234410187202738207e+00 -7.198901463094689923e+00 -1.080079669845515511e+00 -8.307500326117041922e+00 -5.394670663926005361e+00 -4.799289403258462094e+00 -1.008746072199306759e-01 -5.706519780990596757e+00 -1.592002291525827229e-01 -2.187770090983940652e-01 7.159602214656300978e-01 -4.246394749278251446e+00 2.480315355389341114e+00 4.072409504356631516e+00 1.206681387106420589e+00 2.205643953954993464e+00 0.000000000000000000e+00
-4.492105082324612475e+00 -5.884018003057011725e+00 5.994694542089719080e-01 -2.135939036417923820e+00 -5.241397254605437261e+00 -1.101704785028390976e+00 -3.996487769461421813e+00 -2.944762444231879606e+00 -9.582637153123256368e+00 1.866176324078311133e+00 -3.180361712532944196e+00 5.181721203724921621e-01 3.219415323779336369e+00 3.004717582734240278e+00 1.483767769222459787e+00 -1.124456653966371622e+00 2.155785607264521175e+00 2.424057784291138606e+00 7.498241867885317991e-01 0.000000000000000000e+00
6.764637195984310125e+00 2.009651486230227491e+00 1.658121669200518289e+00 4.700126518563644828e-01 8.031744900505366491e-01 -1.500734532763691176e+00 9.517326157858367885e-01 4.003674195759325372e+00 -1.847116487493562609e+00 8.533234995485824426e-01 1.411587126435198014e+00 3.686667395280670001e-01 -7.225956947690838073e-01 2.518622253286845747e-01 1.253982985558733443e+00 1.010654539846054467e+00 1.167589518411350058e+00 -6.702410299946274241e-01 -2.530604407679444903e-02 0.000000000000000000e+00
7.934891224115288022e-01 9.767548742868472189e+00 -5.750499900912075385e-02 -3.409817206083774810e+00 4.668517166854657119e-01 6.032323675472403224e+00 -1.197988990388903163e+00 3.760813080246435014e+00 -1.670773764040287823e-01 -4.342604796903010822e+00 5.745375511963223047e+00 4.645194398989580975e+00 -2.567438833565659717e+00 5.404463851344050163e+00 3.517694284381963077e-01 -2.266223343666352363e+00 -3.322884879999521424e+00 7.299790745347257692e-01 3.991107125916628640e+00 0.000000000000000000e+00
4.129397636846817043e+00 8.566505165463045302e+00 -4.798818146177492139e+00 -8.573445480201782321e-01 -4.347728221542841998e-01 1.160125579872292256e+00 7.892479985061164882e+00 4.537367988357915216e+00 -3.528121433516870020e+00 -7.556474824765708753e-01 8.568172733076407255e+00 2.289380005115556393e+00 -3.938426720348025434e+00 4.694276775826685899e+00 -4.579639778970222785e+00 -2.581477288196746045e+00 -6.666212461807368150e+00 5.283348769847456161e+00 4.168490163600202969e+00 0.000000000000000000e+00
2.778278227940131462e+00 -2.616379347773020392e+00 5.107556180694268200e+00 -2.459192683900614185e+00 4.463986997756118846e+00 3.577998016411469084e+00 4.428953075984928267e-01 -2.726510247880673532e-01 -5.668632240629124297e+00 2.414107136396145936e+00 -2.553553208048998879e+00 4.661846024977546854e+00 1.996934646019739912e+00 3.221069605336662978e+00 1.535489536405722777e-01 3.109049675744954833e+00 1.969463266529336343e+00 -3.247483885240571855e-01 8.204427651655968878e-01 0.000000000000000000e+00
4.187093427584037686e-01 -6.878403248296777406e+00 -1.442611882749845309e+00 1.013235490049630982e+00 4.606091287057076933e+00 1.610958649292417277e+00 4.498768504989734573e+00 -6.510450360086555754e+00 -6.397100889211516650e-01 -3.702941742717751783e+00 -3.999758541146234969e-01 5.988901854293038340e+00 -5.585015005723164006e-01 -1.712397565704559144e+00 1.282977182939678773e+00 2.167854545083302664e+00 4.688794437533238657e+00 3.685278473103335006e+00 -1.953349465016816389e+00 0.000000000000000000e+00
6.845309935655868649e+00 1.024434110006989229e+01 -3.883177501785215480e+00 -9.003209829599757852e-02 2.501675017944422041e+00 7.424124832316517653e-01 7.015254738576349736e-01 4.775787031853806042e+00 4.640111342164987107e+00 -1.886563533015316763e+00 -2.462729639432571282e+00 2.638055969988565508e+00 1.445200858614986927e+00 -1.378214412993071125e+00 5.135739097898232020e-01 -1.993602602869263829e-01 -2.130608803258967399e+00 -1.815867445659803625e+00 -1.348337294598911829e+00 0.000000000000000000e+00
