-7.506974535903844226e-01 -6.995698000211103551e-01 -1.193364718493240106e+00 -1.785299074935612129e+00 -2.163979906845239665e+00 -2.224780854966634802e+00 -1.791593088463365957e+00 1.641544011784990875e+00 -1.684039721979094129e+00 -1.168507074259491851e+00 -2.346234391877813685e+00 -2.145809374896426203e+00 -1.422549645443615951e+00 -1.554979597471688901e+00 -1.831744730652610009e+00 -1.681485920055900696e+00 -1.729347710362592494e+00 -1.274925348181788598e+00 -2.117299220805734183e+00 -1.634164894726143791e+00
6.131471769681123840e-02 2.282623841255534136e-01 8.623935986638693596e-02 -4.695445946829509415e-02 1.604621022215354242e-01 -1.699477777042050497e-01 -1.835918202098823504e-01 -7.118585317485004449e-01 -1.295341446887725984e-02 1.120355733747814553e-01 -8.110869074399346124e-02 2.946090597198071093e-01 -2.768379095662280243e+00 5.256217164248536133e-02 -2.214123540449948746e-01 -1.483542418856562684e-01 -1.331336459980144160e-01 2.017075788224230448e-02 1.165864651623702009e-03 -5.555636447271115885e-02
2.593997961905381566e-01 -5.193167197430888227e-02 2.983986954351788845e-02 5.000553856450935808e-02 3.825457341671290035e-01 1.878908785034933415e-01 7.571071971165079309e-03 -1.825051270620088095e+00 9.771818497512702734e-03 2.970054450715845645e-02 2.496377665617711961e-01 8.796059227455889362e-02 -2.304692064337982293e-01 -3.054032213970463150e-02 2.612317503758895473e-02 1.605469500698615201e-02 -4.174942525259776709e-03 2.850279803106273158e-02 3.733732134873681829e-01 -9.644888348209561257e-02
1.613517607832031797e-01 1.518138624150359994e-01 2.783973448490710823e-01 4.605303303673459747e-01 4.960688182984331895e-01 6.152366330630486546e-01 4.659960102660175019e-01 -6.482759107183280189e-01 4.259542045604194360e-01 2.697014636001704990e-01 6.484893087255393374e-01 4.988177457838272599e-01 1.280533619915265875e-01 3.884184632059186626e-01 4.810221885086508609e-01 4.284677224333377499e-01 4.425922347185271000e-01 3.027559311703839628e-01 5.724240018502265714e-01 4.069571929787113018e-01
2.260825473474548097e+00 2.181351901241833091e-01 -2.206632630528788594e-02 -2.613929092430418086e-02 2.754043385183350123e-01 6.078470761295411140e-02 2.803809661880196299e-02 -6.624010508412133902e+00 -3.144335216061441146e-02 4.167908579779280170e-02 1.363062704623513866e-01 1.334309742685789446e-02 -3.888525754778502375e-01 1.154434603803153880e+00 -2.520663677819862808e-02 6.864425245918860663e-02 9.564133418798870245e-02 -7.392726714313330172e-02 4.627781588156873460e-01 2.387033225230815459e-01
-7.242259026799214849e-01 -4.271728390513139517e-02 1.076638985075408124e-02 4.771034521581603988e-02 3.088390266850133958e-01 2.831058562802270598e-02 5.310348326664185437e-02 -1.579124030895760145e+00 2.301855771888875954e-02 -6.351296019142195839e-03 6.879650463327474652e-02 -4.779131870618639338e-02 3.379469206270354631e-01 -4.506682256319676783e-01 7.022948719364463521e-02 2.365315496750633462e-02 1.344633001236282543e-02 2.355131980616521903e-02 1.933603573564843248e-01 -1.384806326718533431e-01
5.765677087530028666e-02 4.035058390648312010e-02 1.102977225755659985e-01 1.896442018135689189e-01 4.382679098559269515e-02 2.835440221129459371e-01 2.857971973693648193e-01 2.296496238367277343e+00 1.654028498920321055e-01 9.230700179334633271e-02 2.320173789228148209e-01 3.467778421516676257e-02 2.625440797594292164e+00 2.181814595456443850e-02 3.091193318524932954e-01 2.617693761091504645e-01 2.553810562688237917e-01 1.485547557359249704e-01 1.563053199477550670e-01 1.775913191297964211e-01
-1.656108179464235719e-01 2.611179885278046287e-02 -3.768063993553897456e-03 -1.273418061869552136e-03 -2.470234980354204524e-01 -1.241727004602236756e-01 9.997871242909973574e-03 2.465779731044354328e+00 2.293122223512514962e-02 -3.430063129016445653e-04 -1.566973919910585322e-01 -9.228053287381454695e-02 4.852465657296112234e-01 2.230940266095454358e-02 2.272501655620515898e-03 8.427803216655275521e-04 9.382855608128650576e-03 -3.134920291816630563e-03 -2.345473575989191761e-01 6.531710741217652827e-02
-4.886733534627443198e-01 -3.541428484729786802e-03 9.076072438866678027e-02 1.424968853785267831e-01 8.009534235363349186e-01 9.051319023067595781e-02 1.243013546224943366e-01 -2.746588640531480330e+00 1.425154541904877226e-01 1.157992441682632045e-01 2.421442810523992406e-01 9.446314397091256643e-01 -5.871612853269866372e-01 8.994593259075417402e-01 1.060851772542341087e-01 1.254062220128930039e-01 1.420052862332884802e-01 8.429212327339510868e-02 7.063336127100745543e-01 2.489834911038306120e-01
-1.411705695040412455e-03 -1.254852508837444713e-03 -3.492422239417430994e-03 -7.808406615064289805e-03 -3.021354782094278629e-03 -1.268609698915775831e-02 -8.129628731074284298e-03 9.503812414750276161e-03 -6.797576954195353426e-03 -3.230216556896843907e-03 -1.327456800311743214e-02 -3.950755571675921250e-03 1.002639477727127436e-03 -4.010936737490992422e-03 -8.659992270895727762e-03 -7.056220993934350823e-03 -7.354748150912574466e-03 -4.064464295569739094e-03 -1.097967251809454578e-02 -6.115918542583948826e-03
-1.920341925442408575e-04 -1.197415532529168616e-03 -2.558555270050759216e-03 -5.999006307153548559e-03 -3.449069325151365994e-02 -1.094253874219561738e-02 -1.087354898803844644e-02 -4.296307421476004695e-02 -4.274129091878158503e-03 -1.958694220534005093e-03 -7.969542051721581477e-03 -3.410359269923004394e-02 -4.304178529596235092e-02 -7.920405312853994600e-03 -1.213693055998717012e-02 -9.533871355813549817e-03 -9.157565484155359356e-03 -3.964068636437572193e-03 -7.542632428033133746e-03 -3.564685912251566551e-03
3.066385023241669904e-03 -1.855436614576382644e-04 1.052032436491125633e-03 2.544158498020102511e-03 1.079381348767972926e-02 1.252206194261502696e-02 8.379754863422543640e-04 -1.033819236334487107e-01 1.713799175740439787e-03 6.467855989247950485e-04 1.344228144772909896e-02 9.536471820525260074e-03 -6.368761003379869168e-02 4.619683004998286261e-04 9.961113155645072957e-04 1.221715854567472729e-03 1.174983056023919548e-03 1.263336833739545171e-03 2.022831628765687714e-02 -4.029841565815413555e-04
-3.604388517135144465e-02 5.195376734618938411e-03 1.627472131668149941e-02 1.284850532398061976e-02 1.017351700168241391e-01 8.720071618900749472e-03 8.436788612113811647e-03 4.598908456751730767e-01 1.288082006174902198e-02 1.503029520800563609e-02 1.199376938011121815e-02 1.884316303995120789e-01 2.157706568836661731e-01 -1.915671662577956777e-03 1.177293197520035140e-02 8.084910264475244496e-03 6.361424107862789952e-03 1.736357590012346797e-02 -3.566756502934111117e-02 4.962894173683727803e-03
1.192251708482630276e-02 1.103909992441454244e-03 -2.475552731274952706e-03 -9.152650580412313719e-03 -1.886064506230969440e-02 -5.766733159196701410e-03 -8.658321957725891721e-03 5.041018328254743830e-01 -6.016651947171807596e-03 -2.369562479037006213e-03 -4.310016073092768664e-03 3.613932303606763596e-02 2.505519485641780758e-02 1.928897217772989822e-02 -9.827314183889735225e-03 -7.100405128639714070e-03 -6.987934677789735261e-03 -2.999125236945034394e-03 -3.653782148274187930e-02 1.635439499566722875e-04
1.792684368131002015e-02 -1.254890810336244111e-03 -5.728987061271597660e-03 -1.400298042144243645e-02 -6.103978497337163300e-02 -6.076280161695490206e-03 -1.388810099841930254e-02 9.910693492945751304e-01 -1.146825344719391501e-02 -7.893789043114432177e-03 -1.152716130288725452e-02 -5.639448379808313649e-02 8.130077082876508987e-01 -4.122682684822211868e-03 -1.519641718096883913e-02 -1.105239272754792064e-02 -1.011405214621613133e-02 -5.636987734331737332e-03 -8.601601398993717618e-02 -6.275051083503084895e-03
-2.178418407863443734e-02 -1.623559634486276826e-01 -1.997799704490043071e-01 -1.855655700873629910e-01 -8.318345909590359188e-02 -2.034817853468507409e-01 -2.189478074514724093e-01 -3.373015072178012996e+00 -1.954804262703688789e-01 -1.856630077509433818e-01 -2.065581897861287208e-01 -4.437214683862172881e-01 -2.898643652422897787e+00 -2.871560645562605818e-01 -2.137492507393141394e-01 -2.223780263690102454e-01 -2.284248616443942392e-01 -2.081930066838402205e-01 -1.182041665910007755e-01 -2.023489761356060401e-01
6.308048680227827665e-02 -3.632250556605735869e-02 -8.024691043668845392e-02 -1.618136714741577054e-01 -5.993164985993974792e-02 -1.975750299693314616e-01 -1.307647636229604948e-01 -5.367619892678095361e+00 -1.606669000847711914e-01 -7.945698103716554439e-02 -2.303890138281385336e-01 -1.376737738494909942e-02 -3.578510863349182891e+00 -2.345506785679670192e-01 -1.312866786758230819e-01 -1.114920984809570498e-01 -1.226984098064654721e-01 -9.358383458037231040e-02 -1.771301176373716868e-01 -1.213047188624064854e-01
8.279793173623452296e-02 -1.813977951547783313e-03 -1.133854225515912133e-02 -5.190104474724689665e-02 -1.698942217254052409e-02 -6.552565924006727160e-02 -3.041444575430687219e-02 -4.321657451048822374e+00 -4.593419674897712690e-02 -1.074444001904082714e-02 -8.242698795533023870e-02 2.921592012398680806e-03 -3.465888514890335670e-01 4.224254014784625810e-02 -3.355543167075718258e-02 -1.815261429306528826e-02 -2.522964642805026331e-02 -1.419479981341585130e-02 -8.499521738040977104e-02 -3.833613884518604492e-02
-4.875404946747328994e-02 -4.415057662884911034e-03 -4.590879300467528429e-03 -1.527125147495506270e-02 -2.254105581740971712e-02 1.721509579217758365e-02 2.847101469872767750e-03 -1.132397298842853672e+00 -2.052570526544489349e-02 -1.609677565373685264e-03 1.793102230912927558e-02 9.306283406360836563e-02 -4.055177557761630025e-02 1.375063049905603796e-01 1.681961546506818145e-03 1.241600379862739826e-03 2.642995629666622642e-03 -5.662002942428976185e-03 -5.333219382285661614e-02 -1.379969074787904156e-02
-3.915404149426306990e+00 -4.918348059046261378e-01 -2.924043875591209596e-01 -1.676664332373522803e-01 -2.585279301396924967e-01 -2.232943623270352840e-01 -3.300827574457539937e-01 7.469801620666368436e+00 -1.532759450457680805e-01 -3.822860560278044106e-01 -3.151554855679370437e-01 -4.244115321645240690e-02 3.890155663982420187e+00 -1.389843511442574675e+00 -2.720794052792670503e-01 -4.064607950796247371e-01 -4.210540573276019272e-01 -2.103030930596862247e-01 -4.283141948344391103e-01 -5.002782287551261753e-01
2.519644402142695583e-01 -4.266868199418400592e-02 -1.571955646768248283e-01 -1.528150774585233240e-01 -6.767645917434376157e-01 -2.428270443688894664e-01 -2.248570121305831782e-01 2.326669895789088560e+00 -1.732376691926854895e-01 -1.589417722829177815e-01 -4.670360834786862481e-01 -1.215545776253928123e+00 2.554670862820428212e+00 -8.090197598490052044e-01 -1.436855248834282561e-01 -2.400901976530435133e-01 -3.404738353321727362e-01 -1.447323525216804851e-01 -9.273929976890950000e-01 -7.311712089366573242e-01
7.882405943813494686e-02 7.299544020658044197e-02 -1.637845312159224437e-02 -1.121242579781510512e-01 -1.131264626805535300e+00 -1.928578201942549308e-01 2.693265728630143269e-02 1.043838477817900667e+01 -1.243435788680221088e-01 1.464921776165277120e-02 -2.085026185684490663e-01 -1.401073525214556303e+00 -1.269804530664064401e+00 -3.612923498091933916e-01 -2.167315034774170909e-03 9.190699733140587913e-02 5.899741649891626638e-02 -3.590993766943660626e-02 -8.138588333089009641e-01 -5.382460075159104657e-02
9.733926511560333505e-01 -2.118914033337893771e-02 -4.955746733640119250e-02 -8.714126461269533497e-02 -6.297429939466175908e-01 -2.781501350926786353e-03 7.338159290065980264e-03 6.113032923258383988e+00 -1.005720310011904706e-01 -2.811872947215619117e-02 -5.892088289707995974e-02 -4.274901137259530803e-01 3.577012531074614810e-01 -8.776441841236468644e-01 -4.235748544303777514e-03 6.786902630662151881e-03 1.471958118419440173e-02 -7.457276637086744653e-02 -3.222940919033288609e-01 5.321158545785527327e-02
-3.111748439240162589e-02 -6.658755318738312362e-03 1.399665399508303806e-02 2.608750479425976654e-02 -1.288635630134658538e-01 4.262261808627465509e-02 -1.218318909246565718e-02 -4.628253639702067934e-03 4.322393071799592035e-02 4.203714629116463847e-02 -6.227681955191945867e-02 2.489925240182822574e-01 5.737132190224786266e-02 -3.275614549302438561e-02 -1.341881024468977168e-02 1.391839144426323949e-03 1.039560282231669075e-02 2.090231340358650672e-03 2.496474821490116125e-02 1.275330175257109178e-01
7.532243113464149875e-01 7.116712702821119674e-01 1.231696536996650382e+00 1.731495787175044487e+00 2.071230270304865950e+00 2.054659348723156587e+00 1.727174354634335662e+00 -3.509362248501430859e-01 1.654647605690515499e+00 1.208670810796952821e+00 2.153540460971413051e+00 2.073898312277785205e+00 1.678449761054696676e+00 1.497643763412653373e+00 1.758566705612752745e+00 1.641397750529295596e+00 1.681576413906426648e+00 1.307245910787867560e+00 1.937195779390860295e+00 1.602211407253073761e+00
2.547151840749847101e-02 1.006237006364657516e-02 1.081068900369522648e-02 1.194978116977074220e-02 2.035956835024890776e-02 1.567079215956617561e-02 1.275289735304435505e-02 8.207706561048273841e-02 1.226640481152356001e-02 1.025791347272929192e-02 1.466241836441052777e-02 2.191760672946563987e-02 3.823179867537750132e-02 2.864690143176111189e-02 1.200067009050231025e-02 1.282372282866729891e-02 1.306862974646112729e-02 1.055940613114068720e-02 1.717635833865998121e-02 1.311772381011639538e-02
