3.701173570413503477e-01 7.087696775595684340e-01 1.248484725222452241e+00 1.156482723333024376e+00 6.319024941124889994e-01 1.566193498150138197e+00 7.941226638552426609e-01 1.034971924216058353e-01 3.979782607767684000e-01 1.057367823336759827e+00 1.506121423273826032e+00 1.165626093248363082e+00 5.095114368975210972e-01 1.118703230143659466e+00 4.958085594751325820e-01
3.301216691763624866e-01 2.698397899387224852e-01 3.281621025252980939e-01 -1.334833404531165502e-01 2.339879052627383826e-01 -9.367535724759279425e-01 -1.168989511834684150e-02 9.563639205739031812e-01 4.508811385241352776e-02 -4.478032050058786129e-01 -4.409145418366028357e-01 -6.513327461433034149e-02 3.501063588138647598e-01 1.827186710458738109e-02 -2.241368231642024492e-02
3.428798195540622151e-01 9.077699700327107601e-02 2.262458386851545489e-01 1.968751144056426206e-01 2.128413946038347493e-02 -3.993155051903776731e-01 1.427107818634537895e-01 4.547785199740760342e-01 3.671592656192376181e-01 1.878481663504966703e-01 1.105334530740439414e-01 1.247648807837940937e-01 -8.304108205501460616e-02 3.635622013881006365e-01 1.753425509653356307e-01
-1.019039826640554813e-01 -2.135811170906000700e-01 -3.732778658311771136e-01 -3.381403465584770229e-01 -1.854475741593109572e-01 -5.080935541970093006e-01 -2.136600684889218837e-01 -3.298885057798076753e-02 -1.112041854107753969e-01 -3.181074809386887914e-01 -4.791964000032642446e-01 -3.351091695879405696e-01 -1.369073688175183323e-01 -3.655275669150848117e-01 -1.359301987655540667e-01
2.366804094169028705e+00 4.079283415448604067e-01 -1.424618022040137211e-01 8.563624826570645499e-02 3.202870842888199121e-01 -1.112328274363841629e+00 6.536307843923587768e-01 1.738376971078422262e+00 1.492468253465478067e+00 -9.776075131934152118e-01 -8.758738430463288704e-01 1.157724908478232340e-01 7.441001224363903432e-01 -6.517723062649520838e-01 1.245758226988839867e+00
1.454569443449751087e-01 -8.801726984989609315e-02 1.421919139291666911e-01 -3.653276485747202207e-01 6.695197162861585283e-03 -2.124617181808911293e-01 -5.421980734088525239e-02 9.539606753222711066e-02 2.060933737796498966e-01 -1.035763675778165194e-01 -5.323400241729536742e-01 -2.988921899274997740e-01 -2.102879357173430969e-02 -3.012367752530382137e-01 -5.502002611742976695e-02
-3.452725329023163120e-02 2.134277033410622026e-01 2.255897702871451638e-01 2.934686648362926920e-01 1.899369638036174646e-01 9.623667139878727683e-01 9.018214748128955405e-02 -2.082209281799513312e-01 7.309911361370116656e-02 3.944528390614205904e-01 6.763505591244304282e-01 2.097729706960130280e-01 8.795299164264856751e-02 4.099047575860359505e-01 1.452139066415523427e-01
-7.840019898346030358e-02 -2.425530360303961019e-02 -1.635311926195088250e-01 8.726963046843976002e-02 -1.350058456838061118e-02 4.011552462008814990e-01 -6.653130956101050916e-03 -1.705451659411579279e-01 -1.137703770154436245e-01 7.425861044667143862e-02 2.681644657710415269e-01 1.582747570015571315e-01 1.343847892187205982e-02 -9.401165526025179187e-02 3.846754547151097492e-02
-2.165433991602506991e-02 -1.901293038881302633e-01 -2.680437388661891518e-01 -7.285719569887710856e-01 -1.323101392709207791e-01 -1.248020350734253991e+00 -6.172758843397172512e-01 2.814708603783380170e-01 -2.075327753726889657e-01 -1.691440340398232767e+00 -1.002754979267855617e+00 -8.888462044447251742e-01 6.671532321767113805e-02 -5.037558134647632802e-01 -5.210706085600739224e-01
1.407322742990232186e-03 4.457818907170407047e-03 9.057720500397707653e-03 6.605969053885805270e-03 3.577402596436656933e-03 8.179492528571703780e-03 3.029127090067083947e-03 7.484812450214308301e-04 1.527300937457195520e-03 4.427172984656370380e-03 1.077279596830843858e-02 6.079369997684070173e-03 2.323259742590948196e-03 9.520928653214365961e-03 1.831548667139194916e-03
-6.282580493617873421e-03 -8.496030452947387832e-03 -1.354413690154671751e-02 -8.858124385901217437e-03 -8.335880438777280507e-03 -3.416981525034070571e-02 -5.212640913281649246e-03 9.075779902320885075e-04 -7.763891129432129272e-03 1.214391238225923618e-02 -4.942117433606559029e-02 -6.320283482252193582e-04 -3.778602575302706778e-03 -2.656929852154252952e-02 -7.349567220462515857e-03
7.806896168216408485e-04 5.813751930173446762e-03 1.382239347346310779e-02 -2.804229418738121964e-03 3.955205662390917989e-03 -1.157308772921371819e-02 -4.329644357104725678e-05 3.329526727520380498e-03 1.617204831740450075e-03 -1.147519682468793080e-02 -2.028070923273000981e-02 -9.061458072714655143e-03 2.199201593242214488e-03 9.275849208687904704e-03 -2.424123188115610145e-03
2.445711135021371579e-02 3.125317778077807418e-02 7.364871030520749387e-03 -1.145140520394529252e-02 3.768327798116444249e-02 1.373537556595316456e-01 5.563485982646161621e-02 -1.315369590573166672e-02 4.232409500045841017e-02 -1.555975314554963740e-01 3.278513800006536971e-02 -2.931870518181886945e-02 1.528603503522203526e-02 4.778500574788312194e-02 5.225077412797284743e-02
-8.690198941017605525e-03 6.318137231977057934e-03 -1.348443781565623195e-02 9.977108677560284078e-03 -1.374101435501585934e-03 1.051424470245643228e-01 2.059797255788568208e-03 -4.630981448545712018e-03 -2.458490716484407201e-03 4.984548904861701990e-02 5.429619530819249779e-02 5.724444573521661993e-03 -1.645552632767703465e-03 2.296866809590455971e-02 -4.900651516838309789e-03
-1.294204085209674140e-03 1.956129728954881727e-02 3.280408827555725271e-02 9.385164109609828165e-02 1.648055286728626612e-02 1.226402420403886889e-01 2.960949985246047467e-02 -1.977066054885365763e-03 2.540392659081169152e-02 1.586750720397500092e-01 1.171385205883566094e-01 1.199969794592326000e-01 3.752422542252819952e-03 6.483075088790794804e-02 2.523281904348805005e-02
3.522992936432254862e-01 -5.502812478813411401e-01 -5.322915725948936805e-01 -1.315010628967089867e-01 -4.522734095004132260e-01 -4.011299661458979093e-01 -3.783928929148039355e-02 -2.163572651324499885e-01 2.592396581635878494e-01 3.119765136647037473e-01 -2.136189416549628683e-01 -8.617417891472752001e-02 -4.091119306070821748e-01 -4.358272516175235034e-01 -3.213442898574388196e-02
-1.384863620763959469e-01 -3.052053548060641996e-01 -2.546857784313547590e-01 -6.288983903325263691e-01 -1.900397563336839457e-01 -5.341890674184532894e-01 -8.353014147280418689e-02 -8.940524966435728360e-03 -2.714177907077207526e-03 -6.422013453242597647e-01 -7.810190224964537187e-01 -6.442783525379958132e-01 -1.072425605201027116e-01 -5.035757893030418098e-01 -2.556162640407292352e-01
2.833447462274018419e-02 -4.011385612052840305e-02 -4.531966741030697687e-02 -1.397677896696464528e-01 -5.598811310790305362e-03 -2.710031706936605334e-01 -1.878811779442719765e-03 3.122347442310040647e-02 -4.028797152627464247e-03 -5.253861307353310250e-01 -2.525190045818486162e-01 -1.849785226331167320e-01 1.991522886542023904e-02 -1.567591665384986399e-01 -3.314092942147821991e-02
-7.992190645314981717e-03 -9.625663866694699963e-03 9.031366540878002849e-03 -7.319817756162887157e-02 7.131152505574271661e-03 -1.929376256809530732e-01 -1.430577475365085727e-02 1.110864598998388339e-02 -9.446781539055076199e-03 3.104488606452127097e-05 -1.674812139112678289e-01 -5.956044329139115884e-02 1.187516370293711411e-02 -5.634481986956267618e-02 -6.548338371480872874e-03
-5.439601473816686017e+00 -1.034706031652543157e+00 1.549033175257774064e-01 -3.198479372409724353e-01 -9.439567616783948178e-01 4.279657832903073222e-01 -1.726654406597510460e+00 -2.029819326037374694e+00 -3.799004668496729575e+00 1.107224678427014108e+00 1.171457955320286626e+00 -3.912250677143283561e-01 -1.398972394167932842e+00 8.440927099530785016e-01 -3.037686859766954850e+00
2.197831618372001028e+00 1.484449284880235143e-01 3.732577744534917308e-01 9.576342574419536291e-01 3.092546912264862446e-01 7.554342111621302758e-01 1.110666260676097084e+00 -1.022123829621810753e-01 2.602049817771410756e-01 2.509613115323388044e+00 1.727151930250384382e+00 1.137320512951998541e+00 6.914424181572807748e-02 8.402213221581620317e-01 1.469539223482412060e+00
-8.457610096132044120e-02 2.737929062053003904e-01 1.269110757494047170e-01 1.161646385271261517e+00 2.708101694936569381e-01 1.182831050790247085e+00 4.609265297683031171e-01 2.824767323821399945e-01 8.038648865634660801e-02 2.072916303963340923e+00 1.421645558669064391e+00 1.375262803600121986e+00 1.878224185282161007e-01 4.112113513670967446e-01 4.498131898815441176e-01
-3.426944505881367176e-02 2.547327447466786743e-01 5.582366805232878010e-02 3.607675589991482523e-01 8.515783892069775374e-02 4.095554732917415508e-03 4.123310886286102317e-02 8.597777432989232860e-02 3.015092386890109652e-02 7.558942743278412868e-01 5.739449734925478053e-01 4.236036048626813932e-01 4.568842765499213365e-02 1.278505591773983763e-01 -9.981550064250430121e-02
8.132717482331129275e-03 6.999888403839836515e-02 1.078756104769661162e-02 2.103341579915005699e-01 -9.688979952015237818e-03 -2.591678436216450776e-01 -7.240870563291221251e-02 -4.884673487250601465e-02 -2.124773569967329800e-01 -4.605222163278469560e-01 2.362147278914032700e-01 2.985306895950806672e-02 4.709617129005130853e-02 2.178639457667890245e-01 5.465928619957706458e-02
-4.606838127342653411e-01 -6.454706751903505069e-01 -1.114050509022866287e+00 -1.006438127531374072e+00 -5.849904706633206608e-01 -1.075256729282765722e+00 -7.474674078150065348e-01 -2.457482952470866067e-01 -4.309406073938842341e-01 -7.090044927623700977e-01 -1.151389614359076496e+00 -1.020925397214549113e+00 -5.508464796877087233e-01 -8.457982873756939579e-01 -5.116291322486388182e-01
2.763135549402433166e-02 3.600245070299908784e-02 3.934180512738908592e-02 5.388282571247791919e-02 3.807543967279466285e-02 7.697310896845736827e-02 2.625057494586285900e-02 2.729757327101297801e-02 2.768560848431810689e-02 6.784858528902076857e-02 4.977714446047409175e-02 5.586543378089844913e-02 3.261061225549102827e-02 4.326020988832191688e-02 2.997175560891517793e-02
