-6.060258158253020722e-02 -1.904364554496701667e-01 -5.167734464115703030e-01 1.466378723482708035e-01 -2.867762129638723456e-02 -1.443278518394781829e+00 -2.121470752344763178e-01 -1.124911381244974029e+00 -1.016122944435262188e+00 -1.494774798974114471e-01 -4.285660217601711675e-01 -1.556855537869390391e-02 -3.368391618298245405e-01 1.634353899915574060e-01 -5.635812384706607725e-01
-5.489642947184575350e-01 -3.532469589432546964e-01 2.832590610620121518e-01 1.118713712118367953e-01 3.552797879327320163e-01 1.226555651717814166e-01 -8.430514975330573313e-02 1.029988022227107947e-01 1.432808219978293496e-01 -7.115292735008149627e-02 -2.118667310636556667e-01 -2.636763602478366941e-01 -1.562863847774506598e-01 7.751405358056172590e-01 -1.048698975964060601e-02
4.988891155978916053e-02 -1.738929717233447803e-01 -1.369854732935845143e-01 -2.888996602619881560e-01 1.228679385390579970e+00 5.044697146789434150e-01 2.454042033026072531e-02 -2.260417537595691695e-01 -2.166926997724910875e-01 2.009371976490209599e-01 -1.068119927623306098e-01 1.588950112780854740e-01 -2.311903718191989088e-02 9.648571374066131079e-02 -1.971141527774643021e-01
5.547579544215920123e-03 6.578228556848440822e-02 1.780619922836266522e-01 -1.759341070549515218e-02 -1.837843368416430812e-02 4.602567796021500013e-01 4.874297951685840902e-02 4.018088474697358303e-01 3.650896295120055757e-01 3.250015049097735448e-02 1.485259039939617332e-01 1.130269337692964282e-02 9.961122943460719303e-02 -1.906844547355640920e-02 1.849182561512858758e-01
3.513562881777135966e-02 7.057071291826502168e-01 2.909399180989801978e-02 1.090881175929723002e+00 7.198855851477911072e-01 2.092497437212927081e-01 7.781351306423872627e-02 2.757279269832867974e-01 2.565720289080102301e-01 2.757993410729189243e-01 5.726010190557085933e-01 2.548161823433038320e-01 1.259547729876252742e+00 3.111847020171050748e-01 3.711303446591703303e-01
3.709689203427674054e-02 -8.336804847727513623e-02 -4.707209307785435032e-02 -9.480446100629613682e-02 3.378814278042316377e-01 5.513379001527536349e-01 1.516124254942540772e-01 -2.636652777772536399e-02 -3.748895908765648155e-02 -1.264475397040200622e-01 3.550903019949921968e-02 6.265323454648114021e-02 2.505025003331984301e-02 3.525306221334108536e-01 -1.125483777078594289e-01
2.263882114101462562e-01 1.985889175967486264e-01 -2.220740925644446029e-01 1.134282891260774140e-01 4.305536507928018342e-01 2.025742942438056027e-01 1.067474754274644749e-01 -1.215475758361376085e-01 -1.537617970298081893e-01 1.248218268162795339e-02 9.443427583165041328e-02 1.193925088673381263e-01 7.963564413127542652e-02 -4.812881580986579921e-01 3.650971151412490262e-02
3.012564993242090698e-03 1.675001549203859741e-01 1.317779551810761285e-01 8.259812673424647700e-02 -9.381043502601316142e-01 -3.963880770888872918e-01 -5.219585630317311042e-02 2.266340801468083310e-01 2.306364280913339726e-01 -1.059028138849265332e-01 1.260598927361724075e-01 -2.529731587238998394e-02 6.874256083785393323e-02 1.784126238019065891e-01 2.088891617943871015e-01
2.135498734720054081e-01 -1.377600370754558656e-01 -2.422322485632388001e-01 1.766744450140747824e-01 1.101628550389227357e+00 9.375633094204561813e-01 -1.928498697994917577e-01 -1.057698458829703786e-01 -2.033766592020256614e-01 6.260847180780477750e-01 3.512052793516188404e-03 7.104327939398344394e-02 4.557833637974983976e-02 3.083485630522194709e-01 -8.607064720708842986e-02
-1.107203859986765954e-04 -1.396122880687385073e-03 -6.174438213263769466e-03 -6.268322162321161069e-04 1.568746360458098468e-03 4.148563947585611617e-03 -1.996511180237532765e-04 -1.362830655587188473e-02 -1.250692743226770529e-02 -5.930164221458274383e-04 -4.076197811006833024e-03 -3.393407489486963960e-04 -1.334150969618166883e-03 -2.192873322274667587e-03 -5.072185249805733279e-03
-5.336779459642631944e-03 -2.127425314148957344e-03 3.269025389787310470e-02 1.163185156854178517e-02 -5.155272149722420205e-02 -1.221078930365183668e-01 4.397839669886723091e-03 2.046846032721827413e-02 2.265439385982992090e-02 -1.209980599223524789e-03 4.994492396568756681e-03 -1.473042999763414128e-03 2.662801191691175316e-03 4.405450005689118959e-02 5.713247258948497484e-03
-1.099615535907182530e-03 -5.997130831682569857e-03 -1.378418391244156868e-02 -2.598332897329862397e-03 5.786770091572557978e-02 2.448173044245178370e-02 9.657894067351143960e-03 -1.658466680031923587e-02 -1.570457111109461318e-02 1.999954137512467527e-03 -4.595938278120476235e-03 -7.013229910322443241e-04 -2.995062751767155196e-03 -9.907172899439341263e-03 -1.211391639024537135e-02
3.979733625672739888e-02 -1.369667039819786984e-02 -3.288273739974256760e-02 -4.142668852075413050e-02 2.707123806689194501e-01 2.656201814808866746e-01 -2.526879295027307237e-01 7.530820857954373046e-03 3.822360589575163770e-03 6.254000710145618536e-03 -1.805184975468494130e-02 -4.076800434955478100e-03 -4.464873518676720082e-02 -6.353261975782426019e-02 1.407248859610980667e-02
3.312022399143685087e-03 6.578531108734046381e-03 2.650752929306890437e-02 3.265632715937403369e-02 -8.070243320687919830e-02 -8.944357217300455409e-02 3.269186271329803384e-02 1.144473602215555046e-02 6.882792055609003937e-03 -1.347598900589090372e-04 -1.085293981577170868e-03 -2.550646658170830066e-03 -1.385822561433396050e-02 1.767236116357363135e-02 1.174521220865770363e-02
1.751938360835572639e-02 3.242351770624001678e-02 1.150963041379556295e-01 -1.661798209398062873e-02 -2.418438562792944446e-01 -2.176453954821656878e-01 1.334121547759838967e-02 8.499854442814819278e-02 7.558880005107625200e-02 -1.214555973935683465e-02 2.621868554669883056e-02 -2.412007456218495140e-03 5.558557738173115943e-03 3.356538056897735017e-02 5.783973609292093060e-02
-2.254492380491528516e-02 -1.471940039191078353e-01 -2.789766455311141757e-01 -5.029392981059762624e-01 -1.193825218317329462e+00 -1.934857618914616328e-01 1.154447287429219010e-01 -1.707625213482510118e-01 -1.674333937729344524e-01 3.339377485511754728e-01 -1.538551514023287770e-01 -3.312182483666042260e-02 -1.471838463973694500e-01 -3.780730616304696090e-01 -2.386815146997534332e-01
-2.154959812451290313e-02 -1.067712262904909060e-01 -1.307446171897553300e-01 3.338466255064602706e-01 1.004026946987527813e+00 6.972595701006907287e-01 3.678898923106629359e-01 -1.442676468696631742e-01 -1.539773436099472481e-01 4.320100408332545050e-01 -1.016355823949162962e-01 4.985612877487922284e-02 -6.742719674794809756e-03 -1.817896905618607561e-01 -1.428769071612997488e-01
-4.145632451845817495e-02 -5.448161487685356658e-02 -7.791018931796901692e-02 3.189995750253783735e-02 3.676909907523930321e-01 4.642895249958875481e-01 -2.690399277505664544e-02 2.052710179032760096e-03 -1.888790608923487241e-02 3.774419187251898400e-02 -3.497094084184303175e-02 1.023819049179872098e-02 9.171654068003947530e-03 1.594451615969201264e-01 -6.214845372610051932e-02
3.706248338909772736e-03 -1.717345762771983406e-02 4.888117623386999816e-02 2.198453872642168808e-02 -5.463515799961691025e-03 4.612357642034195515e-02 2.688515501647543993e-02 3.068291829601801912e-02 1.776019442597661507e-02 3.427836056085693459e-03 -5.277056500733299897e-03 8.203274431743838579e-03 -2.358703250149550568e-02 -6.802211372654386190e-02 1.982321129083074868e-02
-4.469255119942179832e-01 -8.731400378023990161e-01 1.951462550091874193e-01 -1.630334107728400594e+00 -4.832610713005285330e-01 -1.031170625984288769e+00 1.514134975914428194e-01 -2.883842603622710499e-01 -2.534594437339647288e-01 -2.143896983782627608e+00 -5.270495245852373500e-01 -4.096370678322962255e-02 -1.342564404161697089e+00 -2.156461603350000311e-01 -5.061946207246632579e-01
-2.656719762252661154e-01 -1.432791335694012513e-01 -3.641285419012157409e-01 -1.244695737449806217e+00 3.722927844524018814e-01 -3.319799486207505868e-01 -8.727603759052342536e-01 -6.641501071813979973e-01 -3.013492693567479397e-01 -2.587551199621681342e+00 -2.960759557004683518e-01 3.432854346007565005e-01 1.210850688991685353e-02 -6.240637804579278747e-01 -4.405757325830444437e-01
9.326444295099703408e-02 2.997361778287863654e-01 -1.526945148920543505e-01 -7.888886384867903612e-01 -3.500103506660368957e+00 -8.938018276182968513e-01 -8.429580826734125454e-01 -3.928856037470370155e-01 -1.103210256201797579e-01 -2.691460407895852197e-02 4.757868899094726267e-02 7.725367566959687182e-02 3.881884318930867717e-01 -5.517776177930558412e-02 1.136040194877539766e-01
1.799110104548549971e-03 1.590608542344112142e-01 -2.829408644415352114e-01 -1.053684152542765096e-01 -9.019855798057647700e-01 -4.772730840286720788e-01 -3.811165981915123901e-01 -1.289987813092344504e-01 -5.591175754611686644e-02 -1.616499717388986679e-01 3.793962294654239925e-02 6.779547538339482371e-02 8.962847815876458235e-02 1.425383220939836493e-01 -1.106279517093369247e-01
-2.592169233731203559e-02 3.420300002150730712e-02 4.806555264119102833e-02 -1.968993484962141827e-01 5.101068633765948324e-01 -4.634066803305604554e-02 -2.295637521186104646e-01 7.797140770494141726e-03 1.706874160275541688e-02 1.801536488284478377e-01 -1.459845173237838377e-02 -1.602636568075813117e-03 6.002562011041691348e-02 -2.819459886556583972e-01 7.423073650820566360e-02
1.279970720837040055e-01 3.518436594317956440e-02 3.856812580517183231e-01 -1.977707788567145131e-01 8.271142783254803454e-02 1.011907163424034417e+00 2.139977938511587741e-01 7.886254253746516341e-01 7.083341253691723960e-01 2.333384912903448405e-01 2.295148721695141059e-01 -4.377647974070949383e-02 1.332171022664019600e-01 -1.865968541352561461e-01 3.818051181468072319e-01
1.388099356502078829e-02 1.550685854853499704e-02 1.286702083042358565e-02 3.758275581360584483e-02 5.515358767111667310e-02 4.292168783156822404e-02 2.080041667572084252e-02 1.214028785770642806e-02 1.161565549463290832e-02 1.471924709769274926e-02 1.303455174254081715e-02 1.537572222772622642e-02 2.004753702258992368e-02 2.224199458169172361e-02 1.065036714660535892e-02
