-5.475813216135961836e-01 2.649964047817879198e+00 -1.172484807842766763e+00 8.006293453063333121e-02 -5.220795664806106018e-01 5.734776276193544187e-02 -1.189869727021068302e+00 -3.381657825928908734e-01 5.798126570262831375e-02 1.450171355319096245e+00 1.888825621021260392e+00 -4.414129875229003130e-01 -1.102514560677196664e+00 2.980007818506702044e+00 -1.454475198267181968e+00 3.254440031135321654e+00 2.135826971599534385e+00 -1.248133473486263689e+00 -1.612330955831432711e+00 0.000000000000000000e+00
7.173023085419552580e-02 -1.204829809641371208e+00 4.281068086071162515e-01 5.798343724976146030e-01 -3.533801033310442485e-01 6.049339067255010693e-01 4.120153603858025537e-01 4.229375382194721089e-01 -6.393473275979124626e-01 9.583168165694339047e-02 1.617929085458730543e-01 6.453568473535409300e-01 8.220968529520816803e-01 -8.831356833546400997e-01 7.705146549648663745e-01 -9.629449407522404636e-01 1.262352776962565037e-01 4.455819879243669845e-01 8.918076506919989654e-01 0.000000000000000000e+00
9.733087200757573054e-01 7.085099831655343738e-01 1.730041004985620079e+00 -2.340394629601397991e+00 3.497059503970751937e-01 -1.790786163216012028e+00 1.854781991015119536e+00 4.453664710093740986e-01 -1.623695346700285980e-01 -5.296217430232860401e+00 -5.226760315922897249e+00 -8.436147653808200308e-01 -4.158141984100213406e+00 -2.433594242849360101e-02 -1.498709055923902689e+00 -7.335130657855591652e-02 -1.253959705768264543e+00 1.491806239753197261e+00 -2.156880779514203983e+00 0.000000000000000000e+00
6.317970533262275978e-01 8.226063647988338667e-01 -1.522429164342115060e+00 3.011585764365626305e-01 -5.453377720166100451e-01 -4.754015904021469119e-01 -1.419910010383045762e+00 -9.677861617147360818e-01 -1.216559809065072661e+00 -1.942554589047474689e+00 -2.832988311280636662e+00 -1.162518218376633161e+00 4.240939762834363136e-01 -4.926906821123495650e-01 -7.553087210964914977e-01 6.057476590737746747e-02 -3.061258296800238643e+00 -1.551845903479526445e+00 2.390044779206460801e-01 0.000000000000000000e+00
2.069670874126013360e-01 -1.213394788779340594e+00 5.641314974827953410e-01 3.326588002121800836e-01 -7.782992155436394520e-03 2.056573464433457399e-01 5.685556261619136853e-01 2.896652495333684740e-01 -4.006906701982321239e-01 -9.296456479691579677e-02 -2.980952297597004863e-01 3.941216952586171773e-01 4.502749857247453358e-01 -1.364232420241236143e+00 5.794604362364953465e-01 -1.312067718855737031e+00 -1.323701268208627102e+00 5.613413754136249434e-01 5.155905878044719781e-01 0.000000000000000000e+00
-5.206354121793631551e-01 8.206701656557501279e-01 2.243095922777672335e+00 -1.821815676079460378e+00 -7.896121956035568878e-01 -1.019679433858514894e+00 2.005487201023238519e+00 3.949741776392614589e-01 -3.775396528558376819e-01 -2.194234419862152841e+00 -2.680028657370959522e+00 9.478019812857290116e-01 2.735208223887509948e+00 2.269395654491255243e+00 2.796005441918164358e+00 2.566204166896767447e+00 -8.608053669224513538e-01 2.639323348117634804e+00 2.589323552943417095e+00 0.000000000000000000e+00
-8.064975352835657141e-02 2.611391115815867359e+00 -1.679362947087859048e+00 -2.635586299227417051e+00 -3.537983001701797310e-03 -2.304575563015168971e+00 -1.616876498517534566e+00 -2.033067653954929721e+00 6.784190444261228858e-02 3.132810757550029468e+00 3.064887482379125672e+00 -2.714206678074872592e+00 1.652576539457067284e+00 3.889062589949243698e+00 -2.519467585077005189e+00 1.845385193112583533e+00 5.425683796414018545e+00 -1.609873694346278139e+00 -1.144869291632935937e+00 0.000000000000000000e+00
6.995630674552559825e-01 -6.044409593076029985e-01 1.228349100264045646e+00 -1.705679547138150065e+00 5.017022402088688882e-01 -2.720370488024832500e+00 1.319524742627127045e+00 -1.749170445602901802e+00 8.932755025664119997e-02 2.504280666287117096e+00 1.871502778303637982e+00 -1.661470483392431197e+00 3.113536706837756629e+00 -2.863977655919703880e-01 1.296828269162648262e+00 -6.524043631428917411e-01 6.041935457729680214e-01 1.016188375453010773e+00 2.222095506668821940e+00 0.000000000000000000e+00
2.951128003985057369e-01 -8.703329329770710387e-01 7.471602624752592403e-01 -4.656362190865939721e-01 -3.515624260359290765e-01 -5.095490813543877007e-01 7.620180682064893185e-01 1.945264004394196000e-01 6.964749530239480180e-01 1.399368611590376288e+00 1.518156451152360198e+00 -4.245318046879933971e-01 -1.805367748819876716e+00 -6.570645919915131250e-01 -1.804946098068054727e+00 -8.452444129749718815e-01 2.051265061906685450e+00 6.022283313628697954e-01 -2.113584078030711577e+00 0.000000000000000000e+00
2.665954066364198738e+00 7.811445124809111851e-02 -1.986233352367082317e+00 -5.009942291944023296e+00 2.525644078196157549e-01 -5.228136099844246765e+00 -2.084041616617061887e+00 -2.885309940428133491e+00 9.479627488301772820e-01 -2.196417290876456097e+00 -3.105755355030971554e+00 -3.889597814404896603e+00 4.198283820231670654e-02 2.344987180928898240e+00 -3.153614037391237468e-01 1.355066158770109830e+00 -1.843496564168374485e+00 -1.691907844966152430e+00 8.041027022962677906e-01 0.000000000000000000e+00
-6.142652892556520194e-03 -3.566155279783335928e-03 -5.081347098933905460e-02 -4.083838041059544705e-02 1.715044504768018603e-03 -3.249900699382059222e-02 -4.901070178369663910e-02 -2.944750695473976818e-02 -2.483858109713553419e-02 -7.110223257083865545e-02 -6.663511620595148621e-02 -6.163335545541159116e-02 -9.469935450296722290e-02 -3.914109899959139494e-02 -7.882108709497687160e-02 -1.676345866337477369e-02 -6.139879439893728211e-03 -4.931505915404035129e-02 -7.447299234608531493e-02 0.000000000000000000e+00
2.474076079562830682e-02 2.887687122984619603e-01 -4.684484280319366201e-02 1.222848638401650284e-01 -1.157440575247970383e-03 2.021727165529788039e-01 -4.245559967732257661e-02 8.607257581855930206e-02 2.139731305000252271e-01 6.399748825522764972e-02 1.379584257367615641e-01 5.954424180234049735e-02 -1.877583257852529219e-01 5.382432949288256108e-01 -1.984597191885265066e-01 3.824431621512314750e-01 2.667038229735428922e-01 -2.869078674116237737e-02 -2.230454275465582337e-01 0.000000000000000000e+00
-1.411797221018884670e-02 6.904349126459949360e-02 2.335406902030125187e-02 1.832522267494706703e-01 8.509348598899898336e-03 2.234088309267039663e-01 2.253818175162180734e-02 9.273837983853651379e-02 1.212397734336488758e-01 -2.139332789594260986e-01 -8.368388338515937719e-02 1.931487720827421428e-01 1.018614767016387396e-01 1.470306728240734773e-01 1.924275584204614420e-01 1.463746032411107900e-01 -3.588999310627762340e-01 3.409955668057793737e-02 1.663915457840984269e-01 0.000000000000000000e+00
1.648266005809232992e-01 5.594638372074712818e-01 8.300315419399105499e-02 -9.275395610871850494e-02 -8.327033848545672273e-03 -6.190377675568322635e-01 1.380791759527896512e-01 -1.184815678298504898e-01 3.077273914560403334e-01 -1.515497698293561513e+00 -1.865223193844636418e+00 -3.823964499190803945e-01 -1.321388900241593278e+00 5.906067508629351259e-01 -9.831026931876072350e-01 6.680451540139945577e-01 -5.814045548121536955e-01 5.038248870858638012e-02 -1.244663703315652237e+00 0.000000000000000000e+00
-2.436887638577280718e-02 -1.162469322340312639e-01 -2.532895844307032560e-02 1.424720476147139647e-01 1.427039787488566525e-01 -1.411079188684383201e-01 -1.291622006721731240e-02 -3.998893416140748142e-02 4.043670642239473589e-01 -2.167082494995694331e-01 8.284284654134825565e-02 2.470722395901736937e-02 -3.013336092472463368e-01 -2.478497580957057522e-01 -2.564732256008661615e-02 2.125705431339798904e-02 -1.199578414949972416e+00 -6.745736615827452320e-02 -6.688227704389546058e-02 0.000000000000000000e+00
-9.806631824439322048e-03 -2.212426582465592401e-02 -3.688132594449287094e-01 1.300378020085801167e-01 2.661843126143773608e-01 -2.005966605013178861e-01 -3.262258178168953582e-01 -2.662808496821711945e-01 -1.713356634256349709e-01 -5.157937691699261418e-01 -7.565098712034122874e-01 -2.918652136452408730e-01 -5.809189626676986018e-01 -5.046627519648853033e-01 -6.614591366846124254e-01 -5.811298351425709940e-01 3.660920150237884866e-03 -3.463126827506812222e-01 -6.092098243656908219e-01 0.000000000000000000e+00
-3.620232334510916861e+00 1.892640793816646738e+00 -2.930876972106691625e+00 4.669264875928182512e+00 -1.943668562681464929e+00 5.173985982610303402e+00 -3.289741516245877406e+00 2.140661890631263109e+00 5.459878764969026133e-01 6.238475263739957200e+00 6.564551970910402545e+00 5.028776759826034670e+00 3.546493543678468363e+00 1.426202850697048108e+00 3.077897640275217395e+00 1.852692840822149689e+00 4.764370253561336810e+00 -2.341789564063506468e+00 3.059003527588419757e+00 0.000000000000000000e+00
-5.118010406990892713e-01 1.209027117266406437e+00 -1.857033868285641764e+00 -2.678874620220491387e+00 8.901098879391985963e-02 -3.587958628476871414e+00 -2.127940407026363889e+00 -2.079875351260191074e+00 -2.575653128542681802e+00 2.385797512168883472e+00 3.293010430941686995e+00 -1.404171341743806423e+00 -2.342657929049019927e+00 -9.256733536289182274e-01 -1.144602088282338670e+00 -1.733802161877097125e-01 4.997189064839020034e+00 -1.470622645500156311e+00 -1.469324145244480961e+00 0.000000000000000000e+00
7.270482013558575429e-02 4.247699742482235474e-01 9.471009013350483174e-01 -4.104965836198494200e-01 5.597996821798131295e-01 -2.778276893203482367e-01 8.266488335889244921e-01 -2.905949776785953231e-01 9.320426953862490649e-01 -4.955625125470214908e-03 1.211201903814166592e+00 1.567806361901338041e+00 1.560464340035328856e+00 -7.573396574245736534e-01 2.778435222464330945e+00 1.409434444117677598e-01 1.055909608852739989e+00 1.079262177535750711e+00 2.535809169101327587e+00 0.000000000000000000e+00
-1.376451794725797040e-01 -5.142219502327194380e-01 -1.814764118129676418e-01 -1.970408693873147987e+00 1.170805806827348028e-01 -1.474097344042988089e+00 -2.576277347710038135e-01 -7.248490088191876790e-01 -3.337817141312306446e-01 -4.636485340048788206e-01 -9.836018460351961257e-02 -1.161561518461459608e+00 1.403978494710794056e+00 1.140685818101225962e-01 1.397401073545956995e+00 3.045951604484301578e-01 -6.921885323544612056e-01 -1.391694045238107136e-01 1.631843046000173159e+00 0.000000000000000000e+00
-3.568140292813003267e+00 2.210455104302370355e+00 -3.788906532002341621e+00 -1.632536207847303522e-01 2.395639671557299621e+00 1.442496640966218546e+00 -3.699690715685595155e+00 9.993014764661874993e-01 -3.114517334708189478e-01 6.281738258847645362e+00 5.127404530096812074e+00 3.177116569469643270e+00 5.822673475067433380e+00 2.917044257918846029e+00 4.675686067944187840e+00 3.638698387202102591e+00 4.653410535145289018e+00 -3.982084807305351859e+00 5.422954610960727173e+00 0.000000000000000000e+00
-5.507942614547431504e+00 2.811589096662712617e+00 1.111396241339632995e+00 -4.230004294210280236e+00 3.581410981134637517e+00 -4.512581566478421458e+00 1.737511475997853383e+00 -3.895023633380894079e+00 -3.708298556815218472e+00 7.102986237249808710e+00 7.253191044034410950e+00 -3.076879947005296767e+00 4.114401831967516188e+00 3.061286035063421007e+00 -1.519256010558922343e+00 2.945156399774413458e+00 6.868888000206261779e+00 2.249786846036575527e-01 3.269271715562256375e-01 0.000000000000000000e+00
1.020436833785828418e-01 -1.567104213308065652e-01 4.552728389128894548e+00 -4.589434753922752463e+00 -8.445505731866927990e-01 -4.777703268704926565e+00 4.708811582190860712e+00 -1.648575084305271776e+00 7.816000170403751834e-01 2.228900797619426388e+00 1.607267997835056361e+00 -3.964033213903376929e+00 3.242212840161222243e+00 1.768960988322779260e+00 2.531872305220239650e+00 -5.029467322628025650e-02 2.215143704798433699e+00 4.446860762748159779e+00 3.746426899158528556e+00 0.000000000000000000e+00
8.979052024983581459e-01 -1.647804399865640201e+00 2.278512799224188257e+00 -2.118000093072818224e+00 -9.024183563511598560e-01 -1.429963717620168273e+00 2.523627069185049532e+00 -3.837100001648656167e-01 8.180565925805245719e-02 2.605473005935341924e+00 -5.214487338343366807e-02 2.930580409852233670e-01 2.041108719716260289e+00 -1.371102998349706462e-02 2.170123377711346835e-01 -1.025084618028951899e+00 -4.598685391791666355e+00 1.505145516946198470e+00 2.467860728684885541e-01 0.000000000000000000e+00
8.573991916293947080e-01 1.633430191522599051e+00 -1.149185170049075860e-01 -2.593553712188138682e+00 -5.539473608332023957e-01 -1.476945942374731313e+00 -5.261747389126068819e-02 -1.429663029885700487e+00 -1.532770950805383725e+00 -1.600670320790470669e+00 -1.695803671821183745e+00 -7.562974081345247290e-01 -3.856262667875229311e-01 1.612278757587911393e+00 -1.003102469078507086e+00 -5.824042435298939502e-01 1.785709925133068143e+00 -9.605195824759005241e-02 -7.939809730807459998e-01 0.000000000000000000e+00
