-9.192922266682180821e-01 -1.383690508962443833e+00 3.002256993749582659e+00 2.493791174917666442e+00 2.117262091734059659e+00 2.102414546329408829e+00 2.075067019350631981e+00 6.477051705146248395e-01 4.762106077124013681e-01 -3.689857092574155839e-01 -2.250827002531355259e+00 -1.095181716986929121e+00 -1.349134785585127394e-01 1.540124591075000104e+00 0.000000000000000000e+00
-4.335049561245092331e-01 1.823765668792682315e-01 1.742387382742910662e-01 3.155450220893057239e-02 7.663011806897100930e-01 -1.099439504715520766e+00 5.259534945953915352e-01 2.735630577452889400e-01 2.547911418483051471e-01 -3.758806928114970525e-01 1.738717088154198009e-01 -3.960651283646480780e-01 1.571532535268387043e-01 -7.113928088631908953e-01 0.000000000000000000e+00
1.641356960622818884e+00 -1.635899190715456308e+00 2.034892511201355170e+00 -3.949169732911087749e+00 -4.684680748905827863e-01 -3.561221530202733465e+00 2.131213326029172350e+00 2.904919718089073566e+00 2.819264446828661175e+00 3.463253225807186308e-02 4.919483090316304486e-01 5.497023831078539091e-01 -3.237636479940919187e+00 -1.163900337706295751e+00 0.000000000000000000e+00
-3.181614785900649389e-01 -1.836948026852753380e+00 4.711646469218279121e-01 1.622744124637234941e+00 5.079859267493565866e+00 -1.652411133122133613e+00 4.272652248270023101e+00 -1.240971098911237691e+00 -2.527735884837608360e+00 -1.408654530236594704e+00 -6.274371017397003536e-01 3.284013962729913638e-01 -1.330236393304425002e+00 -2.179012124801290362e+00 0.000000000000000000e+00
-9.208648582685859466e-03 5.983079345647670522e-01 -1.094271652592405220e+00 -7.326995222594333557e-01 -7.357612220169212902e-01 -1.296874395688260684e+00 6.847770409017701898e-02 4.112816593373500029e-02 7.364449012710250209e-02 -2.102121806340846721e-01 8.538759961237922802e-01 9.034841445111397445e-03 1.633854867443103043e-01 -1.470505283376494443e+00 0.000000000000000000e+00
-1.705591941596782679e-01 1.367529049212057979e+00 -5.935319036717739971e-01 -1.884320793414354211e+00 -5.622275900121613823e+00 -5.165033414649344845e-01 -1.956697359997490171e+00 3.131446466191689648e+00 3.370038957881551944e+00 -1.852226285781718662e+00 2.737330208432589451e+00 -4.295414261210610540e-01 -2.412981700985834976e+00 4.509338348256301643e+00 0.000000000000000000e+00
-7.095759629436639848e-01 -1.249728487840530589e+00 1.690510046498179930e+00 2.214851828921561072e+00 3.192067216362313165e+00 4.390971487186332567e+00 1.729648746200309839e+00 -1.685037792926943556e+00 -1.991198849851988584e+00 -1.033785853982138320e-01 -1.977776447395267256e+00 -1.606441659947055456e+00 4.090013651543572548e-02 2.348326500203350875e+00 0.000000000000000000e+00
9.610892222135398733e-01 -8.021409690325882469e-01 -1.566048781026977199e+00 -1.651301726363181066e+00 -2.370797970958994583e+00 -1.236418354531740649e+00 3.117072196903547088e+00 8.727611784892539415e-01 7.191595994581255757e-01 -5.744494566587120959e-02 -2.297574108016918817e-02 8.307601844222506360e-01 -2.001985905220361683e+00 -1.087473065184008325e+00 0.000000000000000000e+00
-2.413222705808387367e-02 6.711493565038058051e-01 -5.147540300419189974e-01 -5.834118601298257101e-01 -4.101772159152956121e+00 -1.304658468618874467e+00 3.311177246374368832e-01 2.841988315806367460e+00 3.085214158172831844e+00 6.848306556973291492e-01 6.335284641397180561e-02 2.428411658661587813e-01 5.532129699404010337e-01 -2.041087788864426766e+00 0.000000000000000000e+00
-2.172595258968601062e+00 1.324009674126846781e+00 3.601645738103925964e+00 3.525981069816759850e-01 -2.429233492932725724e+00 -2.386947209878966358e+00 1.393717523961284233e-01 4.879271175564690921e+00 4.688042702541906692e+00 -2.556967870792584474e+00 2.007187825484140209e+00 1.348587833780259038e+00 -2.658180642861042386e+00 9.330648019031426710e-01 0.000000000000000000e+00
3.816858243867803785e-02 -4.174495914015704384e-02 1.322937069184944130e-02 -9.598496040998379802e-03 2.556473833445227842e-02 -1.638651356315060439e-02 -2.468360917231079976e-02 -2.670919971149452940e-02 -3.402390920797473961e-02 4.818532671862051781e-02 -7.074655945521324263e-02 4.169918093172345075e-02 8.883196789763842319e-03 1.763504395674202196e-02 0.000000000000000000e+00
6.689140310404744112e-03 -9.363494219247198158e-02 2.982716353405710508e-01 3.277004232965607389e-01 3.731353565714389808e-01 5.618658788361606815e-01 -3.488867117902207382e-01 -1.579068955988754963e-01 -7.878597967568942706e-02 -4.787234037178720453e-02 -1.086045015230301808e-01 -2.142578854775894492e-01 -7.375416308576647484e-02 4.562269905751945021e-01 0.000000000000000000e+00
1.156268924368753087e-01 5.892042034754485513e-02 -1.121898525273249680e-01 -4.080930865497749138e-02 1.915522316442709316e-01 -1.416595521529771806e-01 -5.798831873449730168e-01 -1.904840113113513145e-01 -1.408904436917257919e-01 3.093309432954419180e-02 2.073369636744573641e-02 4.485153833136844292e-02 6.015331212517666809e-02 1.009993073710440115e-01 0.000000000000000000e+00
-4.427865474782263777e-01 7.785677189055520975e-01 2.777466522416698891e-01 2.845941994668640396e-01 -1.938482375275468961e+00 5.394910121178196905e-01 -5.979488115982030116e+00 1.676598307305273705e-01 2.616166250021346729e-01 -5.540058787625733450e-01 8.788813373286956665e-01 6.876580253428309364e-01 4.308467503738880322e-01 -7.935007282843983822e-02 0.000000000000000000e+00
1.274105234326483593e-01 -5.404878506523953102e-02 -1.732067511470094523e-01 -3.965509387208367431e-01 -2.674636343990681175e-01 -6.198601852050552585e-01 -1.959745196543827506e+00 -1.067748620824358063e+00 -5.609959672591579016e-01 9.601699856436064773e-02 2.582251972259650974e-01 1.368940002398153499e-01 5.626320506929859133e-02 1.248923325605663104e-01 0.000000000000000000e+00
-8.765523186627186547e-01 1.233108741274807074e-01 9.783138171171191777e-01 -1.612634424137080746e-01 -7.887705012276809147e-02 1.086416601668801718e+00 -1.959554461873706105e-02 1.968989397706930738e-02 3.207765604004451654e-01 -1.429376379941336983e-01 4.617640735493985793e-01 -5.247979754088550469e-02 7.813256108284166723e-01 6.902954274964420156e-01 0.000000000000000000e+00
-4.296799906690973003e+00 1.982693206480877990e+00 -4.795017787082913041e-01 3.980666698320042052e+00 2.816591143694244792e+00 1.962042692478814132e+00 1.163146877929613465e+00 -3.308971961696037578e+00 -3.808674196019871339e+00 1.019970034662763370e+00 -7.662398086685455745e-01 -2.995959591711184533e+00 5.121272729004425095e+00 -9.733648888674815147e-01 0.000000000000000000e+00
3.350066225315728285e+00 -3.849981999599725313e-01 -4.089050057804790583e+00 2.497052914339568552e+00 5.349330762526075311e+00 2.133916926165914330e+00 -1.849032123400695116e-01 -5.375285454965657905e+00 -5.424310736429864832e+00 1.776891904870761874e+00 -2.147577245007465496e+00 -3.258999619739364029e+00 -3.447499787024834728e+00 -3.084688598503934287e+00 0.000000000000000000e+00
3.692848822356197824e-01 4.893310599163333552e-01 -2.194509603846622525e+00 -3.323161378627855767e-01 2.854194816819011216e-01 6.377907545775355347e-01 1.484607224156338834e+00 2.468561711430498296e+00 1.979844289544253400e+00 -1.207724377190795007e-01 -6.925807837269546408e-01 -1.797154852599695873e+00 -1.020301348630466398e+00 -1.755133690264488511e+00 0.000000000000000000e+00
1.487916235173437039e-02 -7.505735643749753550e-01 2.119361400032417908e+00 -1.448957224944005917e+00 4.173478433500195650e-01 3.871628130032339632e-01 2.837133331125840652e-01 -8.631359222793834052e-01 -9.336278227777595751e-01 8.765681960219923186e-01 1.960773214561571109e-01 2.271199173876093658e-01 -1.153802748478366613e+00 8.595579700342070861e-01 0.000000000000000000e+00
-4.273179594537853454e+00 -3.891453410698013204e+00 1.935413156965779979e+00 3.485744614843063083e+00 4.752347874260540728e+00 3.970880066911349093e+00 7.747326117891055297e+00 -1.299879856592022653e+00 -2.159401903170330872e+00 7.970989106585137096e-02 -3.179052086166616942e+00 -3.085773473890224050e+00 8.971678364430221708e-02 6.430757220557071108e+00 0.000000000000000000e+00
1.323411242927076570e+00 -7.831522671116041501e+00 -3.890346459080795682e+00 6.736352231810989188e+00 9.538995607134676646e+00 7.450934944654822090e+00 -1.480982224928568680e+00 -8.662764054169842964e+00 -8.815028207023569706e+00 3.556483693450492645e+00 -7.812536776074292533e+00 -5.387131701761874503e+00 -8.309908914599954954e+00 7.352146257688075615e+00 0.000000000000000000e+00
-1.381515196085000730e+00 -3.797323173600532231e-02 -2.136049209343889199e+00 -6.979980575186214287e-01 -2.792576161191381967e+00 2.605714786507221437e+00 -3.038115978038137044e+00 -2.462993332987429618e+00 -3.494853468553227760e+00 -1.759684858588566714e+00 -1.089728991344678793e-01 2.734555018613477273e+00 -3.632940998546172473e+00 4.692844257288244059e+00 0.000000000000000000e+00
-3.222822792573142858e-01 1.271740400000272719e-01 2.487846147894178461e+00 2.146165594086022921e+00 -5.234922027960617008e+00 -3.606535859556159185e+00 -6.211511518822385725e+00 2.194381426407086444e+00 5.791611712658190081e-01 -2.661119682019612132e+00 -1.708400168132657715e+00 3.210386709799445626e+00 4.151444634985207216e+00 4.687155598323354266e-01 0.000000000000000000e+00
-1.337976669851446143e+00 5.739202949871751169e-01 1.311862999053813317e+00 -3.606393351076952469e-01 -1.941722309962810256e+00 4.488528006288657224e+00 3.986341734420930205e+00 3.616316224267167367e+00 2.454132847789987082e+00 -3.807502357541899252e-01 1.189906519685930419e+00 -8.830683227963135318e-01 -2.919423777156036071e+00 2.285092146100945243e+00 0.000000000000000000e+00
