9.672020098318530323e-02 1.196947997526294216e-01 8.018294449467485707e-01 1.591778972824534344e-01 1.465176461203749891e-01 5.656624560168894700e-01 -1.863525508980233905e-02 -4.746774251382031018e-01 -1.988926782310383029e-02 2.432320732563443555e-02 5.307052380743788877e-02 -1.217405612359200529e+00 7.434600921253010919e-02 2.404562987057182466e-01 1.300272548569667008e-01 1.025418674279833658e-01 -4.260536809163233407e-01 1.084078770094868416e+00 1.044460277314276375e-01 1.119734895594386298e-01
6.653043307199442147e-01 6.028593721173284292e-01 1.697061640085444079e-02 7.798607034137132743e-01 7.187876026482612479e-01 5.919383212952591955e-02 -2.157571683109650307e-01 5.054841344145866167e-01 5.051569504039612468e-01 5.510273317719831532e-01 7.559644666376431621e-01 2.662943503991395566e+00 2.491418953686646842e-01 4.035606201848238594e-01 5.233236477620263338e-01 9.460630293200750218e-01 4.056675810446994657e-01 -5.717639604906813444e-01 1.803646027509095973e-01 6.540140344051574850e-01
2.832657917445641771e-01 9.167916226076595898e-02 -3.988907029124732495e-01 1.364642214184283719e-01 2.637192570788337437e-02 -4.207181184293644627e-01 -2.165702657972193024e-01 -2.870065916145859153e-01 8.420521338075205586e-02 6.414850908132270491e-02 4.808675233191564424e-02 -1.979777965156411523e-01 2.529723860619441100e-01 1.343866265585752784e-01 -1.887000368624500712e-01 2.654846573992852843e-02 -2.433204305049703753e-01 -1.158003225380666468e+00 -3.300236045448970978e-01 1.789493371848391856e-01
-2.099722189912841749e-02 -2.215158327852588191e-02 -2.066576267157815006e-01 -2.311992103834730611e-02 -2.497933585782926430e-02 -1.384275328782328951e-01 -7.722487985980970582e-03 8.007522356988512613e-02 -4.804705349672011225e-03 -9.827894996170202097e-03 -1.327311059844413568e-02 2.433568971621770383e-01 -1.795046725992919395e-02 -3.460050295787589492e-02 -2.077242389131245953e-02 -1.755948900342202065e-02 1.800917858183296583e-01 -2.388325526595621029e-01 1.375573314135817779e-03 -2.576890265552274004e-02
1.689999546120199980e+00 1.317359671224908269e+00 5.750018661484006088e+00 1.002094026855034015e+00 2.695637532360393607e+00 4.972560558622925342e+00 1.168164232775667610e+00 -4.104950245314007873e+00 9.885047350003232092e-01 6.881922222805172407e-01 9.207606655219239267e-01 -5.022653121517793195e+00 7.672244538597197128e-01 1.677424115797331527e+00 6.897298403515315091e-01 2.832215543799110335e+00 -8.961887490791669020e-01 2.117357994991545311e+00 3.565579017940420647e-01 7.586493228662951616e-01
-9.148692397263462339e-02 -6.619687346313066732e-03 1.119119594551427205e-02 -6.040992286749814755e-02 -1.325690909002326043e-02 -7.494429530728133337e-02 -3.750672115560047676e-02 -1.805260329295765159e-02 8.835821688054235762e-03 9.223006967886335922e-03 -1.990271879886988324e-02 3.993970522425118741e-01 -1.902141126768052137e-01 -1.351018112569135066e-01 4.964000370297827480e-02 -5.013110187185693817e-02 -1.758538275370601436e-02 -2.537899758463685873e-01 1.937529217446495311e-01 1.526143622892858764e-02
-5.120803624724792891e-03 -4.709456467477266678e-02 2.950128029469692437e-01 -1.414241107633487302e-02 -1.022735881491740884e-01 2.558428042218472975e-01 8.567677502707421455e-01 -4.185229050439838727e-01 -9.083721582399678640e-02 -7.371083847597724448e-02 -1.041390289571211963e-01 -1.708603280161752114e+00 2.367311243234437867e-01 1.395797330856584917e-01 -1.539265716103298265e-01 -1.513266916313681376e-01 -1.436962584594469183e-01 6.286198871478451133e-01 8.523843757932435261e-02 -1.313243355749155183e-02
-4.871130594454044227e-02 -1.599168967511481465e-02 2.681771203454328956e-01 2.655520704419241790e-02 -1.804662835720024713e-03 2.848379407780460837e-01 2.222557365081297698e-01 1.432430795603455154e-02 -1.146821890533129655e-02 -1.297552207951439135e-02 -4.659135268912854670e-03 -5.126624013134206681e-02 1.873264980831845089e-02 2.315998122544993959e-02 1.964592045374162488e-01 4.950296339621713428e-03 4.816037435806244660e-02 5.558099210971686466e-01 2.097410021629148580e-01 -2.661413670851420568e-02
2.024204326180694680e-01 2.246336711567573918e-01 3.101287529218532124e-01 -1.674597975410765105e-01 2.439617728029426225e-01 2.579536103295696492e-01 -1.317498967434664436e+00 3.571954922361111340e-01 2.936622051216854490e-01 1.373549314330781979e-01 2.445244175006520138e-01 3.749014938224921045e-01 -9.240698064055266059e-01 -2.401887702879474396e-01 2.723738470807520184e-01 3.011217024784004215e-01 4.772206219205895050e-01 1.121616800998328722e+00 4.442910562682088060e-01 8.144190444019870634e-02
-3.012913266751792829e+00 -1.125082993426552713e+00 -2.182652995172624788e+00 -2.446214726799577743e+00 -4.774567808966887483e-01 -2.075740890646234682e+00 -8.325987285045506336e-01 -1.143777111787878387e-01 1.539692709567967110e+00 6.547623462153110419e-01 -4.581635521679733314e-01 -8.075490828179245906e-01 -1.798659393920339911e-01 -1.927710811959190362e+00 -1.461360166820523832e+00 -7.841441353686996463e-01 -1.187364817913402204e+00 2.778340518399901593e-01 -1.480589368243735438e+00 -2.534229475335718629e+00
-1.382937169334599037e-01 -2.502647177535553547e-01 -7.184187354098612310e+00 -5.961632433829265887e-01 -7.005126172933332507e-01 -5.963716348745828455e+00 -2.679608462310841155e+00 2.080746509115297016e+00 -7.660355292003962445e-03 1.788927457699352255e-02 -5.017304150090941273e-02 5.202725122155298365e+00 -1.498810743178593974e+00 -1.487610873154410651e+00 -1.538035899231302128e+00 -3.201510772606043220e-01 7.707592778937668587e-01 -2.410628321703730814e-01 -2.622873816821078008e-01 -1.168900693559696002e-01
-2.620026796480917408e+00 1.244653952222180004e-02 1.342964401892800419e+00 -1.674931711199430628e+00 4.878172489768226039e-01 -4.004813958329029866e-01 4.609707703905503440e-01 1.194754206726669210e+00 2.004894446449907441e-01 -4.672538031229921812e-03 2.630152538853380850e-01 1.808914687556404832e+00 -4.403035405685516435e-01 -1.950154296947486987e+00 -2.898379137994822496e+00 1.461187068514321341e-01 -3.647388162606345352e-01 -2.927445633690344273e-01 1.186281989105515633e+00 -1.170344945809243198e+00
-4.782491267369835874e+00 -2.107938086596785610e+00 2.088671842975747150e+00 -1.213700417374102836e+00 -2.906485101480182909e+00 1.296391096083427508e+00 1.344215404233926714e+00 2.151209239993649547e+00 9.608945753898672226e-01 2.838736951708177858e-01 -9.933891591910450902e-01 5.169890634822116304e-02 -3.426587584616433979e-01 -4.029297211017509039e-01 2.247632903866016552e+00 -4.068914073381322716e+00 1.812570779942673571e+00 -1.859512500583231365e+00 1.802226614416285067e+00 -3.038823329039834320e+00
4.236137837704239684e-01 2.076980656846307283e-01 -1.115452206247123268e+00 1.768939336130604945e-01 4.871105920760212538e-01 -1.042476217872924549e+00 -1.407255685475535811e-01 2.469842857539851499e-01 -2.297922204901199292e-02 2.896215547264740370e-02 3.573559993072414342e-02 -4.826383533766835932e-01 4.922362200443688440e-01 3.428193810665843833e-01 -1.058424947349763112e+00 1.269002363283339152e+00 5.587955027949464970e-02 -1.215141954724854867e-01 -1.068244112838096616e+00 2.094389391722957516e-02
4.998023901127013335e-02 4.436382196688878204e-02 2.058835413316450591e+00 7.988295428425262745e-02 9.812064541305350052e-02 1.596940548460544118e+00 2.532758056516899448e-01 -2.387229095577891314e-01 4.747226910367087493e-03 3.236572838534393023e-03 5.230682681118961098e-03 -5.402299700592436693e-01 1.742240636907217977e-01 1.807077186947706193e-01 3.548162041416853540e-01 1.877354847403978760e-02 -3.692780667072604883e-01 3.905561444067860433e-01 -3.680520583165780568e-02 6.362626042977581609e-02
4.377984394714447558e-01 -1.366453570739155007e-02 -2.296330489258711083e+00 2.496109676247776910e-01 -1.258442928558270724e-01 -1.137459869681252123e+00 -7.859152823226901730e-02 -1.659688119335488432e-01 2.009890285365157833e-02 2.525756122945402651e-02 -1.232333593975149834e-02 -1.693464368584401414e-01 2.613494800584514888e-01 3.820272780765631149e-01 5.060243742077272788e-01 -2.085029051349851226e-01 -1.936300419872061251e-01 1.739172367504605576e+00 -2.045601803448204858e+00 2.080614129106587717e-01
-1.377925110449498558e-01 -1.520338975759241151e-01 -7.340450347712360601e-01 -2.018210263997879672e-01 -2.373149875213891313e-01 -4.928340104090132567e-01 1.347464406242825374e-01 5.563252988582430003e-01 1.101887412269353661e-01 4.864958851959349379e-02 -1.308539579347430329e-02 4.611130711553819705e-01 1.456830803776444638e-02 -2.473341674855163985e-01 -9.576927604512727732e-02 -1.936373108193240600e-01 1.718448733105289172e-01 -1.285700167312439302e+00 -2.547669935890497506e-01 -8.581413350320572786e-02
8.595388713651470197e-03 1.353637801169794638e-02 4.327467249354605139e-02 1.122395973496556447e-02 1.566980589160112472e-02 2.584612384125947043e-02 1.425757480385844364e-02 2.411060222902322928e-02 2.145152781317233651e-02 1.495844703777872257e-02 1.463435722021441156e-02 7.236995095921931742e-02 1.524918674990418180e-02 9.326201145622969521e-03 2.083018949455430965e-02 1.698987982044130110e-02 2.546040982825757346e-02 6.338354932269334163e-02 3.061696719789246471e-02 9.521607206491420825e-03
