-1.390364205197153202e-01 -1.119305193470753329e-01 -7.124329156876740843e-02 -8.135752298326741350e-02 -6.869656380395924855e-02 4.960382824322522033e-02 1.793156539370931446e-01 -4.904594718024311850e-02 7.833565794629768209e-02 3.196388771492805758e-02 -1.215725643565972180e-01 -1.212409028609594958e-02 -1.060796603681799094e-01 -6.570544837182355769e-03 -1.097432668073212159e-01
-3.111577119722350737e-01 6.220599677766212032e-01 -4.888941613991401591e-01 4.213376291841488541e-01 -6.041787810001095771e-01 9.409531400539124929e-03 3.637814522659718955e-03 -1.500680519821110115e-01 -4.173153075499143605e-01 -1.938602924943425010e-01 2.088853894951414880e-01 8.950332363307746952e-01 3.725256532003234922e-01 -5.485818887968469948e-01 1.973822813150568622e-01
9.765198875089300956e-02 2.048234696126351451e-01 -1.459475049730241669e-01 1.677671183679967370e-01 -1.860179333704805871e-01 -3.146219467928807467e-01 -2.049083474598487054e-01 2.426827421253541922e-02 -1.381655175095795329e-01 1.257764658589923534e-01 7.640378286683328912e-02 1.065016858602660932e-01 1.758014466109723006e-01 -5.096615863250814754e-02 1.996601783411837139e-01
2.281142359095401570e-02 1.129337911950246270e-02 8.089684937652370442e-03 5.729494923272205123e-03 1.456862115067389905e-02 -5.254367036953547232e-03 -5.013564854070697713e-02 -9.700306681318850849e-04 -1.814902571800668454e-02 -4.892644509446481341e-03 1.588753745930105918e-02 -1.178287254731310131e-03 1.143807230457133568e-02 -6.008865334327673571e-03 1.190895013086834195e-02
-6.064869544067245100e-01 -4.885882485392246677e-01 -8.033824456966277561e-01 -9.570173443921781153e-01 -7.925244842084564478e-01 6.113163401630665739e-01 1.731647385463065125e-01 -1.639901008029090335e+00 -5.673972579148274520e-02 1.189388249052946156e-01 -2.260065460773128976e+00 4.717223686185562648e-01 -5.333320227114755063e-01 -1.574078528194841731e+00 -1.313585350622933579e+00
-1.052588882043338225e-01 -6.023082877404759006e-03 -6.972088630256599584e-02 -1.441859066595661473e-02 -5.624264129108914878e-03 -3.156987100733657514e-01 -2.316170453942710539e-01 -1.878020170262844138e-02 2.113057369764441418e-02 -1.918833668136912807e-02 -6.494721854857152255e-02 1.082203521636238876e-02 -2.897052109547764570e-02 -6.750449420513136845e-02 2.280138880991119249e-02
1.454896362470577686e-01 -1.050773365554552308e-01 1.743376169108787344e-01 -4.207857779577069308e-03 1.804165089997158689e-01 1.472980189257411809e-01 1.378764792695172936e-01 1.962180475124593870e-01 1.907226556000327644e-01 1.350707921898754715e-01 -2.370734734617257339e-02 -1.416111799027064411e-01 -2.571231468201514922e-02 3.016024783342359239e-01 -5.109192519152149468e-03
1.144846677125070829e-02 -2.815102750297108353e-02 4.571268890594641643e-02 -2.358514017233389118e-02 4.198699498438805688e-02 2.088202652694308159e-01 1.406625310378540605e-01 1.302138707356832389e-02 7.422994706541730103e-02 -1.327360817242757146e-02 -2.486221607337917635e-03 -1.401343878338602751e-02 -3.238870601787752906e-02 3.541100548291419708e-02 -4.462258656893725028e-02
-1.072553235763143153e-01 2.804671965930230493e-01 -3.201003214844337919e-01 -1.477846752788700320e-02 -1.502340951771131139e-01 -6.082574812048782142e-01 -4.665438741360749542e-01 -5.229305991378545571e-01 -2.752463147477067773e-01 1.780450595345470927e-02 -5.107385415692283770e-01 2.012255202414731381e-01 8.080555943829630106e-02 -8.242573334219484016e-01 -5.944348599821685716e-03
5.003601965205524138e-01 -6.940096309367620453e-01 8.441837394740762113e-01 -7.403332250956553562e-01 1.038678015775610586e+00 -3.494662350685523444e-01 -3.744965957291658265e-01 -4.099049856276928971e-01 2.427739246618325075e-01 3.135332810246050372e-01 8.402623675466622810e-01 -6.982816652911537636e-01 -4.820565443725194354e-01 3.310164832472409557e+00 -3.102562425804592516e-01
-1.534418492846438033e-02 2.514952188001526312e-01 -4.252795467947815267e-01 4.211610316854695890e-01 -2.742056534128824163e-02 -6.834794297171140620e-01 -2.865412336881741906e-01 -5.361807810364547233e-01 4.983076240797434941e-02 9.505218994075617656e-02 1.378184311549625340e-02 1.361351670099041344e-01 2.506433356513361743e-01 -1.339821580304408899e+00 2.292170846781114713e-01
2.372673595338260222e-01 4.901980952345375009e-02 7.449589743901892103e-01 -4.526846752279454211e-01 1.483637833315853694e-01 6.659209403235343272e-01 -8.809846277809188497e-03 1.253131741519001974e+00 1.242089636860652518e-01 1.217130367424478360e-01 1.100836997758264157e+00 1.459060854018583153e-02 -2.077943067283909429e-01 1.476151393746179430e+00 -3.869212495355706660e-01
8.828947783059832854e-01 -1.255372000009312983e-01 1.449016127509124674e+00 3.690882361219080532e-01 6.987944369830669800e-01 -1.985177994169859406e-01 -5.023448754807484651e-01 4.188292736648670633e+00 -1.030925176701234652e-01 -6.868281061693236322e-02 2.124869975164476177e+00 -7.483023389716577656e-01 -1.017606543306502492e-01 1.959788651734838849e+00 2.020120769937999938e+00
2.873512338969841373e-01 7.366995124946873474e-02 8.235069076379862851e-01 -8.440083922387098259e-02 7.618171684478727279e-01 -4.718454959085833789e-01 -1.167172230603910621e-02 2.983733778261557501e-01 -1.811964429702402901e-01 1.692134290304931482e-02 5.669809042207162308e-01 -3.330966789265141226e-02 1.004008323726240659e-01 8.155937062424710726e-01 -2.341208369313882987e-01
-3.486856519143199246e-02 -1.458735785557446242e-02 4.307514638198747803e-02 -4.829673670993516604e-02 -4.857090444297993553e-02 7.699994018477594737e-02 6.374745152649194391e-02 6.002763636083343485e-02 -2.862856235421802967e-02 -6.593539015540772485e-02 -4.483420845646034214e-03 -2.760561321635505647e-02 -1.904699665683973545e-02 1.522545713072874785e-01 -3.568146625876953554e-02
-9.980737121048684213e-02 -8.828470750006950363e-03 -5.556420054045101142e-02 7.426347327794437236e-02 4.839723921680384733e-02 -3.535364206921051133e-01 -7.105467812894590562e-02 -1.431901551855123134e-01 -6.898802980516588468e-02 -5.206820659514015126e-02 -4.932923511359752627e-02 2.853976587049155897e-02 4.184344762612007135e-02 -4.787993996228075144e-02 1.765363896731713678e-01
2.429231420003133413e-01 2.399754664330319975e-01 1.905880054478814589e-01 2.456841311208738943e-01 1.383316963672614197e-01 4.058044562461645549e-02 -6.536123632806777051e-02 2.414151816196629385e-01 -1.158243502277637726e-01 -4.084916465366868199e-02 3.119657480357426738e-01 4.887048283142612914e-02 2.496184082657434133e-01 1.803736037636332612e-01 2.682166452700950887e-01
3.012025151537148226e-02 1.023968056341982048e-02 2.276176607351139414e-02 1.246339926425210458e-02 2.269973811365658817e-02 4.414208190410112698e-02 4.901543745010129155e-02 1.045495983791200519e-02 2.493106816854557747e-02 3.222648208927981345e-02 1.546482428385172365e-02 6.934066043229100001e-03 1.259914885058641479e-02 1.425963220227404599e-02 1.697359882011469784e-02
