1.792554477200081209e-02 2.244619736574252067e-01 2.110472133715753096e-01 -7.209899341433456676e-03 7.730421680564687759e-02 4.349947029448872904e-01 2.462288251334388556e-01 1.506919714298588509e-01 9.154320482958816507e-02 1.984833123408355771e-01 1.567288458503591775e-01 8.871605955070198668e-01 4.384989940995786400e-02 2.430462775658243757e+00 4.095738154419564098e-02
7.382460522247114021e-02 -4.798384126149777273e-01 -4.753594963572381760e-01 7.214222335202156999e-02 -4.740228690994516270e-01 -3.999829948307033201e-01 4.720153865489577077e-02 -6.680001019073372737e-01 -7.745542202850962399e-01 -6.771343237423054218e-01 -8.551147879798641493e-02 -3.782195359550203362e-01 5.327388100665470666e-02 -2.336081339714103589e+00 -4.058413694594271981e-02
2.547852358419396834e-01 -7.366496257744552523e-01 2.881610388431848913e-02 1.549400675617776946e-01 3.106018787974704765e-01 -7.172698483279539572e-02 2.549151954567648870e-01 3.280299682938708772e-01 7.798364733940255089e-02 2.302896274360774487e-01 4.802757582928111196e-02 -4.615774479907199801e-01 1.868187222214000021e-01 1.385483674060961734e+00 4.664259905233325565e-01
6.776740037525087051e-03 -5.130777629316016220e-02 -3.280121724568764441e-02 1.494752993627688001e-02 -2.298184778482589841e-02 -7.810481593526386046e-02 -5.982838889071354083e-02 -3.175540613865878575e-02 -5.176873270616265399e-02 -3.836717338221510426e-02 -3.113394178078865079e-02 -2.630947380679378167e-01 1.455546982204789647e-02 -4.726322409573217032e-01 -2.144309979743483363e-02
-8.136657020993964817e-01 1.996957506067361665e+00 1.140189499219845359e+00 -8.912862367675258302e-01 -3.394765958873725564e-01 1.000050312658614438e+00 -5.124524562732380994e-01 1.827612939487506249e+00 2.067739051359227975e+00 7.698703629045708929e-01 -7.752562403300571336e-01 4.674136361259272121e+00 4.650639104551949066e-01 1.259736344786438522e+01 -3.389022126831117698e-01
2.807658338317993094e-02 -1.580652589889759430e-01 -3.304227790881249932e-02 -4.947749997470587274e-02 1.337034430372703413e-02 -3.564625387056404721e-02 1.223462899353136568e-02 1.528560612832538523e-02 3.021393039792295565e-01 2.482765529294460663e-02 1.576880134505136699e-01 -3.457374547469538872e-01 5.760315684981394749e-03 5.637469044305862820e-01 1.169414276178091794e-01
-5.878237573709974018e-02 2.190898329923754440e-01 2.418619080771119423e-01 -6.716095462195349752e-02 2.583380284494878887e-01 2.154344133622973223e-01 -4.906265969456326259e-02 3.085937103546111393e-01 3.491967616427422705e-01 3.027537736588184480e-01 1.280696322715587643e-01 1.746167170598711404e-01 -6.249571841070566958e-02 1.439707080095250280e+00 9.578897124542255781e-02
-3.051435971000584363e-02 5.627568317830581313e-01 8.785223778797852934e-02 -4.306081753737213934e-03 -3.264894914601398218e-02 1.166029753143514730e-01 -3.222494068361589359e-02 -3.504390304334062400e-02 1.104815449445834680e-02 -1.465318573232589350e-02 4.141345419745742079e-02 4.047049293256759217e-01 1.681280003810407125e-02 -5.541836533122567188e-01 -9.800803027079429963e-02
-4.344636105406268767e-01 -6.610591327111821069e-01 -2.198675077481526963e-01 -4.582648282963899811e-01 -1.006233908081771711e-03 -3.548449753794803430e-01 -3.896945584600262080e-01 3.560098280939671955e-01 -6.755343528270429942e-01 3.633964154450122219e-01 -3.732549655241154674e-01 -1.154018866932762011e+00 -4.119856649604413112e-01 -6.778034677126836272e-01 -2.839086092013675122e-01
-4.734896837299503725e-01 -8.150972426872089838e-02 -7.503514164937751252e-01 -4.512019014324872845e-01 -7.245853757232063597e-01 -7.879346252056380617e-01 -4.258842690620423532e-01 -1.108632373794275816e+00 6.841370727942452934e-01 -7.996028566646962155e-02 -1.625500058268632531e+00 4.998184028352621322e-01 -3.925647013508299921e-01 -1.418843243149843225e+00 -1.000906482053921520e+00
5.384658468089188466e-01 -2.524696840511961859e+00 -7.917551159989096865e-01 6.169679799590080949e-01 -1.269233932984048241e-01 -1.172559193661024235e+00 -1.863749795438213175e-02 -7.899063585984368308e-01 -3.416240962956901495e+00 -4.423320019858216212e-01 1.086372247485828391e-01 -6.708191101784351851e+00 -7.457176872486557251e-01 -6.716058360505964941e+00 -4.963212516405760555e-01
-4.753175009318120758e-01 2.534090893541578460e-01 -8.965704539775378734e-01 -1.394233732579123752e-01 1.152141944312936317e-01 -8.286619112897632977e-01 -4.124702946457993180e-01 -1.854911902586809935e+00 -5.533554529488685647e-01 -2.152065616437405904e+00 -1.622540355151150138e+00 2.594723390731185075e-02 -1.015124444490256739e+00 -3.213836745552913321e+00 -1.935343664219263626e+00
-2.451953287076916455e-01 -1.314129623187977325e-01 -1.239113384271379514e+00 -1.882268393802424833e-01 -4.880142618009628008e-01 -2.219561683521454332e-01 9.353250983956774844e-02 -2.038922482048910911e+00 1.008190562351413133e+00 -2.877729164306054965e+00 6.528680819282819403e-01 -6.466774525293889075e-01 -9.529368879336320985e-02 -4.068835050514675977e+00 4.398618477067189891e-01
5.696546259320520167e-03 -1.765197585117967427e-01 1.809711633203625603e-02 1.622939312423827829e-01 -2.552443109111502198e-02 8.592367509838813588e-02 7.024381433115303719e-03 -2.886390235013035904e-02 -1.240807949131705445e+00 -1.388267599853980072e-01 -1.044110712360265092e+00 6.794117093625428039e-01 -1.953471076544211482e-01 -7.812862919459586664e-01 -2.449659447569051407e-01
-2.026725288803963854e-01 5.554591888306787961e-01 9.612471802385724740e-02 -2.326255304586831718e-01 3.475487095579069680e-02 1.775572421515028976e-01 -4.828205947955269833e-02 9.722223809868926758e-02 7.514772733034740249e-01 6.245164245354425242e-02 1.842282305378237228e-02 1.854333150295413901e+00 9.690804628190553827e-02 8.756205879321511398e-01 1.071760210420218129e-01
4.183810312942640164e-02 -3.660236741012135031e-01 1.629345141232459715e-01 -9.225498636313532452e-02 -4.211885527429257148e-02 2.156413928265110691e-01 3.058663090347764693e-02 2.809121500033194829e-01 6.017820286631982984e-01 3.667629906105578930e-01 8.316017282227049501e-01 2.601677495961736142e-01 3.045764702541128299e-01 1.380663809871480074e+00 5.991608410512082594e-01
1.194205462398022499e-01 -4.975600183948176991e-02 -1.323470542513068282e-01 1.405240107422081608e-01 1.502634443813805620e-01 -3.535253889291521956e-01 -4.866778483055959198e-02 -1.265882356123190777e-02 2.393912872117298640e-01 -8.984133736738950105e-02 -2.057427735267235852e-02 -4.754938808999780164e-01 5.910207004997826419e-02 -2.615112669378455656e+00 2.436057877471115019e-01
1.561056334030093418e-02 2.127457042273625532e-02 1.505188685634725569e-02 1.465814274219926980e-02 1.169695529361514108e-02 2.155574579106993641e-02 1.887913282961357214e-02 1.320273655045615772e-02 3.548889361954947474e-02 1.187450085341641703e-02 1.267692593773557183e-02 3.238200170058584682e-02 1.921261028035935181e-02 6.166106843632897933e-02 1.275839091447711869e-02
