3.381084591897695724e+00 -4.928353854620525887e+00 5.842399750783224377e+00 4.342079860339421060e+00 -1.499995260914670947e+00 -7.961023953055096358e-01 7.111122814729241348e+00 -2.751613194401179907e+00 -4.674848206404504936e+00 0.000000000000000000e+00
4.020138334186220241e+00 -3.560663810530543039e+00 -5.289541509413581366e+00 3.485213628967184452e+00 4.699225307101871252e+00 -1.646111382345250007e+00 4.098165733951544709e+00 3.525142864687418331e+00 2.340310684249616580e-01 0.000000000000000000e+00
-2.010931094622934179e+00 3.298780060478534448e+00 1.496754468126990423e+00 2.420483952786398607e+00 -3.516120614040850523e+00 2.061685410551492126e+00 6.154180128650352799e+00 -3.107238543544887488e+00 -1.877719532816932713e+00 0.000000000000000000e+00
-4.684468692534995427e+00 -7.273092111230679280e-02 5.281557669026240909e+00 -1.632777910944388511e+00 -5.274328145300044568e-01 -6.780962173445856944e-01 -3.481508344213827488e+00 -6.685827286526524471e-01 -2.982055446294420875e+00 0.000000000000000000e+00
-3.008614300618583925e+00 1.506992885045439712e+00 -6.081466823578277614e-01 -3.882001562609813217e+00 -1.773350966577354804e+00 5.687094667145192739e-01 -4.924443308667079577e+00 -8.947750050377878406e-01 7.393882768808379691e-01 0.000000000000000000e+00
3.237146619499257305e+00 -1.780952570117770639e+00 2.899058927043905332e+00 6.084617461711170350e+00 3.657484968291458971e-01 -2.755946068947444427e+00 6.937337033724111812e+00 -1.498133608787743376e-01 -4.972826442458258001e+00 0.000000000000000000e+00
1.804593922107494475e+00 -1.809378419944537297e+00 5.773404363822258745e+00 6.020864325040950149e+00 1.855229264783345267e+00 3.721070455282606382e+00 1.881651480323886627e+00 5.922659636443275977e-01 -2.850688707879007300e+00 0.000000000000000000e+00
5.580399761424506444e+00 -2.139071056449104891e+00 -6.732413108360619791e-01 4.284065513554807580e+00 3.398899004799257106e+00 -6.274010091826089930e-01 3.571676112919619062e+00 2.435241020972403359e+00 -1.097244447129643641e+00 0.000000000000000000e+00
1.112007773328967053e+00 -9.972830619563517462e-01 -1.518352403018547792e+00 2.527876551890706036e+00 -9.448343692296214957e-01 -1.371866273189281449e+00 1.259864105999737305e+00 -1.136243948520710090e+00 -1.454033068556864206e-01 0.000000000000000000e+00
-3.411155779446671532e-02 4.914312879793027555e+00 3.694367342592924652e-01 4.581215150504829303e-01 1.790741387530336848e-01 -2.651064152065089052e-01 -2.932149832083110308e+00 1.743435168872072352e-02 -1.851778850390079834e+00 0.000000000000000000e+00
-4.071357023099512418e+00 5.367125049704951856e+00 6.054766272716452846e+00 -2.970956440726115755e+00 -2.303772837787341210e+00 5.803245809395696675e+00 4.346337465218928386e+00 -2.973454337937528447e+00 -3.311838704383515353e+00 0.000000000000000000e+00
2.717428512614117775e+00 -1.059652722436145389e+00 -6.720070564944109037e+00 3.265803222808583595e+00 4.921946520050947349e+00 -2.006834889288891866e+00 -2.512099785779160044e+00 4.390072526143230291e+00 -5.868461329758748457e-01 0.000000000000000000e+00
-7.426258378149388495e-01 3.654237019928729957e+00 5.055290862679213681e+00 -6.254550070669568917e+00 2.570300042884249958e+00 4.360506069182576994e+00 -2.715870870938438930e+00 -1.574104612224713762e-01 -2.757800260715293827e+00 0.000000000000000000e+00
3.575131960976313028e+00 -4.435506256764777611e+00 -3.629771106537413999e-02 6.194990003302659254e+00 -2.412866487059145193e+00 2.768545613681639761e+00 3.452202458420992492e+00 -2.959826723943257409e+00 -1.886349811899110662e-01 0.000000000000000000e+00
9.159747022017413753e-01 3.079513640911445638e+00 -3.463655154162556649e+00 -1.967196345446440731e+00 1.599922523046952705e+00 -2.597971756018338407e+00 -3.901380781213525495e+00 -4.406292122685468993e-01 1.722952097730783727e+00 0.000000000000000000e+00
-1.227577592136120721e+00 2.369547778386306702e-01 4.063572662059591778e+00 -3.685345170838892681e+00 -9.006539916317988226e-01 4.378959254181774008e-01 -4.845504804836217261e+00 -8.757234276625694980e-01 -2.340674792971783602e-02 0.000000000000000000e+00
-5.359357441283426615e-01 3.475245212688958529e-02 3.199770839453577875e-01 -2.782885774055678496e+00 -5.078804208218222760e-01 2.325736195335973644e+00 2.578391268378394940e+00 2.481988145276974589e-01 3.741143902622549033e-01 0.000000000000000000e+00
