2.711442911633330954e+00 -1.776350558479657060e+00 1.621686299778011708e+00 8.311278009857165916e-01 1.589580072290103230e+00 4.883091822295818396e+00 4.393380827393584376e+00 1.287135426165522789e+00 4.372706713705743375e+00 3.223241808181744439e+00 1.104595031745704059e+00 -3.659991343498531169e+00 6.172526341279630513e-01 8.398456324113854343e-01 0.000000000000000000e+00
-4.691806395946227816e-03 8.991106599939393540e-01 6.396737074924234712e-01 7.613339903934575048e-01 1.161235882816991749e+00 -4.115855795745690937e-01 -1.679463148904526193e+00 2.298592014747369017e-01 -1.149391226696741430e+00 -1.652474396650237543e-01 -1.207811998835131462e+00 -5.388750854413826979e-02 -4.994614405039502492e-01 1.430133544354902142e+00 0.000000000000000000e+00
-1.589388521309012203e+00 -4.093598561318772533e-01 2.024799568831704200e+00 -6.130900362119631047e-02 2.127141039925649846e+00 -3.796889420740275911e-01 -4.212994027215532511e-01 1.200334922319809206e+00 -1.216478796748364788e+00 -1.736979953631152318e+00 2.219428163410897881e+00 -3.550074478714446258e+00 -6.549899662754821161e-01 2.483078516981312323e+00 0.000000000000000000e+00
2.712136615983928412e+00 -3.490556984088841741e+00 3.365417739589442014e+00 -1.525008613242873956e+00 3.498472506500217349e+00 1.249889752628273731e+00 1.287767228427204147e+00 1.501476402695899548e+00 3.598002565908732908e+00 1.489060844841752163e+00 -4.317037952826248137e-01 -4.327313178896486257e+00 -3.694934706418703474e+00 -5.128121932621242385e-01 0.000000000000000000e+00
-3.878688996073526574e-01 -9.442454970390784519e-02 -4.706558282242980229e-01 -1.603355156450362584e-01 -6.689484303059518577e-01 -1.242982657116631584e+00 -2.786138627346433916e-01 5.973480670727384506e-02 -3.283738768165320732e-01 -4.819758562712251337e-01 1.936054478502568510e-01 1.981231973011819414e-01 1.003332387894199651e-01 -3.714840719127281976e-01 0.000000000000000000e+00
3.944611846555419632e+00 9.158292840578987626e-01 -3.588121648906721917e-01 -1.119120022221910427e+00 -1.322552753171083673e+00 -3.453581623276154033e+00 2.611785635078021084e+00 -2.731860063231021041e+00 2.888112322833140233e+00 4.408150574175730085e+00 2.233686859238640521e-01 -2.060928487307919887e+00 2.425194998782367328e+00 -2.625501826291448459e+00 0.000000000000000000e+00
1.963527408635294957e+00 2.382867866553867398e+00 -1.272254680023054529e+00 -1.097817778578699111e+00 -2.842895504224687730e+00 2.423033199595994169e+00 2.384588628209697081e+00 -6.269823040660058577e-01 6.816587710731857042e-02 1.160056584537336066e+00 3.739474574621470815e-01 6.238179618686062050e-02 1.554701429360372700e+00 -2.897951472104762782e+00 0.000000000000000000e+00
3.025740946256420649e+00 -2.808770197799404844e+00 2.251032819894346559e+00 -7.541700215179408806e-01 2.733739827408281364e+00 2.636563315003300101e+00 3.185426535879066545e+00 2.926056031447048955e+00 3.118082319802707225e+00 3.016353989720137907e+00 2.925441487913482241e+00 -4.365584007418228829e+00 -9.247848997123200299e-01 4.461811023782571439e+00 0.000000000000000000e+00
-1.352748097090306967e+00 -2.367270958763925404e-01 -6.259240157409908800e-01 1.097345291916707877e-01 9.187645889971535196e-02 -1.984563983466995474e+00 -4.289953411461689542e-02 -3.590221318862809596e-01 -5.294417091046021984e-01 1.101220873067748629e-01 -7.525138842758939683e-02 1.100533423540501071e-01 4.876282730349552619e-01 5.437953940024905508e-01 0.000000000000000000e+00
7.396552934117873734e-01 2.475500838331829101e+00 -6.677372789489930405e-01 1.583428984858426647e+00 -1.093636439412939643e+00 -2.296471007472617565e+00 -2.986573832990100819e+00 -4.697659474634807708e+00 -7.323492893849338214e-01 1.951818634577306977e+00 -3.041393238704988011e+00 4.388557544131186816e+00 4.438276014110083878e+00 -2.949554612367179196e+00 0.000000000000000000e+00
-4.470914102896694331e+00 2.721106033028930060e+00 -1.309880769849780746e+00 2.919460220018665009e+00 -2.035809490037894243e+00 5.991546245208649868e-01 -1.300916368988875194e+00 -3.004865249245359249e-01 -4.286766622604898380e+00 -4.099972471139945007e+00 1.079185916066543349e+00 1.891932709818418878e+00 -2.386516431818487494e+00 -4.888343627900069599e+00 0.000000000000000000e+00
1.154035111797843793e+00 2.913333273236218268e+00 -2.312103691670738037e+00 1.072282743490986373e-01 -2.558250282726715064e+00 -1.145044932287239581e+00 6.208508900604089442e-01 -2.700956619600274333e+00 2.347390934963798359e-01 2.239343350637848840e+00 -6.892680151473912220e-01 1.461813373188840970e+00 1.976924884577749841e+00 -3.382453012216704025e+00 0.000000000000000000e+00
1.731379810435039301e+00 1.826683090621605832e+00 4.079311960073553678e+00 9.259742790461515938e-01 3.782500621958481801e+00 2.785741389069308127e+00 2.489806532817461004e+00 -3.914520330587125674e+00 -1.106491657174988097e+00 -7.993771120369885796e-01 2.607809922332123165e+00 -5.004147697923096993e-01 -1.528715574212717421e+00 5.079264079737900728e-01 0.000000000000000000e+00
-3.540453624789166032e+00 4.066503333083423932e+00 2.808026176783582795e+00 4.147223802810056092e+00 2.792085180330667438e+00 4.930581423400102192e-01 -2.304977820612046813e+00 1.530301301838452810e+00 -1.889651595262379358e+00 -3.665666163862036253e+00 3.433185169249331370e+00 -2.921606082526627457e+00 1.905132165050895443e+00 -2.518624840033231393e+00 0.000000000000000000e+00
-2.913355086743901090e+00 -1.481244420252161742e+00 -1.568006271493624482e+00 4.575835868612093016e+00 -4.380092171239527765e+00 -5.038749700114165675e-01 -3.347717424748060555e+00 3.172963218133829866e+00 2.549569485227343169e-01 -1.631696355971168133e+00 -9.896903233146925327e-01 3.071964384237118040e+00 1.218440370094180381e+00 2.540346632537614724e+00 0.000000000000000000e+00
-6.148354188423758027e-01 -4.567875048791381065e-02 6.399019958691698484e-02 9.240174250787563937e-02 3.684919439837828770e-01 1.578526726775865585e+00 -2.751587205648591827e-01 -2.313694955962733335e+00 -1.966364439783738205e-01 -5.303349286427113674e-01 -1.045174526677876470e+00 1.136458862648944690e+00 -1.604486993975245690e-01 -1.572588910415710473e+00 0.000000000000000000e+00
1.523086112835868589e+00 1.446148636558731937e+00 -1.258150201361815990e+00 3.730780007259557607e-01 -1.946938667707029724e+00 3.329214161213305267e+00 9.900722873125116230e-01 8.129771451382264980e-01 1.058405808324427433e+00 -5.469134725795969931e-01 1.967187156256741565e+00 3.078656708514635465e-01 6.157731523515791450e-01 -3.988377419855861361e-01 0.000000000000000000e+00
