2.368325415446807802e-01 8.774509816008739804e+00 -6.785370948902440524e+00 7.465086695663105232e+00 -5.992609716865754166e+00 1.745858610724227766e+00 -2.989911945161790374e+00 6.300536632189679409e+00 8.659356319818400038e+00 0.000000000000000000e+00
-4.135043747763928579e+00 3.981940914017430444e+00 -2.417616616189634193e+00 -3.030035790623427427e+00 -2.706190874970173965e+00 6.550849635790862102e+00 3.737349527687021222e+00 5.768658940716346883e+00 6.218765924128693001e+00 0.000000000000000000e+00
3.549894577848016652e+00 -7.034333585283483181e+00 3.451088641362941356e+00 4.269262479077410966e+00 -6.919877929449570475e-01 -5.158003022167009455e+00 6.229962929195539401e-01 -2.114140294941245113e+00 -4.218802777723958952e-01 0.000000000000000000e+00
-5.656647956063340033e+00 8.057974056089259207e+00 -1.736314443414890274e-01 8.062345876400083711e+00 1.813912954061749905e-01 7.538750283056318280e-02 2.271419351348119786e+00 -4.372409849086314360e+00 6.642669835141787327e-02 0.000000000000000000e+00
2.613040076040625270e-01 -6.693038756161340253e+00 1.395180177931450105e+00 -3.165278214811048318e+00 1.164527056102997893e+00 -3.510993516725574359e+00 -1.436648982029829602e+00 -5.205079919653414322e+00 -6.148963548845896909e+00 0.000000000000000000e+00
-5.241089214638248173e+00 8.598707456768776680e+00 -5.808234287841369969e+00 -7.162567053173719556e-01 -3.561268080077315989e+00 -1.403175292462419677e+00 1.984329022373777507e+00 -1.968799805197362751e+00 8.501798446793314312e+00 0.000000000000000000e+00
2.873785835522406185e+00 1.320886470000213420e+00 -3.275208208457879522e+00 7.086624060599159947e+00 -2.665826461483500331e+00 2.300213054114776501e+00 -3.194633148122275834e+00 -1.641693360651384381e+00 -1.452226140563973145e+00 0.000000000000000000e+00
1.746193837439837804e+00 -1.250581726544035543e+00 -2.789868023307354505e+00 -2.030573943698678274e+00 4.094603804824936688e+00 1.762850848875853416e+00 -2.887364965731036293e+00 6.328388414867288647e-01 -2.970041602465709474e+00 0.000000000000000000e+00
-2.200951606362034685e+00 1.769022729768272351e+00 6.188097234519860379e-01 -8.830023391745558392e-01 -1.561182702596731309e+00 1.325256856536888295e+00 3.382024053896261595e+00 1.836893652397179055e+00 5.156359779524588127e+00 0.000000000000000000e+00
6.265031322200560471e-01 -4.484698528405951734e+00 3.389727904434345795e+00 2.279774426318886604e+00 -5.588499199472778400e-01 -1.627574901998204648e+00 4.223394324775307851e+00 -1.273909855433532412e+00 -9.797464612125720285e-01 0.000000000000000000e+00
3.430445884040737248e+00 3.165314976084080634e+00 -4.415432600761213244e+00 -9.708830314769171244e-01 6.918670059091220903e-01 6.226530546939249566e-01 4.870028659124091774e+00 3.714682850715199436e+00 -4.089103606598851748e+00 0.000000000000000000e+00
-4.688983039293326271e+00 1.000500106293948921e+00 -1.589033094411407276e+00 -2.231415385678057195e+00 -1.510733931269944597e+00 4.651307931267278484e+00 6.069303515907498614e+00 2.553653291919006474e+00 4.334272459617211304e+00 0.000000000000000000e+00
8.345176433384509096e+00 6.032351116635221722e+00 5.101983531818953255e-01 -1.676296290749023976e+00 6.012634513732757036e+00 1.388616597794952501e+00 4.787604725140207629e-01 -2.750660647306368833e-01 -6.329995122428757170e+00 0.000000000000000000e+00
2.089344802713656080e+00 8.610540841364462850e+00 2.453740475599151261e-01 -4.765547369939448608e+00 1.529568687779657932e+00 6.594278091965094513e-01 3.624800288846857566e+00 -1.595479343088940238e+00 7.029924542673915866e+00 0.000000000000000000e+00
-3.411545752769750361e+00 -2.379552433208641737e+00 -2.215195366311077940e-01 -3.541646138981986880e+00 1.610682939771424405e+00 -7.015490434256482111e+00 3.933733508673932455e+00 2.412072302703984761e+00 2.003538494258757741e+00 0.000000000000000000e+00
2.451727712357123501e+00 -4.844861152373160174e+00 7.595207482192757320e-01 6.402499988997677249e+00 -1.397498332291949828e-02 3.279157957611006369e-01 -9.980276117302525618e-01 2.265835746532411488e+00 -5.333387568915026300e+00 0.000000000000000000e+00
8.043646011164220511e+00 -1.369386327533210768e+00 3.796505575485835671e-01 3.113156650779878909e+00 4.843558522398990540e+00 -1.372650160701785360e+00 -1.811845450471508689e+00 1.793804389710052627e+00 1.555846539549981644e+00 0.000000000000000000e+00
