-1.499999999999999944e-02
-1.499374687343671755e-02
-1.498749374687343566e-02
-1.498124062031015377e-02
-1.497498749374687362e-02
-1.496873436718359172e-02
-1.496248124062030983e-02
-1.495622811405702794e-02
-1.494997498749374605e-02
-1.494372186093046416e-02
-1.493746873436718227e-02
-1.493121560780390211e-02
-1.492496248124062022e-02
-1.491870935467733833e-02
-1.491245622811405644e-02
-1.490620310155077455e-02
-1.489994997498749266e-02
-1.489369684842421077e-02
-1.488744372186093061e-02
-1.488119059529764872e-02
-1.487493746873436683e-02
-1.486868434217108494e-02
-1.486243121560780305e-02
-1.485617808904452115e-02
-1.484992496248123926e-02
-1.484367183591795911e-02
-1.483741870935467722e-02
-1.483116558279139532e-02
-1.482491245622811343e-02
-1.481865932966483154e-02
-1.481240620310154965e-02
-1.480615307653826776e-02
-1.479989994997498760e-02
-1.479364682341170571e-02
-1.478739369684842382e-02
-1.478114057028514193e-02
-1.477488744372186004e-02
-1.476863431715857815e-02
-1.476238119059529799e-02
-1.475612806403201610e-02
-1.474987493746873421e-02
-1.474362181090545232e-02
-1.473736868434217043e-02
-1.473111555777888854e-02
-1.472486243121560665e-02
-1.471860930465232475e-02
-1.471235617808904460e-02
-1.470610305152576271e-02
-1.469984992496248082e-02
-1.469359679839919892e-02
-1.468734367183591703e-02
-1.468109054527263514e-02
-1.467483741870935499e-02
-1.466858429214607309e-02
-1.466233116558279120e-02
-1.465607803901950931e-02
-1.464982491245622742e-02
-1.464357178589294553e-02
-1.463731865932966364e-02
-1.463106553276638348e-02
-1.462481240620310159e-02
-1.461855927963981970e-02
-1.461230615307653781e-02
-1.460605302651325592e-02
-1.459979989994997403e-02
-1.459354677338669214e-02
-1.458729364682341198e-02
-1.458104052026013009e-02
-1.457478739369684820e-02
-1.456853426713356631e-02
-1.456228114057028442e-02
-1.455602801400700252e-02
-1.454977488744372063e-02
-1.454352176088044048e-02
-1.453726863431715859e-02
-1.453101550775387669e-02
-1.452476238119059480e-02
-1.451850925462731291e-02
-1.451225612806403102e-02
-1.450600300150074913e-02
-1.449974987493746897e-02
-1.449349674837418708e-02
-1.448724362181090519e-02
-1.448099049524762330e-02
-1.447473736868434141e-02
-1.446848424212105952e-02
-1.446223111555777763e-02
-1.445597798899449747e-02
-1.444972486243121558e-02
-1.444347173586793369e-02
-1.443721860930465180e-02
-1.443096548274136991e-02
-1.442471235617808802e-02
-1.441845922961480612e-02
-1.441220610305152597e-02
-1.440595297648824408e-02
-1.439969984992496219e-02
-1.439344672336168030e-02
-1.438719359679839840e-02
-1.438094047023511651e-02
-1.437468734367183462e-02
-1.436843421710855447e-02
-1.436218109054527257e-02
-1.435592796398199068e-02
-1.434967483741870879e-02
-1.434342171085542690e-02
-1.433716858429214501e-02
-1.433091545772886312e-02
-1.432466233116558296e-02
-1.431840920460230107e-02
-1.431215607803901918e-02
-1.430590295147573729e-02
-1.429964982491245540e-02
-1.429339669834917351e-02
-1.428714357178589162e-02
-1.428089044522261146e-02
-1.427463731865932957e-02
-1.426838419209604768e-02
-1.426213106553276579e-02
-1.425587793896948390e-02
-1.424962481240620200e-02
-1.424337168584292185e-02
-1.423711855927963996e-02
-1.423086543271635807e-02
-1.422461230615307617e-02
-1.421835917958979428e-02
-1.421210605302651239e-02
-1.420585292646323050e-02
-1.419959979989994861e-02
-1.419334667333666845e-02
-1.418709354677338656e-02
-1.418084042021010467e-02
-1.417458729364682278e-02
-1.416833416708354089e-02
-1.416208104052025900e-02
-1.415582791395697884e-02
-1.414957478739369695e-02
-1.414332166083041506e-02
-1.413706853426713317e-02
-1.413081540770385128e-02
-1.412456228114056939e-02
-1.411830915457728750e-02
-1.411205602801400560e-02
-1.410580290145072545e-02
-1.409954977488744356e-02
-1.409329664832416167e-02
-1.408704352176087977e-02
-1.408079039519759788e-02
-1.407453726863431599e-02
-1.406828414207103584e-02
-1.406203101550775394e-02
-1.405577788894447205e-02
-1.404952476238119016e-02
-1.404327163581790827e-02
-1.403701850925462638e-02
-1.403076538269134449e-02
-1.402451225612806433e-02
-1.401825912956478244e-02
-1.401200600300150055e-02
-1.400575287643821866e-02
-1.399949974987493677e-02
-1.399324662331165488e-02
-1.398699349674837299e-02
-1.398074037018509283e-02
-1.397448724362181094e-02
-1.396823411705852905e-02
-1.396198099049524716e-02
-1.395572786393196527e-02
-1.394947473736868337e-02
-1.394322161080540148e-02
-1.393696848424212133e-02
-1.393071535767883944e-02
-1.392446223111555755e-02
-1.391820910455227565e-02
-1.391195597798899376e-02
-1.390570285142571187e-02
-1.389944972486243172e-02
-1.389319659829914982e-02
-1.388694347173586793e-02
-1.388069034517258604e-02
-1.387443721860930415e-02
-1.386818409204602226e-02
-1.386193096548274037e-02
-1.385567783891945848e-02
-1.384942471235617832e-02
-1.384317158579289643e-02
-1.383691845922961454e-02
-1.383066533266633265e-02
-1.382441220610305076e-02
-1.381815907953976887e-02
-1.381190595297648871e-02
-1.380565282641320682e-02
-1.379939969984992493e-02
-1.379314657328664304e-02
-1.378689344672336115e-02
-1.378064032016007925e-02
-1.377438719359679736e-02
-1.376813406703351547e-02
-1.376188094047023532e-02
-1.375562781390695342e-02
-1.374937468734367153e-02
-1.374312156078038964e-02
-1.373686843421710775e-02
-1.373061530765382586e-02
-1.372436218109054570e-02
-1.371810905452726381e-02
-1.371185592796398192e-02
-1.370560280140070003e-02
-1.369934967483741814e-02
-1.369309654827413625e-02
-1.368684342171085436e-02
-1.368059029514757247e-02
-1.367433716858429231e-02
-1.366808404202101042e-02
-1.366183091545772853e-02
-1.365557778889444664e-02
-1.364932466233116475e-02
-1.364307153576788285e-02
-1.363681840920460270e-02
-1.363056528264132081e-02
-1.362431215607803892e-02
-1.361805902951475702e-02
-1.361180590295147513e-02
-1.360555277638819324e-02
-1.359929964982491135e-02
-1.359304652326162946e-02
-1.358679339669834930e-02
-1.358054027013506741e-02
-1.357428714357178552e-02
-1.356803401700850363e-02
-1.356178089044522174e-02
-1.355552776388193985e-02
-1.354927463731865969e-02
-1.354302151075537780e-02
-1.353676838419209591e-02
-1.353051525762881402e-02
-1.352426213106553213e-02
-1.351800900450225024e-02
-1.351175587793896835e-02
-1.350550275137568645e-02
-1.349924962481240630e-02
-1.349299649824912441e-02
-1.348674337168584252e-02
-1.348049024512256062e-02
-1.347423711855927873e-02
-1.346798399199599684e-02
-1.346173086543271669e-02
-1.345547773886943480e-02
-1.344922461230615290e-02
-1.344297148574287101e-02
-1.343671835917958912e-02
-1.343046523261630723e-02
-1.342421210605302534e-02
-1.341795897948974518e-02
-1.341170585292646329e-02
-1.340545272636318140e-02
-1.339919959979989951e-02
-1.339294647323661762e-02
-1.338669334667333573e-02
-1.338044022011005384e-02
-1.337418709354677368e-02
-1.336793396698349179e-02
-1.336168084042020990e-02
-1.335542771385692801e-02
-1.334917458729364612e-02
-1.334292146073036422e-02
-1.333666833416708233e-02
-1.333041520760380218e-02
-1.332416208104052029e-02
-1.331790895447723840e-02
-1.331165582791395650e-02
-1.330540270135067461e-02
-1.329914957478739272e-02
-1.329289644822411257e-02
-1.328664332166083067e-02
-1.328039019509754878e-02
-1.327413706853426689e-02
-1.326788394197098500e-02
-1.326163081540770311e-02
-1.325537768884442122e-02
-1.324912456228113933e-02
-1.324287143571785917e-02
-1.323661830915457728e-02
-1.323036518259129539e-02
-1.322411205602801350e-02
-1.321785892946473161e-02
-1.321160580290144972e-02
-1.320535267633816956e-02
-1.319909954977488767e-02
-1.319284642321160578e-02
-1.318659329664832389e-02
-1.318034017008504200e-02
-1.317408704352176010e-02
-1.316783391695847821e-02
-1.316158079039519632e-02
-1.315532766383191617e-02
-1.314907453726863427e-02
-1.314282141070535238e-02
-1.313656828414207049e-02
-1.313031515757878860e-02
-1.312406203101550671e-02
-1.311780890445222655e-02
-1.311155577788894466e-02
-1.310530265132566277e-02
-1.309904952476238088e-02
-1.309279639819909899e-02
-1.308654327163581710e-02
-1.308029014507253521e-02
-1.307403701850925332e-02
-1.306778389194597316e-02
-1.306153076538269127e-02
-1.305527763881940938e-02
-1.304902451225612749e-02
-1.304277138569284560e-02
-1.303651825912956544e-02
-1.303026513256628355e-02
-1.302401200600300166e-02
-1.301775887943971977e-02
-1.301150575287643787e-02
-1.300525262631315598e-02
-1.299899949974987409e-02
-1.299274637318659220e-02
-1.298649324662331031e-02
-1.298024012006003015e-02
-1.297398699349674826e-02
-1.296773386693346637e-02
-1.296148074037018448e-02
-1.295522761380690259e-02
-1.294897448724362243e-02
-1.294272136068034054e-02
-1.293646823411705865e-02
-1.293021510755377676e-02
-1.292396198099049487e-02
-1.291770885442721298e-02
-1.291145572786393109e-02
-1.290520260130064920e-02
-1.289894947473736730e-02
-1.289269634817408715e-02
-1.288644322161080526e-02
-1.288019009504752337e-02
-1.287393696848424147e-02
-1.286768384192095958e-02
-1.286143071535767943e-02
-1.285517758879439754e-02
-1.284892446223111565e-02
-1.284267133566783375e-02
-1.283641820910455186e-02
-1.283016508254126997e-02
-1.282391195597798808e-02
-1.281765882941470619e-02
-1.281140570285142430e-02
-1.280515257628814414e-02
-1.279889944972486225e-02
-1.279264632316158036e-02
-1.278639319659829847e-02
-1.278014007003501658e-02
-1.277388694347173642e-02
-1.276763381690845453e-02
-1.276138069034517264e-02
-1.275512756378189075e-02
-1.274887443721860886e-02
-1.274262131065532697e-02
-1.273636818409204507e-02
-1.273011505752876318e-02
-1.272386193096548129e-02
-1.271760880440220114e-02
-1.271135567783891925e-02
-1.270510255127563735e-02
-1.269884942471235546e-02
-1.269259629814907357e-02
-1.268634317158579342e-02
-1.268009004502251152e-02
-1.267383691845922963e-02
-1.266758379189594774e-02
-1.266133066533266585e-02
-1.265507753876938396e-02
-1.264882441220610207e-02
-1.264257128564282018e-02
-1.263631815907954002e-02
-1.263006503251625813e-02
-1.262381190595297624e-02
-1.261755877938969435e-02
-1.261130565282641246e-02
-1.260505252626313057e-02
-1.259879939969985041e-02
-1.259254627313656852e-02
-1.258629314657328663e-02
-1.258004002001000474e-02
-1.257378689344672285e-02
-1.256753376688344095e-02
-1.256128064032015906e-02
-1.255502751375687717e-02
-1.254877438719359702e-02
-1.254252126063031512e-02
-1.253626813406703323e-02
-1.253001500750375134e-02
-1.252376188094046945e-02
-1.251750875437718930e-02
-1.251125562781390740e-02
-1.250500250125062551e-02
-1.249874937468734362e-02
-1.249249624812406173e-02
-1.248624312156077984e-02
-1.247998999499749795e-02
-1.247373686843421606e-02
-1.246748374187093417e-02
-1.246123061530765401e-02
-1.245497748874437212e-02
-1.244872436218109023e-02
-1.244247123561780834e-02
-1.243621810905452645e-02
-1.242996498249124629e-02
-1.242371185592796440e-02
-1.241745872936468251e-02
-1.241120560280140062e-02
-1.240495247623811872e-02
-1.239869934967483683e-02
-1.239244622311155494e-02
-1.238619309654827305e-02
-1.237993996998499116e-02
-1.237368684342171100e-02
-1.236743371685842911e-02
-1.236118059029514722e-02
-1.235492746373186533e-02
-1.234867433716858344e-02
-1.234242121060530328e-02
-1.233616808404202139e-02
-1.232991495747873950e-02
-1.232366183091545761e-02
-1.231740870435217572e-02
-1.231115557778889383e-02
-1.230490245122561194e-02
-1.229864932466233005e-02
-1.229239619809904815e-02
-1.228614307153576800e-02
-1.227988994497248611e-02
-1.227363681840920422e-02
-1.226738369184592232e-02
-1.226113056528264043e-02
-1.225487743871936028e-02
-1.224862431215607839e-02
-1.224237118559279650e-02
-1.223611805902951460e-02
-1.222986493246623271e-02
-1.222361180590295082e-02
-1.221735867933966893e-02
-1.221110555277638704e-02
-1.220485242621310515e-02
-1.219859929964982499e-02
-1.219234617308654310e-02
-1.218609304652326121e-02
-1.217983991995997932e-02
-1.217358679339669743e-02
-1.216733366683341727e-02
-1.216108054027013538e-02
-1.215482741370685349e-02
-1.214857428714357160e-02
-1.214232116058028971e-02
-1.213606803401700782e-02
-1.212981490745372593e-02
-1.212356178089044403e-02
-1.211730865432716388e-02
-1.211105552776388199e-02
-1.210480240120060010e-02
-1.209854927463731820e-02
-1.209229614807403631e-02
-1.208604302151075442e-02
-1.207978989494747427e-02
-1.207353676838419237e-02
-1.206728364182091048e-02
-1.206103051525762859e-02
-1.205477738869434670e-02
-1.204852426213106481e-02
-1.204227113556778292e-02
-1.203601800900450103e-02
-1.202976488244122087e-02
-1.202351175587793898e-02
-1.201725862931465709e-02
-1.201100550275137520e-02
-1.200475237618809331e-02
-1.199849924962481315e-02
-1.199224612306153126e-02
-1.198599299649824937e-02
-1.197973986993496748e-02
-1.197348674337168559e-02
-1.196723361680840370e-02
-1.196098049024512180e-02
-1.195472736368183991e-02
-1.194847423711855802e-02
-1.194222111055527787e-02
-1.193596798399199597e-02
-1.192971485742871408e-02
-1.192346173086543219e-02
-1.191720860430215030e-02
-1.191095547773887015e-02
-1.190470235117558825e-02
-1.189844922461230636e-02
-1.189219609804902447e-02
-1.188594297148574258e-02
-1.187968984492246069e-02
-1.187343671835917880e-02
-1.186718359179589691e-02
-1.186093046523261502e-02
-1.185467733866933486e-02
-1.184842421210605297e-02
-1.184217108554277108e-02
-1.183591795897948919e-02
-1.182966483241620730e-02
-1.182341170585292714e-02
-1.181715857928964525e-02
-1.181090545272636336e-02
-1.180465232616308147e-02
-1.179839919959979957e-02
-1.179214607303651768e-02
-1.178589294647323579e-02
-1.177963981990995390e-02
-1.177338669334667201e-02
-1.176713356678339185e-02
-1.176088044022010996e-02
-1.175462731365682807e-02
-1.174837418709354618e-02
-1.174212106053026429e-02
-1.173586793396698413e-02
-1.172961480740370224e-02
-1.172336168084042035e-02
-1.171710855427713846e-02
-1.171085542771385657e-02
-1.170460230115057468e-02
-1.169834917458729279e-02
-1.169209604802401090e-02
-1.168584292146072900e-02
-1.167958979489744885e-02
-1.167333666833416696e-02
-1.166708354177088507e-02
-1.166083041520760318e-02
-1.165457728864432128e-02
-1.164832416208104113e-02
-1.164207103551775924e-02
-1.163581790895447735e-02
-1.162956478239119545e-02
-1.162331165582791356e-02
-1.161705852926463167e-02
-1.161080540270134978e-02
-1.160455227613806789e-02
-1.159829914957478600e-02
-1.159204602301150584e-02
-1.158579289644822395e-02
-1.157953976988494206e-02
-1.157328664332166017e-02
-1.156703351675837828e-02
-1.156078039019509812e-02
-1.155452726363181623e-02
-1.154827413706853434e-02
-1.154202101050525245e-02
-1.153576788394197056e-02
-1.152951475737868867e-02
-1.152326163081540678e-02
-1.151700850425212488e-02
-1.151075537768884473e-02
-1.150450225112556284e-02
-1.149824912456228095e-02
-1.149199599799899905e-02
-1.148574287143571716e-02
-1.147948974487243527e-02
-1.147323661830915512e-02
-1.146698349174587322e-02
-1.146073036518259133e-02
-1.145447723861930944e-02
-1.144822411205602755e-02
-1.144197098549274566e-02
-1.143571785892946377e-02
-1.142946473236618188e-02
-1.142321160580290172e-02
-1.141695847923961983e-02
-1.141070535267633794e-02
-1.140445222611305605e-02
-1.139819909954977416e-02
-1.139194597298649400e-02
-1.138569284642321211e-02
-1.137943971985993022e-02
-1.137318659329664833e-02
-1.136693346673336644e-02
-1.136068034017008455e-02
-1.135442721360680265e-02
-1.134817408704352076e-02
-1.134192096048023887e-02
-1.133566783391695872e-02
-1.132941470735367682e-02
-1.132316158079039493e-02
-1.131690845422711304e-02
-1.131065532766383115e-02
-1.130440220110055100e-02
-1.129814907453726910e-02
-1.129189594797398721e-02
-1.128564282141070532e-02
-1.127938969484742343e-02
-1.127313656828414154e-02
-1.126688344172085965e-02
-1.126063031515757776e-02
-1.125437718859429587e-02
-1.124812406203101571e-02
-1.124187093546773382e-02
-1.123561780890445193e-02
-1.122936468234117004e-02
-1.122311155577788815e-02
-1.121685842921460799e-02
-1.121060530265132610e-02
-1.120435217608804421e-02
-1.119809904952476232e-02
-1.119184592296148043e-02
-1.118559279639819853e-02
-1.117933966983491664e-02
-1.117308654327163475e-02
-1.116683341670835286e-02
-1.116058029014507270e-02
-1.115432716358179081e-02
-1.114807403701850892e-02
-1.114182091045522703e-02
-1.113556778389194514e-02
-1.112931465732866498e-02
-1.112306153076538309e-02
-1.111680840420210120e-02
-1.111055527763881931e-02
-1.110430215107553742e-02
-1.109804902451225553e-02
-1.109179589794897364e-02
-1.108554277138569175e-02
-1.107928964482240985e-02
-1.107303651825912970e-02
-1.106678339169584781e-02
-1.106053026513256592e-02
-1.105427713856928403e-02
-1.104802401200600387e-02
-1.104177088544272198e-02
-1.103551775887944009e-02
-1.102926463231615820e-02
-1.102301150575287630e-02
-1.101675837918959441e-02
-1.101050525262631252e-02
-1.100425212606303063e-02
-1.099799899949974874e-02
-1.099174587293646685e-02
-1.098549274637318669e-02
-1.097923961980990480e-02
-1.097298649324662291e-02
-1.096673336668334102e-02
-1.096048024012006086e-02
-1.095422711355677897e-02
-1.094797398699349708e-02
-1.094172086043021519e-02
-1.093546773386693330e-02
-1.092921460730365141e-02
-1.092296148074036952e-02
-1.091670835417708763e-02
-1.091045522761380573e-02
-1.090420210105052384e-02
-1.089794897448724369e-02
-1.089169584792396180e-02
-1.088544272136067990e-02
-1.087918959479739801e-02
-1.087293646823411786e-02
-1.086668334167083597e-02
-1.086043021510755407e-02
-1.085417708854427218e-02
-1.084792396198099029e-02
-1.084167083541770840e-02
-1.083541770885442651e-02
-1.082916458229114462e-02
-1.082291145572786273e-02
-1.081665832916458084e-02
-1.081040520260130068e-02
-1.080415207603801879e-02
-1.079789894947473690e-02
-1.079164582291145674e-02
-1.078539269634817485e-02
-1.077913956978489296e-02
-1.077288644322161107e-02
-1.076663331665832918e-02
-1.076038019009504729e-02
-1.075412706353176540e-02
-1.074787393696848350e-02
-1.074162081040520161e-02
-1.073536768384191972e-02
-1.072911455727863783e-02
-1.072286143071535768e-02
-1.071660830415207578e-02
-1.071035517758879389e-02
-1.070410205102551374e-02
-1.069784892446223185e-02
-1.069159579789894995e-02
-1.068534267133566806e-02
-1.067908954477238617e-02
-1.067283641820910428e-02
-1.066658329164582239e-02
-1.066033016508254050e-02
-1.065407703851925861e-02
-1.064782391195597672e-02
-1.064157078539269483e-02
-1.063531765882941467e-02
-1.062906453226613278e-02
-1.062281140570285089e-02
-1.061655827913957073e-02
-1.061030515257628884e-02
-1.060405202601300695e-02
-1.059779889944972506e-02
-1.059154577288644317e-02
-1.058529264632316128e-02
-1.057903951975987938e-02
-1.057278639319659749e-02
-1.056653326663331560e-02
-1.056028014007003371e-02
-1.055402701350675355e-02
-1.054777388694347166e-02
-1.054152076038018977e-02
-1.053526763381690788e-02
-1.052901450725362772e-02
-1.052276138069034583e-02
-1.051650825412706394e-02
-1.051025512756378205e-02
-1.050400200100050016e-02
-1.049774887443721827e-02
-1.049149574787393638e-02
-1.048524262131065449e-02
-1.047898949474737260e-02
-1.047273636818409071e-02
-1.046648324162081055e-02
-1.046023011505752866e-02
-1.045397698849424677e-02
-1.044772386193096488e-02
-1.044147073536768472e-02
-1.043521760880440283e-02
-1.042896448224112094e-02
-1.042271135567783905e-02
-1.041645822911455715e-02
-1.041020510255127526e-02
-1.040395197598799337e-02
-1.039769884942471148e-02
-1.039144572286142959e-02
-1.038519259629814770e-02
-1.037893946973486754e-02
-1.037268634317158565e-02
-1.036643321660830376e-02
-1.036018009004502187e-02
-1.035392696348174171e-02
-1.034767383691845982e-02
-1.034142071035517793e-02
-1.033516758379189604e-02
-1.032891445722861415e-02
-1.032266133066533226e-02
-1.031640820410205037e-02
-1.031015507753876848e-02
-1.030390195097548658e-02
-1.029764882441220469e-02
-1.029139569784892454e-02
-1.028514257128564265e-02
-1.027888944472236075e-02
-1.027263631815908060e-02
-1.026638319159579871e-02
-1.026013006503251682e-02
-1.025387693846923493e-02
-1.024762381190595303e-02
-1.024137068534267114e-02
-1.023511755877938925e-02
-1.022886443221610736e-02
-1.022261130565282547e-02
-1.021635817908954358e-02
-1.021010505252626169e-02
-1.020385192596298153e-02
-1.019759879939969964e-02
-1.019134567283641775e-02
-1.018509254627313759e-02
-1.017883941970985570e-02
-1.017258629314657381e-02
-1.016633316658329192e-02
-1.016008004002001003e-02
-1.015382691345672814e-02
-1.014757378689344625e-02
-1.014132066033016435e-02
-1.013506753376688246e-02
-1.012881440720360057e-02
-1.012256128064031868e-02
-1.011630815407703853e-02
-1.011005502751375663e-02
-1.010380190095047474e-02
-1.009754877438719459e-02
-1.009129564782391270e-02
-1.008504252126063080e-02
-1.007878939469734891e-02
-1.007253626813406702e-02
-1.006628314157078513e-02
-1.006003001500750324e-02
-1.005377688844422135e-02
-1.004752376188093946e-02
-1.004127063531765757e-02
-1.003501750875437741e-02
-1.002876438219109552e-02
-1.002251125562781363e-02
-1.001625812906453174e-02
-1.001000500250125158e-02
-1.000375187593796969e-02
-9.997498749374687799e-03
-9.991245622811405908e-03
-9.984992496248124016e-03
-9.978739369684842125e-03
-9.972486243121560234e-03
-9.966233116558278343e-03
-9.959979989994996452e-03
-9.953726863431714561e-03
-9.947473736868434405e-03
-9.941220610305152514e-03
-9.934967483741870622e-03
-9.928714357178588731e-03
-9.922461230615308575e-03
-9.916208104052026684e-03
-9.909954977488744793e-03
-9.903701850925462902e-03
-9.897448724362181011e-03
-9.891195597798899120e-03
-9.884942471235617228e-03
-9.878689344672335337e-03
-9.872436218109053446e-03
-9.866183091545771555e-03
-9.859929964982491399e-03
-9.853676838419209508e-03
-9.847423711855927617e-03
-9.841170585292645726e-03
-9.834917458729365569e-03
-9.828664332166083678e-03
-9.822411205602801787e-03
-9.816158079039519896e-03
-9.809904952476238005e-03
-9.803651825912956114e-03
-9.797398699349674223e-03
-9.791145572786392332e-03
-9.784892446223110440e-03
-9.778639319659828549e-03
-9.772386193096548393e-03
-9.766133066533266502e-03
-9.759879939969984611e-03
-9.753626813406704454e-03
-9.747373686843422563e-03
-9.741120560280140672e-03
-9.734867433716858781e-03
-9.728614307153576890e-03
-9.722361180590294999e-03
-9.716108054027013108e-03
-9.709854927463731217e-03
-9.703601800900449326e-03
-9.697348674337167435e-03
-9.691095547773885543e-03
-9.684842421210605387e-03
-9.678589294647323496e-03
-9.672336168084041605e-03
-9.666083041520761449e-03
-9.659829914957479557e-03
-9.653576788394197666e-03
-9.647323661830915775e-03
-9.641070535267633884e-03
-9.634817408704351993e-03
-9.628564282141070102e-03
-9.622311155577788211e-03
-9.616058029014506320e-03
-9.609804902451224429e-03
-9.603551775887942538e-03
-9.597298649324662381e-03
-9.591045522761380490e-03
-9.584792396198098599e-03
-9.578539269634818443e-03
-9.572286143071536552e-03
-9.566033016508254661e-03
-9.559779889944972769e-03
-9.553526763381690878e-03
-9.547273636818408987e-03
-9.541020510255127096e-03
-9.534767383691845205e-03
-9.528514257128563314e-03
-9.522261130565281423e-03
-9.516008004002001266e-03
-9.509754877438719375e-03
-9.503501750875437484e-03
-9.497248624312155593e-03
-9.490995497748875437e-03
-9.484742371185593546e-03
-9.478489244622311655e-03
-9.472236118059029764e-03
-9.465982991495747872e-03
-9.459729864932465981e-03
-9.453476738369184090e-03
-9.447223611805902199e-03
-9.440970485242620308e-03
-9.434717358679338417e-03
-9.428464232116058261e-03
-9.422211105552776370e-03
-9.415957978989494478e-03
-9.409704852426212587e-03
-9.403451725862932431e-03
-9.397198599299650540e-03
-9.390945472736368649e-03
-9.384692346173086758e-03
-9.378439219609804867e-03
-9.372186093046522976e-03
-9.365932966483241084e-03
-9.359679839919959193e-03
-9.353426713356677302e-03
-9.347173586793395411e-03
-9.340920460230115255e-03
-9.334667333666833364e-03
-9.328414207103551473e-03
-9.322161080540269582e-03
-9.315907953976989425e-03
-9.309654827413707534e-03
-9.303401700850425643e-03
-9.297148574287143752e-03
-9.290895447723861861e-03
-9.284642321160579970e-03
-9.278389194597298079e-03
-9.272136068034016188e-03
-9.265882941470734296e-03
-9.259629814907452405e-03
-9.253376688344172249e-03
-9.247123561780890358e-03
-9.240870435217608467e-03
-9.234617308654328310e-03
-9.228364182091046419e-03
-9.222111055527764528e-03
-9.215857928964482637e-03
-9.209604802401200746e-03
-9.203351675837918855e-03
-9.197098549274636964e-03
-9.190845422711355073e-03
-9.184592296148073182e-03
-9.178339169584791291e-03
-9.172086043021509399e-03
-9.165832916458229243e-03
-9.159579789894947352e-03
-9.153326663331665461e-03
-9.147073536768385305e-03
-9.140820410205103413e-03
-9.134567283641821522e-03
-9.128314157078539631e-03
-9.122061030515257740e-03
-9.115807903951975849e-03
-9.109554777388693958e-03
-9.103301650825412067e-03
-9.097048524262130176e-03
-9.090795397698848285e-03
-9.084542271135566394e-03
-9.078289144572286237e-03
-9.072036018009004346e-03
-9.065782891445722455e-03
-9.059529764882442299e-03
-9.053276638319160408e-03
-9.047023511755878517e-03
-9.040770385192596625e-03
-9.034517258629314734e-03
-9.028264132066032843e-03
-9.022011005502750952e-03
-9.015757878939469061e-03
-9.009504752376187170e-03
-9.003251625812905279e-03
-8.996998499249625122e-03
-8.990745372686343231e-03
-8.984492246123061340e-03
-8.978239119559779449e-03
-8.971985992996499293e-03
-8.965732866433217402e-03
-8.959479739869935511e-03
-8.953226613306653620e-03
-8.946973486743371728e-03
-8.940720360180089837e-03
-8.934467233616807946e-03
-8.928214107053526055e-03
-8.921960980490244164e-03
-8.915707853926962273e-03
-8.909454727363682117e-03
-8.903201600800400226e-03
-8.896948474237118334e-03
-8.890695347673836443e-03
-8.884442221110556287e-03
-8.878189094547274396e-03
-8.871935967983992505e-03
-8.865682841420710614e-03
-8.859429714857428723e-03
-8.853176588294146832e-03
-8.846923461730864940e-03
-8.840670335167583049e-03
-8.834417208604301158e-03
-8.828164082041019267e-03
-8.821910955477739111e-03
-8.815657828914457220e-03
-8.809404702351175329e-03
-8.803151575787893438e-03
-8.796898449224613281e-03
-8.790645322661331390e-03
-8.784392196098049499e-03
-8.778139069534767608e-03
-8.771885942971485717e-03
-8.765632816408203826e-03
-8.759379689844921935e-03
-8.753126563281640043e-03
-8.746873436718358152e-03
-8.740620310155076261e-03
-8.734367183591796105e-03
-8.728114057028514214e-03
-8.721860930465232323e-03
-8.715607803901952166e-03
-8.709354677338670275e-03
-8.703101550775388384e-03
-8.696848424212106493e-03
-8.690595297648824602e-03
-8.684342171085542711e-03
-8.678089044522260820e-03
-8.671835917958978929e-03
-8.665582791395697038e-03
-8.659329664832415147e-03
-8.653076538269133255e-03
-8.646823411705853099e-03
-8.640570285142571208e-03
-8.634317158579289317e-03
-8.628064032016009161e-03
-8.621810905452727269e-03
-8.615557778889445378e-03
-8.609304652326163487e-03
-8.603051525762881596e-03
-8.596798399199599705e-03
-8.590545272636317814e-03
-8.584292146073035923e-03
-8.578039019509754032e-03
-8.571785892946472141e-03
-8.565532766383190250e-03
-8.559279639819910093e-03
-8.553026513256628202e-03
-8.546773386693346311e-03
-8.540520260130066155e-03
-8.534267133566784264e-03
-8.528014007003502372e-03
-8.521760880440220481e-03
-8.515507753876938590e-03
-8.509254627313656699e-03
-8.503001500750374808e-03
-8.496748374187092917e-03
-8.490495247623811026e-03
-8.484242121060529135e-03
-8.477988994497247244e-03
-8.471735867933967087e-03
-8.465482741370685196e-03
-8.459229614807403305e-03
-8.452976488244123149e-03
-8.446723361680841258e-03
-8.440470235117559367e-03
-8.434217108554277476e-03
-8.427963981990995584e-03
-8.421710855427713693e-03
-8.415457728864431802e-03
-8.409204602301149911e-03
-8.402951475737868020e-03
-8.396698349174586129e-03
-8.390445222611305973e-03
-8.384192096048024082e-03
-8.377938969484742190e-03
-8.371685842921460299e-03
-8.365432716358180143e-03
-8.359179589794898252e-03
-8.352926463231616361e-03
-8.346673336668334470e-03
-8.340420210105052579e-03
-8.334167083541770688e-03
-8.327913956978488796e-03
-8.321660830415206905e-03
-8.315407703851925014e-03
-8.309154577288643123e-03
-8.302901450725362967e-03
-8.296648324162081076e-03
-8.290395197598799185e-03
-8.284142071035517293e-03
-8.277888944472237137e-03
-8.271635817908955246e-03
-8.265382691345673355e-03
-8.259129564782391464e-03
-8.252876438219109573e-03
-8.246623311655827682e-03
-8.240370185092545791e-03
-8.234117058529263899e-03
-8.227863931965982008e-03
-8.221610805402700117e-03
-8.215357678839419961e-03
-8.209104552276138070e-03
-8.202851425712856179e-03
-8.196598299149574288e-03
-8.190345172586294131e-03
-8.184092046023012240e-03
-8.177838919459730349e-03
-8.171585792896448458e-03
-8.165332666333166567e-03
-8.159079539769884676e-03
-8.152826413206602785e-03
-8.146573286643320894e-03
-8.140320160080039003e-03
-8.134067033516757111e-03
-8.127813906953476955e-03
-8.121560780390195064e-03
-8.115307653826913173e-03
-8.109054527263633017e-03
-8.102801400700351125e-03
-8.096548274137069234e-03
-8.090295147573787343e-03
-8.084042021010505452e-03
-8.077788894447223561e-03
-8.071535767883941670e-03
-8.065282641320659779e-03
-8.059029514757377888e-03
-8.052776388194095997e-03
-8.046523261630814106e-03
-8.040270135067533949e-03
-8.034017008504252058e-03
-8.027763881940970167e-03
-8.021510755377690011e-03
-8.015257628814408120e-03
-8.009004502251126228e-03
-8.002751375687844337e-03
-7.996498249124562446e-03
-7.990245122561280555e-03
-7.983991995997998664e-03
-7.977738869434716773e-03
-7.971485742871434882e-03
-7.965232616308152991e-03
-7.958979489744871100e-03
-7.952726363181590943e-03
-7.946473236618309052e-03
-7.940220110055027161e-03
-7.933966983491747005e-03
-7.927713856928465114e-03
-7.921460730365183223e-03
-7.915207603801901332e-03
-7.908954477238619440e-03
-7.902701350675337549e-03
-7.896448224112055658e-03
-7.890195097548773767e-03
-7.883941970985491876e-03
-7.877688844422209985e-03
-7.871435717858929829e-03
-7.865182591295647938e-03
-7.858929464732366046e-03
-7.852676338169084155e-03
-7.846423211605803999e-03
-7.840170085042522108e-03
-7.833916958479240217e-03
-7.827663831915958326e-03
-7.821410705352676435e-03
-7.815157578789394544e-03
-7.808904452226112652e-03
-7.802651325662831629e-03
-7.796398199099549738e-03
-7.790145072536267846e-03
-7.783891945972986823e-03
-7.777638819409704932e-03
-7.771385692846423041e-03
-7.765132566283141149e-03
-7.758879439719860126e-03
-7.752626313156578235e-03
-7.746373186593296344e-03
-7.740120060030015320e-03
-7.733866933466733429e-03
-7.727613806903451538e-03
-7.721360680340169647e-03
-7.715107553776888623e-03
-7.708854427213606732e-03
-7.702601300650324841e-03
-7.696348174087043817e-03
-7.690095047523761926e-03
-7.683841920960480035e-03
-7.677588794397198144e-03
-7.671335667833917120e-03
-7.665082541270635229e-03
-7.658829414707353338e-03
-7.652576288144072314e-03
-7.646323161580790423e-03
-7.640070035017508532e-03
-7.633816908454227508e-03
-7.627563781890945617e-03
-7.621310655327663726e-03
-7.615057528764381835e-03
-7.608804402201100811e-03
-7.602551275637818920e-03
-7.596298149074537029e-03
-7.590045022511256005e-03
-7.583791895947974114e-03
-7.577538769384692223e-03
-7.571285642821410332e-03
-7.565032516258129308e-03
-7.558779389694847417e-03
-7.552526263131565526e-03
-7.546273136568284502e-03
-7.540020010005002611e-03
-7.533766883441720720e-03
-7.527513756878438829e-03
-7.521260630315157805e-03
-7.515007503751875914e-03
-7.508754377188594023e-03
-7.502501250625312999e-03
-7.496248124062031108e-03
-7.489994997498749217e-03
-7.483741870935467326e-03
-7.477488744372186302e-03
-7.471235617808904411e-03
-7.464982491245622520e-03
-7.458729364682341496e-03
-7.452476238119059605e-03
-7.446223111555777714e-03
-7.439969984992495823e-03
-7.433716858429214799e-03
-7.427463731865932908e-03
-7.421210605302651017e-03
-7.414957478739369993e-03
-7.408704352176088102e-03
-7.402451225612806211e-03
-7.396198099049525188e-03
-7.389944972486243296e-03
-7.383691845922961405e-03
-7.377438719359679514e-03
-7.371185592796398491e-03
-7.364932466233116599e-03
-7.358679339669834708e-03
-7.352426213106553685e-03
-7.346173086543271794e-03
-7.339919959979989902e-03
-7.333666833416708011e-03
-7.327413706853426988e-03
-7.321160580290145097e-03
-7.314907453726863205e-03
-7.308654327163582182e-03
-7.302401200600300291e-03
-7.296148074037018399e-03
-7.289894947473736508e-03
-7.283641820910455485e-03
-7.277388694347173594e-03
-7.271135567783891702e-03
-7.264882441220610679e-03
-7.258629314657328788e-03
-7.252376188094046897e-03
-7.246123061530765005e-03
-7.239869934967483982e-03
-7.233616808404202091e-03
-7.227363681840920200e-03
-7.221110555277639176e-03
-7.214857428714357285e-03
-7.208604302151075394e-03
-7.202351175587793503e-03
-7.196098049024512479e-03
-7.189844922461230588e-03
-7.183591795897949564e-03
-7.177338669334667673e-03
-7.171085542771385782e-03
-7.164832416208103891e-03
-7.158579289644822000e-03
-7.152326163081540109e-03
-7.146073036518259952e-03
-7.139819909954978061e-03
-7.133566783391696170e-03
-7.127313656828414279e-03
-7.121060530265132388e-03
-7.114807403701850497e-03
-7.108554277138568606e-03
-7.102301150575288449e-03
-7.096048024012006558e-03
-7.089794897448724667e-03
-7.083541770885442776e-03
-7.077288644322160885e-03
-7.071035517758878994e-03
-7.064782391195597103e-03
-7.058529264632316946e-03
-7.052276138069035055e-03
-7.046023011505753164e-03
-7.039769884942471273e-03
-7.033516758379189382e-03
-7.027263631815907491e-03
-7.021010505252625600e-03
-7.014757378689345443e-03
-7.008504252126063552e-03
-7.002251125562781661e-03
-6.995997998999499770e-03
-6.989744872436217879e-03
-6.983491745872935988e-03
-6.977238619309654097e-03
-6.970985492746373940e-03
-6.964732366183092049e-03
-6.958479239619810158e-03
-6.952226113056528267e-03
-6.945972986493246376e-03
-6.939719859929964485e-03
-6.933466733366682594e-03
-6.927213606803402438e-03
-6.920960480240120546e-03
-6.914707353676838655e-03
-6.908454227113556764e-03
-6.902201100550274873e-03
-6.895947973986992982e-03
-6.889694847423711091e-03
-6.883441720860430935e-03
-6.877188594297149044e-03
-6.870935467733867152e-03
-6.864682341170585261e-03
-6.858429214607303370e-03
-6.852176088044021479e-03
-6.845922961480739588e-03
-6.839669834917459432e-03
-6.833416708354177541e-03
-6.827163581790895650e-03
-6.820910455227613758e-03
-6.814657328664331867e-03
-6.808404202101049976e-03
-6.802151075537768085e-03
-6.795897948974487929e-03
-6.789644822411206038e-03
-6.783391695847924147e-03
-6.777138569284642255e-03
-6.770885442721360364e-03
-6.764632316158078473e-03
-6.758379189594796582e-03
-6.752126063031516426e-03
-6.745872936468234535e-03
-6.739619809904952644e-03
-6.733366683341670753e-03
-6.727113556778388861e-03
-6.720860430215106970e-03
-6.714607303651826814e-03
-6.708354177088544923e-03
-6.702101050525263032e-03
-6.695847923961981141e-03
-6.689594797398699250e-03
-6.683341670835417359e-03
-6.677088544272135467e-03
-6.670835417708855311e-03
-6.664582291145573420e-03
-6.658329164582291529e-03
-6.652076038019009638e-03
-6.645822911455727747e-03
-6.639569784892445856e-03
-6.633316658329163965e-03
-6.627063531765883808e-03
-6.620810405202601917e-03
-6.614557278639320026e-03
-6.608304152076038135e-03
-6.602051025512756244e-03
-6.595797898949474353e-03
-6.589544772386192462e-03
-6.583291645822912305e-03
-6.577038519259630414e-03
-6.570785392696348523e-03
-6.564532266133066632e-03
-6.558279139569784741e-03
-6.552026013006502850e-03
-6.545772886443220959e-03
-6.539519759879940802e-03
-6.533266633316658911e-03
-6.527013506753377020e-03
-6.520760380190095129e-03
-6.514507253626813238e-03
-6.508254127063531347e-03
-6.502001000500249456e-03
-6.495747873936969299e-03
-6.489494747373687408e-03
-6.483241620810405517e-03
-6.476988494247123626e-03
-6.470735367683841735e-03
-6.464482241120559844e-03
-6.458229114557277953e-03
-6.451975987993997796e-03
-6.445722861430715905e-03
-6.439469734867434014e-03
-6.433216608304152123e-03
-6.426963481740870232e-03
-6.420710355177588341e-03
-6.414457228614306450e-03
-6.408204102051026294e-03
-6.401950975487744402e-03
-6.395697848924462511e-03
-6.389444722361180620e-03
-6.383191595797898729e-03
-6.376938469234616838e-03
-6.370685342671334947e-03
-6.364432216108054791e-03
-6.358179089544772900e-03
-6.351925962981491008e-03
-6.345672836418209117e-03
-6.339419709854927226e-03
-6.333166583291645335e-03
-6.326913456728363444e-03
-6.320660330165083288e-03
-6.314407203601801397e-03
-6.308154077038519505e-03
-6.301900950475237614e-03
-6.295647823911955723e-03
-6.289394697348673832e-03
-6.283141570785391941e-03
-6.276888444222111785e-03
-6.270635317658829894e-03
-6.264382191095548003e-03
-6.258129064532266111e-03
-6.251875937968984220e-03
-6.245622811405702329e-03
-6.239369684842420438e-03
-6.233116558279140282e-03
-6.226863431715858391e-03
-6.220610305152576500e-03
-6.214357178589294609e-03
-6.208104052026012717e-03
-6.201850925462730826e-03
-6.195597798899450670e-03
-6.189344672336168779e-03
-6.183091545772886888e-03
-6.176838419209604997e-03
-6.170585292646323106e-03
-6.164332166083041215e-03
-6.158079039519759323e-03
-6.151825912956479167e-03
-6.145572786393197276e-03
-6.139319659829915385e-03
-6.133066533266633494e-03
-6.126813406703351603e-03
-6.120560280140069712e-03
-6.114307153576787821e-03
-6.108054027013507664e-03
-6.101800900450225773e-03
-6.095547773886943882e-03
-6.089294647323661991e-03
-6.083041520760380100e-03
-6.076788394197098209e-03
-6.070535267633816318e-03
-6.064282141070536161e-03
-6.058029014507254270e-03
-6.051775887943972379e-03
-6.045522761380690488e-03
-6.039269634817408597e-03
-6.033016508254126706e-03
-6.026763381690844815e-03
-6.020510255127564658e-03
-6.014257128564282767e-03
-6.008004002001000876e-03
-6.001750875437718985e-03
-5.995497748874437094e-03
-5.989244622311155203e-03
-5.982991495747873312e-03
-5.976738369184593155e-03
-5.970485242621311264e-03
-5.964232116058029373e-03
-5.957978989494747482e-03
-5.951725862931465591e-03
-5.945472736368183700e-03
-5.939219609804901809e-03
-5.932966483241621652e-03
-5.926713356678339761e-03
-5.920460230115057870e-03
-5.914207103551775979e-03
-5.907953976988494088e-03
-5.901700850425212197e-03
-5.895447723861930306e-03
-5.889194597298650150e-03
-5.882941470735368258e-03
-5.876688344172086367e-03
-5.870435217608804476e-03
-5.864182091045522585e-03
-5.857928964482240694e-03
-5.851675837918958803e-03
-5.845422711355678647e-03
-5.839169584792396756e-03
-5.832916458229114864e-03
-5.826663331665832973e-03
-5.820410205102551082e-03
-5.814157078539269191e-03
-5.807903951975987300e-03
-5.801650825412707144e-03
-5.795397698849425253e-03
-5.789144572286143361e-03
-5.782891445722861470e-03
-5.776638319159579579e-03
-5.770385192596297688e-03
-5.764132066033015797e-03
-5.757878939469735641e-03
-5.751625812906453750e-03
-5.745372686343171859e-03
-5.739119559779889967e-03
-5.732866433216608076e-03
-5.726613306653326185e-03
-5.720360180090044294e-03
-5.714107053526764138e-03
-5.707853926963482247e-03
-5.701600800400200356e-03
-5.695347673836918465e-03
-5.689094547273636573e-03
-5.682841420710354682e-03
-5.676588294147072791e-03
-5.670335167583792635e-03
-5.664082041020510744e-03
-5.657828914457228853e-03
-5.651575787893946962e-03
-5.645322661330665071e-03
-5.639069534767383179e-03
-5.632816408204103023e-03
-5.626563281640821132e-03
-5.620310155077539241e-03
-5.614057028514257350e-03
-5.607803901950975459e-03
-5.601550775387693568e-03
-5.595297648824411677e-03
-5.589044522261131520e-03
-5.582791395697849629e-03
-5.576538269134567738e-03
-5.570285142571285847e-03
-5.564032016008003956e-03
-5.557778889444722065e-03
-5.551525762881440174e-03
-5.545272636318160017e-03
-5.539019509754878126e-03
-5.532766383191596235e-03
-5.526513256628314344e-03
-5.520260130065032453e-03
-5.514007003501750562e-03
-5.507753876938468671e-03
-5.501500750375188514e-03
-5.495247623811906623e-03
-5.488994497248624732e-03
-5.482741370685342841e-03
-5.476488244122060950e-03
-5.470235117558779059e-03
-5.463981990995497168e-03
-5.457728864432217011e-03
-5.451475737868935120e-03
-5.445222611305653229e-03
-5.438969484742371338e-03
-5.432716358179089447e-03
-5.426463231615807556e-03
-5.420210105052525665e-03
-5.413956978489245508e-03
-5.407703851925963617e-03
-5.401450725362681726e-03
-5.395197598799399835e-03
-5.388944472236117944e-03
-5.382691345672836053e-03
-5.376438219109554162e-03
-5.370185092546274006e-03
-5.363931965982992114e-03
-5.357678839419710223e-03
-5.351425712856428332e-03
-5.345172586293146441e-03
-5.338919459729864550e-03
-5.332666333166582659e-03
-5.326413206603302503e-03
-5.320160080040020611e-03
-5.313906953476738720e-03
-5.307653826913456829e-03
-5.301400700350174938e-03
-5.295147573786893047e-03
-5.288894447223611156e-03
-5.282641320660331000e-03
-5.276388194097049109e-03
-5.270135067533767217e-03
-5.263881940970485326e-03
-5.257628814407203435e-03
-5.251375687843921544e-03
-5.245122561280639653e-03
-5.238869434717359497e-03
-5.232616308154077606e-03
-5.226363181590795715e-03
-5.220110055027513823e-03
-5.213856928464231932e-03
-5.207603801900950041e-03
-5.201350675337668150e-03
-5.195097548774387994e-03
-5.188844422211106103e-03
-5.182591295647824212e-03
-5.176338169084542321e-03
-5.170085042521260429e-03
-5.163831915957978538e-03
-5.157578789394696647e-03
-5.151325662831416491e-03
-5.145072536268134600e-03
-5.138819409704852709e-03
-5.132566283141570818e-03
-5.126313156578288927e-03
-5.120060030015007035e-03
-5.113806903451726879e-03
-5.107553776888444988e-03
-5.101300650325163097e-03
-5.095047523761881206e-03
-5.088794397198599315e-03
-5.082541270635317424e-03
-5.076288144072035532e-03
-5.070035017508755376e-03
-5.063781890945473485e-03
-5.057528764382191594e-03
-5.051275637818909703e-03
-5.045022511255627812e-03
-5.038769384692345921e-03
-5.032516258129064030e-03
-5.026263131565783873e-03
-5.020010005002501982e-03
-5.013756878439220091e-03
-5.007503751875938200e-03
-5.001250625312656309e-03
-4.994997498749374418e-03
-4.988744372186092527e-03
-4.982491245622812370e-03
-4.976238119059530479e-03
-4.969984992496248588e-03
-4.963731865932966697e-03
-4.957478739369684806e-03
-4.951225612806402915e-03
-4.944972486243121024e-03
-4.938719359679840867e-03
-4.932466233116558976e-03
-4.926213106553277085e-03
-4.919959979989995194e-03
-4.913706853426713303e-03
-4.907453726863431412e-03
-4.901200600300149521e-03
-4.894947473736869364e-03
-4.888694347173587473e-03
-4.882441220610305582e-03
-4.876188094047023691e-03
-4.869934967483741800e-03
-4.863681840920459909e-03
-4.857428714357178018e-03
-4.851175587793897861e-03
-4.844922461230615970e-03
-4.838669334667334079e-03
-4.832416208104052188e-03
-4.826163081540770297e-03
-4.819909954977488406e-03
-4.813656828414206515e-03
-4.807403701850926359e-03
-4.801150575287644467e-03
-4.794897448724362576e-03
-4.788644322161080685e-03
-4.782391195597798794e-03
-4.776138069034516903e-03
-4.769884942471235012e-03
-4.763631815907954856e-03
-4.757378689344672965e-03
-4.751125562781391073e-03
-4.744872436218109182e-03
-4.738619309654827291e-03
-4.732366183091545400e-03
-4.726113056528263509e-03
-4.719859929964983353e-03
-4.713606803401701462e-03
-4.707353676838419571e-03
-4.701100550275137679e-03
-4.694847423711855788e-03
-4.688594297148573897e-03
-4.682341170585292006e-03
-4.676088044022011850e-03
-4.669834917458729959e-03
-4.663581790895448068e-03
-4.657328664332166177e-03
-4.651075537768884285e-03
-4.644822411205602394e-03
-4.638569284642320503e-03
-4.632316158079040347e-03
-4.626063031515758456e-03
-4.619809904952476565e-03
-4.613556778389194674e-03
-4.607303651825912783e-03
-4.601050525262630891e-03
-4.594797398699349000e-03
-4.588544272136068844e-03
-4.582291145572786953e-03
-4.576038019009505062e-03
-4.569784892446223171e-03
-4.563531765882941280e-03
-4.557278639319659388e-03
-4.551025512756379232e-03
-4.544772386193097341e-03
-4.538519259629815450e-03
-4.532266133066533559e-03
-4.526013006503251668e-03
-4.519759879939969777e-03
-4.513506753376687886e-03
-4.507253626813407729e-03
-4.501000500250125838e-03
-4.494747373686843947e-03
-4.488494247123562056e-03
-4.482241120560280165e-03
-4.475987993996998274e-03
-4.469734867433716383e-03
-4.463481740870436226e-03
-4.457228614307154335e-03
-4.450975487743872444e-03
-4.444722361180590553e-03
-4.438469234617308662e-03
-4.432216108054026771e-03
-4.425962981490744880e-03
-4.419709854927464723e-03
-4.413456728364182832e-03
-4.407203601800900941e-03
-4.400950475237619050e-03
-4.394697348674337159e-03
-4.388444222111055268e-03
-4.382191095547773377e-03
-4.375937968984493220e-03
-4.369684842421211329e-03
-4.363431715857929438e-03
-4.357178589294647547e-03
-4.350925462731365656e-03
-4.344672336168083765e-03
-4.338419209604801874e-03
-4.332166083041521717e-03
-4.325912956478239826e-03
-4.319659829914957935e-03
-4.313406703351676044e-03
-4.307153576788394153e-03
-4.300900450225112262e-03
-4.294647323661830371e-03
-4.288394197098550215e-03
-4.282141070535268323e-03
-4.275887943971986432e-03
-4.269634817408704541e-03
-4.263381690845422650e-03
-4.257128564282140759e-03
-4.250875437718858868e-03
-4.244622311155578712e-03
-4.238369184592296821e-03
-4.232116058029014929e-03
-4.225862931465733038e-03
-4.219609804902451147e-03
-4.213356678339169256e-03
-4.207103551775887365e-03
-4.200850425212607209e-03
-4.194597298649325318e-03
-4.188344172086043427e-03
-4.182091045522761535e-03
-4.175837918959479644e-03
-4.169584792396197753e-03
-4.163331665832915862e-03
-4.157078539269635706e-03
-4.150825412706353815e-03
-4.144572286143071924e-03
-4.138319159579790033e-03
-4.132066033016508141e-03
-4.125812906453226250e-03
-4.119559779889944359e-03
-4.113306653326664203e-03
-4.107053526763382312e-03
-4.100800400200100421e-03
-4.094547273636818530e-03
-4.088294147073536638e-03
-4.082041020510254747e-03
-4.075787893946972856e-03
-4.069534767383692700e-03
-4.063281640820410809e-03
-4.057028514257128918e-03
-4.050775387693847027e-03
-4.044522261130565136e-03
-4.038269134567283244e-03
-4.032016008004003088e-03
-4.025762881440721197e-03
-4.019509754877439306e-03
-4.013256628314157415e-03
-4.007003501750875524e-03
-4.000750375187593633e-03
-3.994497248624311742e-03
-3.988244122061031585e-03
-3.981990995497749694e-03
-3.975737868934467803e-03
-3.969484742371185912e-03
-3.963231615807904021e-03
-3.956978489244622130e-03
-3.950725362681340239e-03
-3.944472236118060082e-03
-3.938219109554778191e-03
-3.931965982991496300e-03
-3.925712856428214409e-03
-3.919459729864932518e-03
-3.913206603301650627e-03
-3.906953476738368736e-03
-3.900700350175088579e-03
-3.894447223611806688e-03
-3.888194097048524797e-03
-3.881940970485242906e-03
-3.875687843921961015e-03
-3.869434717358679124e-03
-3.863181590795397233e-03
-3.856928464232117076e-03
-3.850675337668835185e-03
-3.844422211105553294e-03
-3.838169084542271403e-03
-3.831915957978989512e-03
-3.825662831415707621e-03
-3.819409704852425730e-03
-3.813156578289145573e-03
-3.806903451725863682e-03
-3.800650325162581791e-03
-3.794397198599299900e-03
-3.788144072036018009e-03
-3.781890945472736118e-03
-3.775637818909454227e-03
-3.769384692346174071e-03
-3.763131565782892179e-03
-3.756878439219610288e-03
-3.750625312656328397e-03
-3.744372186093046506e-03
-3.738119059529764615e-03
-3.731865932966482724e-03
-3.725612806403202568e-03
-3.719359679839920677e-03
-3.713106553276638785e-03
-3.706853426713356894e-03
-3.700600300150075003e-03
-3.694347173586793112e-03
-3.688094047023511221e-03
-3.681840920460231065e-03
-3.675587793896949174e-03
-3.669334667333667283e-03
-3.663081540770385391e-03
-3.656828414207103500e-03
-3.650575287643821609e-03
-3.644322161080539718e-03
-3.638069034517259562e-03
-3.631815907953977671e-03
-3.625562781390695780e-03
-3.619309654827413889e-03
-3.613056528264131997e-03
-3.606803401700850106e-03
-3.600550275137568215e-03
-3.594297148574288059e-03
-3.588044022011006168e-03
-3.581790895447724277e-03
-3.575537768884442386e-03
-3.569284642321160494e-03
-3.563031515757878603e-03
-3.556778389194596712e-03
-3.550525262631316556e-03
-3.544272136068034665e-03
-3.538019009504752774e-03
-3.531765882941470883e-03
-3.525512756378188992e-03
-3.519259629814907100e-03
-3.513006503251626944e-03
-3.506753376688345053e-03
-3.500500250125063162e-03
-3.494247123561781271e-03
-3.487993996998499380e-03
-3.481740870435217489e-03
-3.475487743871935598e-03
-3.469234617308655441e-03
-3.462981490745373550e-03
-3.456728364182091659e-03
-3.450475237618809768e-03
-3.444222111055527877e-03
-3.437968984492245986e-03
-3.431715857928964095e-03
-3.425462731365683938e-03
-3.419209604802402047e-03
-3.412956478239120156e-03
-3.406703351675838265e-03
-3.400450225112556374e-03
-3.394197098549274483e-03
-3.387943971985992592e-03
-3.381690845422712435e-03
-3.375437718859430544e-03
-3.369184592296148653e-03
-3.362931465732866762e-03
-3.356678339169584871e-03
-3.350425212606302980e-03
-3.344172086043021089e-03
-3.337918959479740932e-03
-3.331665832916459041e-03
-3.325412706353177150e-03
-3.319159579789895259e-03
-3.312906453226613368e-03
-3.306653326663331477e-03
-3.300400200100049586e-03
-3.294147073536769429e-03
-3.287893946973487538e-03
-3.281640820410205647e-03
-3.275387693846923756e-03
-3.269134567283641865e-03
-3.262881440720359974e-03
-3.256628314157078083e-03
-3.250375187593797927e-03
-3.244122061030516035e-03
-3.237868934467234144e-03
-3.231615807903952253e-03
-3.225362681340670362e-03
-3.219109554777388471e-03
-3.212856428214106580e-03
-3.206603301650826424e-03
-3.200350175087544533e-03
-3.194097048524262641e-03
-3.187843921960980750e-03
-3.181590795397698859e-03
-3.175337668834416968e-03
-3.169084542271135077e-03
-3.162831415707854921e-03
-3.156578289144573030e-03
-3.150325162581291139e-03
-3.144072036018009247e-03
-3.137818909454727356e-03
-3.131565782891445465e-03
-3.125312656328163574e-03
-3.119059529764883418e-03
-3.112806403201601527e-03
-3.106553276638319636e-03
-3.100300150075037744e-03
-3.094047023511755853e-03
-3.087793896948473962e-03
-3.081540770385192071e-03
-3.075287643821911915e-03
-3.069034517258630024e-03
-3.062781390695348133e-03
-3.056528264132066242e-03
-3.050275137568784350e-03
-3.044022011005502459e-03
-3.037768884442220568e-03
-3.031515757878940412e-03
-3.025262631315658521e-03
-3.019009504752376630e-03
-3.012756378189094739e-03
-3.006503251625812848e-03
-3.000250125062530956e-03
-2.993996998499250800e-03
-2.987743871935968909e-03
-2.981490745372687018e-03
-2.975237618809405127e-03
-2.968984492246123236e-03
-2.962731365682841345e-03
-2.956478239119559454e-03
-2.950225112556279297e-03
-2.943971985992997406e-03
-2.937718859429715515e-03
-2.931465732866433624e-03
-2.925212606303151733e-03
-2.918959479739869842e-03
-2.912706353176587951e-03
-2.906453226613307794e-03
-2.900200100050025903e-03
-2.893946973486744012e-03
-2.887693846923462121e-03
-2.881440720360180230e-03
-2.875187593796898339e-03
-2.868934467233616448e-03
-2.862681340670336291e-03
-2.856428214107054400e-03
-2.850175087543772509e-03
-2.843921960980490618e-03
-2.837668834417208727e-03
-2.831415707853926836e-03
-2.825162581290644945e-03
-2.818909454727364788e-03
-2.812656328164082897e-03
-2.806403201600801006e-03
-2.800150075037519115e-03
-2.793896948474237224e-03
-2.787643821910955333e-03
-2.781390695347673442e-03
-2.775137568784393285e-03
-2.768884442221111394e-03
-2.762631315657829503e-03
-2.756378189094547612e-03
-2.750125062531265721e-03
-2.743871935967983830e-03
-2.737618809404701939e-03
-2.731365682841421783e-03
-2.725112556278139891e-03
-2.718859429714858000e-03
-2.712606303151576109e-03
-2.706353176588294218e-03
-2.700100050025012327e-03
-2.693846923461730436e-03
-2.687593796898450280e-03
-2.681340670335168389e-03
-2.675087543771886497e-03
-2.668834417208604606e-03
-2.662581290645322715e-03
-2.656328164082040824e-03
-2.650075037518758933e-03
-2.643821910955478777e-03
-2.637568784392196886e-03
-2.631315657828914994e-03
-2.625062531265633103e-03
-2.618809404702351212e-03
-2.612556278139069321e-03
-2.606303151575787430e-03
-2.600050025012507274e-03
-2.593796898449225383e-03
-2.587543771885943492e-03
-2.581290645322661600e-03
-2.575037518759379709e-03
-2.568784392196097818e-03
-2.562531265632815927e-03
-2.556278139069535771e-03
-2.550025012506253880e-03
-2.543771885942971989e-03
-2.537518759379690098e-03
-2.531265632816408206e-03
-2.525012506253126315e-03
-2.518759379689844424e-03
-2.512506253126564268e-03
-2.506253126563282377e-03
-2.500000000000000052e-03
-2.500000000000000052e-03
-2.496796796796796856e-03
-2.493593593593593661e-03
-2.490390390390390465e-03
-2.487187187187187270e-03
-2.483983983983984074e-03
-2.480780780780780879e-03
-2.477577577577577683e-03
-2.474374374374374488e-03
-2.471171171171171292e-03
-2.467967967967968097e-03
-2.464764764764764901e-03
-2.461561561561561706e-03
-2.458358358358358510e-03
-2.455155155155155314e-03
-2.451951951951952119e-03
-2.448748748748748923e-03
-2.445545545545545728e-03
-2.442342342342342532e-03
-2.439139139139139337e-03
-2.435935935935936141e-03
-2.432732732732732946e-03
-2.429529529529529750e-03
-2.426326326326326555e-03
-2.423123123123123359e-03
-2.419919919919920163e-03
-2.416716716716716968e-03
-2.413513513513513772e-03
-2.410310310310310143e-03
-2.407107107107107381e-03
-2.403903903903903752e-03
-2.400700700700700557e-03
-2.397497497497497361e-03
-2.394294294294294165e-03
-2.391091091091090970e-03
-2.387887887887887774e-03
-2.384684684684684579e-03
-2.381481481481481383e-03
-2.378278278278278188e-03
-2.375075075075074992e-03
-2.371871871871871797e-03
-2.368668668668668601e-03
-2.365465465465465406e-03
-2.362262262262262210e-03
-2.359059059059059014e-03
-2.355855855855855819e-03
-2.352652652652652623e-03
-2.349449449449449428e-03
-2.346246246246246232e-03
-2.343043043043043037e-03
-2.339839839839839841e-03
-2.336636636636636646e-03
-2.333433433433433450e-03
-2.330230230230230255e-03
-2.327027027027027059e-03
-2.323823823823823864e-03
-2.320620620620620668e-03
-2.317417417417417472e-03
-2.314214214214214277e-03
-2.311011011011011081e-03
-2.307807807807807886e-03
-2.304604604604604690e-03
-2.301401401401401495e-03
-2.298198198198198299e-03
-2.294994994994995104e-03
-2.291791791791791908e-03
-2.288588588588588713e-03
-2.285385385385385517e-03
-2.282182182182182321e-03
-2.278978978978979126e-03
-2.275775775775775930e-03
-2.272572572572572735e-03
-2.269369369369369539e-03
-2.266166166166166344e-03
-2.262962962962963148e-03
-2.259759759759759953e-03
-2.256556556556556757e-03
-2.253353353353353562e-03
-2.250150150150150366e-03
-2.246946946946947170e-03
-2.243743743743743975e-03
-2.240540540540540779e-03
-2.237337337337337584e-03
-2.234134134134133955e-03
-2.230930930930931193e-03
-2.227727727727727564e-03
-2.224524524524524802e-03
-2.221321321321321172e-03
-2.218118118118118411e-03
-2.214914914914914781e-03
-2.211711711711711586e-03
-2.208508508508508390e-03
-2.205305305305305195e-03
-2.202102102102101999e-03
-2.198898898898898804e-03
-2.195695695695695608e-03
-2.192492492492492413e-03
-2.189289289289289217e-03
-2.186086086086086022e-03
-2.182882882882882826e-03
-2.179679679679679630e-03
-2.176476476476476435e-03
-2.173273273273273239e-03
-2.170070070070070044e-03
-2.166866866866866848e-03
-2.163663663663663653e-03
-2.160460460460460457e-03
-2.157257257257257262e-03
-2.154054054054054066e-03
-2.150850850850850871e-03
-2.147647647647647675e-03
-2.144444444444444479e-03
-2.141241241241241284e-03
-2.138038038038038088e-03
-2.134834834834834893e-03
-2.131631631631631697e-03
-2.128428428428428502e-03
-2.125225225225225306e-03
-2.122022022022022111e-03
-2.118818818818818915e-03
-2.115615615615615720e-03
-2.112412412412412524e-03
-2.109209209209209328e-03
-2.106006006006006133e-03
-2.102802802802802937e-03
-2.099599599599599742e-03
-2.096396396396396546e-03
-2.093193193193193351e-03
-2.089989989989990155e-03
-2.086786786786786960e-03
-2.083583583583583764e-03
-2.080380380380380569e-03
-2.077177177177177373e-03
-2.073973973973974178e-03
-2.070770770770770982e-03
-2.067567567567567786e-03
-2.064364364364364591e-03
-2.061161161161161395e-03
-2.057957957957958200e-03
-2.054754754754755004e-03
-2.051551551551551375e-03
-2.048348348348348613e-03
-2.045145145145144984e-03
-2.041941941941942222e-03
-2.038738738738738593e-03
-2.035535535535535831e-03
-2.032332332332332202e-03
-2.029129129129129006e-03
-2.025925925925925811e-03
-2.022722722722722615e-03
-2.019519519519519420e-03
-2.016316316316316224e-03
-2.013113113113113029e-03
-2.009909909909909833e-03
-2.006706706706706637e-03
-2.003503503503503442e-03
-2.000300300300300246e-03
-1.997097097097097051e-03
-1.993893893893893855e-03
-1.990690690690690660e-03
-1.987487487487487464e-03
-1.984284284284284269e-03
-1.981081081081081073e-03
-1.977877877877877878e-03
-1.974674674674674682e-03
-1.971471471471471486e-03
-1.968268268268268291e-03
-1.965065065065065095e-03
-1.961861861861861900e-03
-1.958658658658658704e-03
-1.955455455455455509e-03
-1.952252252252252313e-03
-1.949049049049049118e-03
-1.945845845845845922e-03
-1.942642642642642727e-03
-1.939439439439439531e-03
-1.936236236236236335e-03
-1.933033033033033140e-03
-1.929829829829829944e-03
-1.926626626626626749e-03
-1.923423423423423553e-03
-1.920220220220220358e-03
-1.917017017017017162e-03
-1.913813813813813967e-03
-1.910610610610610771e-03
-1.907407407407407576e-03
-1.904204204204204380e-03
-1.901001001001001185e-03
-1.897797797797797989e-03
-1.894594594594594793e-03
-1.891391391391391598e-03
-1.888188188188188402e-03
-1.884984984984984990e-03
-1.881781781781781794e-03
-1.878578578578578599e-03
-1.875375375375375403e-03
-1.872172172172172208e-03
-1.868968968968969012e-03
-1.865765765765765817e-03
-1.862562562562562621e-03
-1.859359359359359426e-03
-1.856156156156156230e-03
-1.852952952952953035e-03
-1.849749749749749839e-03
-1.846546546546546643e-03
-1.843343343343343448e-03
-1.840140140140140252e-03
-1.836936936936936840e-03
-1.833733733733733644e-03
-1.830530530530530449e-03
-1.827327327327327253e-03
-1.824124124124124058e-03
-1.820920920920920862e-03
-1.817717717717717667e-03
-1.814514514514514471e-03
-1.811311311311311276e-03
-1.808108108108108080e-03
-1.804904904904904885e-03
-1.801701701701701689e-03
-1.798498498498498493e-03
-1.795295295295295298e-03
-1.792092092092092102e-03
-1.788888888888888907e-03
-1.785685685685685711e-03
-1.782482482482482516e-03
-1.779279279279279320e-03
-1.776076076076076125e-03
-1.772872872872872929e-03
-1.769669669669669734e-03
-1.766466466466466538e-03
-1.763263263263263343e-03
-1.760060060060060147e-03
-1.756856856856856951e-03
-1.753653653653653756e-03
-1.750450450450450560e-03
-1.747247247247247365e-03
-1.744044044044044169e-03
-1.740840840840840974e-03
-1.737637637637637778e-03
-1.734434434434434583e-03
-1.731231231231231387e-03
-1.728028028028028192e-03
-1.724824824824824996e-03
-1.721621621621621800e-03
-1.718418418418418605e-03
-1.715215215215215409e-03
-1.712012012012012214e-03
-1.708808808808809018e-03
-1.705605605605605823e-03
-1.702402402402402410e-03
-1.699199199199199215e-03
-1.695995995995996019e-03
-1.692792792792792824e-03
-1.689589589589589628e-03
-1.686386386386386433e-03
-1.683183183183183237e-03
-1.679979979979980042e-03
-1.676776776776776846e-03
-1.673573573573573650e-03
-1.670370370370370455e-03
-1.667167167167167259e-03
-1.663963963963964064e-03
-1.660760760760760868e-03
-1.657557557557557673e-03
-1.654354354354354260e-03
-1.651151151151151065e-03
-1.647947947947947869e-03
-1.644744744744744674e-03
-1.641541541541541478e-03
-1.638338338338338283e-03
-1.635135135135135087e-03
-1.631931931931931892e-03
-1.628728728728728696e-03
-1.625525525525525500e-03
-1.622322322322322305e-03
-1.619119119119119109e-03
-1.615915915915915914e-03
-1.612712712712712718e-03
-1.609509509509509523e-03
-1.606306306306306327e-03
-1.603103103103103132e-03
-1.599899899899899936e-03
-1.596696696696696741e-03
-1.593493493493493545e-03
-1.590290290290290350e-03
-1.587087087087087154e-03
-1.583883883883883958e-03
-1.580680680680680763e-03
-1.577477477477477567e-03
-1.574274274274274372e-03
-1.571071071071071176e-03
-1.567867867867867981e-03
-1.564664664664664785e-03
-1.561461461461461590e-03
-1.558258258258258394e-03
-1.555055055055055199e-03
-1.551851851851852003e-03
-1.548648648648648807e-03
-1.545445445445445612e-03
-1.542242242242242416e-03
-1.539039039039039221e-03
-1.535835835835836025e-03
-1.532632632632632830e-03
-1.529429429429429634e-03
-1.526226226226226439e-03
-1.523023023023023026e-03
-1.519819819819819831e-03
-1.516616616616616635e-03
-1.513413413413413440e-03
-1.510210210210210244e-03
-1.507007007007007049e-03
-1.503803803803803853e-03
-1.500600600600600657e-03
-1.497397397397397462e-03
-1.494194194194194266e-03
-1.490990990990991071e-03
-1.487787787787787875e-03
-1.484584584584584680e-03
-1.481381381381381484e-03
-1.478178178178178289e-03
-1.474974974974975093e-03
-1.471771771771771898e-03
-1.468568568568568702e-03
-1.465365365365365507e-03
-1.462162162162162311e-03
-1.458958958958959115e-03
-1.455755755755755920e-03
-1.452552552552552724e-03
-1.449349349349349312e-03
-1.446146146146146116e-03
-1.442942942942942921e-03
-1.439739739739739725e-03
-1.436536536536536530e-03
-1.433333333333333334e-03
-1.430130130130130139e-03
-1.426926926926926943e-03
-1.423723723723723748e-03
-1.420520520520520552e-03
-1.417317317317317357e-03
-1.414114114114114161e-03
-1.410910910910910965e-03
-1.407707707707707770e-03
-1.404504504504504574e-03
-1.401301301301301379e-03
-1.398098098098098183e-03
-1.394894894894894988e-03
-1.391691691691691792e-03
-1.388488488488488597e-03
-1.385285285285285401e-03
-1.382082082082082206e-03
-1.378878878878879010e-03
-1.375675675675675814e-03
-1.372472472472472619e-03
-1.369269269269269423e-03
-1.366066066066066228e-03
-1.362862862862863032e-03
-1.359659659659659620e-03
-1.356456456456456424e-03
-1.353253253253253229e-03
-1.350050050050050033e-03
-1.346846846846846838e-03
-1.343643643643643642e-03
-1.340440440440440447e-03
-1.337237237237237251e-03
-1.334034034034034056e-03
-1.330830830830830860e-03
-1.327627627627627665e-03
-1.324424424424424469e-03
-1.321221221221221273e-03
-1.318018018018018078e-03
-1.314814814814814882e-03
-1.311611611611611687e-03
-1.308408408408408491e-03
-1.305205205205205296e-03
-1.302002002002002100e-03
-1.298798798798798905e-03
-1.295595595595595709e-03
-1.292392392392392514e-03
-1.289189189189189318e-03
-1.285985985985986122e-03
-1.282782782782782927e-03
-1.279579579579579731e-03
-1.276376376376376536e-03
-1.273173173173173340e-03
-1.269969969969969928e-03
-1.266766766766766732e-03
-1.263563563563563537e-03
-1.260360360360360341e-03
-1.257157157157157146e-03
-1.253953953953953950e-03
-1.250750750750750755e-03
-1.247547547547547559e-03
-1.244344344344344364e-03
-1.241141141141141168e-03
-1.237937937937937972e-03
-1.234734734734734777e-03
-1.231531531531531581e-03
-1.228328328328328386e-03
-1.225125125125125190e-03
-1.221921921921921995e-03
-1.218718718718718799e-03
-1.215515515515515604e-03
-1.212312312312312408e-03
-1.209109109109109213e-03
-1.205905905905906017e-03
-1.202702702702702822e-03
-1.199499499499499626e-03
-1.196296296296296430e-03
-1.193093093093093235e-03
-1.189889889889890039e-03
-1.186686686686686844e-03
-1.183483483483483648e-03
-1.180280280280280453e-03
-1.177077077077077040e-03
-1.173873873873873845e-03
-1.170670670670670649e-03
-1.167467467467467454e-03
-1.164264264264264258e-03
-1.161061061061061063e-03
-1.157857857857857867e-03
-1.154654654654654672e-03
-1.151451451451451476e-03
-1.148248248248248280e-03
-1.145045045045045085e-03
-1.141841841841841889e-03
-1.138638638638638694e-03
-1.135435435435435498e-03
-1.132232232232232303e-03
-1.129029029029029107e-03
-1.125825825825825912e-03
-1.122622622622622716e-03
-1.119419419419419521e-03
-1.116216216216216325e-03
-1.113013013013013129e-03
-1.109809809809809934e-03
-1.106606606606606738e-03
-1.103403403403403543e-03
-1.100200200200200347e-03
-1.096996996996997152e-03
-1.093793793793793956e-03
-1.090590590590590761e-03
-1.087387387387387348e-03
-1.084184184184184153e-03
-1.080980980980980957e-03
-1.077777777777777762e-03
-1.074574574574574566e-03
-1.071371371371371371e-03
-1.068168168168168175e-03
-1.064964964964964979e-03
-1.061761761761761784e-03
-1.058558558558558588e-03
-1.055355355355355393e-03
-1.052152152152152197e-03
-1.048948948948949002e-03
-1.045745745745745806e-03
-1.042542542542542611e-03
-1.039339339339339415e-03
-1.036136136136136220e-03
-1.032932932932933024e-03
-1.029729729729729829e-03
-1.026526526526526633e-03
-1.023323323323323437e-03
-1.020120120120120242e-03
-1.016916916916917046e-03
-1.013713713713713851e-03
-1.010510510510510655e-03
-1.007307307307307460e-03
-1.004104104104104264e-03
-1.000900900900901069e-03
-9.976976976976978731e-04
-9.944944944944944607e-04
-9.912912912912912652e-04
-9.880880880880880696e-04
-9.848848848848848741e-04
-9.816816816816816785e-04
-9.784784784784784830e-04
-9.752752752752752875e-04
-9.720720720720720919e-04
-9.688688688688688964e-04
-9.656656656656657008e-04
-9.624624624624625053e-04
-9.592592592592593097e-04
-9.560560560560561142e-04
-9.528528528528529187e-04
-9.496496496496497231e-04
-9.464464464464465276e-04
-9.432432432432433320e-04
-9.400400400400401365e-04
-9.368368368368369409e-04
-9.336336336336337454e-04
-9.304304304304305499e-04
-9.272272272272273543e-04
-9.240240240240241588e-04
-9.208208208208209632e-04
-9.176176176176177677e-04
-9.144144144144145721e-04
-9.112112112112113766e-04
-9.080080080080081811e-04
-9.048048048048047687e-04
-9.016016016016015731e-04
-8.983983983983983776e-04
-8.951951951951951821e-04
-8.919919919919919865e-04
-8.887887887887887910e-04
-8.855855855855855954e-04
-8.823823823823823999e-04
-8.791791791791792043e-04
-8.759759759759760088e-04
-8.727727727727728133e-04
-8.695695695695696177e-04
-8.663663663663664222e-04
-8.631631631631632266e-04
-8.599599599599600311e-04
-8.567567567567568355e-04
-8.535535535535536400e-04
-8.503503503503504445e-04
-8.471471471471472489e-04
-8.439439439439440534e-04
-8.407407407407408578e-04
-8.375375375375376623e-04
-8.343343343343344667e-04
-8.311311311311312712e-04
-8.279279279279280757e-04
-8.247247247247248801e-04
-8.215215215215216846e-04
-8.183183183183184890e-04
-8.151151151151152935e-04
-8.119119119119118811e-04
-8.087087087087086856e-04
-8.055055055055054900e-04
-8.023023023023022945e-04
-7.990990990990990989e-04
-7.958958958958959034e-04
-7.926926926926927078e-04
-7.894894894894895123e-04
-7.862862862862863168e-04
-7.830830830830831212e-04
-7.798798798798799257e-04
-7.766766766766767301e-04
-7.734734734734735346e-04
-7.702702702702703390e-04
-7.670670670670671435e-04
-7.638638638638639480e-04
-7.606606606606607524e-04
-7.574574574574575569e-04
-7.542542542542543613e-04
-7.510510510510511658e-04
-7.478478478478479703e-04
-7.446446446446447747e-04
-7.414414414414415792e-04
-7.382382382382383836e-04
-7.350350350350351881e-04
-7.318318318318319925e-04
-7.286286286286287970e-04
-7.254254254254256015e-04
-7.222222222222221891e-04
-7.190190190190189935e-04
-7.158158158158157980e-04
-7.126126126126126024e-04
-7.094094094094094069e-04
-7.062062062062062114e-04
-7.030030030030030158e-04
-6.997997997997998203e-04
-6.965965965965966247e-04
-6.933933933933934292e-04
-6.901901901901902336e-04
-6.869869869869870381e-04
-6.837837837837838426e-04
-6.805805805805806470e-04
-6.773773773773774515e-04
-6.741741741741742559e-04
-6.709709709709710604e-04
-6.677677677677678648e-04
-6.645645645645646693e-04
-6.613613613613614738e-04
-6.581581581581582782e-04
-6.549549549549550827e-04
-6.517517517517518871e-04
-6.485485485485486916e-04
-6.453453453453454960e-04
-6.421421421421423005e-04
-6.389389389389391050e-04
-6.357357357357359094e-04
-6.325325325325327139e-04
-6.293293293293293015e-04
-6.261261261261261060e-04
-6.229229229229229104e-04
-6.197197197197197149e-04
-6.165165165165165193e-04
-6.133133133133133238e-04
-6.101101101101101282e-04
-6.069069069069069327e-04
-6.037037037037037372e-04
-6.005005005005005416e-04
-5.972972972972973461e-04
-5.940940940940941505e-04
-5.908908908908909550e-04
-5.876876876876877594e-04
-5.844844844844845639e-04
-5.812812812812813684e-04
-5.780780780780781728e-04
-5.748748748748749773e-04
-5.716716716716717817e-04
-5.684684684684685862e-04
-5.652652652652653906e-04
-5.620620620620621951e-04
-5.588588588588589996e-04
-5.556556556556558040e-04
-5.524524524524526085e-04
-5.492492492492494129e-04
-5.460460460460460005e-04
-5.428428428428428050e-04
-5.396396396396396095e-04
-5.364364364364364139e-04
-5.332332332332332184e-04
-5.300300300300300228e-04
-5.268268268268268273e-04
-5.236236236236236317e-04
-5.204204204204204362e-04
-5.172172172172172407e-04
-5.140140140140140451e-04
-5.108108108108108496e-04
-5.076076076076076540e-04
-5.044044044044044585e-04
-5.012012012012012629e-04
-4.979979979979980674e-04
-4.947947947947948719e-04
-4.915915915915916763e-04
-4.883883883883884808e-04
-4.851851851851852852e-04
-4.819819819819820897e-04
-4.787787787787788941e-04
-4.755755755755756986e-04
-4.723723723723725031e-04
-4.691691691691693075e-04
-4.659659659659661120e-04
-4.627627627627629164e-04
-4.595595595595597209e-04
-4.563563563563565254e-04
-4.531531531531533298e-04
-4.499499499499501343e-04
-4.467467467467469387e-04
-4.435435435435437432e-04
-4.403403403403405476e-04
-4.371371371371373521e-04
-4.339339339339341566e-04
-4.307307307307309610e-04
-4.275275275275277655e-04
-4.243243243243245699e-04
-4.211211211211213744e-04
-4.179179179179181788e-04
-4.147147147147149833e-04
-4.115115115115117878e-04
-4.083083083083085922e-04
-4.051051051051053967e-04
-4.019019019019017674e-04
-3.986986986986985719e-04
-3.954954954954953764e-04
-3.922922922922921808e-04
-3.890890890890889853e-04
-3.858858858858857897e-04
-3.826826826826825942e-04
-3.794794794794793986e-04
-3.762762762762762031e-04
-3.730730730730730076e-04
-3.698698698698698120e-04
-3.666666666666666165e-04
-3.634634634634634209e-04
-3.602602602602602254e-04
-3.570570570570570298e-04
-3.538538538538538343e-04
-3.506506506506506388e-04
-3.474474474474474432e-04
-3.442442442442442477e-04
-3.410410410410410521e-04
-3.378378378378378566e-04
-3.346346346346346610e-04
-3.314314314314314655e-04
-3.282282282282282700e-04
-3.250250250250250744e-04
-3.218218218218218789e-04
-3.186186186186186833e-04
-3.154154154154154878e-04
-3.122122122122122923e-04
-3.090090090090090967e-04
-3.058058058058059012e-04
-3.026026026026027056e-04
-2.993993993993995101e-04
-2.961961961961963145e-04
-2.929929929929931190e-04
-2.897897897897899235e-04
-2.865865865865867279e-04
-2.833833833833835324e-04
-2.801801801801803368e-04
-2.769769769769771413e-04
-2.737737737737739457e-04
-2.705705705705707502e-04
-2.673673673673675547e-04
-2.641641641641643591e-04
-2.609609609609611636e-04
-2.577577577577579680e-04
-2.545545545545547725e-04
-2.513513513513515769e-04
-2.481481481481483814e-04
-2.449449449449451859e-04
-2.417417417417419903e-04
-2.385385385385387948e-04
-2.353353353353355992e-04
-2.321321321321324037e-04
-2.289289289289292081e-04
-2.257257257257260126e-04
-2.225225225225228171e-04
-2.193193193193191878e-04
-2.161161161161159923e-04
-2.129129129129127967e-04
-2.097097097097096012e-04
-2.065065065065064057e-04
-2.033033033033032101e-04
-2.001001001001000146e-04
-1.968968968968968190e-04
-1.936936936936936235e-04
-1.904904904904904279e-04
-1.872872872872872324e-04
-1.840840840840840369e-04
-1.808808808808808413e-04
-1.776776776776776458e-04
-1.744744744744744502e-04
-1.712712712712712547e-04
-1.680680680680680592e-04
-1.648648648648648636e-04
-1.616616616616616681e-04
-1.584584584584584725e-04
-1.552552552552552770e-04
-1.520520520520520814e-04
-1.488488488488488859e-04
-1.456456456456456904e-04
-1.424424424424424948e-04
-1.392392392392392993e-04
-1.360360360360361037e-04
-1.328328328328329082e-04
-1.296296296296297126e-04
-1.264264264264265171e-04
-1.232232232232233216e-04
-1.200200200200201260e-04
-1.168168168168169305e-04
-1.136136136136137349e-04
-1.104104104104105394e-04
-1.072072072072073438e-04
-1.040040040040041483e-04
-1.008008008008009528e-04
-9.759759759759775721e-05
-9.439439439439456167e-05
-9.119119119119136613e-05
-8.798798798798817059e-05
-8.478478478478497504e-05
-8.158158158158177950e-05
-7.837837837837858396e-05
-7.517517517517538841e-05
-7.197197197197219287e-05
-6.876876876876899733e-05
-6.556556556556580179e-05
-6.236236236236260624e-05
-5.915915915915941070e-05
-5.595595595595621516e-05
-5.275275275275301962e-05
-4.954954954954982407e-05
-4.634634634634662853e-05
-4.314314314314343299e-05
-3.993993993993980376e-05
-3.673673673673660822e-05
-3.353353353353341268e-05
-3.033033033033021714e-05
-2.712712712712702159e-05
-2.392392392392382605e-05
-2.072072072072063051e-05
-1.751751751751743497e-05
-1.431431431431423942e-05
-1.111111111111104388e-05
-7.907907907907848338e-06
-4.704704704704652796e-06
-1.501501501501457253e-06
1.701701701701738290e-06
4.904904904904933832e-06
8.108108108108129375e-06
1.131131131131132492e-05
1.451451451451452046e-05
1.771771771771771600e-05
2.092092092092091155e-05
2.412412412412410709e-05
2.732732732732730263e-05
3.053053053053049817e-05
3.373373373373369372e-05
3.693693693693688926e-05
4.014014014014008480e-05
4.334334334334328034e-05
4.654654654654647589e-05
4.974974974974967143e-05
5.295295295295286697e-05
5.615615615615606251e-05
5.935935935935925806e-05
6.256256256256245360e-05
6.576576576576564914e-05
6.896896896896884468e-05
7.217217217217204023e-05
7.537537537537523577e-05
7.857857857857843131e-05
8.178178178178162686e-05
8.498498498498482240e-05
8.818818818818801794e-05
9.139139139139121348e-05
9.459459459459440903e-05
9.779779779779760457e-05
1.010010010010008001e-04
1.042042042042039957e-04
1.074074074074071912e-04
1.106106106106103867e-04
1.138138138138135823e-04
1.170170170170167778e-04
1.202202202202199734e-04
1.234234234234231689e-04
1.266266266266263645e-04
1.298298298298295600e-04
1.330330330330327555e-04
1.362362362362359511e-04
1.394394394394391466e-04
1.426426426426427758e-04
1.458458458458459714e-04
1.490490490490491669e-04
1.522522522522523625e-04
1.554554554554555580e-04
1.586586586586587536e-04
1.618618618618619491e-04
1.650650650650651446e-04
1.682682682682683402e-04
1.714714714714715357e-04
1.746746746746747313e-04
1.778778778778779268e-04
1.810810810810811224e-04
1.842842842842843179e-04
1.874874874874875134e-04
1.906906906906907090e-04
1.938938938938939045e-04
1.970970970970971001e-04
2.003003003003002956e-04
2.035035035035034912e-04
2.067067067067066867e-04
2.099099099099098822e-04
2.131131131131130778e-04
2.163163163163162733e-04
2.195195195195194689e-04
2.227227227227226644e-04
2.259259259259258600e-04
2.291291291291290555e-04
2.323323323323322510e-04
2.355355355355354466e-04
2.387387387387386421e-04
2.419419419419418377e-04
2.451451451451450332e-04
2.483483483483482288e-04
2.515515515515514243e-04
2.547547547547546198e-04
2.579579579579578154e-04
2.611611611611610109e-04
2.643643643643642065e-04
2.675675675675674020e-04
2.707707707707705976e-04
2.739739739739737931e-04
2.771771771771769886e-04
2.803803803803801842e-04
2.835835835835833797e-04
2.867867867867865753e-04
2.899899899899897708e-04
2.931931931931929664e-04
2.963963963963961619e-04
2.995995995995993574e-04
3.028028028028025530e-04
3.060060060060057485e-04
3.092092092092089441e-04
3.124124124124121396e-04
3.156156156156153351e-04
3.188188188188185307e-04
3.220220220220217262e-04
3.252252252252253555e-04
3.284284284284285510e-04
3.316316316316317465e-04
3.348348348348349421e-04
3.380380380380381376e-04
3.412412412412413332e-04
3.444444444444445287e-04
3.476476476476477243e-04
3.508508508508509198e-04
3.540540540540541153e-04
3.572572572572573109e-04
3.604604604604605064e-04
3.636636636636637020e-04
3.668668668668668975e-04
3.700700700700700931e-04
3.732732732732732886e-04
3.764764764764764841e-04
3.796796796796796797e-04
3.828828828828828752e-04
3.860860860860860708e-04
3.892892892892892663e-04
3.924924924924924619e-04
3.956956956956956574e-04
3.988988988988988529e-04
4.021021021021020485e-04
4.053053053053052440e-04
4.085085085085084396e-04
4.117117117117116351e-04
4.149149149149148307e-04
4.181181181181180262e-04
4.213213213213212217e-04
4.245245245245244173e-04
4.277277277277276128e-04
4.309309309309308084e-04
4.341341341341340039e-04
4.373373373373371994e-04
4.405405405405403950e-04
4.437437437437435905e-04
4.469469469469467861e-04
4.501501501501499816e-04
4.533533533533531772e-04
4.565565565565563727e-04
4.597597597597595682e-04
4.629629629629627638e-04
4.661661661661659593e-04
4.693693693693691549e-04
4.725725725725723504e-04
4.757757757757755460e-04
4.789789789789787415e-04
4.821821821821819370e-04
4.853853853853851326e-04
4.885885885885883281e-04
4.917917917917915237e-04
4.949949949949947192e-04
4.981981981981979148e-04
5.014014014014011103e-04
5.046046046046043058e-04
5.078078078078079351e-04
5.110110110110111306e-04
5.142142142142143262e-04
5.174174174174175217e-04
5.206206206206207172e-04
5.238238238238239128e-04
5.270270270270271083e-04
5.302302302302303039e-04
5.334334334334334994e-04
5.366366366366366950e-04
5.398398398398398905e-04
5.430430430430430860e-04
5.462462462462462816e-04
5.494494494494494771e-04
5.526526526526526727e-04
5.558558558558558682e-04
5.590590590590590638e-04
5.622622622622622593e-04
5.654654654654654548e-04
5.686686686686686504e-04
5.718718718718718459e-04
5.750750750750750415e-04
5.782782782782782370e-04
5.814814814814814325e-04
5.846846846846846281e-04
5.878878878878878236e-04
5.910910910910910192e-04
5.942942942942942147e-04
5.974974974974974103e-04
6.007007007007006058e-04
6.039039039039038013e-04
6.071071071071069969e-04
6.103103103103101924e-04
6.135135135135133880e-04
6.167167167167165835e-04
6.199199199199197791e-04
6.231231231231229746e-04
6.263263263263261701e-04
6.295295295295293657e-04
6.327327327327325612e-04
6.359359359359357568e-04
6.391391391391389523e-04
6.423423423423421479e-04
6.455455455455453434e-04
6.487487487487485389e-04
6.519519519519517345e-04
6.551551551551549300e-04
6.583583583583581256e-04
6.615615615615613211e-04
6.647647647647645167e-04
6.679679679679677122e-04
6.711711711711709077e-04
6.743743743743741033e-04
6.775775775775772988e-04
6.807807807807804944e-04
6.839839839839836899e-04
6.871871871871868855e-04
6.903903903903905147e-04
6.935935935935937102e-04
6.967967967967969058e-04
6.999999999999999929e-04
