-1.585635017524524626e+00 1.090621110980289465e+00 1.257582916596395428e+00 0.000000000000000000e+00
-1.065825046631564271e-01 8.230240043500421931e-01 7.665923961194286151e-02 0.000000000000000000e+00
8.033027691003528092e-01 1.380474780762876552e+00 -6.368626567944418726e-01 0.000000000000000000e+00
1.039352696921147956e+00 6.450445482485527293e-01 -6.457496435560250436e-01 0.000000000000000000e+00
2.582423990119580570e-01 -2.057455391154252300e-01 -2.775696352840151260e-02 0.000000000000000000e+00
-2.039473481797602350e-01 6.092416900372434885e-01 -4.454238350681672398e-01 0.000000000000000000e+00
-6.454742685162181415e-01 -7.911670405778070680e-01 1.135929762752856176e+00 0.000000000000000000e+00
6.764387927461076311e-01 5.637296469989904607e-03 -2.357858530161566768e-01 0.000000000000000000e+00
4.568322849661250740e-03 -1.090968929765186723e-01 4.153293514381099505e-01 0.000000000000000000e+00
-5.726748063714398596e-01 -8.710722374814672264e-02 -1.822003781392448563e+00 0.000000000000000000e+00
2.453534205528409839e-01 -4.033507878087646548e-01 -2.281708338436349778e-02 0.000000000000000000e+00
3.818251033073308820e-01 -4.263557761868003726e-01 -9.501465986225444971e-02 0.000000000000000000e+00
1.807696439722593015e-02 -1.210662424672341447e-01 -1.808612784617676938e-01 0.000000000000000000e+00
5.102297547458776172e-01 -2.952771301728051093e-02 -6.566059637484030764e-01 0.000000000000000000e+00
-5.608842104884077528e-01 -1.523637958907071988e-01 -5.310780090509300555e-01 0.000000000000000000e+00
2.837404168214800460e-01 7.253395555490187441e-01 -5.507411634916685728e-01 0.000000000000000000e+00
8.012117252299871817e-01 9.045488482101123884e-01 -5.765399974153837676e-02 0.000000000000000000e+00
1.018740996642259367e+00 1.627156002568077353e+00 -8.934869438742201186e-01 0.000000000000000000e+00
-3.737739526753948160e-01 1.204306598681663676e+00 -4.673580749649519084e-01 0.000000000000000000e+00
9.240348694358828663e-01 2.748907746019572662e-01 1.897362611104256858e-01 0.000000000000000000e+00
1.035100387365731622e-01 -1.845104415090449979e-01 -2.668704719660387747e-03 0.000000000000000000e+00
-1.832713292737301811e-02 -2.017501103314271738e-01 -2.158182500372047771e-02 0.000000000000000000e+00
-2.891747412122687433e-02 -4.445005751448929954e-02 -1.919036847581825911e-01 0.000000000000000000e+00
1.927095548738363973e-01 -5.641195738667256210e-01 -2.734352606130210361e-01 0.000000000000000000e+00
1.546227728989351680e-01 1.309238857536468570e-01 -3.479826438668078281e-01 0.000000000000000000e+00
-1.757971100232552653e-02 -2.566524075857108400e-01 2.658610476601741546e-01 0.000000000000000000e+00
2.669673030125154223e-01 -5.861943206154636155e-01 -2.035159565477224000e-03 0.000000000000000000e+00
-1.917040760479244987e-01 -1.011227415798092305e-01 -4.359963743851329177e-02 0.000000000000000000e+00
-2.059725866158860497e-01 2.995699353522760511e-01 -3.633498510971537310e-01 0.000000000000000000e+00
-2.432979511248200555e-01 1.194491967545139588e-01 6.581597715138458593e-01 0.000000000000000000e+00
3.607491783067839908e-01 8.132803093372281689e-01 -1.641036341800391041e+00 0.000000000000000000e+00
1.565724899522205726e+00 -2.952913474882162825e-01 -2.142491904209899989e+00 0.000000000000000000e+00
1.057592258547815467e+00 -8.807748549987737263e-01 -1.227155388931301827e+00 0.000000000000000000e+00
-8.241744125373766383e-02 -7.046970899035542857e-02 -6.606698185047710226e-02 0.000000000000000000e+00
-2.340926680268390070e-01 -1.172567135390443882e+00 6.059775583911872765e-01 0.000000000000000000e+00
-6.744971607073321773e-02 1.265540539677726395e-01 3.207966839886498833e-02 0.000000000000000000e+00
-2.795281934774566657e-01 2.118155687650270791e-01 4.404924535088670262e-04 0.000000000000000000e+00
-2.234265231000043608e-02 -2.994026068800006383e-03 1.154679944289481869e-01 0.000000000000000000e+00
-3.190443071383061158e-01 -1.524441471316796692e-01 8.332399137879750728e-02 0.000000000000000000e+00
-1.861169342903484011e-03 1.477415885108810112e-01 4.115828851482503797e-02 0.000000000000000000e+00
-2.178505319869550871e-01 -1.216574206577359096e-01 -3.016655072304706697e-02 0.000000000000000000e+00
-4.156657188969071215e-01 -8.396374702090591002e-01 9.064814844371767155e-02 0.000000000000000000e+00
-3.926842186573298865e-01 -1.051615097530785414e+00 -4.737835203661366901e-01 0.000000000000000000e+00
2.658359101330699525e-01 -9.243883896795026534e-01 -3.095286177901929725e-01 0.000000000000000000e+00
-2.437280874168022970e-01 8.973934584775904166e-02 4.990568921138783219e-03 0.000000000000000000e+00
4.874707017313810731e-01 4.085495753867384172e-01 -1.354125790985246880e+00 0.000000000000000000e+00
1.772014333245719664e+00 -1.317693368345733029e+00 3.394102994854393818e-01 0.000000000000000000e+00
6.056257616061500038e-01 4.381912379717549100e-01 -1.082724565308706532e+00 0.000000000000000000e+00
-4.870228059516406027e-01 7.502982995405913513e-01 1.903436464030137332e+00 0.000000000000000000e+00
6.975745724098905698e-02 7.452740764869275614e-01 -5.615952093063140138e-01 0.000000000000000000e+00
1.334862991206273053e+00 1.187286969728543889e-01 -3.782041621126327330e-03 0.000000000000000000e+00
9.609339963109756466e-01 7.934214198668071427e-01 1.434372161266832313e+00 0.000000000000000000e+00
-1.017067475247020347e+00 1.697538209222451355e+00 5.110397848324127468e-01 0.000000000000000000e+00
-6.493654955561374287e-01 1.768835219644655288e+00 -6.907801823031466393e-01 0.000000000000000000e+00
9.764331964331971481e-01 -1.757297991779627755e-01 -2.941548230495646399e-01 0.000000000000000000e+00
6.626953439471521268e-01 -1.291510652155846706e-01 1.160429747962616220e+00 0.000000000000000000e+00
