6.449842441025310791e-04 -3.425378328232864256e-04 1.995207669751586366e-04 1.478432834568166321e-03
-4.751876867454662978e-02 -4.671116743085135248e-02 -4.670730409482135026e-02 -4.665326267194708221e-02
-4.662991223453849532e-02 -4.666508960568377384e-02 -4.668294607483475245e-02 -4.645926593724036824e-02
-3.106584844487825237e-01 -3.096331261535959500e-01 -3.110866524651516585e-01 -3.130286382380484955e-01
3.239838897120872474e-03 8.650409834816130683e-04 1.635824094541521445e-03 2.489391016841147053e-03
1.383308667080473953e-03 1.815139174159541291e-03 1.733504405000918513e-03 1.696390079711396215e-03
-2.362317953279591265e-02 -2.784866376359673712e-02 -2.910258614330021865e-02 -2.892352673511344729e-02
2.919476381892693873e-02 2.919664807269839457e-02 2.912415471656221166e-02 2.838203469296729509e-02
4.303152207854044065e-03 3.375882343036262778e-03 3.328488531356782465e-03 3.624164047640737740e-03
-4.658802195165456794e-04 -9.022697070607543779e-04 6.416092717560495373e-04 1.988000825241420522e-03
-2.084196614216216048e-02 -1.560207273259450744e-02 -1.275513783680089219e-02 -1.348176927173694306e-02
-1.159067558099979856e-02 -1.179620104522083324e-02 -1.155886171550207786e-02 -1.067847489997564292e-02
-5.102755405754333395e-03 2.478917770026178857e-03 1.101192211774737473e-03 -1.653130222389886939e-03
-1.589901336844334878e-03 1.245964323790538231e-04 2.471946960673765403e-04 -6.260209222097579129e-04
-9.804958795713858422e-04 -1.707031959902183260e-03 -1.506948474588987175e-03 -1.498189788069703710e-03
-9.693836830466651122e-04 1.079207683615690527e-03 6.482486039904866715e-05 -9.726861551884180557e-05
-2.299832436536419777e-04 3.483929552960951526e-04 4.025782123636689747e-04 1.281047041326033309e-04
6.357871552014060512e-04 2.549709707588831975e-04 4.864033419835767091e-04 4.734489314772161173e-04
-6.529797492227373823e-04 2.153414791961072439e-05 1.025247952049779254e-04 1.100497604701322629e-04
-6.486180001792352101e-04 -5.416900149182168889e-04 -1.259103809981843014e-03 -1.696450989280451349e-03
2.328230491492444543e-03 -9.790540775644895888e-05 -2.147895555029144532e-03 -1.485564258750515787e-03
2.695785765964631153e-03 2.943594792496728729e-03 2.750005339876959720e-03 2.309042940261685217e-03
6.222018538722062786e-03 2.219729599231001771e-04 9.101025079882862912e-04 3.426839960000760410e-03
2.121853716454680239e-04 6.370890063434331285e-04 4.906403455628982613e-04 5.082411764522065667e-04
6.255571990203545596e-04 -4.373333719872585235e-04 -5.844676044637342471e-04 1.806159620998393223e-04
8.780749866192927300e-04 -1.686028563710806338e-03 4.826966996696047119e-05 1.923257881348561238e-04
8.444309639674685286e-04 -6.300025257033325943e-06 2.677520119822585087e-04 4.358983071310884583e-04
-3.642613861875032555e-04 -4.292254782933824231e-05 -2.419011489087630196e-04 -2.816264085508946025e-04
6.949725050953148298e-04 -1.471500669575354081e-05 -1.115571185896224726e-04 -4.983624990262391918e-05
7.586432619012262180e-04 -4.197465803293942699e-04 -2.870667503507284835e-05 4.207481073745245048e-05
-5.911428072247204568e-05 -6.802174102160662983e-05 7.328362184533254720e-05 -2.186851559837776904e-07
-1.217775107639762489e-05 2.269420842024860718e-04 9.329293987780928887e-05 -6.256496691858792758e-05
1.321083664698186055e-04 2.404952870778132024e-04 5.008234549508383537e-05 -7.205315099967357639e-05
1.038570460454302236e-04 3.557121278141561760e-06 -8.879153680307894092e-06 6.459766770011698966e-05
-2.240397434705998503e-04 -2.411147148397921325e-04 -1.192688839440347870e-04 -6.517637332525971772e-05
-1.990304616457022613e-03 -1.609020715120659806e-03 -1.142538302465974376e-03 -1.318194039103645632e-03
-2.689954686346807122e-04 -3.399172584281490161e-04 -2.921564181234403978e-04 -2.132143529745694766e-04
-1.631325242668235642e-03 -2.306674406263448107e-04 -3.414366021038672816e-04 -1.006941240922279435e-03
-1.333092974903915540e-04 8.782395856782310162e-05 1.351328210423830001e-04 -6.390591893951080849e-05
-9.434918770145905853e-06 -9.287318524333482150e-05 -5.886233115934280669e-05 -6.276835383631218512e-05
2.645249344124245283e-05 7.899720658334219436e-04 2.034815631297426375e-04 1.862867832435888271e-04
-1.520601721947123508e-04 1.432080194413432039e-04 -1.538412190438265270e-05 -3.237266516598058530e-05
5.572890681729281148e-05 -1.112280473869464714e-05 2.280928309073004812e-05 5.997015376815045817e-05
-1.921168972474074366e-04 5.179199247501431458e-06 3.059924593118434899e-05 5.884205683984872204e-06
-3.996627818269038457e-04 1.668168454294072234e-04 9.987669570599155833e-05 -3.188682114063645656e-05
1.356242291898901442e-04 5.751287751909472945e-05 6.013756181610929730e-05 9.281699743457494378e-05
3.075985291259297760e-05 -1.533091649221773878e-04 -3.123475090349714378e-05 9.096481550507906633e-06
-5.781208098920576077e-05 -1.363304303788059890e-04 -2.090995503967185698e-05 2.098736138878010138e-05
-3.894414226435216619e-05 -1.944278283094735826e-07 -7.224994899579506580e-06 -4.724036440639789447e-05
1.303705325694237693e-04 3.108344524597184133e-04 4.129386557299996596e-05 -2.874147728193499063e-05
1.481188053401583105e-04 3.628585174707821270e-04 3.344715982012136379e-05 1.337633440823271513e-04
3.380896635490904245e-05 1.634466904441578272e-04 -1.801970286363641094e-05 -8.914130127868347131e-05
-5.615642539369414266e-06 -2.509980596854255452e-05 1.088532637266714787e-05 -5.979769096231546399e-05
-1.187857752561749525e-05 6.146772655535315266e-06 3.386258967730260139e-06 -3.055327375742211693e-05
7.425764317864347319e-05 -5.452752263490623363e-06 9.061009624611315871e-06 -5.251804813610760903e-05
8.698063101532498287e-01 8.700132789372488906e-01 8.699731629515313758e-01 8.696761797689525064e-01
8.728928030896355476e-06 5.909937806524064448e-06 3.943817321166353760e-06 4.766376746295229883e-06
