-2.378811602151141624e+00 2.092561981163988394e-01 2.975765374301938326e+00 0.000000000000000000e+00
-8.262923356598967928e-01 8.363111912339432630e-01 5.572308726340035046e-01 0.000000000000000000e+00
5.794769946440987418e-01 2.425792110892171394e+00 -1.195766869679212974e+00 0.000000000000000000e+00
1.096031783003704296e+00 -1.714806914945155025e-01 4.990039868360044983e-01 0.000000000000000000e+00
-3.298589822775695873e-02 5.543547307437747262e-01 -1.476867562670651779e-01 0.000000000000000000e+00
2.032979339454583645e-01 -2.191721675630375898e+00 7.196054541329749421e-01 0.000000000000000000e+00
-7.719557386703481683e-01 1.317474970919012556e-01 9.255263339135160194e-01 0.000000000000000000e+00
4.674812267425831336e-01 1.901536562711238387e+00 -3.881621322252675754e-01 0.000000000000000000e+00
-7.048262426800216973e-01 9.797053256433569945e-01 6.237655778585622368e-01 0.000000000000000000e+00
1.321591949838059721e+00 -4.229847014749616996e-01 -1.343406777783968442e+00 0.000000000000000000e+00
1.577796448093810033e-01 2.129481205174459657e-01 -1.586111040548939255e-01 0.000000000000000000e+00
5.523764616677867556e-01 6.356106246064363585e-01 -3.631538476116741299e-02 0.000000000000000000e+00
-1.880188995059287882e-01 4.842639432563844437e-01 1.126800943353638979e-01 0.000000000000000000e+00
8.619202197968323098e-01 5.185204829014044003e-01 -2.312846409180034701e+00 0.000000000000000000e+00
4.956975169482203403e-01 -4.147336168123467726e-01 -1.970711202851843424e+00 0.000000000000000000e+00
-3.917436807108301555e-02 -1.007875833283476547e-01 -8.444618281791431702e-01 0.000000000000000000e+00
1.064536947527763511e+00 8.866614317998759986e-01 -2.291006511435586535e-01 0.000000000000000000e+00
2.725202116408272257e+00 2.468726678888343518e+00 -1.771847428645750622e+00 0.000000000000000000e+00
-1.836014885971268829e-01 2.114711790878617936e+00 -1.760930094262074252e+00 0.000000000000000000e+00
1.159783236959497810e+00 -5.899368135085603093e-01 -1.956932593015748290e-01 0.000000000000000000e+00
1.123358916397781404e-01 -1.535202237315309859e-02 -7.003515745820083904e-02 0.000000000000000000e+00
2.210575702649849317e-01 -1.980895493100386651e-01 2.114351375269981487e-02 0.000000000000000000e+00
1.804513215272435071e-03 7.984033981333985008e-02 -9.263080633992072654e-02 0.000000000000000000e+00
8.397915062552379073e-01 1.775321075689164085e-01 -1.596462102885416900e+00 0.000000000000000000e+00
1.189931833847301390e-01 -1.636776657407710556e-01 -5.078415782152372326e-01 0.000000000000000000e+00
3.521310851895820826e-01 -6.160538821752008509e-01 -6.176908396899901676e-01 0.000000000000000000e+00
1.098147518963504821e+00 1.869241594029981357e+00 -3.953336045417311095e-01 0.000000000000000000e+00
-2.193331609113585434e-01 1.604952202165369934e+00 5.858859326417747981e-01 0.000000000000000000e+00
-2.307026124942866407e-01 1.308275030825023499e+00 -5.768552211918005490e-01 0.000000000000000000e+00
-7.718484684324425915e-01 5.969523877534544942e-01 1.088332598136419610e-01 0.000000000000000000e+00
1.154637457082858587e+00 -3.436443355080800011e+00 -8.973881923834222674e-01 0.000000000000000000e+00
6.106094891064806074e-01 7.858474401919755825e-02 -1.309502441807708806e+00 0.000000000000000000e+00
1.096706016477095647e+00 -6.235502648968693773e-01 -2.370031635710559748e+00 0.000000000000000000e+00
-5.864998060530781654e-01 -3.534704264093824766e-01 8.696756725974004176e-01 0.000000000000000000e+00
-3.017405485102405208e-02 -3.316486754880327292e-01 -3.336076609605470034e-01 0.000000000000000000e+00
-5.469627531241265730e-03 -1.622445334975067821e-01 -1.954845257379630649e-02 0.000000000000000000e+00
-2.458205471098956763e-01 -3.901782939273234496e-01 -8.897735826425677563e-02 0.000000000000000000e+00
6.473818024801730742e-02 -3.090489320717723087e-01 -1.040505067616341872e-01 0.000000000000000000e+00
3.015825547777660209e-01 2.283553379210827988e-02 -5.048274464063292610e-01 0.000000000000000000e+00
-2.852433480516842201e-01 -2.123638306012585741e-01 9.285473519444392698e-01 0.000000000000000000e+00
-6.161108375024012401e-02 -1.216576403286747932e-01 1.260594935882363155e-01 0.000000000000000000e+00
1.480792673447797858e+00 7.295248424118422337e-01 -9.652857880502448973e-01 0.000000000000000000e+00
-1.032550790650923339e-01 5.805520759124239705e-01 8.250494783541881261e-02 0.000000000000000000e+00
-9.525910786206344448e-04 1.879001605355249405e-01 -4.820809178567183051e-01 0.000000000000000000e+00
-4.408079469826998720e-01 1.732553187798779037e-01 -3.317043104090925398e-01 0.000000000000000000e+00
1.503886069279064985e+00 -1.838347005744511264e+00 -2.534321465593037725e+00 0.000000000000000000e+00
-7.130968466244137771e-02 -4.337946068288544010e-01 -1.897166908697463628e+00 0.000000000000000000e+00
-4.429625723471471987e-01 1.507389607309361779e+00 -1.555948550441883294e+00 0.000000000000000000e+00
-7.822242773820441419e-01 6.760683997939531675e-01 -7.461670969595126657e-01 0.000000000000000000e+00
-7.754486896166502830e-02 -5.046672070951572220e-01 -5.370124558563033057e-01 0.000000000000000000e+00
-1.019494235869632170e+00 1.077461007680422245e-01 1.456638552877347781e+00 0.000000000000000000e+00
2.746727315140179648e+00 -1.407668788734176557e-01 2.294865169524504811e-01 0.000000000000000000e+00
4.988423449723798364e-01 2.654976005322584598e-01 -9.186916713592818695e-01 0.000000000000000000e+00
1.614811385791320220e+00 1.878456240842746094e+00 -4.391008102368304522e-01 0.000000000000000000e+00
2.997062085844863222e-01 1.814222697195546408e+00 -1.363658889987443112e+00 0.000000000000000000e+00
9.982327473397186735e-01 -1.194217183548328398e+00 2.747972380678341264e-01 0.000000000000000000e+00
