-3.057195377426177973e+00 3.510827093481861283e+00 -3.884851668044433937e-02 0.000000000000000000e+00
-1.301197382374313039e+00 -9.753808366789668005e-01 2.216295172577927186e+00 0.000000000000000000e+00
-1.850902248182429100e+00 -3.661291378622864912e+00 -3.083873379642228407e+00 0.000000000000000000e+00
8.113150386861208707e-01 -2.888656647853030890e+00 -8.849142008618869903e-01 0.000000000000000000e+00
-1.993909928576866886e-01 -1.074684249865230923e+00 5.342914552497809444e-01 0.000000000000000000e+00
1.032754569499593433e+00 2.257908039060505079e+00 -3.485301039704551851e+00 0.000000000000000000e+00
-1.433368257708333315e+00 1.128194088385061633e+00 -4.521277665479357943e-01 0.000000000000000000e+00
-1.759306065254336415e+00 1.484792915681339309e+00 -2.582946996467399892e+00 0.000000000000000000e+00
-6.701615216776688477e-01 4.042535578096711490e-01 -2.340414557328961975e-01 0.000000000000000000e+00
1.874717752795000081e+00 -2.867648396604818295e+00 -2.905850836197133802e+00 0.000000000000000000e+00
1.203695555034339643e-01 -4.160840471735293700e-01 -2.601712975188496535e-01 0.000000000000000000e+00
-7.670810036406865429e-01 5.475091998825576400e-01 -1.287652161329223999e+00 0.000000000000000000e+00
-2.757703142033671728e-01 7.783046388607196553e-01 2.139202006298818459e-01 0.000000000000000000e+00
1.226946303437860486e+00 2.654933462964612079e-01 -1.558413314426140284e+00 0.000000000000000000e+00
-2.965145682057667154e-01 -4.715103098693943506e-01 -1.293859080838678954e+00 0.000000000000000000e+00
-6.003946948532526973e-01 -1.537335043371093946e+00 1.329970376747844796e+00 0.000000000000000000e+00
2.477319346687495427e-01 -3.404201712358073006e+00 -2.800215064551351940e+00 0.000000000000000000e+00
3.115446537215316614e+00 -2.588298022914005347e+00 -2.154325542199816201e+00 0.000000000000000000e+00
1.317480576456543928e-01 -2.755139490215602116e+00 -2.572993042200721892e+00 0.000000000000000000e+00
9.395441317842059270e-01 1.466995755399590207e-01 -1.350663860216190448e+00 0.000000000000000000e+00
1.349816106140065142e-01 -2.448957161960848422e-02 -2.560386100928302433e-01 0.000000000000000000e+00
-1.642450176984100174e-01 -1.703080153132270347e-01 -2.644817045699399127e-01 0.000000000000000000e+00
-3.422001496510829188e-02 5.602034994355528097e-01 1.539883260379049656e-01 0.000000000000000000e+00
9.043861294954890218e-01 7.369332861361650444e-01 -8.993632394738115821e-01 0.000000000000000000e+00
1.013764807564015158e-01 -2.031901812080320335e-01 8.766133097981117228e-02 0.000000000000000000e+00
-2.580996618786127184e-01 5.292242354862880527e-01 -3.513386914777387460e-02 0.000000000000000000e+00
-4.645596615652983208e-01 5.072614359613737411e-01 -1.775901603845685628e+00 0.000000000000000000e+00
-9.537138718150934835e-01 -1.447241455328566628e+00 -1.274049363093590959e+00 0.000000000000000000e+00
-7.287373921432441781e-01 5.657589721043555092e-02 -1.212431679648686478e+00 0.000000000000000000e+00
-4.062290539406099299e-01 1.039136019819615342e+00 2.279690542834960643e-01 0.000000000000000000e+00
3.895989724366806239e+00 -2.286913812773273769e+00 -2.135695089577247519e+00 0.000000000000000000e+00
3.781275747508377805e+00 -4.085143525429079325e+00 1.936072481336303497e+00 0.000000000000000000e+00
2.755158769420025688e+00 -9.830566686549953026e-01 -2.588041120243576021e+00 0.000000000000000000e+00
1.249329709225669438e+00 8.098182018422299400e-02 -1.664820535805080493e+00 0.000000000000000000e+00
-9.135011918585910218e-01 5.889903477914520263e-02 6.086680597105066370e-01 0.000000000000000000e+00
8.292687040956887856e-02 4.335848930813709229e-02 1.082528763445625708e-01 0.000000000000000000e+00
2.504951166042890809e-01 -4.113375014608193214e-01 2.235667486604206722e-01 0.000000000000000000e+00
1.706879699186426846e-01 -2.488575498180627399e-01 -3.487934993072172585e-02 0.000000000000000000e+00
6.287758729273944247e-02 1.325946262039159107e+00 -1.756283036463306413e-01 0.000000000000000000e+00
-3.364997957486949853e-01 8.590760563625671198e-01 -5.843788336757741418e-03 0.000000000000000000e+00
3.129915210911846657e-01 8.605967892106858308e-01 -4.939615861804446117e-01 0.000000000000000000e+00
2.519062648227427675e-02 6.178597932407657867e-01 3.987323653150632446e-02 0.000000000000000000e+00
-2.222746981810435951e+00 3.171087179060263495e-01 -1.100403472741834809e+00 0.000000000000000000e+00
-3.235492660808135523e-02 3.840140717933512304e-01 3.347856345734961381e-01 0.000000000000000000e+00
1.694075382256141904e-01 -1.108043270709506284e-01 1.009450528503249789e+00 0.000000000000000000e+00
3.761953383177270460e+00 -3.659689783996279200e+00 -4.417690635060657067e-01 0.000000000000000000e+00
2.522212036346977992e+00 -3.651418030762785705e+00 1.526660881375395684e+00 0.000000000000000000e+00
8.365376334273916248e-01 1.662340147893631992e-01 -8.445677237431475914e-01 0.000000000000000000e+00
1.296292067175917051e-01 4.548833522068238544e-01 -1.242801381128070537e-01 0.000000000000000000e+00
-5.331003859473119055e-01 -1.034500488788082873e+00 1.923055923798292266e+00 0.000000000000000000e+00
1.997357959406416139e+00 -2.161906482393594953e+00 -3.575103197803084498e+00 0.000000000000000000e+00
3.977469514576615239e+00 2.046518485036940671e+00 -1.521605804363770797e+00 0.000000000000000000e+00
4.231505626484099447e-01 -8.818000745126253204e-02 -1.161803889275029977e+00 0.000000000000000000e+00
2.360106830650455123e+00 7.953234211128221709e-01 -8.613324434933095075e-01 0.000000000000000000e+00
-4.388332277420082250e-01 -2.490656670570766007e+00 -5.134236981489457285e-01 0.000000000000000000e+00
2.413957716301789666e-02 6.846359164693233135e-01 8.548812927153833785e-01 0.000000000000000000e+00
