7.050990114175292867e-02 9.865564695036521670e-02 1.211910112779057136e-01 1.569379920024438491e-02
4.656534291432956607e-02 4.338613597356882901e-02 2.270209873586823135e-02 5.627261380836587334e-02
4.269149348750167494e-02 1.760730976775978784e-02 4.538184263622607045e-02 3.349631744095635244e-02
-5.596763933197377305e-01 -5.956371543360130527e-01 -6.375820123028124176e-01 -4.337711723375583528e-01
2.559604174136975718e-02 3.317740815190095560e-02 3.413215052359591661e-02 1.917719623287550412e-02
7.177617365201727218e-03 6.488242917998432446e-03 5.169612657730721095e-03 1.137567213725043658e-02
-2.284078681854984083e-02 -8.916775182656516696e-03 2.085608623914170234e-02 -2.934358073322718141e-02
-4.604106577409072809e-02 5.460201050460744554e-03 -6.161655994310899498e-02 -7.030528615790088143e-02
2.147802229532347340e-02 3.469877025003881288e-02 2.372870056525094862e-02 4.378188612335798258e-02
1.950578728964336150e-01 2.160471916088724242e-01 2.462791458130644540e-01 7.945422215515995923e-02
4.042084785945498915e-02 1.750103600270674908e-02 9.547366377908594881e-03 4.832820640888946251e-02
2.322553963626955431e-02 -1.729573491832026022e-02 3.590078650037906161e-02 6.177103180564835760e-02
-2.668792600659419811e-02 -7.536526366060058990e-03 -4.123311392237077877e-02 -9.313145157907598559e-03
-2.570854144919298978e-02 -5.103232995694950702e-02 -2.470470397455781786e-02 -4.582560769887999985e-02
-2.084437612220857439e-02 -9.925817236085432427e-03 -3.671354916548796865e-03 -1.680879442947336155e-02
-8.156498532203571017e-04 -4.412873520829307949e-03 5.056489481942075259e-02 -6.887674124498818773e-02
6.594524914669497306e-03 5.017492184938809885e-02 1.596704514282265563e-02 6.138166437050340818e-02
5.690128675339689579e-05 1.463134969261137286e-02 6.642006153163571014e-04 2.303831800102196237e-02
7.351961820420027660e-03 1.047534231814739591e-02 1.587861492861575297e-02 -8.789554867666637961e-03
-2.181447168081485088e-02 -2.738830203386516393e-02 -3.708044674758860515e-02 2.518697177290885048e-02
-1.974405503136655859e-02 -7.688048031292304962e-03 -9.550846129593781875e-03 -3.296152620315262460e-02
-6.418780810551971694e-03 7.630465152441645582e-03 -9.752752312270213109e-03 -1.608604935308144412e-02
1.092666657151664111e-02 -1.190265147740970919e-02 1.888799327106627235e-02 3.660815041250931046e-03
1.187466130709696754e-02 5.673956830938742257e-03 5.376717604688996399e-04 2.577674972953913901e-03
1.212801020687992448e-02 2.612077426271469660e-02 9.530761267097176415e-03 -4.215498892002900178e-02
2.613955999000205921e-02 5.270815471010148467e-02 -2.257530103742588778e-02 1.172343293601512126e-01
-7.853132177487731624e-03 -4.292454602048878520e-02 -1.167480814437243941e-02 8.900460851242764093e-02
-3.627918346992942134e-03 -1.555246970854562427e-02 -6.720921696939941015e-04 -6.395926501534532349e-05
-7.939360426064412390e-03 -9.263007532080980155e-03 -1.319909550657888397e-02 5.510468026253101392e-03
-1.110831611197404811e-03 -1.084444731472700152e-02 1.094175044085354820e-02 6.501946886027143435e-02
-1.757188481315286044e-02 2.921973643744607552e-03 -3.366228124296044566e-03 -1.517605326156012957e-02
9.048154249349404932e-03 2.100329156968228084e-03 6.368200768673837331e-04 -3.745521107472793432e-02
8.489424528449862617e-03 -4.842389843047023579e-03 -2.668464288544336593e-03 -1.439603086092056117e-02
1.143439575193522240e-02 -3.433590583013512720e-03 -1.581730222049437806e-03 3.006307578833355976e-03
2.113356998979520895e-04 7.576262377888207111e-04 1.911835845013767909e-03 -6.798753100286436535e-03
2.832659937548401285e-03 8.806676601424839879e-04 1.516701003712442319e-03 6.814356672298238493e-03
7.613824953546094454e-04 -1.033596318460949792e-03 9.941321756768740914e-04 -7.239005546782750766e-04
-1.477387672441238253e-03 3.884008641903066716e-03 -2.734844953335962420e-03 4.443913099291263435e-04
-2.049682499330726659e-03 -4.540443689868459143e-03 -1.320491631394735133e-03 2.829806058029504801e-02
-1.887337659032969905e-03 -1.115231445139530653e-03 3.723403379917583633e-05 1.570408227552243241e-03
-8.666595649529984513e-03 -1.915691319281564997e-02 2.381646293478506538e-03 -2.739337190536472733e-02
1.973936232450512751e-03 9.332536648711475813e-03 1.999224636233171148e-03 -5.907231632698328738e-02
1.104265891551103884e-03 3.925230010567715144e-03 1.421463935295241843e-04 -9.295462575747981404e-03
1.573213409699583676e-03 2.223195113685294544e-03 2.655952035955679025e-03 -5.313156654975836890e-03
5.549619083396795105e-03 1.493872940032270336e-02 -2.705258064974416787e-03 -5.312211589266246925e-02
6.733695370503389732e-03 -5.423683510585863843e-04 1.303786555431007965e-03 5.062531483909493701e-02
-4.011820089082143714e-03 -1.438729816844841469e-03 -1.738571002894845341e-04 3.252373052799367725e-02
-3.718575882437902269e-03 2.479716166695788981e-03 1.071868314513606257e-03 1.840458595824534527e-02
-4.303980526933648409e-03 1.649894266968945922e-03 5.828910311162019409e-04 1.815295164854846544e-03
5.267097711112389558e-03 2.305902568664419672e-03 2.143263500514136499e-03 2.371903260844465677e-03
-9.850676829097071430e-05 -4.686851411231374165e-05 1.436392208768871859e-03 -1.262119316529888291e-01
2.954914464660493567e-03 2.257455605231273310e-03 -5.516072457222576109e-04 -1.168030396687691486e-02
2.712870390169083712e-03 -3.841313790066691602e-03 8.421367227934226096e-04 -5.315676561510551679e-03
2.688800202230751113e-03 -3.888191373226379532e-04 5.636422966121823475e-04 -1.227690991800733933e-02
3.675662341222185603e-03 -1.645250005269216498e-03 5.996003578583042337e-05 1.222449854770307764e-02
9.177002270448235688e-01 9.086825130550952867e-01 9.077842400259095168e-01 9.219991160082228188e-01
2.402060790017300951e-04 3.182129680850392787e-04 1.808608982118680829e-04 1.646442713951594590e-03
