-2.949634202262488847e-01 -6.671259950268007555e-02 3.772110174632971602e-01 0.000000000000000000e+00
-1.443237985904915477e-01 1.845685673927090487e-01 1.493734783564990010e-01 0.000000000000000000e+00
-4.890609659786501195e-01 -9.703911295693428904e-03 -1.211261374793227263e+00 0.000000000000000000e+00
4.611261468220219095e-01 7.621116038762845712e-02 -2.815065787820976162e-01 0.000000000000000000e+00
-4.222638265853845274e-02 1.539482323473277681e-01 1.266296264212052325e-02 0.000000000000000000e+00
1.132047449850665140e-02 2.650610917963203833e-02 1.690689036688588776e-01 0.000000000000000000e+00
-5.834713755945572511e-02 -1.494392255848627504e-01 -2.139470656835628370e-01 0.000000000000000000e+00
-4.592605982330853487e-01 -1.407292963748199011e-01 -5.072751769279549849e-01 0.000000000000000000e+00
1.074760368005942268e-01 -1.816036114461452161e-02 3.570779858372573057e-01 0.000000000000000000e+00
6.663453975246952377e-01 2.958380137540149724e-01 3.330520602715684730e-01 0.000000000000000000e+00
7.565661267409810008e-03 8.926171530118752473e-02 -2.545663321835770973e-02 0.000000000000000000e+00
-2.473090226066760877e-01 -1.026312994492250552e-01 -1.319917329570652331e-01 0.000000000000000000e+00
4.105416084991674042e-03 -2.335523450815830265e-02 1.446905547522211177e-01 0.000000000000000000e+00
9.426791723478090967e-02 -7.597220576716320894e-02 1.619776555566473653e-01 0.000000000000000000e+00
6.033278911134020567e-02 8.224433847037794509e-02 3.078756899399838765e-01 0.000000000000000000e+00
-1.813522904472101779e-02 6.825867030129219651e-03 5.092906813169948560e-02 0.000000000000000000e+00
-3.483343100922006719e-01 -1.049167985130980307e+00 -7.243651542873824623e-01 0.000000000000000000e+00
5.184169741931182046e-02 -1.795779373798666589e-01 -7.604018418091776921e-01 0.000000000000000000e+00
-5.426133646017360368e-01 8.746210619989333579e-02 -5.125941189638147932e-01 0.000000000000000000e+00
5.895233906458072770e-01 4.592713696909961341e-02 4.212802172423594782e-01 0.000000000000000000e+00
2.598507937005877649e-02 4.000694517226720259e-02 -2.453802454455905613e-02 0.000000000000000000e+00
-7.951806972904799931e-02 -5.074464081211047667e-02 -9.628925254793687001e-04 0.000000000000000000e+00
-1.649496391456140715e-02 -8.407584340302922191e-03 9.041106068338142579e-03 0.000000000000000000e+00
5.828327308061038298e-02 -7.969675753351131153e-02 1.114205283933116519e-01 0.000000000000000000e+00
1.717349328967955613e-02 -5.871844720508828143e-03 7.709136763021312046e-03 0.000000000000000000e+00
-3.344424246109507781e-02 -4.671878928559801414e-02 4.118307248054274561e-02 0.000000000000000000e+00
-3.720757624553403531e-01 -8.289830705052764204e-01 1.484966156702708651e-01 0.000000000000000000e+00
-3.196012579569876277e-01 -2.594589364103765949e-01 -2.274591974331131028e-01 0.000000000000000000e+00
-3.171844841993514130e-01 8.315536474636887887e-02 -9.184534743437086646e-02 0.000000000000000000e+00
1.132765184020244897e-01 1.405019700616497724e-01 4.043719084153842291e-01 0.000000000000000000e+00
3.648369463048832806e-01 -3.600144392846027497e-01 4.301412833070086261e-01 0.000000000000000000e+00
1.075774004089525143e-01 -5.462800768526770989e-01 -6.788986630943725231e-01 0.000000000000000000e+00
1.810062802600316545e-01 -4.552195869503112835e-01 -2.942795596919788384e-02 0.000000000000000000e+00
4.313828122907371609e-01 8.281813079742942341e-01 -7.151755640166146399e-01 0.000000000000000000e+00
1.500445534174326967e-01 -1.661488634918553975e-01 -8.618081563683105406e-01 0.000000000000000000e+00
2.363412375607013699e-02 1.151510587862634820e-02 -8.029753207965239906e-05 0.000000000000000000e+00
1.828910063459457738e-02 -8.960579607805935556e-03 2.734640120050387327e-02 0.000000000000000000e+00
-8.890969882356889245e-03 1.857510984939924129e-02 -3.338324290626555613e-02 0.000000000000000000e+00
-1.164986740927510984e-02 -3.368518268064685239e-02 8.064457318379678052e-02 0.000000000000000000e+00
-4.524352530054869675e-02 -1.179451119545054105e-01 -5.538906061207207049e-02 0.000000000000000000e+00
1.851328703690682115e-02 -1.003071175542567459e-02 -1.550613340855265011e-02 0.000000000000000000e+00
-2.891271843700473076e-01 -6.221417918399982927e-01 3.838459496742742671e-01 0.000000000000000000e+00
-2.990326789555661224e-01 -2.861025622202343910e-01 -2.388319772725687185e-01 0.000000000000000000e+00
6.230021423849416151e-02 9.032269575836623932e-03 1.685932420909575513e-01 0.000000000000000000e+00
-1.855435532415425012e-02 3.261624053765472403e-02 2.463973359601025759e-01 0.000000000000000000e+00
2.940198984114649194e-01 -5.424077545878241979e-01 5.695030276083509202e-01 0.000000000000000000e+00
-6.153476305159406579e-01 -5.178419819747004382e-01 -6.001809575279398734e-01 0.000000000000000000e+00
-3.569294674602111611e-02 -3.948678611759244839e-01 3.466069555665020063e-01 0.000000000000000000e+00
2.046282207875512182e-01 2.431580908725797519e-01 -1.051449831503389332e-01 0.000000000000000000e+00
1.633716844587410622e-01 -8.600360487897093509e-02 -1.550891578453577058e-01 0.000000000000000000e+00
-1.496232916703786331e-01 -1.298660031892258315e+00 -3.288700996310792157e-02 0.000000000000000000e+00
-4.396678035083530500e-01 -1.929776069726988896e-01 -8.729691239969559202e-01 0.000000000000000000e+00
-1.126653141718930301e-01 -6.162731771108895806e-01 4.305486897528850165e-01 0.000000000000000000e+00
-5.111369593208462542e-02 1.908097055099466643e-01 -3.973739804634796591e-01 0.000000000000000000e+00
-2.778933945117001425e-01 1.315991432927955118e-01 -4.893982122400966639e-01 0.000000000000000000e+00
5.854918531653322544e-01 4.177514811823396235e-02 6.386612674330344186e-01 0.000000000000000000e+00
