-7.934042790094905095e-01 -4.050986584433715065e-01 -1.378942416247455727e+00 0.000000000000000000e+00
-1.212583132152817433e-01 5.638905706687635799e-01 -3.318878922618926364e-01 0.000000000000000000e+00
-5.268256018988138889e-01 -2.393874660137391697e-01 -6.633742366112151956e-01 0.000000000000000000e+00
8.709056352948887358e-01 6.187650423986140735e-01 3.430573631743699115e-01 0.000000000000000000e+00
1.300345672341504388e-01 3.792176245983345240e-01 4.119347878758068682e-02 0.000000000000000000e+00
1.176546870202364731e-01 4.976337093497610331e-01 -7.297735158153630941e-01 0.000000000000000000e+00
-5.379737014195901113e-01 -5.843880251703853501e-01 -5.963700718125408695e-01 0.000000000000000000e+00
-4.353632500231543467e-01 -1.107986345077019430e-01 -7.680794419051789612e-02 0.000000000000000000e+00
-5.879483288103655170e-01 2.605195502534295993e-01 -2.366231100455251368e-01 0.000000000000000000e+00
6.085031633002117024e-01 -2.006808882947608286e-01 -4.213117566586118551e-02 0.000000000000000000e+00
1.482680949050017571e-01 1.658933418363509049e-01 1.420995581591284751e-01 0.000000000000000000e+00
-2.749409865314716983e-01 -9.865920532132786691e-02 -2.944431300068208607e-02 0.000000000000000000e+00
-1.682770527748560785e-01 -6.098262017558636096e-03 -1.345646322158342845e-01 0.000000000000000000e+00
-2.102014177059322586e-01 2.543904568690802948e-01 4.381368895468271130e-01 0.000000000000000000e+00
-7.813780462673342031e-01 8.441543565297622564e-02 1.159376251019483967e-01 0.000000000000000000e+00
1.655268253815733448e-01 1.773837503665590815e-02 7.919132316885053868e-02 0.000000000000000000e+00
-1.138185464337427621e+00 -1.615972751850761835e+00 -9.739500496355151249e-01 0.000000000000000000e+00
-1.907041563538750983e+00 -1.289479326824625627e+00 -3.016497224348783646e-01 0.000000000000000000e+00
-9.124549902446703331e-03 7.855673052280179869e-01 -1.977519196225493159e-01 0.000000000000000000e+00
2.589669076704235740e-01 3.570170798657136269e-01 3.824642236780989024e-01 0.000000000000000000e+00
8.849859904068221872e-02 4.821679635980677392e-02 1.134087397057704782e-01 0.000000000000000000e+00
-1.314636493732654621e-01 -7.559851709800510799e-02 -9.089465474729183092e-02 0.000000000000000000e+00
1.056685200740614498e-02 -2.097232926667763966e-02 -6.206194510101477324e-02 0.000000000000000000e+00
-4.813801284967406113e-02 -1.091715020136903858e-01 2.519067144754012499e-01 0.000000000000000000e+00
1.928825319456372867e-01 4.330533617355142827e-03 9.089577687600888800e-02 0.000000000000000000e+00
-4.967024349786302029e-01 2.180493244339694880e-01 -1.803006027760756594e-02 0.000000000000000000e+00
-5.742588887729488389e-01 -9.815316368379196632e-01 -1.246625407237271776e-01 0.000000000000000000e+00
-8.361307693367830973e-01 -2.803391378350009733e-01 2.257574221761995681e-01 0.000000000000000000e+00
2.232473027652729092e-01 2.020657870857966165e-01 -8.048354783858328865e-02 0.000000000000000000e+00
-3.206187527307832186e-01 -3.630607302208975484e-02 -3.612239464033496494e-01 0.000000000000000000e+00
-4.399885372822259083e-02 -1.534493805809054701e+00 1.391490374740432134e+00 0.000000000000000000e+00
1.226616524545351972e+00 -1.712463389247145473e+00 1.225232534814974406e+00 0.000000000000000000e+00
6.172560244329421408e-01 5.397635335907194909e-01 1.650620577439773085e-01 0.000000000000000000e+00
5.501484504519049690e-01 -7.092461881360876408e-01 5.078991842801811735e-02 0.000000000000000000e+00
-4.620187305866823579e-01 -8.475803098890628551e-01 3.218740088392905707e-01 0.000000000000000000e+00
1.634003074106145023e-02 4.992089714584678657e-03 3.973167480052262196e-02 0.000000000000000000e+00
-9.993582548899327886e-03 -2.690175270350775999e-02 -1.619451936643151180e-01 0.000000000000000000e+00
2.560582424817148608e-02 -1.318193939720268670e-03 3.023893680920235541e-02 0.000000000000000000e+00
1.096491137078962896e-02 -8.140208018985298222e-02 -2.335178118383564594e-01 0.000000000000000000e+00
1.417613345282393855e-01 -2.763335112356025969e-02 8.905523511469259912e-02 0.000000000000000000e+00
3.018703043111140363e-02 3.156162522642022225e-03 -4.502004975583816238e-02 0.000000000000000000e+00
-4.638993551630616885e-01 -2.547193013785606364e-01 -3.244927194213717003e-01 0.000000000000000000e+00
7.940870085384730270e-01 -2.307039071881522574e-01 2.225496718056919898e-01 0.000000000000000000e+00
3.406726762671126729e-01 -2.113522123336602498e-01 8.859115992390365069e-03 0.000000000000000000e+00
-3.266716408102018215e-02 -1.986911514921755606e-01 -2.637297350126446283e-01 0.000000000000000000e+00
-7.262148976312123860e-01 -1.729641187726101537e+00 1.749084439764777787e+00 0.000000000000000000e+00
6.638297177515830594e-01 7.663867730280999879e-01 -4.409266563671473405e-01 0.000000000000000000e+00
5.795039530708944175e-01 1.555260648316739991e-01 9.029863808387468549e-02 0.000000000000000000e+00
-1.716501864284532622e-02 -1.244566253821856733e-01 -3.689386621134567168e-01 0.000000000000000000e+00
1.192858074364420568e-01 -2.856264210861408914e-01 5.870736676966400447e-01 0.000000000000000000e+00
-1.578498853062964447e+00 -2.168781634221566890e+00 1.241363639045475642e+00 0.000000000000000000e+00
4.936022848998735668e-01 6.807404276294437562e-01 -1.725077617415680331e+00 0.000000000000000000e+00
-6.460427522898387620e-01 -7.397365134989452029e-01 1.471417181249420059e-01 0.000000000000000000e+00
-1.384556092397206228e+00 -1.730652478230121805e+00 -2.049673498609319022e-01 0.000000000000000000e+00
1.908059891568329031e-02 1.078680541687329297e+00 -4.667603889451887346e-03 0.000000000000000000e+00
4.604513536289854825e-01 2.566171514647697660e-01 3.648832910123837175e-02 0.000000000000000000e+00
