6.019696359295350074e-01 5.773076815290920649e-01 2.328376775261315590e+00 0.000000000000000000e+00
-3.663732891590172347e-01 8.741012457798753577e-01 1.929631399885616549e-01 0.000000000000000000e+00
3.307264070987831484e-01 1.197015817782444813e+00 -2.358558157176787073e+00 0.000000000000000000e+00
-1.057882500730390030e+00 -1.422505382535632634e-01 2.271537103488743131e-02 0.000000000000000000e+00
-3.319292961615864512e-01 4.092250580709172469e-01 -6.692077170135446451e-01 0.000000000000000000e+00
1.164899663601415281e+00 1.450767376240607698e+00 -2.069432373192276575e+00 0.000000000000000000e+00
2.709788825231421172e-02 2.302631214852448802e-02 2.363097050078173833e+00 0.000000000000000000e+00
-7.648879837409746640e-01 6.846118785966739395e-01 -9.068660369295249435e-01 0.000000000000000000e+00
-6.395555354774032919e-01 -1.449653255236985905e-01 -7.451783483448091161e-01 0.000000000000000000e+00
-1.265793094068090152e+00 -4.058194647351117366e-03 1.697271859888232814e+00 0.000000000000000000e+00
-2.465411745540055655e-01 3.140928810906916391e-02 -5.726849185041812396e-01 0.000000000000000000e+00
-5.954830540791646865e-01 3.633576693753021950e-03 3.549744641274534419e-03 0.000000000000000000e+00
-2.537778675061013178e-01 -6.859133677260664808e-02 -3.001270205017012027e-01 0.000000000000000000e+00
1.131525009383701173e-02 1.099791604449615656e+00 -3.810708646968290203e-02 0.000000000000000000e+00
-3.257178395987850306e-01 -1.704788161906820379e-02 -3.502388370067572865e-01 0.000000000000000000e+00
1.621000615695178670e-01 -7.242536097971952191e-02 9.802855560350564046e-01 0.000000000000000000e+00
1.439656926970247941e+00 -7.724162042777774073e-02 3.502268349186403285e+00 0.000000000000000000e+00
2.444262124452844798e-01 -2.258871896613335650e+00 2.770504421341806633e+00 0.000000000000000000e+00
3.497443088378676124e-01 1.464659794309455032e+00 -1.307140308797158479e+00 0.000000000000000000e+00
3.246290432299186457e-01 -8.273120489268424027e-01 -1.730046349740594014e+00 0.000000000000000000e+00
-1.300968407302639518e-01 -1.084338335415812593e-01 -3.668335320697272417e-01 0.000000000000000000e+00
-2.774704744773828780e-01 -1.268105121344637043e-01 3.340923436580734429e-01 0.000000000000000000e+00
-4.382270784759816074e-02 -4.515797647246954163e-03 3.503545537712050018e-01 0.000000000000000000e+00
3.135599821534211795e-01 4.685575614771383957e-02 8.899170901615167661e-01 0.000000000000000000e+00
8.101128944209243232e-02 4.733702639923836886e-02 1.075227321171432215e-01 0.000000000000000000e+00
-1.456552118522699557e-01 2.024726906516625957e-01 -1.380131262648107482e+00 0.000000000000000000e+00
1.502372671754760081e+00 5.361235445360567065e-01 2.824402843299519184e+00 0.000000000000000000e+00
8.786522326994040677e-01 -9.272025077373264867e-01 6.418815613002556431e-01 0.000000000000000000e+00
-2.969091524107376756e-01 9.302369097748686144e-01 -5.369146685262040641e-01 0.000000000000000000e+00
-7.668074751257822896e-01 -4.055884184325286163e-02 -1.195944269187996456e+00 0.000000000000000000e+00
2.557168541248350913e+00 -1.206340834390840167e+00 8.786524074648400795e-01 0.000000000000000000e+00
2.999971788109191406e-01 -1.793761101173529493e+00 1.572810696010244591e+00 0.000000000000000000e+00
-4.639780600195013149e-01 2.806112692915564422e-01 -5.707016161228727347e-01 0.000000000000000000e+00
5.599935217775060536e-01 -5.853105019045178325e-01 -1.734768571929465042e-01 0.000000000000000000e+00
6.045104791235992314e-01 -1.088669213285289178e-01 -8.304920102609488763e-01 0.000000000000000000e+00
2.849106284314950610e-02 -5.914597583962812044e-02 -2.259345890851292005e-01 0.000000000000000000e+00
5.649868482708039763e-02 -1.791118579842511382e-02 4.810904542909561488e-01 0.000000000000000000e+00
6.785985375099599926e-02 8.894484702272860421e-02 6.482912906435654987e-01 0.000000000000000000e+00
6.508250789344699472e-01 -4.722479913736845059e-01 1.178330662463388467e+00 0.000000000000000000e+00
-5.934278542653696753e-02 -4.632851631286366394e-03 -1.449887996899354770e+00 0.000000000000000000e+00
-8.991071062800071179e-02 2.204223453326688564e-01 6.040276535061781665e-02 0.000000000000000000e+00
1.723709343291556895e+00 7.041966087321521739e-01 2.312489192075119160e+00 0.000000000000000000e+00
1.263128384192493625e+00 -8.228617268836139198e-01 -1.000089565292940491e-01 0.000000000000000000e+00
6.751492098467880287e-02 -4.485909597028379658e-01 1.275574060647380326e-01 0.000000000000000000e+00
-6.843278960880153639e-01 2.568038676146824351e-01 -1.005843261935931210e+00 0.000000000000000000e+00
1.854963148624709568e+00 -2.011947352426994295e-01 2.406734393207916156e+00 0.000000000000000000e+00
-3.238280581032910305e-02 -1.090594255926117251e-01 -7.098572625620487297e-01 0.000000000000000000e+00
-9.470415844250538173e-01 3.864079010922102930e-02 2.229694320596722623e-01 0.000000000000000000e+00
6.469979145806019627e-01 -1.220289979059726582e+00 1.254036145228691612e-01 0.000000000000000000e+00
6.537582436068756220e-01 -3.961985001224896386e-01 -5.985338168862784913e-01 0.000000000000000000e+00
2.373870020990756391e+00 -1.804279585790131035e+00 4.255294819793265404e+00 0.000000000000000000e+00
-2.453453144791454821e-01 3.052063015266708756e+00 1.968876655945781262e-01 0.000000000000000000e+00
1.209796715414029222e+00 -4.241206451323459858e-01 3.443050125810031226e+00 0.000000000000000000e+00
9.209262052126783171e-01 -2.011770129470679347e+00 8.405597132510590486e-01 0.000000000000000000e+00
-8.124670501525106392e-01 1.694360819207161750e+00 5.438289078343931937e-01 0.000000000000000000e+00
1.859438293904117856e+00 -1.552309102292110277e+00 -2.819507703408238530e+00 0.000000000000000000e+00
