-5.716020829438228645e-06 8.292939751015637739e-04 -9.092789564646430733e-05 1.329610730341435065e-03
-7.012002119198679218e-02 -6.748508921635210100e-02 -7.336584556821035275e-02 -7.302211299388350341e-02
-7.082535684128610232e-02 -7.258384440582812958e-02 -7.421741023817030047e-02 -7.253903027987784746e-02
-1.945358408950004225e-01 -1.908176229952095460e-01 -1.937404931900923444e-01 -1.965510531139802453e-01
-9.215221119478811396e-03 -7.010149836773810206e-03 -5.866958174310266116e-03 -3.269877709195956328e-03
-6.437265486869403475e-05 2.759133050774353890e-03 6.149521941000157810e-04 -1.817882531911729771e-03
-4.803262336837677005e-02 -5.111508422127419848e-02 -4.310555885250300090e-02 -3.876290014513389393e-02
4.182661077609922673e-02 4.624451967496562288e-02 5.203981305197924456e-02 4.757998852124734057e-02
-3.954636601872119073e-03 -4.373884809227845949e-05 -3.883282050523961804e-03 -4.984387631150388742e-03
-7.752208025790796597e-05 -5.469859275513799801e-03 -3.965472524563917744e-03 8.962127319712687168e-04
-2.114540028841349617e-02 -2.402966130549422097e-02 -2.194129533048361225e-02 -3.234161580594796526e-02
-1.275623861704350270e-02 -1.615829794937306829e-02 -2.323835778464855562e-02 -1.937019341040313591e-02
-3.728257112593613698e-03 -7.796249359758089525e-03 -2.808741135674530653e-03 -1.050831613391922659e-02
5.257793626910034490e-03 6.268367740460689674e-04 9.291595518472250959e-03 9.385376077672757944e-03
1.570691368909971075e-03 -3.384965328376343674e-03 -4.182403370012188759e-05 4.295251061887994659e-03
-6.871503806696210859e-03 -7.367837098689822284e-03 5.169037553315936062e-03 -4.225504218835496317e-04
-6.076204611138891210e-03 -3.858437921979707141e-04 6.669204896163349883e-03 3.759826353551876110e-03
-8.424710075700669876e-04 1.191432004719883420e-03 1.800223857490568236e-03 5.158500487553174807e-03
2.082357056096828529e-04 1.225099111845207034e-03 -8.028107594948430403e-05 1.300315868652202056e-03
-1.688830861324708277e-04 2.180049213275192521e-03 2.842494355043356791e-03 -3.512052180056346451e-04
-9.238412809943474802e-04 1.779723660721016509e-03 -3.162641839291158163e-03 4.417604791680185272e-03
2.042402572697360474e-03 3.017271280638667008e-03 6.350004100355466363e-03 5.311133757489372442e-03
3.946675752805051118e-03 9.105524629394734504e-03 9.109958573431553575e-03 7.931907036060614757e-03
-1.136478191904322088e-03 1.585523659747845038e-03 1.733328504118780700e-04 -1.921677858681580808e-03
-2.705307989368299637e-03 -1.052746835814133419e-03 -5.030181830168900525e-03 -7.754185817449466001e-03
2.524384958190850625e-03 1.680002402536917572e-02 -6.172029891233776766e-03 5.853008887901189894e-03
5.756504605458623303e-03 1.715416592486640468e-03 -7.260470880465330623e-03 1.423596373561153428e-03
1.379407907685314960e-03 -2.561701473948740926e-04 -1.736591420820832177e-03 -6.893760897536793664e-03
-2.641835936219028014e-04 -1.092791014293936769e-03 3.986927869590317641e-04 -2.204532170789530454e-03
1.915122104841343598e-02 1.244441810395935377e-02 4.770642435142136151e-03 5.993162682640607031e-03
1.624796881668721937e-03 3.524596660334333720e-03 3.906044039501788134e-03 3.236557270998474678e-03
-5.800725525031413810e-04 7.801198280463772505e-04 3.138368217755815870e-03 2.651352206674673084e-03
1.199310774926409806e-04 6.434153940415576756e-05 8.220967106040144579e-04 4.434807769413406930e-03
-9.679169718934677036e-05 7.178916775452126586e-05 2.365196081249854032e-04 -2.780017711362936517e-04
-4.621764479309509177e-06 -3.338775959898648837e-04 -5.561992775087176710e-04 1.607470521455822698e-06
-1.367229464521790144e-03 -1.877951307531950526e-03 -8.583075387234018194e-04 -2.107088891778852169e-03
-1.254670840912762431e-04 -2.133157792248291384e-04 -7.424179298357522216e-04 -6.899453609016947819e-04
-2.963951349294086102e-03 -4.396031520977422558e-03 -6.134157372189363855e-03 -4.454870488582951538e-03
4.149289134881412044e-04 2.302202875161807327e-04 4.566604274968688593e-04 1.808465543680637388e-03
2.141348322135250282e-04 -2.570392368264617922e-04 -1.067190291708097760e-04 2.481764910166328608e-04
-1.688626152561933935e-03 -6.276143947940848733e-03 3.857181068541604141e-03 -3.635844968937096411e-03
-1.379833500793681278e-03 -5.298845122763129467e-04 3.432780975828553238e-03 -1.603425372656008818e-03
-3.909598834322680627e-04 -3.551251522693199547e-05 8.919440920576726661e-04 1.536172884460507149e-03
6.156578718985450394e-05 2.458621763072044164e-04 2.235677308104477845e-05 6.060190756571603998e-04
-8.951476256192303360e-03 -7.512187822280358418e-03 -5.319242329895335075e-03 8.014658936639218467e-04
-2.982146146150999044e-04 -9.582191766523973087e-04 -2.731545388461154023e-03 1.284870482637145983e-03
3.374157181772474701e-04 -3.033267511092230251e-04 -2.756855728109020021e-03 -3.121804195149735506e-04
-4.892667254613458638e-05 -1.040331900226121320e-05 -7.235807379519787474e-04 -1.075969824461342483e-03
4.026819238950318791e-05 -3.253988596099710584e-05 -3.140993854888751713e-05 1.899282368809096511e-04
7.890002305846133268e-03 -5.029974903053568980e-03 -5.301136995482069736e-03 -4.184627934291418327e-03
2.383248990407427215e-03 6.099352608148755905e-04 -2.418897406775422088e-03 -1.297140682754216456e-03
-7.479632496409927001e-05 -2.088844181884208506e-04 3.691468786048979212e-04 1.448962142746812454e-03
-1.974331361276338015e-05 -1.295468362055851586e-04 -5.209776586978520641e-04 -1.952595993120920248e-03
-5.436667787789284390e-05 -5.565849408842304946e-05 5.803684575367284992e-06 -3.623342878209534490e-04
1.088295153831367323e-04 6.108566273999027629e-05 1.036763349950842183e-04 6.099126780412245097e-05
8.012754904389153277e-01 8.003127107443723798e-01 8.014273017066810834e-01 8.010650506544663152e-01
1.880692118647804917e-05 1.398944740828653205e-05 5.841969049109433260e-05 2.285807467670492770e-05
