-2.100526001726968239e+00 -2.622793067002512135e+00 -1.585300693603682642e+00 0.000000000000000000e+00
-8.167893727153420214e-01 -3.083269985724419460e-01 2.131031541438106913e+00 0.000000000000000000e+00
2.652941493651371108e+00 4.697738091946962458e-01 6.312563954183538772e-01 0.000000000000000000e+00
-1.426718759080945365e+00 -1.407701132738227834e+00 -2.188548614947106508e+00 0.000000000000000000e+00
-7.949305848464296442e-01 6.268246689117422665e-01 1.451518578152277250e+00 0.000000000000000000e+00
1.769047147968206612e+00 1.548876448962649199e+00 -4.891937197994901787e+00 0.000000000000000000e+00
-1.882578869571893687e+00 -2.273798142371313613e+00 -2.338840034689178005e+00 0.000000000000000000e+00
1.354374275646677006e+00 -3.050486393544810770e+00 4.229610356376749536e-01 0.000000000000000000e+00
-2.192488749909517587e+00 -8.023616145690517509e-01 4.612568517586835282e-01 0.000000000000000000e+00
1.636162258617315235e-01 1.871308362400375680e+00 -5.381421089541499114e+00 0.000000000000000000e+00
-4.840968348839227442e-01 6.150228116776825793e-01 6.551922626553424722e-01 0.000000000000000000e+00
7.243367794520588765e-01 -2.253069381782337732e+00 6.387323650735889924e-01 0.000000000000000000e+00
-1.487257467536192146e-01 2.286911951715531743e-01 1.627436076253746811e-01 0.000000000000000000e+00
1.463477712557782473e+00 -1.085635462293979892e+00 -2.509117424395276519e+00 0.000000000000000000e+00
-2.832003586359155278e+00 1.996225910801402659e+00 -4.515233665808378483e+00 0.000000000000000000e+00
-2.883635028579618204e-02 -4.309452962902784456e-01 1.111275625207648776e+00 0.000000000000000000e+00
-2.643014308483727426e+00 1.071389522550283191e+00 -3.750939790787537920e+00 0.000000000000000000e+00
-1.374282645675565240e+00 -3.058831199095506381e+00 -1.964752555087780017e+00 0.000000000000000000e+00
-6.523252694265919693e-01 -3.062742131226727338e+00 -1.169821901429031058e-01 0.000000000000000000e+00
4.648895092299773490e-01 1.863081357419126949e+00 -4.944480006402028338e-01 0.000000000000000000e+00
-1.666113094534707739e-01 3.280056068807352676e-01 1.178730287263388965e-01 0.000000000000000000e+00
4.282635543317143967e-02 -9.084684976829461300e-01 4.228724972766781942e-01 0.000000000000000000e+00
4.023044210588117009e-01 3.883293281857682078e-01 -1.950990501565758872e-01 0.000000000000000000e+00
1.538212521663339993e+00 -9.034987345702867323e-01 -1.297959990495786142e+00 0.000000000000000000e+00
1.146390116218824612e-01 1.714837198050583322e-01 5.998592380018469283e-01 0.000000000000000000e+00
-2.001424794465246071e-01 -1.482491150373488609e-01 -1.261825653658448232e+00 0.000000000000000000e+00
-6.369219530697454168e-01 -1.108201307799253410e+00 -3.217469620484524562e+00 0.000000000000000000e+00
-3.002090141035814952e+00 -4.020600325025331045e+00 1.089807621503912749e+00 0.000000000000000000e+00
1.529731520255745769e+00 -1.537447883877697041e+00 1.781287279263601420e-01 0.000000000000000000e+00
1.547219200422043972e+00 4.631350675298765984e-01 1.394774473790069802e+00 0.000000000000000000e+00
9.597546724898993187e-01 1.416130290666922642e+00 -3.867261167480375850e+00 0.000000000000000000e+00
7.646418089259415796e-01 -2.228927406048020643e+00 1.728443166494699756e+00 0.000000000000000000e+00
1.047978343122709655e+00 2.714590501226354480e+00 -9.636501450453162088e-01 0.000000000000000000e+00
4.195725109427945299e+00 -3.490663000927790804e+00 -2.169728207674705978e+00 0.000000000000000000e+00
1.270332998979113726e-01 -1.488537998822339503e+00 -2.904431275307904237e+00 0.000000000000000000e+00
2.222401077548125936e-01 -2.202495327947249712e-02 -1.650405613492558210e-01 0.000000000000000000e+00
-7.473677967517565746e-01 1.875990006908830054e-01 5.803665512623993467e-02 0.000000000000000000e+00
-4.212258328210029962e-02 -5.240568357446263870e-02 -2.968923741901393146e-02 0.000000000000000000e+00
1.562623546425245591e+00 -1.304317900371859462e+00 -8.729633296167412793e-01 0.000000000000000000e+00
4.471339976178728692e-01 -7.602010507753059754e-01 1.258419234042689183e+00 0.000000000000000000e+00
-2.399166004963460691e-02 7.706373887118928012e-02 -3.487619128519662270e-01 0.000000000000000000e+00
9.556838683444233151e-01 -3.406679131893725621e-01 -2.905483555632351944e+00 0.000000000000000000e+00
2.136366647351530534e-01 -2.060281115844628363e+00 1.052921203036357278e+00 0.000000000000000000e+00
-9.937299649417012937e-01 -3.220473401170921846e-01 -1.755505064822507344e-01 0.000000000000000000e+00
6.750673110599085813e-01 8.405223995151476224e-01 1.230790944302101453e+00 0.000000000000000000e+00
2.513482276905332213e+00 -3.468506992599067029e+00 -3.045176816545853704e+00 0.000000000000000000e+00
-1.896826731866886773e+00 1.544300833915140725e+00 -8.073504480628583835e-01 0.000000000000000000e+00
1.557208025636737547e+00 4.423796843197877471e-01 -1.201301825753610997e+00 0.000000000000000000e+00
1.331684429743735576e+00 -1.375119374762256985e+00 -1.201799232253702998e+00 0.000000000000000000e+00
5.146940867337373993e-01 -4.608175106781451369e-01 -2.922562271061580064e-01 0.000000000000000000e+00
-4.108598198999293238e+00 2.236527478236379984e+00 -3.805458576931199488e+00 0.000000000000000000e+00
2.364897572102114598e+00 3.470061733075531674e+00 -2.128297958119900191e+00 0.000000000000000000e+00
2.803846843665764421e+00 -3.733888521856643106e+00 -7.309698394431100033e-01 0.000000000000000000e+00
1.925314949972446898e+00 1.105325378005188375e+00 -1.419984256313721938e+00 0.000000000000000000e+00
-9.556245040168563909e-01 -2.885624810352434899e+00 3.130221085561281646e-01 0.000000000000000000e+00
-1.058022548448657396e+00 3.427852033213141691e+00 6.276121617304081246e-01 0.000000000000000000e+00
