-1.000000000000000000e+00
-9.986891430319437823e-01
-9.973793176124501336e-01
-9.960705234707918354e-01
-9.947627603361721693e-01
-9.934560279377215863e-01
-9.921503260045009265e-01
-9.908456542654984212e-01
-9.895420124496320247e-01
-9.882394002857475268e-01
-9.869378175026201072e-01
-9.856372638289524479e-01
-9.843377389933768429e-01
-9.830392427244527553e-01
-9.817417747506693715e-01
-9.804453348004427138e-01
-9.791499226021184166e-01
-9.778555378839690615e-01
-9.765621803741965090e-01
-9.752698498009295669e-01
-9.739785458922259886e-01
-9.726882683760706971e-01
-9.713990169803770058e-01
-9.701107914329863968e-01
-9.688235914616669664e-01
-9.675374167941157566e-01
-9.662522671579565348e-01
-9.649681422807415698e-01
-9.636850418899496340e-01
-9.624029657129882231e-01
-9.611219134771907813e-01
-9.598418849098196981e-01
-9.585628797380633115e-01
-9.572848976890382389e-01
-9.560079384897874899e-01
-9.547320018672820208e-01
-9.534570875484190688e-01
-9.521831952600235960e-01
-9.509103247288467342e-01
-9.496384756815675621e-01
-9.483676478447908842e-01
-9.470978409450494517e-01
-9.458290547088014089e-01
-9.445612888624329573e-01
-9.432945431322556917e-01
-9.420288172445087094e-01
-9.407641109253571665e-01
-9.395004239008923896e-01
-9.382377558971329856e-01
-9.369761066400225102e-01
-9.357154758554321328e-01
-9.344558632691583044e-01
-9.331972686069242018e-01
-9.319396915943783943e-01
-9.306831319570963990e-01
-9.294275894205785704e-01
-9.281730637102524328e-01
-9.269195545514701262e-01
-9.256670616695106268e-01
-9.244155847895775269e-01
-9.231651236368012547e-01
-9.219156779362367438e-01
-9.206672474128654304e-01
-9.194198317915932561e-01
-9.181734307972526654e-01
-9.169280441546002747e-01
-9.156836715883192035e-01
-9.144403128230166322e-01
-9.131979675832258003e-01
-9.119566355934048962e-01
-9.107163165779363911e-01
-9.094770102611291485e-01
-9.082387163672154262e-01
-9.070014346203535416e-01
-9.057651647446258725e-01
-9.045299064640400788e-01
-9.032956595025278812e-01
-9.020624235839465044e-01
-9.008301984320766786e-01
-8.995989837706245273e-01
-8.983687793232199015e-01
-8.971395848134177120e-01
-8.959113999646964865e-01
-8.946842245004598126e-01
-8.934580581440343394e-01
-8.922329006186721090e-01
-8.910087516475480029e-01
-8.897856109537621849e-01
-8.885634782603373250e-01
-8.873423532902213751e-01
-8.861222357662849047e-01
-8.849031254113229883e-01
-8.836850219480543167e-01
-8.824679250991206425e-01
-8.812518345870882230e-01
-8.800367501344454890e-01
-8.788226714636058201e-01
-8.776095982969046583e-01
-8.763975303566016173e-01
-8.751864673648790394e-01
-8.739764090438428834e-01
-8.727673551155215037e-01
-8.715593053018673153e-01
-8.703522593247547956e-01
-8.691462169059819276e-01
-8.679411777672692008e-01
-8.667371416302602771e-01
-8.655341082165208810e-01
-8.643320772475403535e-01
-8.631310484447296538e-01
-8.619310215294228028e-01
-8.607319962228767718e-01
-8.595339722462698173e-01
-8.583369493207030354e-01
-8.571409271672001395e-01
-8.559459055067069055e-01
-8.547518840600908385e-01
-8.535588625481420610e-01
-8.523668406915720919e-01
-8.511758182110152893e-01
-8.499857948270268526e-01
-8.487967702600848208e-01
-8.476087442305880737e-01
-8.464217164588579978e-01
-8.452356866651367095e-01
-8.440506545695888319e-01
-8.428666198922996067e-01
-8.416835823532765604e-01
-8.405015416724477273e-01
-8.393204975696630932e-01
-8.381404497646933738e-01
-8.369613979772309031e-01
-8.357833419268886344e-01
-8.346062813332008057e-01
-8.334302159156230516e-01
-8.322551453935309596e-01
-8.310810694862214021e-01
-8.299079879129122039e-01
-8.287359003927418089e-01
-8.275648066447688356e-01
-8.263947063879731880e-01
-8.252255993412545010e-01
-8.240574852234335834e-01
-8.228903637532508641e-01
-8.217242346493676131e-01
-8.205590976303649420e-01
-8.193949524147444707e-01
-8.182317987209274390e-01
-8.170696362672557056e-01
-8.159084647719903050e-01
-8.147482839533131127e-01
-8.135890935293247361e-01
-8.124308932180466236e-01
-8.112736827374187332e-01
-8.101174618053017529e-01
-8.089622301394748805e-01
-8.078079874576374886e-01
-8.066547334774084588e-01
-8.055024679163254042e-01
-8.043511904918452249e-01
-8.032009009213444406e-01
-8.020515989221187469e-01
-8.009032842113821271e-01
-7.997559565062686282e-01
-7.986096155238301408e-01
-7.974642609810382865e-01
-7.963198925947826412e-01
-7.951765100818722898e-01
-7.940341131590342716e-01
-7.928927015429146907e-01
-7.917522749500776058e-01
-7.906128330970062512e-01
-7.894743757001013718e-01
-7.883369024756826660e-01
-7.872004131399874538e-01
-7.860649074091720090e-01
-7.849303849993094495e-01
-7.837968456263922912e-01
-7.826642890063297830e-01
-7.815327148549496838e-01
-7.804021228879975958e-01
-7.792725128211362984e-01
-7.781438843699467478e-01
-7.770162372499269665e-01
-7.758895711764932646e-01
-7.747638858649781302e-01
-7.736391810306327832e-01
-7.725154563886246217e-01
-7.713927116540391093e-01
-7.702709465418778878e-01
-7.691501607670607754e-01
-7.680303540444235466e-01
-7.669115260887198193e-01
-7.657936766146191676e-01
-7.646768053367086759e-01
-7.635609119694914959e-01
-7.624459962273881786e-01
-7.613320578247348980e-01
-7.602190964757848946e-01
-7.591071118947081420e-01
-7.579961037955902370e-01
-7.568860718924329545e-01
-7.557770158991549136e-01
-7.546689355295908008e-01
-7.535618304974907034e-01
-7.524557005165213308e-01
-7.513505453002646828e-01
-7.502463645622193811e-01
-7.491431580157986714e-01
-7.480409253743327547e-01
-7.469396663510662338e-01
-7.458393806591603337e-01
-7.447400680116905702e-01
-7.436417281216488595e-01
-7.425443607019416303e-01
-7.414479654653912677e-01
-7.403525421247344473e-01
-7.392580903926238012e-01
-7.381646099816261408e-01
-7.370721006042240120e-01
-7.359805619728139181e-01
-7.348899937997077636e-01
-7.338003957971322988e-01
-7.327117676772281207e-01
-7.316241091520507833e-01
-7.305374199335704644e-01
-7.294516997336717434e-01
-7.283669482641530468e-01
-7.272831652367276467e-01
-7.262003503630222179e-01
-7.251185033545783920e-01
-7.240376239228509814e-01
-7.229577117792096441e-01
-7.218787666349366638e-01
-7.208007882012295031e-01
-7.197237761891979169e-01
-7.186477303098666169e-01
-7.175726502741726076e-01
-7.164985357929675169e-01
-7.154253865770151544e-01
-7.143532023369937312e-01
-7.132819827834943061e-01
-7.122117276270207853e-01
-7.111424365779901446e-01
-7.100741093467328735e-01
-7.090067456434921978e-01
-7.079403451784239687e-01
-7.068749076615966631e-01
-7.058104328029917163e-01
-7.047469203125035220e-01
-7.036843698999383223e-01
-7.026227812750147628e-01
-7.015621541473644474e-01
-7.005024882265312725e-01
-6.994437832219703166e-01
-6.983860388430502830e-01
-6.973292547990503909e-01
-6.962734307991632621e-01
-6.952185665524921454e-01
-6.941646617680530262e-01
-6.931117161547729610e-01
-6.920597294214914097e-01
-6.910087012769582371e-01
-6.899586314298359335e-01
-6.889095195886979495e-01
-6.878613654620290285e-01
-6.868141687582247634e-01
-6.857679291855927062e-01
-6.847226464523510359e-01
-6.836783202666291137e-01
-6.826349503364665949e-01
-6.815925363698146500e-01
-6.805510780745354094e-01
-6.795105751584007425e-01
-6.784710273290940341e-01
-6.774324342942084076e-01
-6.763947957612480577e-01
-6.753581114376270289e-01
-6.743223810306699928e-01
-6.732876042476114709e-01
-6.722537807955963896e-01
-6.712209103816793032e-01
-6.701889927128253932e-01
-6.691580274959085806e-01
-6.681280144377137464e-01
-6.670989532449342896e-01
-6.660708436241743469e-01
-6.650436852819469058e-01
-6.640174779246743597e-01
-6.629922212586883967e-01
-6.619679149902303328e-01
-6.609445588254506676e-01
-6.599221524704086406e-01
-6.589006956310723417e-01
-6.578801880133192670e-01
-6.568606293229358739e-01
-6.558420192656165826e-01
-6.548243575469654409e-01
-6.538076438724940154e-01
-6.527918779476235001e-01
-6.517770594776824966e-01
-6.507631881679087904e-01
-6.497502637234475742e-01
-6.487382858493530025e-01
-6.477272542505865260e-01
-6.467171686320183355e-01
-6.457080286984258066e-01
-6.446998341544948330e-01
-6.436925847048182714e-01
-6.426862800538971632e-01
-6.416809199061400681e-01
-6.406765039658629535e-01
-6.396730319372885276e-01
-6.386705035245477946e-01
-6.376689184316786108e-01
-6.366682763626257957e-01
-6.356685770212407993e-01
-6.346698201112828119e-01
-6.336720053364177652e-01
-6.326751324002175547e-01
-6.316792010061619278e-01
-6.306842108576359296e-01
-6.296901616579324568e-01
-6.286970531102494819e-01
-6.277048849176924961e-01
-6.267136567832721772e-01
-6.257233684099063886e-01
-6.247340195004180696e-01
-6.237456097575367897e-01
-6.227581388838975274e-01
-6.217716065820416693e-01
-6.207860125544155672e-01
-6.198013565033716477e-01
-6.188176381311678576e-01
-6.178348571399674416e-01
-6.168530132318387205e-01
-6.158721061087556459e-01
-6.148921354725974675e-01
-6.139131010251480669e-01
-6.129350024680962905e-01
-6.119578395030362827e-01
-6.109816118314668199e-01
-6.100063191547910879e-01
-6.090319611743174599e-01
-6.080585375912580526e-01
-6.070860481067302805e-01
-6.061144924217549690e-01
-6.051438702372581302e-01
-6.041741812540690759e-01
-6.032054251729219718e-01
-6.022376016944541721e-01
-6.012707105192074408e-01
-6.003047513476273966e-01
-5.993397238800628468e-01
-5.983756278167664533e-01
-5.974124628578943996e-01
-5.964502287035065020e-01
-5.954889250535656542e-01
-5.945285516079374943e-01
-5.935691080663917374e-01
-5.926105941286007317e-01
-5.916530094941395701e-01
-5.906963538624860899e-01
-5.897406269330214279e-01
-5.887858284050292434e-01
-5.878319579776950521e-01
-5.868790153501078910e-01
-5.859270002212583206e-01
-5.849759122900398678e-01
-5.840257512552475827e-01
-5.830765168155791489e-01
-5.821282086696336622e-01
-5.811808265159129627e-01
-5.802343700528197479e-01
-5.792888389786590153e-01
-5.783442329916375080e-01
-5.774005517898630480e-01
-5.764577950713446475e-01
-5.755159625339932861e-01
-5.745750538756212444e-01
-5.736350687939412163e-01
-5.726960069865670855e-01
-5.717578681510141481e-01
-5.708206519846984461e-01
-5.698843581849364348e-01
-5.689489864489449822e-01
-5.680145364738421465e-01
-5.670810079566463990e-01
-5.661484005942758468e-01
-5.652167140835496761e-01
-5.642859481211863759e-01
-5.633561024038055143e-01
-5.624271766279256290e-01
-5.614991704899656710e-01
-5.605720836862441159e-01
-5.596459159129794081e-01
-5.587206668662889619e-01
-5.577963362421900495e-01
-5.568729237365996898e-01
-5.559504290453333164e-01
-5.550288518641056656e-01
-5.541081918885311097e-01
-5.531884488141227685e-01
-5.522696223362922874e-01
-5.513517121503500595e-01
-5.504347179515054478e-01
-5.495186394348664516e-01
-5.486034762954389299e-01
-5.476892282281278224e-01
-5.467758949277355951e-01
-5.458634760889635729e-01
-5.449519714064103848e-01
-5.440413805745731857e-01
-5.431317032878466566e-01
-5.422229392405234494e-01
-5.413150881267934089e-01
-5.404081496407445728e-01
-5.395021234763616169e-01
-5.385970093275272985e-01
-5.376928068880209022e-01
-5.367895158515193499e-01
-5.358871359115966460e-01
-5.349856667617230999e-01
-5.340851080952661034e-01
-5.331854596054899087e-01
-5.322867209855555171e-01
-5.313888919285199020e-01
-5.304919721273365640e-01
-5.295959612748555312e-01
-5.287008590638231365e-01
-5.278066651868810188e-01
-5.269133793365676777e-01
-5.260210012053168072e-01
-5.251295304854584067e-01
-5.242389668692173377e-01
-5.233493100487150995e-01
-5.224605597159674986e-01
-5.215727155628865352e-01
-5.206857772812787388e-01
-5.197997445628463886e-01
-5.189146170991861817e-01
-5.180303945817904543e-01
-5.171470767020452941e-01
-5.162646631512324280e-01
-5.153831536205277786e-01
-5.145025478010016862e-01
-5.136228453836186869e-01
-5.127440460592378457e-01
-5.118661495186126453e-01
-5.109891554523899870e-01
-5.101130635511108569e-01
-5.092378735052102146e-01
-5.083635850050169935e-01
-5.074901977407529907e-01
-5.066177114025340877e-01
-5.057461256803692518e-01
-5.048754402641609795e-01
-5.040056548437045203e-01
-5.031367691086886529e-01
-5.022687827486944645e-01
-5.014016954531966830e-01
-5.005355069115620115e-01
-4.996702168130500166e-01
-4.988058248468131284e-01
-4.979423307018955858e-01
-4.970797340672338249e-01
-4.962180346316570900e-01
-4.953572320838863230e-01
-4.944973261125342190e-01
-4.936383164061052820e-01
-4.927802026529961021e-01
-4.919229845414947455e-01
-4.910666617597804762e-01
-4.902112339959238674e-01
-4.893567009378872457e-01
-4.885030622735238581e-01
-4.876503176905775949e-01
-4.867984668766839329e-01
-4.859475095193683813e-01
-4.850974453060478697e-01
-4.842482739240292489e-01
-4.833999950605101792e-01
-4.825526084025788531e-01
-4.817061136372131624e-01
-4.808605104512812534e-01
-4.800157985315414155e-01
-4.791719775646420265e-01
-4.783290472371207747e-01
-4.774870072354048256e-01
-4.766458572458115439e-01
-4.758055969545473829e-01
-4.749662260477079401e-01
-4.741277442112779572e-01
-4.732901511311313758e-01
-4.724534464930313926e-01
-4.716176299826294605e-01
-4.707827012854656767e-01
-4.699486600869693387e-01
-4.691155060724578885e-01
-4.682832389271370244e-01
-4.674518583361004231e-01
-4.666213639843305172e-01
-4.657917555566973844e-01
-4.649630327379587480e-01
-4.641351952127603653e-01
-4.633082426656358055e-01
-4.624821747810056727e-01
-4.616569912431779943e-01
-4.608326917363484432e-01
-4.600092759445997270e-01
-4.591867435519014218e-01
-4.583650942421097496e-01
-4.575443276989683561e-01
-4.567244436061072554e-01
-4.559054416470428861e-01
-4.550873215051779441e-01
-4.542700828638018273e-01
-4.534537254060901357e-01
-4.526382488151040606e-01
-4.518236527737908292e-01
-4.510099369649837597e-01
-4.501971010714018728e-01
-4.493851447756493922e-01
-4.485740677602159665e-01
-4.477638697074768359e-01
-4.469545502996924990e-01
-4.461461092190079913e-01
-4.453385461474537732e-01
-4.445318607669451194e-01
-4.437260527592815640e-01
-4.429211218061473443e-01
-4.421170675891113455e-01
-4.413138897896268231e-01
-4.405115880890308477e-01
-4.397101621685445272e-01
-4.389096117092732841e-01
-4.381099363922062451e-01
-4.373111358982159080e-01
-4.365132099080584749e-01
-4.357161581023735741e-01
-4.349199801616844274e-01
-4.341246757663969058e-01
-4.333302445967999184e-01
-4.325366863330657452e-01
-4.317440006552493159e-01
-4.309521872432878764e-01
-4.301612457770011000e-01
-4.293711759360919200e-01
-4.285819774001446425e-01
-4.277936498486258343e-01
-4.270061929608843787e-01
-4.262196064161510867e-01
-4.254338898935379754e-01
-4.246490430720389342e-01
-4.238650656305294473e-01
-4.230819572477664270e-01
-4.222997176023877142e-01
-4.215183463729121893e-01
-4.207378432377398836e-01
-4.199582078751518122e-01
-4.191794399633093082e-01
-4.184015391802542450e-01
-4.176245052039091465e-01
-4.168483377120769107e-01
-4.160730363824402533e-01
-4.152986008925618755e-01
-4.145250309198846850e-01
-4.137523261417314635e-01
-4.129804862353038120e-01
-4.122095108776836492e-01
-4.114393997458319907e-01
-4.106701525165888378e-01
-4.099017688666732329e-01
-4.091342484726834816e-01
-4.083675910110966534e-01
-4.076017961582682481e-01
-4.068368635904322517e-01
-4.060727929837012473e-01
-4.053095840140662487e-01
-4.045472363573959784e-01
-4.037857496894370901e-01
-4.030251236858145014e-01
-4.022653580220306724e-01
-4.015064523734655499e-01
-4.007484064153762349e-01
-3.999912198228975924e-01
-3.992348922710415859e-01
-3.984794234346969444e-01
-3.977248129886291061e-01
-3.969710606074806636e-01
-3.962181659657708077e-01
-3.954661287378946621e-01
-3.947149485981240602e-01
-3.939646252206071564e-01
-3.932151582793676492e-01
-3.924665474483052252e-01
-3.917187924011955591e-01
-3.909718928116900361e-01
-3.902258483533149747e-01
-3.894806586994722375e-01
-3.887363235234390091e-01
-3.879928424983675184e-01
-3.872502152972845946e-01
-3.865084415930918338e-01
-3.857675210585657100e-01
-3.850274533663571308e-01
-3.842882381889909937e-01
-3.835498751988662969e-01
-3.828123640682565831e-01
-3.820757044693089965e-01
-3.813398960740442822e-01
-3.806049385543566754e-01
-3.798708315820141235e-01
-3.791375748286578973e-01
-3.784051679658020362e-01
-3.776736106648338476e-01
-3.769429025970136293e-01
-3.762130434334740592e-01
-3.754840328452201947e-01
-3.747558705031299731e-01
-3.740285560779535445e-01
-3.733020892403128843e-01
-3.725764696607017368e-01
-3.718516970094862262e-01
-3.711277709569039684e-01
-3.704046911730637381e-01
-3.696824573279457460e-01
-3.689610690914016944e-01
-3.682405261331543889e-01
-3.675208281227971274e-01
-3.668019747297939781e-01
-3.660839656234799455e-01
-3.653668004730605268e-01
-3.646504789476110453e-01
-3.639350007160771505e-01
-3.632203654472746512e-01
-3.625065728098891826e-01
-3.617936224724757621e-01
-3.610815141034592335e-01
-3.603702473711338228e-01
-3.596598219436627497e-01
-3.589502374890782277e-01
-3.582414936752817414e-01
-3.575335901700433805e-01
-3.568265266410017289e-01
-3.561203027556636980e-01
-3.554149181814048042e-01
-3.547103725854686695e-01
-3.540066656349665775e-01
-3.533037969968776948e-01
-3.526017663380491274e-01
-3.519005733251953094e-01
-3.512002176248980034e-01
-3.505006989036059117e-01
-3.498020168276351760e-01
-3.491041710631687667e-01
-3.484071612762559833e-01
-3.477109871328127322e-01
-3.470156482986219704e-01
-3.463211444393320404e-01
-3.456274752204576139e-01
-3.449346403073794698e-01
-3.442426393653439942e-01
-3.435514720594631255e-01
-3.428611380547140208e-01
-3.421716370159395004e-01
-3.414829686078473259e-01
-3.407951324950099781e-01
-3.401081283418648238e-01
-3.394219558127138936e-01
-3.387366145717237709e-01
-3.380521042829250922e-01
-3.373684246102124362e-01
-3.366855752173447125e-01
-3.360035557679446061e-01
-3.353223659254980782e-01
-3.346420053533546435e-01
-3.339624737147272038e-01
-3.332837706726919369e-01
-3.326058958901874085e-01
-3.319288490300155159e-01
-3.312526297548406551e-01
-3.305772377271894436e-01
-3.299026726094507200e-01
-3.292289340638758222e-01
-3.285560217525778648e-01
-3.278839353375315180e-01
-3.272126744805730625e-01
-3.265422388434005008e-01
-3.258726280875730574e-01
-3.252038418745107351e-01
-3.245358798654945365e-01
-3.238687417216664088e-01
-3.232024271040288554e-01
-3.225369356734445470e-01
-3.218722670906363770e-01
-3.212084210161875175e-01
-3.205453971105411415e-01
-3.198831950339997010e-01
-3.192218144467252050e-01
-3.185612550087394412e-01
-3.179015163799231436e-01
-3.172425982200158256e-01
-3.165845001886161691e-01
-3.159272219451815800e-01
-3.152707631490275220e-01
-3.146151234593279056e-01
-3.139603025351149768e-01
-3.133063000352788730e-01
-3.126531156185674010e-01
-3.120007489435858150e-01
-3.113491996687970387e-01
-3.106984674525213319e-01
-3.100485519529356804e-01
-3.093994528280739620e-01
-3.087511697358270024e-01
-3.081037023339421310e-01
-3.074570502800228478e-01
-3.068112132315286011e-01
-3.061661908457752879e-01
-3.055219827799345311e-01
-3.048785886910332366e-01
-3.042360082359537587e-01
-3.035942410714340123e-01
-3.029532868540669166e-01
-3.023131452402998964e-01
-3.016738158864354369e-01
-3.010352984486306394e-01
-3.003975925828964444e-01
-2.997606979450981313e-01
-2.991246141909551515e-01
-2.984893409760406291e-01
-2.978548779557810833e-01
-2.972212247854564282e-01
-2.965883811202000286e-01
-2.959563466149982003e-01
-2.953251209246899878e-01
-2.946947037039669426e-01
-2.940650946073732896e-01
-2.934362932893056497e-01
-2.928082994040124287e-01
-2.921811126055938179e-01
-2.915547325480020713e-01
-2.909291588850407839e-01
-2.903043912703648921e-01
-2.896804293574800626e-01
-2.890572727997435254e-01
-2.884349212503629634e-01
-2.878133743623963459e-01
-2.871926317887523727e-01
-2.865726931821898638e-01
-2.859535581953173144e-01
-2.853352264805930072e-01
-2.847176976903250667e-01
-2.841009714766710714e-01
-2.834850474916373320e-01
-2.828699253870792241e-01
-2.822556048147012442e-01
-2.816420854260563988e-01
-2.810293668725458160e-01
-2.804174488054188563e-01
-2.798063308757731127e-01
-2.791960127345539111e-01
-2.785864940325540329e-01
-2.779777744204136036e-01
-2.773698535486200933e-01
-2.767627310675082053e-01
-2.761564066272588769e-01
-2.755508798778999457e-01
-2.749461504693056502e-01
-2.743422180511965180e-01
-2.737390822731387008e-01
-2.731367427845444729e-01
-2.725351992346716212e-01
-2.719344512726231677e-01
-2.713344985473473137e-01
-2.707353407076373286e-01
-2.701369774021313286e-01
-2.695394082793117763e-01
-2.689426329875054256e-01
-2.683466511748833772e-01
-2.677514624894607453e-01
-2.671570665790960475e-01
-2.665634630914913150e-01
-2.659706516741922600e-01
-2.653786319745874422e-01
-2.647874036399083808e-01
-2.641969663172289429e-01
-2.636073196534659546e-01
-2.630184632953783685e-01
-2.624303968895669303e-01
-2.618431200824741789e-01
-2.612566325203850015e-01
-2.606709338494248018e-01
-2.600860237155604437e-01
-2.595019017646000292e-01
-2.589185676421922877e-01
-2.583360209938264096e-01
-2.577542614648317132e-01
-2.571732887003781443e-01
-2.565931023454753324e-01
-2.560137020449724243e-01
-2.554350874435580288e-01
-2.548572581857602160e-01
-2.542802139159461849e-01
-2.537039542783215418e-01
-2.531284789169306326e-01
-2.525537874756563217e-01
-2.519798795982197137e-01
-2.514067549281794323e-01
-2.508344131089320639e-01
-2.502628537837116585e-01
-2.496920765955897015e-01
-2.491220811874742813e-01
-2.485528672021107277e-01
-2.479844342820809178e-01
-2.474167820698028597e-01
-2.468499102075306928e-01
-2.462838183373547984e-01
-2.457185061012011063e-01
-2.451539731408309275e-01
-2.445902190978406776e-01
-2.440272436136621259e-01
-2.434650463295617850e-01
-2.429036268866404669e-01
-2.423429849258333380e-01
-2.417831200879098641e-01
-2.412240320134734217e-01
-2.406657203429607705e-01
-2.401081847166420813e-01
-2.395514247746208802e-01
-2.389954401568336884e-01
-2.384402305030495217e-01
-2.378857954528697805e-01
-2.373321346457284153e-01
-2.367792477208913726e-01
-2.362271343174559834e-01
-2.356757940743514912e-01
-2.351252266303384408e-01
-2.345754316240081794e-01
-2.340264086937829391e-01
-2.334781574779156710e-01
-2.329306776144897950e-01
-2.323839687414184785e-01
-2.318380304964449135e-01
-2.312928625171419839e-01
-2.307484644409120988e-01
-2.302048359049865267e-01
-2.296619765464254503e-01
-2.291198860021179395e-01
-2.285785639087814791e-01
-2.280380099029615526e-01
-2.274982236210315034e-01
-2.269592046991926459e-01
-2.264209527734737382e-01
-2.258834674797304820e-01
-2.253467484536455512e-01
-2.248107953307285356e-01
-2.242756077463154696e-01
-2.237411853355683322e-01
-2.232075277334752972e-01
-2.226746345748503442e-01
-2.221425054943326205e-01
-2.216111401263865244e-01
-2.210805381053016216e-01
-2.205506990651921739e-01
-2.200216226399967223e-01
-2.194933084634779763e-01
-2.189657561692228138e-01
-2.184389653906417816e-01
-2.179129357609687345e-01
-2.173876669132606410e-01
-2.168631584803976386e-01
-2.163394100950825072e-01
-2.158164213898403072e-01
-2.152941919970181306e-01
-2.147727215487853225e-01
-2.142520096771327598e-01
-2.137320560138725456e-01
-2.132128601906378984e-01
-2.126944218388830687e-01
-2.121767405898829506e-01
-2.116598160747324153e-01
-2.111436479243467834e-01
-2.106282357694611029e-01
-2.101135792406298441e-01
-2.095996779682266775e-01
-2.090865315824445569e-01
-2.085741397132951369e-01
-2.080625019906083839e-01
-2.075516180440324654e-01
-2.070414875030336943e-01
-2.065321099968960572e-01
-2.060234851547207702e-01
-2.055156126054261678e-01
-2.050084919777476478e-01
-2.045021229002372265e-01
-2.039965050012630399e-01
-2.034916379090092042e-01
-2.029875212514759553e-01
-2.024841546564788985e-01
-2.019815377516487320e-01
-2.014796701644309962e-01
-2.009785515220864904e-01
-2.004781814516898852e-01
-1.999785595801299443e-01
-1.994796855341096076e-01
-1.989815589401453255e-01
-1.984841794245665869e-01
-1.979875466135159745e-01
-1.974916601329489430e-01
-1.969965196086333747e-01
-1.965021246661491916e-01
-1.960084749308881047e-01
-1.955155700280536424e-01
-1.950234095826606784e-01
-1.945319932195348767e-01
-1.940413205633126636e-01
-1.935513912384410617e-01
-1.930622048691773285e-01
-1.925737610795883459e-01
-1.920860594935506205e-01
-1.915990997347500890e-01
-1.911128814266818132e-01
-1.906274041926491469e-01
-1.901426676557642081e-01
-1.896586714389472961e-01
-1.891754151649262805e-01
-1.886928984562366018e-01
-1.882111209352211878e-01
-1.877300822240298150e-01
-1.872497819446188316e-01
-1.867702197187508795e-01
-1.862913951679948943e-01
-1.858133079137255228e-01
-1.853359575771227341e-01
-1.848593437791716532e-01
-1.843834661406624220e-01
-1.839083242821897834e-01
-1.834339178241525536e-01
-1.829602463867534556e-01
-1.824873095899990916e-01
-1.820151070536994153e-01
-1.815436383974672330e-01
-1.810729032407180084e-01
-1.806029012026699188e-01
-1.801336319023432164e-01
-1.796650949585597290e-01
-1.791972899899429705e-01
-1.787302166149177252e-01
-1.782638744517094365e-01
-1.777982631183441520e-01
-1.773333822326482734e-01
-1.768692314122482789e-01
-1.764058102745699463e-01
-1.759431184368384360e-01
-1.754811555160781800e-01
-1.750199211291119106e-01
-1.745594148925609657e-01
-1.740996364228447890e-01
-1.736405853361802087e-01
-1.731822612485818536e-01
-1.727246637758610426e-01
-1.722677925336262572e-01
-1.718116471372820031e-01
-1.713562272020292820e-01
-1.709015323428645095e-01
-1.704475621745799585e-01
-1.699943163117626499e-01
-1.695417943687947404e-01
-1.690899959598525515e-01
-1.686389206989069023e-01
-1.681885681997220827e-01
-1.677389380758562143e-01
-1.672900299406601954e-01
-1.668418434072782008e-01
-1.663943780886464052e-01
-1.659476335974936212e-01
-1.655016095463400505e-01
-1.650563055474977558e-01
-1.646117212130696339e-01
-1.641678561549495818e-01
-1.637247099848220533e-01
-1.632822823141613089e-01
-1.628405727542317771e-01
-1.623995809160869996e-01
-1.619593064105699920e-01
-1.615197488483120780e-01
-1.610809078397335004e-01
-1.606427829950421160e-01
-1.602053739242339514e-01
-1.597686802370919534e-01
-1.593327015431865723e-01
-1.588974374518745125e-01
-1.584628875722991770e-01
-1.580290515133896401e-01
-1.575959288838609251e-01
-1.571635192922130053e-01
-1.567318223467310812e-01
-1.563008376554846368e-01
-1.558705648263276899e-01
-1.554410034668977647e-01
-1.550121531846161416e-01
-1.545840135866872744e-01
-1.541565842800980968e-01
-1.537298648716183269e-01
-1.533038549677994133e-01
-1.528785541749748400e-01
-1.524539620992590438e-01
-1.520300783465478034e-01
-1.516069025225171840e-01
-1.511844342326237323e-01
-1.507626730821036432e-01
-1.503416186759728435e-01
-1.499212706190261313e-01
-1.495016285158373703e-01
-1.490826919707584353e-01
-1.486644605879196002e-01
-1.482469339712284007e-01
-1.478301117243700502e-01
-1.474139934508061911e-01
-1.469985787537754218e-01
-1.465838672362920758e-01
-1.461698585011465823e-01
-1.457565521509044393e-01
-1.453439477879063246e-01
-1.449320450142675964e-01
-1.445208434318775437e-01
-1.441103426423996081e-01
-1.437005422472704130e-01
-1.432914418476999019e-01
-1.428830410446704502e-01
-1.424753394389370043e-01
-1.420683366310260820e-01
-1.416620322212360228e-01
-1.412564258096359882e-01
-1.408515169960661839e-01
-1.404473053801367499e-01
-1.400437905612282041e-01
-1.396409721384901659e-01
-1.392388497108417444e-01
-1.388374228769704843e-01
-1.384366912353325596e-01
-1.380366543841517746e-01
-1.376373119214198137e-01
-1.372386634448950482e-01
-1.368407085521030631e-01
-1.364434468403352974e-01
-1.360468779066494327e-01
-1.356510013478685606e-01
-1.352558167605806827e-01
-1.348613237411388222e-01
-1.344675218856598853e-01
-1.340744107900249671e-01
-1.336819900498782965e-01
-1.332902592606274306e-01
-1.328992180174422555e-01
-1.325088659152550696e-01
-1.321192025487597232e-01
-1.317302275124116462e-01
-1.313419404004269042e-01
-1.309543408067824211e-01
-1.305674283252148127e-01
-1.301812025492207203e-01
-1.297956630720556448e-01
-1.294108094867342240e-01
-1.290266413860291506e-01
-1.286431583624713104e-01
-1.282603600083488671e-01
-1.278782459157072060e-01
-1.274968156763483795e-01
-1.271160688818304407e-01
-1.267360051234674434e-01
-1.263566239923284984e-01
-1.259779250792379124e-01
-1.255999079747740776e-01
-1.252225722692697218e-01
-1.248459175528108117e-01
-1.244699434152367612e-01
-1.240946494461392935e-01
-1.237200352348626770e-01
-1.233461003705026288e-01
-1.229728444419064953e-01
-1.226002670376721559e-01
-1.222283677461482310e-01
-1.218571461554329716e-01
-1.214866018533744402e-01
-1.211167344275694141e-01
-1.207475434653635937e-01
-1.203790285538504506e-01
-1.200111892798714497e-01
-1.196440252300149387e-01
-1.192775359906162319e-01
-1.189117211477568742e-01
-1.185465802872640029e-01
-1.181821129947104032e-01
-1.178183188554133981e-01
-1.174551974544349869e-01
-1.170927483765807908e-01
-1.167309712064001775e-01
-1.163698655281851652e-01
-1.160094309259705608e-01
-1.156496669835328645e-01
-1.152905732843904213e-01
-1.149321494118022979e-01
-1.145743949487684210e-01
-1.142173094780285225e-01
-1.138608925820621537e-01
-1.135051438430877413e-01
-1.131500628430625738e-01
-1.127956491636817604e-01
-1.124419023863783423e-01
-1.120888220923221962e-01
-1.117364078624201312e-01
-1.113846592773147653e-01
-1.110335759173846221e-01
-1.106831573627433396e-01
-1.103334031932389631e-01
-1.099843129884539722e-01
-1.096358863277041712e-01
-1.092881227900388136e-01
-1.089410219542394087e-01
-1.085945833988198883e-01
-1.082488067020255101e-01
-1.079036914418328441e-01
-1.075592371959487592e-01
-1.072154435418104512e-01
-1.068723100565843603e-01
-1.065298363171662127e-01
-1.061880219001799242e-01
-1.058468663819776556e-01
-1.055063693386387308e-01
-1.051665303459696638e-01
-1.048273489795030489e-01
-1.044888248144976162e-01
-1.041509574259371351e-01
-1.038137463885303868e-01
-1.034771912767103730e-01
-1.031412916646335942e-01
-1.028060471261800501e-01
-1.024714572349520181e-01
-1.021375215642742196e-01
-1.018042396871925853e-01
-1.014716111764743522e-01
-1.011396356046069395e-01
-1.008083125437978927e-01
-1.004776415659739131e-01
-1.001476222427807039e-01
-9.981825414558195830e-02
-9.948953684545937259e-02
-9.916146991321142523e-02
-9.883405291935350168e-02
-9.850728543411665927e-02
-9.818116702744771052e-02
-9.785569726900805732e-02
-9.753087572817369100e-02
-9.720670197403404045e-02
-9.688317557539201375e-02
-9.656029610076279079e-02
-9.623806311837380945e-02
-9.591647619616394671e-02
-9.559553490178269997e-02
-9.527523880259015920e-02
-9.495558746565579966e-02
-9.463658045775852345e-02
-9.431821734538543833e-02
-9.400049769473188543e-02
-9.368342107170025967e-02
-9.336698704190000975e-02
-9.305119517064643075e-02
-9.273604502296066421e-02
-9.242153616356853230e-02
-9.210766815690048237e-02
-9.179444056709047672e-02
-9.148185295797583994e-02
-9.116990489309623191e-02
-9.085859593569345360e-02
-9.054792564871039229e-02
-9.023789359479091055e-02
-8.992849933627868053e-02
-8.961974243521707295e-02
-8.931162245334826888e-02
-8.900413895211251036e-02
-8.869729149264790613e-02
-8.839107963578930749e-02
-8.808550294206812792e-02
-8.778056097171127448e-02
-8.747625328464099514e-02
-8.717257944047374085e-02
-8.686953899852004057e-02
-8.656713151778330784e-02
-8.626535655695977134e-02
-8.596421367443732309e-02
-8.566370242829529635e-02
-8.536382237630342484e-02
-8.506457307592157902e-02
-8.476595408429872525e-02
-8.446796495827270379e-02
-8.417060525436904916e-02
-8.387387452880090688e-02
-8.357777233746779832e-02
-8.328229823595552361e-02
-8.298745177953492647e-02
-8.269323252316169992e-02
-8.239964002147553979e-02
-8.210667382879922871e-02
-8.181433349913846964e-02
-8.152261858618063683e-02
-8.123152864329466483e-02
-8.094106322352978555e-02
-8.065122187961541733e-02
-8.036200416395994361e-02
-8.007340962865047707e-02
-7.978543782545176322e-02
-7.949808830580590291e-02
-7.921136062083118656e-02
-7.892525432132187213e-02
-7.863976895774703324e-02
-7.835490408025028164e-02
-7.807065923864861534e-02
-7.778703398243218270e-02
-7.750402786076304729e-02
-7.722164042247502136e-02
-7.693987121607241686e-02
-7.665871978972980949e-02
-7.637818569129085911e-02
-7.609826846826796276e-02
-7.581896766784138042e-02
-7.554028283685831902e-02
-7.526221352183257163e-02
-7.498475926894337951e-02
-7.470791962403509900e-02
-7.443169413261602196e-02
-7.415608233985805653e-02
-7.388108379059560304e-02
-7.360669802932513772e-02
-7.333292460020411629e-02
-7.305976304705061319e-02
-7.278721291334210031e-02
-7.251527374221515554e-02
-7.224394507646426933e-02
-7.197322645854146994e-02
-7.170311743055515774e-02
-7.143361753426973049e-02
-7.116472631110438984e-02
-7.089644330213283607e-02
-7.062876804808193576e-02
-7.036170008933145814e-02
-7.009523896591300651e-02
-6.982938421750914393e-02
-6.956413538345290748e-02
-6.929949200272664256e-02
-6.903545361396160041e-02
-6.877201975543668910e-02
-6.850918996507814052e-02
-6.824696378045823353e-02
-6.798534073879489159e-02
-6.772432037695051699e-02
-6.746390223143150511e-02
-6.720408583838705097e-02
-6.694487073360874674e-02
-6.668625645252930501e-02
-6.642824253022214243e-02
-6.617082850140017236e-02
-6.591401390041534691e-02
-6.565779826125738017e-02
-6.540218111755335961e-02
-6.514716200256645551e-02
-6.489274044919550455e-02
-6.463891598997370536e-02
-6.438568815706817439e-02
-6.413305648227887734e-02
-6.388102049703762997e-02
-6.362957973240759846e-02
-6.337873371908199494e-02
-6.312848198738361949e-02
-6.287882406726358342e-02
-6.262975948830085127e-02
-6.238128777970085997e-02
-6.213340847029516500e-02
-6.188612108854001786e-02
-6.163942516251597059e-02
-6.139332021992650879e-02
-6.114780578809757283e-02
-6.090288139397625339e-02
-6.065854656413027790e-02
-6.041480082474668528e-02
-6.017164370163130549e-02
-5.992907472020746890e-02
-5.968709340551543036e-02
-5.944569928221107857e-02
-5.920489187456539487e-02
-5.896467070646310010e-02
-5.872503530140207179e-02
-5.848598518249226164e-02
-5.824751987245456453e-02
-5.800963889362025644e-02
-5.777234176792961362e-02
-5.753562801693133666e-02
-5.729949716178123903e-02
-5.706394872324160872e-02
-5.682898222167989677e-02
-5.659459717706809279e-02
-5.636079310898139266e-02
-5.612756953659756021e-02
-5.589492597869558099e-02
-5.566286195365505174e-02
-5.543137697945479253e-02
-5.520047057367221538e-02
-5.497014225348196420e-02
-5.474039153565528337e-02
-5.451121793655858139e-02
-5.428262097215286186e-02
-5.405460015799225942e-02
-5.382715500922337359e-02
-5.360028504058410304e-02
-5.337398976640245207e-02
-5.314826870059582292e-02
-5.292312135666960016e-02
-5.269854724771647764e-02
-5.247454588641503603e-02
-5.225111678502903506e-02
-5.202825945540601876e-02
-5.180597340897658692e-02
-5.158425815675295178e-02
-5.136311320932827884e-02
-5.114253807687516723e-02
-5.092253226914499054e-02
-5.070309529546641186e-02
-5.048422666474466913e-02
-5.026592588546009710e-02
-5.004819246566739877e-02
-4.983102591299416739e-02
-4.961442573464014405e-02
-4.939839143737571880e-02
-4.918292252754119520e-02
-4.896801851104527759e-02
-4.875367889336427313e-02
-4.853990317954079425e-02
-4.832669087418251658e-02
-4.811404148146129767e-02
-4.790195450511171987e-02
-4.769042944843025073e-02
-4.747946581427371637e-02
-4.726906310505854525e-02
-4.705922082275915824e-02
-4.684993846890721930e-02
-4.664121554459005337e-02
-4.643305155044982757e-02
-4.622544598668197613e-02
-4.601839835303440929e-02
-4.581190814880589657e-02
-4.560597487284524798e-02
-4.540059802354971114e-02
-4.519577709886413858e-02
-4.499151159627938490e-02
-4.478780101283143938e-02
-4.458464484509980924e-02
-4.438204258920661754e-02
-4.417999374081519465e-02
-4.397849779512872509e-02
-4.377755424688924146e-02
-4.357716259037605622e-02
-4.337732231940481797e-02
-4.317803292732586701e-02
-4.297929390702333319e-02
-4.278110475091348452e-02
-4.258346495094376960e-02
-4.238637399859115917e-02
-4.218983138486122331e-02
-4.199383660028643134e-02
-4.179838913492519431e-02
-4.160348847836019270e-02
-4.140913411969739111e-02
-4.121532554756433125e-02
-4.102206225010916751e-02
-4.082934371499894605e-02
-4.063716942941859173e-02
-4.044553888006922199e-02
-4.025445155316707824e-02
-4.006390693444184664e-02
-3.987390450913555484e-02
-3.968444376200104540e-02
-3.949552417730047005e-02
-3.930714523880415867e-02
-3.911930642978891232e-02
-3.893200723303686522e-02
-3.874524713083377092e-02
-3.855902560496789200e-02
-3.837334213672820987e-02
-3.818819620690334926e-02
-3.800358729577976713e-02
-3.781951488314062165e-02
-3.763597844826399585e-02
-3.745297746992175270e-02
-3.727051142637770320e-02
-3.708857979538646849e-02
-3.690718205419164788e-02
-3.672631767952465320e-02
-3.654598614760286301e-02
-3.636618693412842912e-02
-3.618691951428644471e-02
-3.600818336274371617e-02
-3.582997795364691040e-02
-3.565230276062129194e-02
-3.547515725676903681e-02
-3.529854091466756716e-02
-3.512245320636824680e-02
-3.494689360339448686e-02
-3.477186157674047595e-02
-3.459735659686928588e-02
-3.442337813371154631e-02
-3.424992565666357125e-02
-3.407699863458600598e-02
-3.390459653580193966e-02
-3.373271882809551758e-02
-3.356136497871005375e-02
-3.339053445434663620e-02
-3.322022672116219794e-02
-3.305044124476812922e-02
-3.288117749022830688e-02
-3.271243492205769959e-02
-3.254421300422041113e-02
-3.237651120012822320e-02
-3.220932897263862477e-02
-3.204266578405332716e-02
-3.187652109611644607e-02
-3.171089437001263500e-02
-3.154578506636560725e-02
-3.138119264523607510e-02
-3.121711656612028568e-02
-3.105355628794794973e-02
-3.089051126908074277e-02
-3.072798096731024081e-02
-3.056596483985637644e-02
-3.040446234336537101e-02
-3.024347293390817343e-02
-3.008299606697835762e-02
-2.992303119749055093e-02
-2.976357777977832117e-02
-2.960463526759257030e-02
-2.944620311409941113e-02
-2.928828077187854012e-02
-2.913086769292108635e-02
-2.897396332862796700e-02
-2.881756712980772586e-02
-2.866167854667485762e-02
-2.850629702884762903e-02
-2.835142202534635461e-02
-2.819705298459133577e-02
-2.804318935440082775e-02
-2.788983058198925627e-02
-2.773697611396500756e-02
-2.758462539632865543e-02
-2.743277787447072347e-02
-2.728143299316990872e-02
-2.713059019659079529e-02
-2.698024892828207802e-02
-2.683040863117424832e-02
-2.668106874757777622e-02
-2.653222871918079623e-02
-2.638388798704726507e-02
-2.623604599161461631e-02
-2.608870217269188344e-02
-2.594185596945735445e-02
-2.579550682045666024e-02
-2.564965416360040149e-02
-2.550429743616221614e-02
-2.535943607477637862e-02
-2.521506951543585340e-02
-2.507119719348986295e-02
-2.492781854364187893e-02
-2.478493299994731849e-02
-2.464253999581122317e-02
-2.450063896398621197e-02
-2.435922933656999023e-02
-2.421831054500332009e-02
-2.407788202006747730e-02
-2.393794319188221470e-02
-2.379849348990319136e-02
-2.365953234291989088e-02
-2.352105917905305404e-02
-2.338307342575254855e-02
-2.324557450979476345e-02
-2.310856185728048240e-02
-2.297203489363223300e-02
-2.283599304359212531e-02
-2.270043573121918040e-02
-2.256536237988714111e-02
-2.243077241228177629e-02
-2.229666525039864650e-02
-2.216304031554039780e-02
-2.202989702831445115e-02
-2.189723480863042110e-02
-2.176505307569749290e-02
-2.163335124802207368e-02
-2.150212874340502733e-02
-2.137138497893930483e-02
-2.124111937100714095e-02
-2.111133133527767075e-02
-2.098202028670409156e-02
-2.085318563952123436e-02
-2.072482680724270152e-02
-2.059694320265841386e-02
-2.046953423783169634e-02
-2.034259932409681129e-02
-2.021613787205600241e-02
-2.009014929157698984e-02
-1.996463299178998299e-02
-1.983958838108514783e-02
-1.971501486710957804e-02
-1.959091185676472766e-02
-1.946727875620335446e-02
-1.934411497082690057e-02
-1.922141990528242195e-02
-1.909919296345988921e-02
-1.897743354848921080e-02
-1.885614106273725624e-02
-1.873531490780508402e-02
-1.861495448452479134e-02
-1.849505919295675593e-02
-1.837562843238643023e-02
-1.825666160132153465e-02
-1.813815809748883789e-02
-1.802011731783129123e-02
-1.790253865850478104e-02
-1.778542151487521455e-02
-1.766876528151523768e-02
-1.755256935220128253e-02
-1.743683311991022639e-02
-1.732155597681642525e-02
-1.720673731428831385e-02
-1.709237652288538717e-02
-1.697847299235479002e-02
-1.686502611162822574e-02
-1.675203526881850757e-02
-1.663949985121644659e-02
-1.652741924528732323e-02
-1.641579283666772665e-02
-1.630462001016210610e-02
-1.619390014973931535e-02
-1.608363263852935834e-02
-1.597381685881976709e-02
-1.586445219205233001e-02
-1.575553801881941773e-02
-1.564707371886066636e-02
-1.553905867105924779e-02
-1.543149225343851474e-02
-1.532437384315822430e-02
-1.521770281651111355e-02
-1.511147854891909011e-02
-1.500570041492975751e-02
-1.490036778821254675e-02
-1.479548004155518959e-02
-1.469103654685980850e-02
-1.458703667513932926e-02
-1.448347979651351536e-02
-1.438036528020533028e-02
-1.427769249453692164e-02
-1.417546080692590714e-02
-1.407366958388139855e-02
-1.397231819100003096e-02
-1.387140599296213944e-02
-1.377093235352761999e-02
-1.367089663553208538e-02
-1.357129820088264806e-02
-1.347213641055402568e-02
-1.337341062458427023e-02
-1.327512020207080763e-02
-1.317726450116610444e-02
-1.307984287907365192e-02
-1.298285469204356855e-02
-1.288629929536851820e-02
-1.279017604337925537e-02
-1.269448428944047226e-02
-1.259922338594628849e-02
-1.250439268431602878e-02
-1.240999153498964502e-02
-1.231601928742342457e-02
-1.222247529008535852e-02
-1.212935889045076501e-02
-1.203666943499760028e-02
-1.194440626920199172e-02
-1.185256873753356803e-02
-1.176115618345073902e-02
-1.167016794939613675e-02
-1.157960337679173578e-02
-1.148946180603423357e-02
-1.139974257649010135e-02
-1.131044502649088297e-02
-1.122156849332817813e-02
-1.113311231324886144e-02
-1.104507582144998237e-02
-1.095745835207392188e-02
-1.087025923820319345e-02
-1.078347781185553210e-02
-1.069711340397861733e-02
-1.061116534444506328e-02
-1.052563296204708093e-02
-1.044051558449137287e-02
-1.035581253839370705e-02
-1.027152314927373342e-02
-1.018764674154947272e-02
-1.010418263853202041e-02
-1.002113016242003884e-02
-9.938488634294197557e-03
-9.856257374111748737e-03
-9.774435700700785309e-03
-9.693022931754745330e-03
-9.612018383826579845e-03
-9.531421372323153202e-03
-9.451231211499317234e-03
-9.371447214452219635e-03
-9.292068693115279263e-03
-9.213094958252386960e-03
-9.134525319451792386e-03
-9.056359085120192082e-03
-8.978595562476515690e-03
-8.901234057545920342e-03
-8.824273875153453711e-03
-8.747714318917954729e-03
-8.671554691245609084e-03
-8.595794293323725035e-03
-8.520432425114195241e-03
-8.445468385347158075e-03
-8.370901471514336292e-03
-8.296730979862573449e-03
-8.222956205387136133e-03
-8.149576441824976300e-03
-8.076590981648066464e-03
-8.003999116056462540e-03
-7.931800134971541891e-03
-7.859993327028932594e-03
-7.788577979571627459e-03
-7.717553378642786656e-03
-7.646918808978728568e-03
-7.576673554001597984e-03
-7.506816895812219032e-03
-7.437348115182641078e-03
-7.368266491548850286e-03
-7.299571303003174992e-03
-7.231261826286864564e-03
-7.163337336782352530e-03
-7.095797108505687116e-03
-7.028640414098659070e-03
-6.961866524821078671e-03
-6.895474710542758706e-03
-6.829464239735638827e-03
-6.763834379465614999e-03
-6.698584395384501664e-03
-6.633713551721768381e-03
-6.569221111276204485e-03
-6.505106335407637511e-03
-6.441368484028360195e-03
-6.378006815594701451e-03
-6.315020587098288569e-03
-6.252409054057438652e-03
-6.190171470508256876e-03
-6.128307088995850992e-03
-6.066815160565251774e-03
-6.005694934752446243e-03
-5.944945659575121173e-03
-5.884566581523506361e-03
-5.824556945550934256e-03
-5.764915995064489804e-03
-5.705642971915378392e-03
-5.646737116389384872e-03
-5.588197667197035944e-03
-5.530023861463860546e-03
-5.472214934720350150e-03
-5.414770120891998842e-03
-5.357688652289110086e-03
-5.300969759596508082e-03
-5.244612671863245652e-03
-5.188616616492036301e-03
-5.132980819228750470e-03
-5.077704504151621216e-03
-5.022786893660511481e-03
-4.968227208465886453e-03
-4.914024667577843175e-03
-4.860178488294840046e-03
-4.806687886192488775e-03
-4.753552075112029741e-03
-4.700770267148873284e-03
-4.648341672640822660e-03
-4.596265500156350783e-03
-4.544540956482562982e-03
-4.493167246613203984e-03
-4.442143573736349188e-03
-4.391469139222134097e-03
-4.341143142610165429e-03
-4.291164781596965190e-03
-4.241533252023089486e-03
-4.192247747860269012e-03
-4.143307461198285011e-03
-4.094711582231689087e-03
-4.046459299246483142e-03
-3.998549798606474033e-03
-3.950982264739634313e-03
-3.903755880124139006e-03
-3.856869825274395445e-03
-3.810323278726740915e-03
-3.764115417025131177e-03
-3.718245414706490733e-03
-3.672712444286047474e-03
-3.627515676242323850e-03
-3.582654279002103325e-03
-3.538127418925051618e-03
-3.493934260288301518e-03
-3.450073965270690751e-03
-3.406545693936954312e-03
-3.363348604221561185e-03
-3.320481851912500740e-03
-3.277944590634708760e-03
-3.235735971833427534e-03
-3.193855144757206874e-03
-3.152301256440817948e-03
-3.111073451687853143e-03
-3.070170873053099971e-03
-3.029592660824767091e-03
-2.989337953006346044e-03
-2.949405885298364994e-03
-2.909795591079766038e-03
-2.870506201389161089e-03
-2.831536844905702642e-03
-2.792886647929825310e-03
-2.754554734363590975e-03
-2.716540225690893852e-03
-2.678842240957260076e-03
-2.641459896749495488e-03
-2.604392307174920561e-03
-2.567638583840435758e-03
-2.531197835831168388e-03
-2.495069169688935579e-03
-2.459251689390276607e-03
-2.423744496324290506e-03
-2.388546689270030447e-03
-2.353657364373677383e-03
-2.319075615125310366e-03
-2.284800532335326019e-03
-2.250831204110587819e-03
-2.217166715830103108e-03
-2.183806150120455071e-03
-2.150748586830744224e-03
-2.117993103007263182e-03
-2.085538772867673134e-03
-2.053384667774888882e-03
-2.021529856210451271e-03
-1.989973403747595602e-03
-1.958714373023782290e-03
-1.927751823712907028e-03
-1.897084812496958438e-03
-1.866712393037328567e-03
-1.836633615945557855e-03
-1.806847528753706498e-03
-1.777353175884142282e-03
-1.748149598618931608e-03
-1.719235835068624223e-03
-1.690610920140618806e-03
-1.662273885506897761e-03
-1.634223759571310766e-03
-1.606459567436240975e-03
-1.578980330868701154e-03
-1.551785068265905919e-03
-1.524872794620157684e-03
-1.498242521483213055e-03
-1.471893256929930399e-03
-1.445824005521363599e-03
-1.420033768267109668e-03
-1.394521542587065900e-03
-1.369286322272409437e-03
-1.344327097445950593e-03
-1.319642854521674551e-03
-1.295232576163616494e-03
-1.271095241243888662e-03
-1.247229824800001824e-03
-1.223635297991296613e-03
-1.200310628054625890e-03
-1.177254778259105355e-03
-1.154466707860067479e-03
-1.131945372052039220e-03
-1.109689721920867778e-03
-1.087698704394847796e-03
-1.065971262194874512e-03
-1.044506333783639567e-03
-1.023302853313724824e-03
-1.002359750574707180e-03
-9.816759509391008963e-04
-9.612503753072443487e-04
-9.410819400509615228e-04
-9.211695569561000572e-04
-9.015121331637744248e-04
-8.821085711104120460e-04
-8.629577684664309226e-04
-8.440586180736401895e-04
-8.254100078811918472e-04
-8.070108208801696518e-04
-7.888599350366423419e-04
-7.709562232232607809e-04
-7.532985531492257612e-04
-7.358857872886979175e-04
-7.187167828074771461e-04
-7.017903914880146282e-04
-6.851054596525825782e-04
-6.686608280846541904e-04
-6.524553319483422133e-04
-6.364878007058653604e-04
-6.207570580330104646e-04
-6.052619217324308907e-04
-5.900012036448142733e-04
-5.749737095577333148e-04
-5.601782391122031709e-04
-5.456135857067574224e-04
-5.312785363990545594e-04
-5.171718718048206893e-04
-5.032923659941298785e-04
-4.896387863848205733e-04
-4.762098936330376930e-04
-4.630044415206898420e-04
-4.500211768397983860e-04
-4.372588392735193277e-04
-4.247161612737966217e-04
-4.123918679354209786e-04
-4.002846768664334448e-04
-3.883932980546356121e-04
-3.767164337301279068e-04
-3.652527782236223634e-04
-3.540010178204279143e-04
-3.429598306098553579e-04
-3.321278863298653366e-04
-3.215038462067693710e-04
-3.110863627897003767e-04
-3.008740797796848315e-04
-2.908656318529912214e-04
-2.810596444785572797e-04
-2.714547337291413212e-04
-2.620495060859626179e-04
-2.528425582364426699e-04
-2.438324768647697643e-04
-2.350178384348576100e-04
-2.263972089653718965e-04
-2.179691437963483499e-04
-2.097321873470185043e-04
-2.016848728643108211e-04
-1.938257221615767491e-04
-1.861532453469425961e-04
-1.786659405407589076e-04
-1.713622935814679369e-04
-1.642407777192675259e-04
-1.572998532968070053e-04
-1.505379674161521090e-04
-1.439535535911912753e-04
-1.375450313845388330e-04
-1.313108060279958005e-04
-1.252492680254594856e-04
-1.193587927371703866e-04
-1.136377399439992305e-04
-1.080844533904505805e-04
-1.026972603048553442e-04
-9.747447089516705259e-05
-9.241437781854860934e-05
-8.751525562284067576e-05
-8.277536015774112049e-05
-7.819292795338157460e-05
-7.376617556368052133e-05
-6.949329887164698821e-05
-6.537247235344087687e-05
-6.140184829771042757e-05
-5.757955597627505411e-05
-5.390370076182902584e-05
-5.037236318777343284e-05
-4.698359794474513021e-05
-4.373543280768692746e-05
-4.062586748654459148e-05
-3.765287239276096144e-05
-3.481438731264909793e-05
-3.210831997751580205e-05
-2.953254451889785118e-05
-2.708489979557581370e-05
-2.476318757692758595e-05
-2.256517056474965626e-05
-2.048857023266922064e-05
-1.853106445870460515e-05
-1.669028492211446066e-05
-1.496381423031631423e-05
-1.334918273495487069e-05
-1.184386498789038447e-05
-1.044527577734139015e-05
-9.150765671045728135e-06
-7.957615976025090158e-06
-6.863033002044187429e-06
-5.864141486062186019e-06
-4.957976995010705109e-06
-4.141477069618261849e-06
-3.411470796020060933e-06
-2.764666383801818436e-06
-2.197636171598191566e-06
-1.706798245128229350e-06
-1.288393486351591628e-06
-9.384562820643928342e-07
-6.527761223595183839e-07
-4.268455315417371554e-07
-2.557863258346672184e-07
-1.342388642581884519e-07
-5.618113837222689781e-08
-1.459131955112612853e-08
0.000000000000000000e+00
1.763819253500738558e-09
2.043476347143685099e-08
6.874967891212555002e-08
1.550566053105614073e-07
2.861344942959929421e-07
4.678516563401443663e-07
7.054590063869405449e-07
1.003752517984240688e-06
1.367174663288753644e-06
1.799882871213536297e-06
2.305798340806581116e-06
2.888642311481138037e-06
3.551963892301854094e-06
4.299161971640260843e-06
5.133502834742121954e-06
6.058134582504563071e-06
7.076099110537056424e-06
8.190342190444319716e-06
9.403722049570985018e-06
1.071901674498408537e-05
1.213893055647939972e-05
1.366609957221802378e-05
1.530309660296223475e-05
1.705243553278739857e-05
1.891657519280817793e-05
2.089792282809952009e-05
2.299883721523046404e-05
2.522163147782790842e-05
2.756857563959345757e-05
3.004189894783981451e-05
3.264379199542201615e-05
3.537640866475476130e-05
3.824186791411106551e-05
4.124225542356451063e-05
4.437962511556024369e-05
4.765600056307115455e-05
5.107337629665987849e-05
5.463371902031165733e-05
5.833896874473367886e-05
6.219103984573245492e-05
6.619182205444687018e-05
7.034318138540912103e-05
7.464696100779054692e-05
7.910498206455532160e-05
8.371904444380580239e-05
8.849092750611688770e-05
9.342239077132668862e-05
9.851517456784259082e-05
1.037710006472947921e-04
1.091915727670492761e-04
1.147785772429187116e-04
1.205336834741219771e-04
1.264585444424375592e-04
1.325547971872663455e-04
1.388240632582384752e-04
1.452679491467794861e-04
1.518880466979976348e-04
1.586859335041527921e-04
1.656631732807905709e-04
1.728213162266330454e-04
1.801618993681588295e-04
1.876864468898157125e-04
1.953964704506333625e-04
2.032934694880531501e-04
2.113789315096498730e-04
2.196543323734614982e-04
2.281211365574769894e-04
2.367807974189104912e-04
2.456347574437556659e-04
2.546844484871794447e-04
2.639312920051490284e-04
2.733766992777889190e-04
2.830220716248316778e-04
2.928688006136100238e-04
3.029182682598711334e-04
3.131718472218151649e-04
3.236309009876262932e-04
3.342967840568648289e-04
3.451708421159192645e-04
3.562544122078216088e-04
3.675488228967189585e-04
3.790553944271494655e-04
3.907754388784206371e-04
4.027102603142415421e-04
4.148611549278892409e-04
4.272294111829969920e-04
4.398163099502238444e-04
4.526231246399120859e-04
4.656511213309785530e-04
4.789015588960852292e-04
4.923756891233188214e-04
5.060747568344513584e-04
5.199999999999996292e-04
