-3.129983774580224143e+00 3.207160563903231232e+00 -4.407268834154709047e+00 0.000000000000000000e+00
1.576081470434326004e+00 -1.931386414341295099e+00 -2.201403795482007375e+00 0.000000000000000000e+00
4.277484825402855795e-01 -4.692429318398874116e+00 2.750758753079222352e+00 0.000000000000000000e+00
-1.399695591309039200e+00 -2.997865001708121202e+00 -2.784560652082387122e+00 0.000000000000000000e+00
1.213303703266115585e+00 -3.502917092918537811e+00 6.945619055024319088e-01 0.000000000000000000e+00
5.768938357508746506e+00 -3.181891634830798399e+00 3.366754259303283536e+00 0.000000000000000000e+00
-3.316130966978966921e+00 -5.036531057843084414e-01 -1.901776106982435044e+00 0.000000000000000000e+00
7.567560749321804447e-01 -3.705903660103242458e+00 2.582810966226147364e+00 0.000000000000000000e+00
2.133286949295824630e+00 2.221759158697885095e+00 7.199440878766201202e-01 0.000000000000000000e+00
2.100926015653474532e-01 -2.221152232553425865e+00 -1.117993797836128955e+00 0.000000000000000000e+00
3.065530855466891968e-01 -2.117066906630637568e+00 1.545694849273001159e+00 0.000000000000000000e+00
4.743261210646044779e-01 2.883136270936284440e+00 -2.579533720913552153e-01 0.000000000000000000e+00
5.553840311771560678e-01 -5.921140145605580107e-01 7.246362731483754205e-01 0.000000000000000000e+00
3.317016849171257054e+00 -3.090920804488158424e+00 6.511274730970866287e-01 0.000000000000000000e+00
1.733779874317126213e+00 6.232041781475622377e-02 -2.499626807725340516e+00 0.000000000000000000e+00
-3.508521374358681277e-01 5.202081257620092103e+00 -8.401988542133802251e-03 0.000000000000000000e+00
-6.611236520148039197e+00 5.110093359824393389e+00 -6.701230565387438887e+00 0.000000000000000000e+00
1.491590842683326201e+00 7.900988431175316684e+00 2.563498627643706396e+00 0.000000000000000000e+00
2.705149076212969739e+00 1.471449910961875274e+00 -2.329956039142079049e+00 0.000000000000000000e+00
9.680818683633721222e-02 -1.684381580153465174e+00 -1.951770000569162666e-01 0.000000000000000000e+00
-1.136636857073325402e-01 -5.114095486120622258e-01 3.858308973729718261e-01 0.000000000000000000e+00
-8.087176638660805716e-01 4.860671713576579123e+00 -3.232601034303664189e+00 0.000000000000000000e+00
-7.391113219210618812e-01 -7.175000998547063080e-01 1.510331803972425890e-01 0.000000000000000000e+00
-2.177448980514449239e+00 4.489594358755085501e+00 -3.706928364949637178e+00 0.000000000000000000e+00
5.628335989416699547e-02 -8.216792549226149545e-01 6.532564614757158106e-01 0.000000000000000000e+00
-4.633880468765153027e-02 -3.022509063600478663e-01 1.759437981122506933e+00 0.000000000000000000e+00
-5.911697186578442675e+00 6.969562376599657050e+00 -6.535850933035453281e+00 0.000000000000000000e+00
-1.267489959774897423e+00 4.778566098512333937e+00 1.640112853540639959e+00 0.000000000000000000e+00
5.540487608138079390e-01 -1.247468847570069927e+00 8.320716374459129483e-01 0.000000000000000000e+00
-9.325575470653298948e-01 3.888737596147331943e-01 -7.025838354672736541e-01 0.000000000000000000e+00
-5.458495373968260012e+00 5.678708443748103463e+00 3.357821372915891001e+00 0.000000000000000000e+00
-4.148935540764250085e+00 7.214030242052807296e+00 1.858249047695230693e+00 0.000000000000000000e+00
3.514721701800004983e+00 -3.158947669398641356e+00 5.757676571038596869e+00 0.000000000000000000e+00
1.481252643073813324e+00 -2.703304516906538946e-01 -2.532733744786972885e+00 0.000000000000000000e+00
2.241415253849869060e+00 -3.690527948999479779e+00 -4.715681348046692478e-01 0.000000000000000000e+00
