3.635431444157462000e-01 5.421069301667583717e-01 -5.990205896978102462e-01 1.224986101275748140e+00
-1.404712172188226971e+00 7.045941389682803813e-01 1.680571079138222512e-01 -3.440779647448733991e-01
-2.704487853487221871e-01 7.566828143717341248e-01 2.650529546075569565e-01 2.238573183645019976e-02
-5.902513456238708267e-01 -5.376191762087298986e-01 1.789456226709432496e+00 -2.332019133395983879e+00
-4.519266371922033843e-01 -1.066923500341078856e+00 -4.117331491982051395e-02 -8.252852608324008354e-01
-4.516009862319694257e-01 -8.285467355324013794e-02 4.683393111252706076e-01 -3.249563854343088809e-01
3.282397320336061242e+00 -4.867330101356320271e-01 1.936507751569353508e-01 4.602125820416974045e-01
1.032123466613130702e+00 -9.336855808468269569e-01 -3.001423625436294707e-02 1.517599666615077059e+00
-5.639010659668339809e-01 2.482723951951809060e-01 -3.983327998214721000e-02 -2.630786743729011334e+00
5.124921029178368670e-01 1.921156645534013441e-01 -1.200121827483137782e+00 1.407651659725774440e+00
-2.417033484492653983e+00 2.287156599341828855e-01 -2.068355492566347209e-01 7.572224756368202137e-01
-6.605335639321870955e-01 4.094232151989962709e-01 -3.129506699979724971e-01 -1.539964969846115084e+00
-3.906031111894321395e-01 9.435948250210687283e-01 -6.710596534688897385e-01 -2.704020742406705313e+00
-2.610779695242982923e-01 -2.377883195822417250e-01 1.072947008661913615e-01 2.763065132787315914e+00
4.863661655072694656e-01 9.409349392273676227e-02 -7.313495816491082380e-01 2.624610647222287985e-01
1.958706334390581061e+00 -1.324310039828905383e+00 -9.075280119491981046e-02 4.216475388684065018e-01
1.155605757214592522e-01 -4.421106081757716910e-02 2.585207443793572368e-01 -2.945239735836932549e-01
4.116567546443417602e-01 3.551105649108739215e-02 8.765326201810668127e-01 -5.102616852266151914e-01
5.765892373721540065e-02 -9.914415219282799591e-03 2.610694290492255876e-01 8.469999700629668449e-02
-1.709874907232694641e-01 -2.897105023966382517e-02 2.016624720708504181e-01 -1.264931381249622400e-01
6.723651596875984682e-01 -4.670882272123022538e-02 1.605822032198875593e-01 -1.340172927711679618e+00
7.833587926706413185e-02 -6.239368386359494395e-02 1.357033924325936058e-01 2.834143303537587366e-01
5.241319610692509734e-01 -1.910248549344565339e-01 4.211814212713630434e-01 2.611878174018329446e+00
-1.023568077916823665e-01 -2.669281581204747261e-02 2.769398155255846650e-01 4.614559836606867832e-02
4.852568195805780360e-01 5.937767499523937537e-02 -1.082364753208755470e-01 1.866657653728665267e-01
-2.093240447847149355e+00 3.957730455732373365e-01 -4.648514099113582043e-01 5.165686066448269553e-01
-6.830860193012259218e-01 3.463549405201414577e-02 -3.626303715807723677e-02 -2.382224083386233371e+00
-4.379990099080700028e-01 -1.581403150479523262e-02 -6.071902572848515423e-01 -7.211604849703667774e-01
-3.644798375352027719e-02 4.344832084590875831e-03 -1.801375428593055827e-01 -3.357255572993188553e-01
-5.254951592846379693e-01 -3.923772583399691705e-01 -1.519754917815786255e-01 5.576575263988245990e-01
9.305368320118700964e-01 2.572006086327283114e-02 1.333472189499064486e-01 2.457733981701750725e+00
3.850698163654927564e-01 6.109967931972343919e-03 2.885463047422556770e-01 1.862349258484448988e+00
7.321042543618602738e-02 -4.121163317923060010e-05 1.361450201724202225e-01 7.084353511694529981e-01
-1.648007938640111414e-02 4.299035582882401729e-03 -1.290396303909596004e-02 2.843348175435223002e-02
2.729059139463377304e-03 -1.898514671405934773e-03 -2.180577277242089218e-02 -4.798479891691175003e-02
1.677535485500685278e-02 4.074089213032192937e-03 1.242193541683561837e-02 9.912038257400461461e-02
