-2.031415752692426191e-01 -1.026353681336755530e+00 1.000581655847721935e-01 2.632883785289406586e-01
5.370887104927185574e-02 -1.182725943788570933e-01 -8.698558025321126985e-01 5.119143536864985133e-01
2.458411479744400663e-01 -3.619937400522249549e-02 -9.199889006350469023e-01 -2.586447453438985855e-01
3.392655479514025130e-01 1.215227714616158750e+00 5.964827013743366768e-01 -1.790360685029415144e-01
1.844338166322170292e+00 -1.657427992920379234e+00 1.000778749321542538e+00 1.404974451104835875e+00
1.718495281069643832e-01 9.554188008745538863e-01 -3.760246744814139258e-02 -3.020130000405037429e-01
-3.142142883156333055e-01 1.615577868570585052e+00 -1.247625460154180854e-01 -1.522347276336363464e+00
-8.361422507036223584e-01 -6.475316219172507770e-01 1.078563068548340276e+00 -1.268999095916158726e-01
8.125498770601833343e-01 1.205177416020490000e+00 -3.125296567848883517e-02 1.686699652643425251e+00
-1.430961872037242733e-01 3.832813897709017592e-01 -4.755779472171537403e-01 -7.843111913243440425e-02
3.766907488568980722e-01 -3.983256404845794574e+00 6.168539376354035264e-01 1.639226113936905538e+00
6.218964350683287012e-01 -4.105905735921727695e-01 -5.535978009446876902e-01 3.465128961564066801e-01
-1.980213296329153216e+00 2.676386388575406894e+00 -1.718727786541340619e+00 -9.299196281723961510e-01
-9.510423460115648986e-01 1.295844970754639613e-01 -1.408749235462417038e-01 -1.832768170763379834e+00
-2.085263823363452673e-01 -1.488391176237353619e+00 9.960817460435943127e-02 8.056376512465008854e-01
3.956399778794142397e-01 -1.646141511895891751e+00 1.773121856588991907e+00 -7.583113705604659360e-01
-4.687741813282134684e-01 -1.028835585987085244e+00 8.329799069250246601e-01 1.001266888392050025e-01
-1.923242015810476269e-01 5.344430251175067426e-01 1.006282765126574746e-01 1.101114531562891186e-03
-5.360901953720008384e-02 2.434722526196473613e-01 9.430042300754760964e-03 -2.336706103523641109e-01
1.237166338560271445e-02 -1.173209553691734464e-01 9.065399121441908292e-02 9.278102164705341603e-02
-5.178289195703190961e-02 1.555492610414595245e-01 -1.829217984702943001e-01 -6.826971728591795241e-01
-1.354574366284519438e-01 1.353941109428627165e-01 9.992768424965610408e-02 -1.416051137578545616e-01
6.555432476042477585e-01 9.174856730103815305e-01 6.405115798494172008e-01 4.842497759277826774e-01
5.920199930573132735e-02 2.989808017226143200e-01 -3.956135786744342103e-02 -3.219827606983293178e-01
2.897363667960363154e-01 -4.115908225446314739e-01 1.468737593602234028e-02 5.858804366246515016e-01
-1.140560477104268555e+00 9.600266025972945538e-01 -7.413362496287312364e-01 3.665254484988765271e-01
6.120922203398559969e-02 2.426121936488112141e+00 -4.317575663584998225e-01 3.080187571802315283e-01
7.738085848588392712e-02 4.568126636102703420e-01 -7.784740680139490276e-02 -9.167709460040673886e-02
2.745148545099890258e-02 1.131759460277737550e-01 -7.217455849048804578e-03 1.729649889240901794e-01
-1.573017389514031583e+00 2.154626688722622418e+00 6.556201345884250520e-01 -1.131234809983231671e+00
-6.892355066416925302e-01 -1.077574971231471501e+00 3.312238034906739292e-01 -1.995341612326483105e+00
-4.696279487139116970e-02 -3.634201845485522941e-01 -7.123076132511937941e-02 -3.711218591406642009e-01
-1.540476356376679033e-02 -3.331754531541256115e-01 -9.036698434006720446e-03 6.266434528650216551e-02
1.003100135897162792e-02 -4.605208577477004628e-02 -4.499348741183496758e-05 -1.249929422755416963e-01
-3.135060762148534491e-02 -1.161577867818566479e-01 -3.969321058813771730e-01 -2.199695158902603143e-01
1.729658026171556826e-02 1.513465662387523114e-01 8.003676653152838605e-03 6.278761382376413236e-02
