-7.131382653109436198e+00 8.626930456111585599e-01 1.205419700531398952e+01 2.998455470640264053e+01
-3.754713580009882978e-02 -4.491323031231304608e-01 -6.910434065133937986e-01 -1.210658787982808793e+00
2.714886839933993712e-01 -1.380776143785778787e-01 -1.034791711162378558e+00 -1.437470988829622875e+00
3.162377781048153835e+01 -9.767903125650386542e+00 -8.216998512703472102e+01 -1.951795265926600678e+02
-8.932226282605483236e-01 -1.818527866593162123e+00 -1.742052227625764171e+00 5.060158346350921654e+00
-3.862664094549335125e-01 -1.168197322358567047e-01 -7.156531056089536769e-01 -1.942673328510481801e+00
6.272096221036997932e-01 4.756477067420153304e+00 8.233785959123357756e+00 1.554928564983277006e+01
-1.936932468133622409e+00 1.552531427432897848e+00 1.244925227843686955e+01 2.270455196232789064e+01
-4.425075154023222490e-01 -5.223479250386943162e-01 -2.093652572160471959e+00 -1.563717868626158358e+00
-7.335269792761208407e+01 2.935336847472507316e+01 2.545406504992660359e+02 5.621636422929476566e+02
-8.832438913404381253e-01 -1.977122343277236993e+01 -4.196676455612205103e+01 -4.521713986638918215e+01
6.688916053213538326e+00 -6.110231222046897059e+00 -5.462075484426313210e+01 -1.049521824512600290e+02
3.666103201147763002e+00 7.072473640234173686e+00 8.165449324317995305e+00 -8.232218955000946892e+01
1.520861351593008060e+00 1.346062593464802726e+00 8.494068519599974110e+00 -1.083672933060442034e+01
1.253446221570362784e+00 7.493120552410634794e-01 4.219076621736233434e+00 1.537864687015350995e+01
-5.658694432871196334e-01 -2.964097689926873391e-01 -1.225767136175234695e+00 -1.830338422904795648e+00
-8.382520137317257536e-01 -5.791897773977658925e-01 5.773377690255774297e-01 6.836335508672801708e-01
-2.461516765312241894e-01 -2.478038462396257580e-01 5.372734702361523507e-01 6.647781176890343868e-02
-2.020443904404196078e-01 -3.075971254820353273e-02 -5.210669787337637165e-02 -6.223470901102924335e-01
9.126414710353797943e+01 -3.991924131097405137e+01 -4.052340947996657974e+02 -7.700295810953837190e+02
-1.896471417294392836e+00 3.750796923168861241e+01 1.039459498347905253e+02 -5.106864579128878745e+01
-1.223658519723663751e+01 1.124881081705226471e+01 1.118071899419052215e+02 1.758806982312514720e+02
-9.816418966362626009e+00 -1.728320701567896478e+01 -3.259959948863620838e+01 2.972302954330455123e+02
-7.228964824630810249e-01 -1.698575787176208607e+00 -7.274479556028778049e+00 -4.875998491503082732e+01
-3.372173660808730933e+00 -2.054799548322724156e+00 -1.787054564278429325e+01 7.139308615181765560e+01
5.770447962383800089e-01 1.431774363211075984e+00 1.085106105431331791e+01 1.852147378827817903e+01
1.536278929139561544e+00 3.811425474891632081e-01 -3.677485563787122214e+00 -1.244647496785485608e+01
2.236465398717819575e+00 7.499083639132575474e-01 -6.843511676785379194e+00 -6.776541813865877728e+00
7.060483193530162627e-01 1.948285801959458441e-01 -2.682711649609801352e-01 2.625231156435276603e+00
-6.993456868001535209e-02 1.440949053239360511e+00 8.721543165415859278e-01 -4.804430273512163119e+00
1.351017986727844344e-01 5.180537349263997227e-01 2.640466249301365309e+00 5.908710111520740771e-01
4.346740070836120906e-01 -7.182979579769577239e-02 1.960677228032812636e+00 4.271762265222569965e+00
-1.299597405817143614e-01 4.099382607189756833e-02 7.028696489684989057e-01 2.542470069014118650e+00
7.528421985127294047e-02 -2.655994616650864809e-02 8.033569342743837605e-03 3.764286613044681706e-01
-5.739561840805784243e+01 2.518060953096438581e+01 3.241106702174013208e+02 4.743107021562140062e+02
5.721080917724371773e+00 -3.199838570952579886e+01 -1.238192757402957795e+02 2.695777677974936068e+02
1.083715885015121927e+01 -9.746434494063811016e+00 -1.075527098217941244e+02 -1.017817092720750338e+02
1.081028847353571720e+01 1.932115309861291053e+01 5.886829157056032358e+01 -4.247718395477920694e+02
3.602636802904424673e+00 2.192898294075421806e+00 2.312091168850099621e+01 -1.172569323892890196e+02
-1.344415270623459335e+00 1.711879121400852188e+00 1.368964263217291144e+00 5.192442159035687155e+01
-1.889487095552068840e+00 -3.309335007149734054e+00 -2.605486145708966816e+01 -9.631235000488418052e+01
-1.529051347289872798e+00 1.870744499677522432e-01 1.378330453367402342e+00 -1.788720556957697383e+01
-4.189840626388379619e+00 -8.428342999654772072e-01 1.808898439565376037e+01 2.046731211854701371e+01
-6.372238218582715330e-01 -3.172373594870916413e-01 1.596444847025340508e+00 -6.573824939878698537e+00
5.486181661976869961e-01 -2.459187883110917072e-01 6.513906555118711417e-01 5.734941081003407959e+01
-1.809741127522153104e-01 -1.297648303950415194e+00 -3.963301946083474636e+00 3.168407340336677080e+01
-6.910627942561452519e-01 4.855526046252889305e-03 -6.249486719060777240e+00 -6.635830680164580997e+00
6.190400464571431671e-01 -1.036323361656889819e-01 -1.914583510893885343e+00 -5.514598565589459156e+00
-1.877398402838160729e-01 1.993985363823899681e-02 -1.082305503226877186e-01 1.607444383069438043e+00
3.682616949036141563e-01 4.163562010279886483e-02 3.617666234229700573e-01 3.345830556171229375e+00
5.375904212226940704e-01 4.995785314027521573e-01 -2.569968130956458707e-01 3.325550383814643407e+00
-2.268773094303694338e-02 1.443820691820193181e-01 -4.567929739267457823e-01 1.188319498544313735e+00
1.100304167624867602e-01 -1.533748181320022420e-02 -3.138041993794347118e-01 5.988142987253741722e-02
-9.989637629940462116e-02 -1.552877233248525085e-02 1.331024042123545303e-01 -4.673479191956213530e-01
5.777481519548724465e-03 6.763747230987174341e-03 3.754525293573589273e-02 -9.913523576823886352e-02
1.411543958349330197e+01 -5.987365151628369908e+00 -1.042380730066109180e+02 -9.003042634668419453e+01
-3.379563273513854327e+00 1.017052952703649815e+01 5.921865662061118485e+01 -1.825248714526749438e+02
-3.601388326539576301e+00 3.204191920847261343e+00 3.906411595176328433e+01 4.033215883809734237e+01
-3.715509214021636808e+00 -7.229526198455767272e+00 -3.841072638637137260e+01 1.319648512744103357e+02
-1.116469611951783181e+00 -9.340629306592911352e-01 -1.165286042459479354e+01 -2.194310958755470153e+01
1.184702279905401223e+00 -6.435910433269155240e-01 3.706386310930211536e+00 -8.856153297924105772e+00
1.163472582739022432e+00 1.591693676911285049e+00 1.593201653875016888e+01 1.499198143072285916e+02
7.461458367580185991e-01 -1.801444964763481982e-01 1.764933540073220453e+00 8.075045985030089923e+01
2.266180891968450517e+00 3.363300103099642335e-01 -1.449182271534901467e+01 -3.083812662295346740e+01
1.373895730987104713e-01 1.621793375629322909e-01 -1.712225219084497985e+00 4.507604678655386721e+00
-2.254126903085682532e-01 -5.140267168602525860e-01 3.102557705094324270e+00 -4.564986225323644220e+01
-2.695296940018968579e-01 7.291348674685281805e-01 5.518535964644264435e-01 -1.617245412069452115e+01
3.634510006673321580e-01 6.151382244133965504e-02 4.333708682084121300e+00 1.417430750138519358e+01
-5.483151883289574258e-01 7.444236849558183433e-02 1.136358175069304366e+00 -2.905326400366739392e+00
1.726135798837664104e-01 -9.616296460007306424e-03 2.579956167221584273e-01 -4.697131760375311771e+00
4.112685560830614540e-01 3.811862824903992086e-01 -1.554108519391030674e+00 -2.109631861298815991e+01
-5.593009459682868334e-01 -5.312145545467541474e-01 1.525510808491926884e+00 -1.874446843405053187e+01
-6.004237310593445176e-02 -2.004661806197577389e-01 2.408692788572929011e+00 -4.131301379995122591e-01
-2.156304962408727433e-01 3.639679009608198096e-02 1.357860056407961036e+00 8.214181608673696289e+00
1.251777087106975273e-01 2.035157432531715938e-02 -7.107603001937276566e-02 4.514403816051282270e+00
-1.120983146665954777e-02 -1.808438043444721491e-02 -8.321189710147448848e-02 1.190203259683293435e+00
2.989070873734706590e-01 -5.697873187057247435e-01 -3.878069912373362516e-01 -8.961675607651966580e-01
1.341682203990376410e-01 -3.508593768782026362e-02 -9.459804326992715673e-01 -2.385557533192987911e+00
-1.062400081311974387e-01 2.915594360336462576e-02 -6.401518972013562347e-01 -3.267271410560608658e+00
-4.448005395761708836e-02 -1.236891845426740799e-02 -3.339686877579394197e-01 -2.771570823898544589e+00
-3.724952731546506829e-02 1.003894757877814639e-02 -1.276079660425888385e-01 -1.279138667822783182e+00
-5.293103775916734033e-03 5.955682873685815004e-04 -7.115768306363444429e-02 -5.999883240610720536e-01
-6.583411082320723973e-03 8.375958693250255133e-03 -2.279380009030294862e-03 -3.582312410703332173e-01
7.497176958979466788e-01 1.801760048810802095e-01 -4.106017521304758944e-01 -1.331069183226209374e+00
2.130700536329341744e-03 5.977088994762114887e-03 1.210548189593654844e-02 6.359644789157499478e-02
