-2.371662268006741181e-01 -1.779900089065906688e+00 -1.734738106007281955e-01 -3.821061328095263221e-01
-1.498966599486257212e-01 4.068721396913102528e-01 -6.414780170122869052e-02 -1.041854544606511390e-01
-3.697725736206050051e-01 -4.358199738146963931e-01 -3.054237703151111427e-01 -4.020245002393218470e-01
5.209888349747990866e+00 1.649436496864392510e+01 4.293921620554765894e+00 5.245026995176349516e+00
2.420062845496218085e-02 -1.229399169812904202e-01 -7.011108298944801476e-02 -2.636527431179858105e-02
-4.259717281937197564e-02 -9.410867025013143483e-02 -1.028754777408408261e-02 -1.808326768841685139e-02
-7.599341330209541390e-01 -1.062691004618418766e+01 -1.645730894475488704e+00 -1.204906091278973079e+00
2.130178907663288435e+00 3.097149914589651054e+00 1.351985911064039314e+00 2.578206958841999796e+00
-2.151236366602668482e-02 -1.032625494739813909e-01 -1.510144033970700628e-02 -5.969800181271806006e-02
-1.280158326333907937e+01 -5.773080277083023759e+01 -9.049256103812524543e+00 -1.058434022108835393e+01
-1.706043341123350210e+00 5.880151805868449344e+01 1.709697221674931100e+00 -3.899675526880268528e-01
-6.308019786908329429e+00 -1.084500547419013117e+01 -3.405001306424935592e+00 -8.856844816743624449e+00
-2.560797078416658934e-01 3.413851251990795532e+00 9.168885864905917948e-02 -1.862871726645783932e-01
7.507582380586963477e-02 9.157649761756339046e-01 -6.651322799482572989e-02 9.122593420168767508e-02
2.712380657381097127e-01 1.210131801033653254e+00 5.727211850115421221e-02 1.521438996297190815e-01
2.233526876802838235e-02 -4.935565161080534557e-01 -7.894430432685858867e-02 -6.291429148080572575e-02
-6.508496626671522733e-04 -2.895790105228117639e-01 -4.699192461196155524e-03 5.859854048999843523e-02
-2.156299290087202586e-02 -2.367039133572412801e-01 -6.037851890056546156e-03 8.626807059649577170e-03
-1.649717490049940061e-02 -1.405460168330652238e-02 -2.151381200967458773e-03 -2.281236699667531231e-03
1.691599065641763389e+01 1.194152864350263314e+02 1.024434950888663920e+01 1.041971760669125757e+01
4.752187003745541816e+00 -1.371012169946408221e+02 -1.342091866729010263e+00 3.269203310555743869e+00
9.368922067507652329e+00 1.937874906735432035e+01 4.677390888967948968e+00 1.554360304160515938e+01
-2.443490461357420429e-01 -3.357693358249967019e+01 -8.061561106930597020e-01 -2.858528286849522093e-01
-6.710743041955828936e-01 -4.960616265823503568e+00 -1.222273406817233621e-01 -4.168686919037201122e-01
-5.024378479634052930e-01 -8.747133335301668922e-01 1.240091748703484598e-01 4.124375127130726071e-01
-1.651577574808786864e-01 7.531100617977257272e+00 2.767628999987316041e-01 4.821215272528408535e-01
-1.559709945210234761e-01 3.269092696405735410e+00 -4.516243936034691764e-02 -6.433995854219205501e-01
6.446915004218961576e-02 1.827983565438084490e+00 2.563696756620248429e-02 -1.476608608985262583e-01
8.664221752796286147e-02 -1.297735157532446948e-01 1.162522704564841747e-02 7.615436624525795395e-03
-7.457079019124046582e-02 -1.937681683832371826e-01 3.464641642146537581e-02 8.377446838388050154e-03
6.757806456354070734e-03 3.658179657981208699e-02 2.471745788146741118e-02 1.052415473942910906e-01
1.102137206408541903e-02 9.855121462088134443e-02 -6.793367181662540721e-03 3.034106620933324505e-02
-1.414365163841080353e-03 4.843349945445296623e-02 -6.064241078009152686e-03 1.320471385700622280e-02
6.134207964278326486e-03 -2.053805644823888943e-02 -4.574073908495818186e-04 -6.648820863124533381e-03
-1.155013776176149065e+01 -1.128311421404206385e+02 -6.118672821145981544e+00 -4.646969476595387505e+00
-4.422030537713473208e+00 7.615874728420749307e+01 6.771987790263409579e-01 -3.622279433382544767e+00
-6.730798846614089115e+00 -1.554630463309047173e+01 -3.286605369850420288e+00 -1.289082415077909616e+01
3.729454496084194659e-01 1.360317363802273007e+02 8.004666124044541586e-01 2.143705313061072815e-01
7.930922768991099936e-01 4.377508584327813423e+00 -7.973952474743661867e-02 -1.919537602172229462e+00
7.292389080483250297e-01 8.020264671972084258e+00 1.118989550738471728e-01 3.761163165070402492e-01
1.565525834933918503e-01 -4.168816686994401266e+01 -4.573029786372364569e-01 -1.091203858058611864e+00
2.634699824942683399e-01 -1.071761831475853199e+01 6.238677265685765860e-02 1.548104238888214468e+00
-8.132201396299221230e-02 -2.166266015667483558e+00 -3.462773394535556548e-02 4.663352882267406407e-01
-1.360866173583930028e-01 1.061535239075801940e+00 -1.897839453809835319e-02 1.826155026565468020e-02
1.394134447753141992e-01 1.643629404162440188e+00 4.271372358599134778e-02 1.092576227904755726e-01
-1.983989763300120224e-02 -2.135340344516318822e+00 -7.315882192389258631e-02 -2.050062669992511744e-01
9.488593753138374609e-03 -2.093884384451827785e+00 1.899075745279638072e-02 -1.110735818911228190e-01
2.259805570463002677e-02 -1.137237661367819008e+00 1.603656566862973754e-02 -5.018793221811068683e-02
-3.885678626192923257e-02 -1.420789166756568633e-01 8.835390211027749352e-04 -2.135489351403951908e-03
-1.300346455129536283e-02 2.548533785489270898e-02 5.042983433764650081e-02 8.687589513209470482e-03
1.389543717247041302e-02 6.025005124861460004e-02 2.562689302517359019e-02 -1.158152782777194245e-02
2.699320820673740268e-02 1.280210114594720339e-01 -2.645908063534860299e-03 1.511395393387271469e-02
1.244042959375216140e-02 2.824911207379632305e-02 -2.021383947452659591e-03 1.117479109080629640e-02
-8.134254561882048318e-04 9.024013627540528049e-02 -4.979446197439681143e-04 3.535495489753071041e-03
1.233381125666566103e-03 2.074392281338055533e-02 -6.470787363645896795e-04 7.783161434770508036e-04
3.171034535978033198e+00 3.332763925391027726e+00 1.508652564573171428e+00 7.061978940280884132e-01
1.457081977535948702e+00 1.097828010780460772e+02 -1.671663277417625437e-01 1.124722699737831455e+00
1.865435247116958184e+00 6.454266484471480325e+00 9.242552898219322799e-01 3.806883243635347469e+00
-1.551120990822312251e-01 -2.041365377857685246e+02 -2.686166461527073057e-01 -2.341123136920320036e-02
-3.672107379544595762e-01 -5.179193244390454254e+00 1.596677233114141004e-02 1.926337235552254779e+00
-2.843404966778719789e-01 -1.727623491679466383e-01 -3.710427813830241561e-02 -3.630935113439703876e-02
-1.235664744557904982e-01 7.266219425803592458e+01 1.817319336029219468e-01 4.878932594878371276e-01
-1.239535733462191480e-01 2.337010672662145794e+00 -2.382641346656111381e-02 -1.274112781357125801e+00
4.072471140532774037e-02 -8.155329595935469911e+00 1.457436522306898574e-02 -4.475685453352218346e-01
6.703708445204226152e-02 -1.201661254532286449e+00 8.912876793900292860e-03 -4.102218230687348921e-02
-7.964196793821765041e-02 -6.274333968623331259e+00 -8.571046833783313446e-02 1.547294392420688336e-01
6.056588965602127672e-03 6.315988795350307328e+00 3.695155920988271725e-02 9.300341709568726856e-03
-1.954503420975212125e-02 7.349485564437276963e+00 -1.247341354111708434e-02 1.256756980286155567e-01
-2.374664064081843939e-02 1.380434166481396829e+00 -1.018231596750210355e-02 7.163702643162883632e-02
2.600884472672870817e-02 3.140260566998935854e-01 2.535371176224932022e-04 1.791738528013486764e-02
8.336099538539187837e-02 2.578816218895618739e-01 -3.219068677140540791e-02 -1.674941420614245446e-02
-7.836907343910015644e-03 -3.233260556012087505e-01 -2.834847240513800604e-02 1.624460809511305559e-01
-3.049588406995096257e-02 -7.185462863451412829e-01 3.574670129784629502e-03 1.570416183585165992e-03
-1.029433707750238014e-02 -3.191633399033833030e-03 3.372516405433456654e-03 -1.825895262004484376e-02
6.348080073935724599e-04 -3.647684034188789504e-01 9.848484932681866866e-04 -1.759580456604714627e-02
-2.185134599176519199e-03 -8.709311493925953052e-02 1.244205308046197889e-03 -2.817914134142604499e-03
4.306798620856922000e-02 7.786502528813196711e-02 3.637409494822357869e-03 -6.985230844207230422e-03
2.646993116685980585e-03 1.324151233358188406e-01 7.129753315547597559e-03 -3.199630535301906109e-02
-6.016749146444622109e-03 -2.706525929391451202e-02 -7.622374681144489239e-04 -1.423189851161810182e-02
2.986910167388973081e-03 1.022341165908013938e-02 8.773178345383020327e-05 -1.074151396628005711e-02
1.888391772960934523e-03 7.390334515247221070e-02 4.971783112085251255e-04 6.178008065882534261e-03
4.931521199416019630e-04 7.326869619257142530e-02 1.522480078088028765e-04 -5.236983821462759536e-04
4.612176321468458573e-03 2.037411541236143486e-02 -2.437694877766918844e-04 2.290558614398516268e-03
-3.093255061956471930e-01 -2.251970565770308741e-01 -3.067093100905820546e-01 -2.921695292723806014e-01
4.512246037131724592e-04 7.935956609894939326e-03 2.169248576247127954e-04 6.274128942704299949e-04
