1.029840563827072941e+01 -1.342977372402189395e+01 -1.241442864581851158e+00 1.985725398533910635e+01
-3.113217199703646187e-01 2.526079652963577615e-01 -2.608179615870628076e+00 1.081041823405165303e+00
-6.118322144525234485e-01 1.933509701125069868e-01 1.029847459479698912e+00 2.929277099329484768e-01
-1.036592066236638487e+02 3.321655562946281748e+01 -3.382865136168541653e+01 -1.515912123159470468e+02
-1.590920701420995176e+00 -1.219020755414897295e+00 -2.210449641053137793e+00 -2.752627114766462491e+00
-1.646153016322807472e-01 -3.206588404163257522e-02 2.195198060504562898e-01 -1.195420599680764751e+00
6.635679999901540782e+00 4.949154917957372390e+00 3.477678524141343530e+01 -1.859591951376104291e+01
8.341260209790753777e+00 -3.571935907867317184e+00 -1.167502039315890805e+01 -8.604320247932939481e-02
-3.846545399681455812e-01 3.657377119821086930e-01 -8.369576814596084713e-01 -8.736874416852105085e-01
3.473040013287658780e+02 -3.480365160477239783e+01 1.510601987407124227e+02 4.232760404420062628e+02
-2.777226854305203574e+01 -2.953145425602097163e+01 -1.532906230283632283e+02 1.295423185515787452e+02
-4.475864710222174381e+01 1.210422304137673066e+01 4.531945138307214194e+01 4.496048085328433253e+00
1.315886754617466536e+01 7.833437080183951018e+00 1.230640157699077619e+01 5.261595215907797041e+01
-1.862940760536945239e+00 -4.057114485861532671e+00 3.164825049405071145e+00 -6.953693726633902727e+00
2.707385944981011150e-02 -1.234450810301038759e-01 -3.541931451117338092e+00 8.274011316945301786e+00
-8.397505677444462302e-01 -1.241712960040898928e+00 1.282611734445192386e+00 -3.619717736804796804e+00
5.991090405456510615e-01 2.700639375810311993e-01 -8.031829608364597917e-01 -6.387962812439719196e-01
2.307294058055062158e-01 7.676286838835505444e-03 1.506389836505734048e-01 -1.550681354487758012e+00
9.539864857340085713e-02 -2.353773329654296198e-02 5.333422464537097563e-01 -1.617702488768561597e+00
-5.305548780158811724e+02 1.521937137965447562e+01 -2.632745186154036219e+02 -5.578825559039323707e+02
3.851359290638222888e+01 5.582077775908479111e+01 3.084691535595560481e+02 -1.586799200166312289e+02
1.030372353261373348e+02 -1.798230672165342980e+01 -8.439152582506430633e+01 -8.121002092335494638e+01
-4.707397275966246042e+01 -2.390624414911566831e+01 -3.969418614107744503e+01 -3.803784562174038228e+02
8.877214372369781614e-01 6.150725931192407847e-01 1.296374042106695335e+01 -1.129524390212366747e+01
2.736045133605637503e+00 8.592537211193006286e+00 -8.578774968636448506e+00 1.044928265840914605e+02
7.850157593872737039e+00 5.813869132916909876e+00 -4.181376681665240902e+00 6.553631548503709325e+01
-1.036857643241724913e+00 -2.084197491646480493e+00 -3.988566362473888738e-01 -9.982701236375008946e+00
-2.325126351540600211e+00 -1.619746276456190959e-01 -2.060896851198699586e+00 -9.697640054484658378e+00
-1.141873461562860292e+00 1.640566710796440564e-01 -2.423765061838586643e+00 6.535155347620302813e+00
4.589241898073320725e-01 3.972709043369401782e-01 1.889059631078778168e+00 -3.404975688699657610e+00
8.940013664863191156e-01 5.800183307905961705e-01 1.152259127786857240e+00 2.217783038718053934e+00
9.538998411990314841e-01 8.983830081824688285e-02 1.197448353390530684e+00 3.066936849807637699e+00
3.637248512839618697e-01 1.539641942171571243e-03 1.095401557597881270e+00 6.021856520738032570e-01
-7.641544067993860656e-03 -1.321579061080918605e-02 2.035470256062795746e-01 -5.778608505267956996e-01
3.818211845229504888e+02 5.058759477710950136e-02 2.156828148922641617e+02 5.059326112117623211e+02
-1.837011747267436945e+01 -4.468530943326647531e+01 -2.951824140562314369e+02 -5.541478843937080683e+02
-1.020423058168388906e+02 1.277002145662888566e+01 7.600848013861552488e+01 2.111527509655655592e+02
5.819665561342245041e+01 2.419393116019443823e+01 5.606475456002281987e+01 1.199758449645071551e+03
-2.368537731226928678e+00 -7.512251440138857816e+00 7.678488554414795608e+00 -2.885445051621614994e+02
-2.602604139070139766e+00 -7.909115781856201899e-01 -1.822147208870814694e+01 -9.200127692626235643e+00
-1.438127655750010625e+01 -9.326832275079020462e+00 -4.133359028932168222e+00 -3.214457695440449925e+02
-3.058616401571004229e+00 2.716136929908352649e+00 2.258631177340083340e+00 6.796719630334384021e+01
4.235687437051901760e+00 2.928181466847705750e-01 4.002318964398082102e+00 4.618750954572859513e+01
2.753652167279708962e+00 -3.041620557056923246e-01 4.117571208935453697e+00 -7.967648261410511523e-01
1.038947982064877262e+00 1.453642999523543367e+00 1.585814153147532046e+00 3.055613260310245138e+01
1.025143261158417918e+00 -1.502355861882043619e+00 -2.525691973559641923e+00 -1.384740210734657673e+01
-8.156328170218830609e-01 -2.449568566820802540e-01 -1.761646100714315821e+00 -1.805017567465893791e+01
-1.670406599949209037e-01 -2.471447442147722828e-03 -9.912961275380407500e-01 -1.543427506970094143e+01
2.974522661164067383e-01 3.569429679744895445e-02 -7.062087425051875034e-01 -8.156701065105882442e-01
-1.562643646292644073e-01 6.325075366084828010e-01 -8.251412988144076754e-01 -2.708364159095395962e+00
1.556637915016712004e-02 4.257017830452874962e-01 7.955005555546486029e-01 8.422812783666057124e-01
-8.992016407559337565e-02 2.579514541665824112e-02 5.270711869820032813e-01 3.146600796050136317e+00
-9.415272930742796254e-02 -1.006933777914562067e-02 -1.926378083990625267e-01 4.414889083228980660e+00
1.268565041829586848e-01 6.011562413064941435e-03 -2.769911602497452385e-01 1.017509965918204085e+00
2.283012726327374176e-03 -6.055126933914800613e-03 -8.387660641452979182e-02 9.438145380825352371e-02
-1.047059245650921895e+02 -1.384552364894240384e+00 -6.911527502398307377e+01 -3.623964452110741377e+02
1.313758708519543905e+00 1.332462928166727067e+01 1.094033375908136065e+02 9.556620520015053444e+02
3.599237215306752802e+01 -3.538572923092019984e+00 -2.624147305141097419e+01 -1.164535509643988576e+02
-2.509700418128027977e+01 -8.437755402145930006e+00 -3.249645886124923777e+01 -1.237177453154761224e+03
1.412711869239840823e+00 2.414164081198383549e+00 1.462383980275836493e-01 1.475655661239058816e+02
1.533370955379044887e+00 3.274161064805757304e-01 8.692173035935100600e+00 1.361078193118769875e+01
6.551146827316076227e+00 4.026898204565296346e+00 1.101698873918736332e+01 4.404689985620631205e+02
3.372116590075789233e+00 -1.088059407694776048e+00 -5.000042946361839213e+00 -3.499887645347593690e+01
-2.071671046455510368e+00 -1.362912120052941489e-01 -2.682359593807908560e+00 -3.487773482817979698e+01
-1.634241189085861468e+00 1.614411976456182618e-01 -2.525496647509192893e+00 -1.823737062117115926e+01
2.129579727685548818e-02 -1.592643520332638563e+00 -4.868451855533171724e+00 -8.266980745765232541e+01
-1.242908307226949338e+00 7.498217955397037393e-01 2.092445670255904222e+00 2.368034591087631924e+01
5.343120676304372596e-01 1.577714405640730788e-01 3.050988248154630211e-01 1.451994704860905117e+01
-4.842248895857570457e-02 3.023841567356050364e-03 -7.158964399824594427e-01 3.991902380702472897e+01
-4.335836910938956068e-02 -2.540644442711337270e-02 7.260617545655771998e-01 2.307290541624678948e+00
1.122096175298908927e+00 -5.553058451711184729e-02 3.557272812343283963e+00 1.219109351190556545e+01
7.120629704061774701e-02 -4.795415681556630672e-01 7.161482225532855850e-01 -8.702250326496651311e+00
-5.317469674142483171e-03 -5.187624160972893750e-02 9.642328816521382739e-01 -2.384549912567107022e+00
-9.450388191171696373e-02 1.427373354003591555e-02 2.152861036574543974e+00 -1.625662686912005839e+01
-1.415948423902091413e-01 -9.004524834727106741e-03 6.004322494053901949e-01 -2.828093231058423029e+00
-1.083295158987140905e-03 1.098366079923063232e-02 1.208026256370354767e-01 -4.567625800605215058e-01
-1.883565536705505972e-01 7.787560638845680838e-02 -9.839711041239379563e-01 8.304725640503451967e-01
-4.518348397400364647e-01 9.029397602368999243e-02 -2.555455102660191824e-01 -8.211922476088685530e-01
-3.803834385344225244e-01 -6.344711367114203027e-03 -9.568798473161337359e-01 -3.898664750919795807e-01
-2.248056059988660649e-01 -5.861221326521882241e-03 -1.062212193631560275e+00 1.389363289126094081e+00
-2.330208569036394117e-01 -4.693848539469823444e-03 -3.458333273003656450e-01 5.732354894296201042e-01
-3.828913892930017882e-02 1.357048929563876849e-03 -1.184204513493035404e-01 1.526388268951270888e-01
-2.960924987777636269e-02 1.828090367954698925e-03 -2.737613360625335002e-02 2.168269852161727185e-01
2.734583933817767987e-01 1.774760475622178646e+00 9.503140139323249524e-01 -2.890654092949746512e-01
1.162949918654567275e-02 3.375462728914563771e-03 9.214559571316867717e-03 5.880925553354277718e-02
