4.210497743217021416e+00 -1.968141022458089751e+00 -2.660085225543082910e+00 0.000000000000000000e+00
-3.103475450557540594e+00 -2.838973600852641610e+00 1.166923794694484817e+00 0.000000000000000000e+00
-3.319852836628172543e+00 -7.262693206291191972e-01 -8.555684587205119485e+00 0.000000000000000000e+00
2.324507919064178196e+00 -7.258524013839426914e+00 -2.192736130288506224e+00 0.000000000000000000e+00
-3.109501577606564204e+00 -9.846944013502297033e-02 -7.181831045832507421e-01 0.000000000000000000e+00
-4.827944789952795190e+00 3.792541891580938351e+00 5.827237314982509631e+00 0.000000000000000000e+00
1.882229559900050031e+00 6.512647562392650524e-01 2.988747660827614228e-01 0.000000000000000000e+00
-5.093150721165415895e+00 -8.382259165844301307e-01 -5.747678560443138629e+00 0.000000000000000000e+00
-3.709076485962104819e+00 2.149707940015091356e+00 8.491631656098999059e-01 0.000000000000000000e+00
-7.425310997319865436e+00 1.040392891994859426e+01 -4.440753289403516213e+00 0.000000000000000000e+00
1.663832301482281451e-01 9.931010866923839497e-01 -6.845038041493058945e-01 0.000000000000000000e+00
-4.585565808453769598e+00 -2.229882544633484898e+00 -1.481145975556986905e+00 0.000000000000000000e+00
-5.267153362414060958e-01 2.848525484780989991e+00 -5.529756109026894018e-02 0.000000000000000000e+00
6.348987159045862416e-01 1.001027527327932098e+00 5.458726887222056234e-01 0.000000000000000000e+00
3.961897792282765618e+00 -1.336959412359992161e+00 -2.169553513886779861e+00 0.000000000000000000e+00
1.605448576881112199e+00 -1.017500657429320832e+00 -1.212228052542265733e+00 0.000000000000000000e+00
1.008086986262637019e+01 -9.017418136336269541e+00 3.986772276135294835e+00 0.000000000000000000e+00
4.736417773010527910e+00 -1.148899125827484990e-01 3.479897350105880083e+00 0.000000000000000000e+00
2.640128253765835348e-02 3.234340897900252476e-01 -4.825355160727561987e+00 0.000000000000000000e+00
4.685319042634162878e-01 -4.651602644374976947e+00 -2.275199369680278583e+00 0.000000000000000000e+00
1.310536086234389830e-01 6.072616520395202055e-01 9.778489745910239339e-01 0.000000000000000000e+00
2.212686119563249676e+00 -1.247328839133858169e+00 -1.426988598550179121e+00 0.000000000000000000e+00
2.906342010235637985e-01 -1.036492413312383398e+00 1.299589656087341005e+00 0.000000000000000000e+00
7.362095349703587033e+00 -2.955345940262466886e+00 -2.211639996080965453e-01 0.000000000000000000e+00
-2.275095013463989124e-01 9.335829365655912149e-01 -2.177287607319313700e-01 0.000000000000000000e+00
-1.039258146346201117e-01 -4.734115443196852624e+00 -2.604364690685878170e+00 0.000000000000000000e+00
3.698911965108393929e+00 -7.372893490750364265e+00 6.054393434887005654e+00 0.000000000000000000e+00
4.274542389227098838e+00 1.004939782281347860e+01 -9.012887913875859525e+00 0.000000000000000000e+00
1.497098624467074757e-01 -1.942216536462702425e+00 -2.043110759263219445e-01 0.000000000000000000e+00
-5.987167202136467470e-01 3.785034233061312037e+00 1.100261338422672402e-01 0.000000000000000000e+00
1.084041702375552241e+01 6.082238001036112784e+00 -3.694692327206653637e+00 0.000000000000000000e+00
4.077739520492401404e+00 -2.255436976467109389e+00 3.225129188334661556e+00 0.000000000000000000e+00
-2.954556246061764924e+00 1.940253455054971043e+00 4.949420203527651552e+00 0.000000000000000000e+00
-2.201244878077240674e+00 5.393166233406288868e+00 3.206698383535352637e+00 0.000000000000000000e+00
-1.845592340834478762e+00 -1.358432558551696756e+00 7.843367163382019003e-01 0.000000000000000000e+00
