-2.039125691750883540e+00 -4.231616561430690204e+00 7.184741787448156725e-01 0.000000000000000000e+00
7.408848283342365448e+00 -1.558097136512138547e+00 2.476107786345118633e+00 0.000000000000000000e+00
5.994535763077061041e+00 2.670506549901574989e+00 5.945830416626733950e+00 0.000000000000000000e+00
-2.669419000903627270e-01 -4.077968415314268569e+00 1.784756725024993607e+00 0.000000000000000000e+00
6.666772576177140586e+00 -3.614342630393378997e-01 5.427647987632575166e+00 0.000000000000000000e+00
7.309090098880283826e+00 -4.351439057549412404e+00 -7.238660369685542051e+00 0.000000000000000000e+00
-3.602108385938896706e+00 1.960286063702681991e+00 1.062505635214616939e+00 0.000000000000000000e+00
1.515459690836771012e+00 3.290480055349695121e+00 3.953646750314292468e+00 0.000000000000000000e+00
-5.576918649636661285e-02 1.403192317456934290e+00 1.660451776330770235e+00 0.000000000000000000e+00
1.790434389103932933e+00 -6.882945636214822249e-01 3.606807030799890068e+00 0.000000000000000000e+00
2.857376586469133173e+00 -3.050798458965442439e-01 5.178111841077603472e+00 0.000000000000000000e+00
2.157933703034215611e+00 2.863592027763988135e+00 -3.493938232199069738e+00 0.000000000000000000e+00
4.440898402069077378e+00 2.545175116996001297e+00 -1.233523838961891217e+00 0.000000000000000000e+00
8.494275213855983608e+00 1.901860062398279982e+00 -8.644552937536673198e+00 0.000000000000000000e+00
-9.508907724733262068e-02 1.948859150965725595e+00 4.654289214952519460e-01 0.000000000000000000e+00
5.018081121626196683e+00 -2.632048922716764494e+00 -2.105409864435152212e+00 0.000000000000000000e+00
-4.140207470471131579e+00 -4.465432659349449773e-01 4.767079390985514920e+00 0.000000000000000000e+00
-4.672522428351932433e+00 5.242696452567471965e+00 -3.325674733834394381e+00 0.000000000000000000e+00
1.666574607986054835e+00 1.394240229936149600e+00 -1.308138102752634424e+00 0.000000000000000000e+00
2.768289977633839882e+00 -3.272771496582417949e+00 1.378057742859066126e+00 0.000000000000000000e+00
3.438744532568528967e-01 -8.128557159280351829e-01 1.526490995077370183e+00 0.000000000000000000e+00
4.703988966789826032e-01 1.449030592102047876e+00 -3.165951176533490674e+00 0.000000000000000000e+00
2.102685412331100956e+00 2.010853450719168212e+00 -1.127857834120868263e+00 0.000000000000000000e+00
4.654536313988291596e+00 1.678595298143283454e+00 -7.249423739133062483e+00 0.000000000000000000e+00
7.307637317213884209e-01 -2.402191512383300864e+00 3.602469141090433258e+00 0.000000000000000000e+00
-1.145846244695552185e+00 3.869215817203386365e-01 -3.030782731911648153e-01 0.000000000000000000e+00
-5.864171042999987371e+00 3.123203312129363418e+00 6.249773223957054036e+00 0.000000000000000000e+00
3.596549758825582810e+00 4.898924526916643152e-01 -4.330097466742852674e+00 0.000000000000000000e+00
2.385909117120817768e+00 -1.068936118126706303e+00 -8.042836240610351517e-01 0.000000000000000000e+00
3.265031010982080151e-01 -5.514852747075212891e-01 3.256001263200656304e+00 0.000000000000000000e+00
-6.933765612999799544e+00 -7.023284804858741515e-01 6.550772604092547358e-02 0.000000000000000000e+00
-4.649409167692210687e+00 2.270592760346915373e+00 1.252072849084615802e+00 0.000000000000000000e+00
4.061497548425543336e+00 -3.242084790364974101e+00 -2.465754468645610764e+00 0.000000000000000000e+00
3.382006029058128860e+00 -2.006332982028777578e-01 -5.855856192225370460e-01 0.000000000000000000e+00
2.144284794184460052e-01 1.135968394553925620e+00 1.071616785760370338e-01 0.000000000000000000e+00
3.374858731793463629e-01 -1.541383547015253486e+00 -2.829188973437620991e+00 0.000000000000000000e+00
-2.124058498798937489e+00 3.942250278989611195e-02 -5.978688019383844310e-01 0.000000000000000000e+00
-1.735229529057608078e+00 1.829081311002579202e+00 1.169889138734372613e+00 0.000000000000000000e+00
1.133926976307588763e+00 -2.355979783290768625e-01 -4.846109366492147075e+00 0.000000000000000000e+00
-3.309075142122808622e+00 -2.234108702593847751e-01 1.276244575757385258e+00 0.000000000000000000e+00
-2.835318639943717134e+00 -7.956884207696904854e-01 2.591365799395254577e+00 0.000000000000000000e+00
-2.289699320434136709e+00 1.333209793737317739e+00 2.032537940870899895e+00 0.000000000000000000e+00
2.896237015034478723e+00 -1.539078546073834541e+00 -1.295531189145994855e+00 0.000000000000000000e+00
-3.527782248459194747e-01 -4.142946760750704227e-01 -1.295879447007912466e+00 0.000000000000000000e+00
3.283608579556509532e+00 -9.195240573900349546e-01 -1.477042019116556748e+00 0.000000000000000000e+00
-1.027613123590604616e+01 2.530669399046916901e+00 5.928030858133581660e+00 0.000000000000000000e+00
-5.305765344305872766e+00 -1.924357579315957523e+00 2.564173159763420529e+00 0.000000000000000000e+00
4.489467093656609897e+00 -1.287703512741585454e+00 -2.920273696895965720e+00 0.000000000000000000e+00
-5.487588429588360905e-02 4.770186028549076029e-01 1.188450507049713112e+00 0.000000000000000000e+00
4.135374876646533693e+00 8.863056014083754430e-01 -2.549446331142540156e+00 0.000000000000000000e+00
-6.425072080302420829e+00 7.487890422688527892e-01 -7.067757989550180753e+00 0.000000000000000000e+00
-3.397071643399995011e+00 -3.136071673354197675e-01 -5.964424130087881970e+00 0.000000000000000000e+00
-5.643736845285427961e+00 -4.744782304918070404e-01 -1.260157468052333085e+00 0.000000000000000000e+00
-2.845304680751552073e+00 4.118971495325104648e+00 -1.094964504000698780e+00 0.000000000000000000e+00
-1.424360755883401941e+00 3.129738122476235951e+00 -1.570266069305407353e+00 0.000000000000000000e+00
-1.424257675452355487e+00 1.222734023218765842e-01 -2.123195781406869376e+00 0.000000000000000000e+00
7.528218730822294757e-01 -2.311414445813592788e+00 -3.656156249167001882e+00 0.000000000000000000e+00
-4.355945560861215426e+00 -1.176190056305315590e+00 2.924035022190470290e+00 0.000000000000000000e+00
-4.277206596840148478e+00 2.095585241445007796e+00 2.892256930748303922e+00 0.000000000000000000e+00
-2.992969778452199581e+00 -1.814438305224860937e+00 -2.934271777978191498e+00 0.000000000000000000e+00
-2.753767069043614235e+00 2.652289841088842012e-02 1.551324376830535590e+00 0.000000000000000000e+00
-2.115322533111342551e+00 7.615995509615205439e-01 -8.815148484190706846e-01 0.000000000000000000e+00
-2.016866531484789338e+00 -9.907348758760816665e-01 -1.421654059995268171e-01 0.000000000000000000e+00
-1.506994463457392852e+00 -1.815703584942415016e+00 3.062668251108153328e+00 0.000000000000000000e+00
-2.804818727737623529e+00 6.529725929543581664e-01 -1.104411863455902143e+00 0.000000000000000000e+00
2.405506008938588902e+00 -1.606433012881524069e+00 -2.879737835940075374e+00 0.000000000000000000e+00
-1.039665022378273562e+01 2.533957805672698224e-02 5.320159414410341014e+00 0.000000000000000000e+00
-5.753958227273503034e+00 -3.286000339901720579e+00 2.849955415975296003e+00 0.000000000000000000e+00
9.142721894802492422e-01 -3.421157614191634999e-01 -3.093586748999511915e+00 0.000000000000000000e+00
1.165967825554864168e-01 -1.487424657710593401e+00 4.275857320104917703e-01 0.000000000000000000e+00
-1.384246440000107325e+00 1.143033235949445281e+00 1.336049900455622108e+00 0.000000000000000000e+00
-3.060750128707176110e+00 2.121264887284148415e+00 -1.381950851409763370e+00 0.000000000000000000e+00
7.891124269079598186e+00 -4.008012004690052699e+00 -6.967784864324147343e+00 0.000000000000000000e+00
-2.878158117402600968e+00 2.292249004588113315e-01 1.899707240570007727e+00 0.000000000000000000e+00
-1.309226440905965960e+00 1.439673249940963684e-01 7.590963514872484108e-01 0.000000000000000000e+00
-1.956162477230174668e+00 1.989389665006873198e+00 1.046252486113414371e+00 0.000000000000000000e+00
-8.525239878216902545e-01 -3.246930371715969210e-01 2.532173973724117122e+00 0.000000000000000000e+00
-8.363301256912622605e+00 4.234459879825505091e-01 -2.846506091383894876e+00 0.000000000000000000e+00
1.205474570230130466e-01 -2.948346952159975221e+00 -1.391766559402818626e-01 0.000000000000000000e+00
-9.724267712395603169e+00 -1.049852971825447345e-01 4.671693017226603573e+00 0.000000000000000000e+00
-4.026399064855102239e+00 3.331786716877961574e+00 1.546671390454581241e+00 0.000000000000000000e+00
2.516392255919689180e+00 1.595526491603395380e-01 6.430691923854147118e-01 0.000000000000000000e+00
8.075871292210483610e-01 -3.503242396798757485e-01 -1.551455778255098839e+00 0.000000000000000000e+00
6.363065296150777206e-01 -3.038233780762654490e+00 2.115678259999295374e+00 0.000000000000000000e+00
