2.412427070110906513e+00 2.383862437463717399e+00 5.892261714753164181e-01 0.000000000000000000e+00
1.867666152863744600e+00 -4.464814707092411794e+00 -1.014690418278800133e+00 0.000000000000000000e+00
2.448248759085934090e+00 -1.436077209990667791e+00 -4.723380545461702162e+00 0.000000000000000000e+00
2.884546258710206423e+00 -1.715358417071181363e-01 -3.699132116012533888e+00 0.000000000000000000e+00
-8.196288695794212709e-01 -2.206307587950343763e+00 2.211017492325764999e-01 0.000000000000000000e+00
-8.289025361779138734e+00 2.595293030826400837e+00 -4.264040765129320509e-01 0.000000000000000000e+00
-2.848283501734787837e+00 3.184806975620890324e+00 -2.779936629611577947e-01 0.000000000000000000e+00
1.922280269717304479e+00 -5.065891139167224555e-01 -2.228771892153675049e-01 0.000000000000000000e+00
3.633626277930936954e-01 -3.038469860929453592e-01 1.319642284287428247e+00 0.000000000000000000e+00
5.001059624600275200e+00 5.972335532211862086e-01 -7.882022092966325388e-01 0.000000000000000000e+00
-1.136116901763891684e+00 -8.656685314473515636e-01 7.275185307721633299e-01 0.000000000000000000e+00
1.611218361481901562e+00 2.248220301723510506e+00 -6.311034424711771118e-01 0.000000000000000000e+00
1.341384338712130753e-01 4.255803883776400620e-01 1.678144409257024350e+00 0.000000000000000000e+00
-5.925999757612325780e+00 2.736812074649152063e-02 -2.189621274762290515e+00 0.000000000000000000e+00
1.602976178694834664e+00 -1.255941188661588770e+00 4.500004880999314949e+00 0.000000000000000000e+00
3.445206164825417861e-01 -1.180131643755992110e+00 -9.563609208954934049e-01 0.000000000000000000e+00
-2.643316788096896630e+00 -1.018232560596859376e-01 1.373672232604544741e+00 0.000000000000000000e+00
-6.922859492193193631e+00 -4.147833244924377993e+00 1.903915615356149393e+00 0.000000000000000000e+00
4.194267014008317557e-02 -6.340031387250963935e-01 -4.788009989745690476e+00 0.000000000000000000e+00
2.302019499967970173e+00 -1.241787198731478359e+00 -6.160664666751541896e-01 0.000000000000000000e+00
-3.226598464128288546e-02 2.659839305864727943e-01 -2.694302472224719414e-01 0.000000000000000000e+00
2.575910525599454548e+00 3.181654196980975069e+00 -1.858718546558815410e+00 0.000000000000000000e+00
1.813521412537993482e+00 1.949993756542087731e+00 -5.869509355381063997e-01 0.000000000000000000e+00
-2.063988535376686251e+00 2.697164503752853548e+00 -1.261729970641667586e+00 0.000000000000000000e+00
1.795081487322694347e+00 6.688630381532980618e-01 9.532778044689020902e-01 0.000000000000000000e+00
-4.994165460096419373e+00 -1.057586110352864761e+00 4.349252458748569694e+00 0.000000000000000000e+00
1.513131382620110044e+00 8.998517575805083935e-01 4.415259775241699991e+00 0.000000000000000000e+00
-8.233825695586862281e+00 -5.260937666984294658e+00 -1.471243933185433006e+00 0.000000000000000000e+00
2.440625852755243130e+00 -1.922328482725891741e+00 -1.068112186647902917e-01 0.000000000000000000e+00
-3.268777302671723284e+00 7.641795492128222733e-01 2.843944864167323505e+00 0.000000000000000000e+00
-6.412953552987659123e+00 7.925108212537712582e-01 2.357065391225336981e+00 0.000000000000000000e+00
-3.177275274491533796e+00 -4.574591337632559984e+00 3.561528680947708914e+00 0.000000000000000000e+00
-1.192867740227589346e+00 -2.219520883222178220e+00 1.729460108063566315e+00 0.000000000000000000e+00
5.551788849266369397e+00 3.966813536171194698e+00 -2.047755899978473071e+00 0.000000000000000000e+00
2.151289788866941194e-03 2.540932965958881073e+00 -2.228654702534170973e+00 0.000000000000000000e+00
