1.693502386372121693e+00 -2.319138723751550391e+00 -2.880188507841666468e+00 0.000000000000000000e+00
-8.457675130968242527e+00 6.567605861848497817e+00 7.915150676397519014e+00 0.000000000000000000e+00
-2.788793339162319196e+00 -7.674465140927592133e-01 1.434856029093063701e-01 0.000000000000000000e+00
-1.748179059644181299e+00 -2.452673713843023587e-02 9.682641604857834816e-02 0.000000000000000000e+00
-7.215048620700880377e+00 5.703694044126851104e+00 2.460723693945824131e+00 0.000000000000000000e+00
-6.107134123026615846e+00 5.059324461226437641e+00 6.754565418922881648e+00 0.000000000000000000e+00
1.017851973912955899e+00 -2.507228186617285637e+00 -2.980913060719361685e+00 0.000000000000000000e+00
1.746336476078600430e+00 3.318526654983815938e+00 3.775018895803932684e-01 0.000000000000000000e+00
1.494644963790184022e-01 2.191642006387195252e-01 -8.846486380290984330e-01 0.000000000000000000e+00
-8.664778622377252049e+00 6.010264793702845276e-01 3.448690473401147649e+00 0.000000000000000000e+00
-5.280271918495688332e+00 4.512204894060650062e+00 -1.509624777883111113e+00 0.000000000000000000e+00
2.180571805730448620e+00 1.627115157729588812e+00 -6.141888140667295382e-01 0.000000000000000000e+00
2.523191337475793605e-01 1.351833867305810843e-01 -3.462377741300151635e-01 0.000000000000000000e+00
-3.907466555272213871e+00 1.724557978534389635e+00 4.129196807288906257e+00 0.000000000000000000e+00
3.887264437813898521e+00 -4.056504253393817372e+00 -2.910338233954929965e+00 0.000000000000000000e+00
-5.070502812374544810e+00 4.459130683001699680e+00 3.537300554786187323e+00 0.000000000000000000e+00
-1.833942466433224672e+00 -2.505594620520476212e+00 -8.494554285768287638e-01 0.000000000000000000e+00
5.930980046412678952e+00 8.843818361811004447e-01 -2.184750676695326632e+00 0.000000000000000000e+00
2.271398819337184238e-01 -2.438165529805926379e+00 1.689859615681184701e+00 0.000000000000000000e+00
-2.863084400509078864e-01 -1.176091378634270379e+00 -1.417450213454322927e-01 0.000000000000000000e+00
-2.796556282135072458e+00 3.066780284202819562e+00 -1.733242015248801282e+00 0.000000000000000000e+00
1.898971190717617441e+00 -2.935044662666757009e+00 4.789179045103407750e-01 0.000000000000000000e+00
9.120590892738239530e-02 -9.930948459673244466e-02 -2.343375171896879827e-01 0.000000000000000000e+00
6.056256431068797186e-01 -2.682586323371633164e+00 5.250290980997877055e-01 0.000000000000000000e+00
-2.578689324397438032e+00 1.784237679250392228e+00 5.546545624590668577e-01 0.000000000000000000e+00
2.243519941957227370e+00 -2.320092320824838517e+00 1.631569359149387388e-01 0.000000000000000000e+00
6.141667591615834532e+00 2.336344123800146999e-01 -1.147933172014742320e+00 0.000000000000000000e+00
1.046732662321166130e+00 2.580981609581223246e+00 4.559340076164502875e+00 0.000000000000000000e+00
6.781906851116957791e-01 2.294408850738494099e+00 1.223781013443852483e+00 0.000000000000000000e+00
-1.399402797597965264e+00 1.225148588189234555e+00 -4.309672773370754051e-01 0.000000000000000000e+00
3.008397987231884452e-01 -4.539395440649575342e+00 -2.840488639709782603e+00 0.000000000000000000e+00
2.114785752796874974e+00 -3.091457996794826357e+00 -1.659772796833627106e+00 0.000000000000000000e+00
-3.183593679453570857e+00 2.442137258207380146e+00 4.899292051013840243e+00 0.000000000000000000e+00
-2.517455391150174027e+00 -5.434677483636153328e-01 1.898817893315266625e+00 0.000000000000000000e+00
-1.179127492053011705e+00 -1.882441813461524394e+00 -2.372981042885009995e+00 0.000000000000000000e+00
-1.053645680110199656e+00 8.903997686742587403e-01 3.080172129717433926e-01 0.000000000000000000e+00
1.759274697068871296e+00 -4.390213959539705613e+00 2.103682202688371916e+00 0.000000000000000000e+00
9.730323948492995700e-02 -5.312751022070695273e-01 -8.196403210113584192e-01 0.000000000000000000e+00
1.820842849548516273e+00 -4.176801142783036269e+00 9.062958557848500574e-01 0.000000000000000000e+00
5.414661417344555083e-01 2.907415006277915270e-01 2.954657715481309399e+00 0.000000000000000000e+00
-6.559047073662644944e-01 -1.529928982393467529e-01 -1.008576828152384780e-01 0.000000000000000000e+00
5.683989768203607795e+00 1.305120404218735208e+00 -4.201323310637541830e+00 0.000000000000000000e+00
-5.556859089333694018e-02 3.582769837330523455e+00 4.020717508043374799e+00 0.000000000000000000e+00
1.760116225774208676e+00 3.327596347033381363e-01 -2.876117500053021817e-02 0.000000000000000000e+00
-1.874447840822285105e+00 5.481807613451381567e-01 4.222682190223711052e-01 0.000000000000000000e+00
5.909473919964451483e+00 -6.184368504015358425e+00 -3.602157345735109484e+00 0.000000000000000000e+00
2.687721752337477010e+00 -2.481365726651687531e-01 -6.238518052518115198e+00 0.000000000000000000e+00
-1.662177756125683414e+00 4.977563642292124890e-01 1.489681590917122170e-02 0.000000000000000000e+00
1.164831929747015771e+00 -1.890211618747957845e+00 -2.566953898333358186e+00 0.000000000000000000e+00
-7.476959145428097031e-02 2.459809202855295585e+00 1.532228293314641387e+00 0.000000000000000000e+00
3.023113103680961977e+00 -2.103088640565205392e+00 -2.781194191972711227e+00 0.000000000000000000e+00
1.389345583367565196e+00 1.260730531867452653e+00 1.592454567463309711e+00 0.000000000000000000e+00
2.691471566068402765e+00 -7.843081439439205660e-01 -4.607837573921452545e+00 0.000000000000000000e+00
3.153003436492109568e+00 -7.119994689793056608e-01 -3.630613728709558785e+00 0.000000000000000000e+00
1.534879591042722508e-02 -1.035619887958937779e+00 7.200702253221137328e-01 0.000000000000000000e+00
1.358558775495146698e+00 1.447270539469383832e-01 5.090270205066902420e-01 0.000000000000000000e+00
-3.774170835566517113e-01 -1.593325020447913243e+00 2.712570924841932740e+00 0.000000000000000000e+00
1.390413767706730308e+00 -4.354679807598773600e+00 3.281363467577526283e+00 0.000000000000000000e+00
2.804491550508670938e-01 -9.859983497930291385e-01 -1.480726226177043525e+00 0.000000000000000000e+00
2.050464412456772578e+00 -4.794683332409957366e+00 1.878074440415109070e+00 0.000000000000000000e+00
1.111281786613798755e-01 2.176615620292591036e+00 3.528467297497954291e+00 0.000000000000000000e+00
-5.300409309410885478e-02 -1.444809712841716998e+00 8.119322901580742213e-01 0.000000000000000000e+00
4.433453131528286129e+00 1.245421106238141284e+00 -5.195595671541509475e+00 0.000000000000000000e+00
-3.836033189452873193e-01 3.356520119982648431e+00 1.900627625161317225e+00 0.000000000000000000e+00
1.693678743027164257e+00 -2.695020808522896605e+00 3.879978779261891719e-01 0.000000000000000000e+00
-1.527900629363855733e+00 -3.821226284529030681e-01 7.094956443715725314e-01 0.000000000000000000e+00
6.047247421190913741e+00 -6.233840640398621069e+00 -2.983171936946855674e+00 0.000000000000000000e+00
1.881097045427686798e-01 2.202454182169970132e+00 -4.285284630644953907e+00 0.000000000000000000e+00
1.139860546060275315e+00 -2.573584282579841620e+00 -1.493788725876026069e+00 0.000000000000000000e+00
-5.659146729962577504e-01 3.705850949297687102e-01 2.472966805129490353e-01 0.000000000000000000e+00
1.879803755893557637e+00 -1.905378551284021560e-01 -5.758142544006011887e-01 0.000000000000000000e+00
6.965065414875147631e+00 -8.331270475838378209e-01 -1.587846705049372975e+00 0.000000000000000000e+00
-1.411312512077128822e+00 2.337791003280631497e+00 6.451567874252463142e+00 0.000000000000000000e+00
4.205306026354557858e+00 1.761089540017250155e+00 -1.215444218648556340e+00 0.000000000000000000e+00
-1.968580943243343206e+00 1.500289904573469446e+00 3.544304112379060179e+00 0.000000000000000000e+00
2.995767418323340703e+00 1.858526928421908808e+00 -1.415852665635822794e+00 0.000000000000000000e+00
-1.576816293723191764e+00 1.974463076567697151e+00 -1.175765433026031981e-01 0.000000000000000000e+00
5.463121826674555592e+00 -6.340410912676868627e+00 -5.847528803980866385e+00 0.000000000000000000e+00
7.088595424088601771e-01 -1.416227100639057213e+00 -4.489307744308633552e+00 0.000000000000000000e+00
1.875088200474726907e+00 -4.005648998495147772e+00 -2.387465009514952996e+00 0.000000000000000000e+00
1.366880960494531116e+00 -2.707359362713776640e+00 -3.581330766287292633e+00 0.000000000000000000e+00
2.237006026583976959e-01 2.976508256019504195e+00 2.407486545967519653e+00 0.000000000000000000e+00
-1.620489503983177371e-01 3.404062537610159089e-01 1.165875694187770373e+00 0.000000000000000000e+00
-6.067818911906771584e-01 -4.883920051421195008e-01 6.255812791945924989e-01 0.000000000000000000e+00
