-3.316002446595293751e+00 -3.033229549983009310e+00 -4.387495559546636947e-01 0.000000000000000000e+00
1.161616013562377647e+00 8.702778752627034820e+00 5.372175778043755123e+00 0.000000000000000000e+00
-5.180444239004281526e-01 1.110039364963064656e+00 1.273744015066780255e+00 0.000000000000000000e+00
-1.520385160299422944e+00 6.683208764927988099e-01 1.271866220525211810e+00 0.000000000000000000e+00
3.502572617852937942e+00 6.532463461863478038e+00 4.644092957268766142e+00 0.000000000000000000e+00
-6.700464866790144525e-01 8.184158178641938619e+00 2.388648274341146571e+00 0.000000000000000000e+00
1.355810703393232342e-01 -4.021452539525050440e+00 -5.478177442705677302e-01 0.000000000000000000e+00
-2.621538673923328400e+00 1.654382591122442125e+00 3.000666967646336669e+00 0.000000000000000000e+00
4.317072812629896283e+00 1.879541042270859441e-01 -2.496697229731751566e+00 0.000000000000000000e+00
-4.588673675271054964e-01 3.377648481773124711e+00 8.299227961616320925e+00 0.000000000000000000e+00
3.693522077067610265e+00 3.004889175119711542e+00 -4.013706179018110796e-03 0.000000000000000000e+00
-3.244045497963330416e+00 9.740702372902650952e-01 1.498999601952920813e+00 0.000000000000000000e+00
3.130599539311577306e+00 -1.180150374147743708e+00 -1.785780791238960719e+00 0.000000000000000000e+00
1.324677741377252804e+00 6.890768100693228426e+00 -6.203853570088369018e+00 0.000000000000000000e+00
-9.645294793241551146e-01 -3.843240342858702974e+00 2.424312729519014553e+00 0.000000000000000000e+00
1.510975227810154475e+00 5.499165733759554975e+00 4.016458251198984364e+00 0.000000000000000000e+00
3.082503677243861318e-01 -1.240993053767061927e+00 -1.491753001553926872e+00 0.000000000000000000e+00
5.956464228229263469e-01 -4.967734452454094729e+00 -2.312679592770538584e+00 0.000000000000000000e+00
-1.083374262207226657e+00 -8.119311137967920311e-02 2.239178163870402916e+00 0.000000000000000000e+00
-1.760716625663913071e+00 8.696982384060299998e-01 -6.009775926199821816e-01 0.000000000000000000e+00
2.393807056894487584e+00 1.561245373228727695e+00 -1.560914554191826120e+00 0.000000000000000000e+00
-2.787614404193919704e+00 -6.766095180390303554e-01 2.713244568450506655e+00 0.000000000000000000e+00
2.602044730516216986e-01 -1.170363129448422468e+00 5.963505481381261575e-01 0.000000000000000000e+00
1.384906602095251849e+00 5.660652866483381618e-02 -5.469165160544307902e+00 0.000000000000000000e+00
3.488386701624847763e+00 1.451338848588946018e+00 9.350309655501061190e-01 0.000000000000000000e+00
2.402648388355307640e-01 -2.470765925263098406e-01 -3.926425661868847339e+00 0.000000000000000000e+00
-3.670489013404772294e+00 -1.506037764258558953e+00 -2.748905156022634966e+00 0.000000000000000000e+00
-2.283636516989747456e+00 3.459710084647432460e+00 -2.367666612850059416e+00 0.000000000000000000e+00
-2.514853902518984441e+00 9.524533588343720991e-01 -2.289394074489940756e-01 0.000000000000000000e+00
4.035993126543890419e+00 3.772124860328338047e-01 5.859278425459736317e-01 0.000000000000000000e+00
1.846523558588083924e+00 -1.321533768891120841e+00 2.171578059229651636e+00 0.000000000000000000e+00
5.229535989650823113e-01 -1.468728900472240806e+00 -1.073430980629738851e+00 0.000000000000000000e+00
8.082185793564545806e-01 4.725046146494460864e+00 -1.448346627349591742e+00 0.000000000000000000e+00
1.207412617462796156e+00 2.401475964886704340e+00 2.582369810635992469e+00 0.000000000000000000e+00
2.578254425586812282e-01 -2.712495920585651366e+00 -9.743801187083672710e-01 0.000000000000000000e+00
8.718010746066972017e-01 1.377622754967909868e+00 -1.846546945279326168e+00 0.000000000000000000e+00
-1.182839754022994683e+00 -2.154499021140183768e+00 3.558938356234344624e+00 0.000000000000000000e+00
-2.212191310227961782e+00 -1.618882339962277317e-01 1.987825848225487357e+00 0.000000000000000000e+00
4.292736494395163471e-01 -7.316457208934687095e+00 -1.875300270053252394e+00 0.000000000000000000e+00
2.500788995778925994e+00 -3.543827599541660850e-02 -2.887158216720473902e+00 0.000000000000000000e+00
3.615075012318702541e+00 -1.216784640141276963e+00 -1.074512854631818559e+00 0.000000000000000000e+00
-4.658091792786838603e+00 -2.632315554349247133e+00 -1.148455091663407757e+00 0.000000000000000000e+00
-1.901072344734483277e+00 3.999676513407011136e+00 -5.258048138443300462e-02 0.000000000000000000e+00
-2.714718984150928272e+00 -5.921975384419925215e-01 3.697063458672261160e-01 0.000000000000000000e+00
1.038838118551547618e+00 8.595591832069729987e-01 6.626268712633950342e-01 0.000000000000000000e+00
4.037251546994136575e+00 -6.202594974748111056e+00 -7.033513789354110202e+00 0.000000000000000000e+00
-5.871516694163089189e-01 -2.100864221720344815e+00 -9.162755531225997840e-01 0.000000000000000000e+00
-2.680640591533214323e+00 5.934279800615867018e+00 -2.989168451312476549e+00 0.000000000000000000e+00
-1.808046694405758270e+00 -1.979412921830839833e+00 1.370149455471017241e-01 0.000000000000000000e+00
4.047148862331428898e-01 3.831113203340745788e+00 1.866727517415676996e+00 0.000000000000000000e+00
5.762364004653223182e-01 -4.371716265494258735e+00 -1.539079642380818402e+00 0.000000000000000000e+00
-2.235820164890010897e+00 -2.895737885718681959e+00 -2.449528910730183404e-02 0.000000000000000000e+00
1.108237753382579127e+00 -1.799874439477929577e+00 -3.280343297254634916e+00 0.000000000000000000e+00
-1.578786694180406736e+00 -3.284376587198881037e+00 -8.463907031179822571e-01 0.000000000000000000e+00
-6.389426950025398622e-01 -9.522752834847615366e-01 1.652905731248311527e+00 0.000000000000000000e+00
-4.317851771225892921e-01 2.826968773740525243e-01 2.055434832297678982e-01 0.000000000000000000e+00
2.252835889891034032e-02 1.573859896013097392e+00 -1.940833717489065968e+00 0.000000000000000000e+00
8.697590148724010373e-01 -2.807259072597034777e+00 3.759448446606991290e+00 0.000000000000000000e+00
-3.622544179531906661e+00 8.979579566610527142e-01 2.274400373878960657e+00 0.000000000000000000e+00
-1.760401332873711144e-01 -7.625529821057458690e+00 2.528715420058731844e+00 0.000000000000000000e+00
4.205033423002493720e+00 -1.967573264102267627e+00 -1.133972725733806142e+00 0.000000000000000000e+00
3.114737115363359621e+00 -1.585926685223147503e+00 -1.267484195299579230e+00 0.000000000000000000e+00
-4.370974065166578271e+00 -4.114727980166789756e+00 2.049658112941896260e+00 0.000000000000000000e+00
-1.241353687416282048e+00 2.449879031912895577e+00 2.254838625808875285e+00 0.000000000000000000e+00
-1.716048569823078962e+00 -2.631796520853282306e+00 1.892241816257248965e+00 0.000000000000000000e+00
-2.314818045634011945e+00 1.838592978051447391e+00 2.199778565713875533e+00 0.000000000000000000e+00
4.527760860404649534e+00 -8.575819177277132610e+00 -5.084151713435505648e+00 0.000000000000000000e+00
-2.152189554950897588e+00 2.923928395679173953e+00 5.454713221298784775e-01 0.000000000000000000e+00
-1.670671483791137168e+00 -3.361619173513623160e+00 -9.910976994496058234e-02 0.000000000000000000e+00
-6.469828000952473346e-01 -5.592502845321239979e-01 -5.207722575899336181e-01 0.000000000000000000e+00
2.388400194196091508e+00 3.394463755161941099e-01 -1.216445174176109090e+00 0.000000000000000000e+00
-4.452614025959277910e+00 -4.215528719430275295e+00 -3.743720992674034687e+00 0.000000000000000000e+00
-1.396813104096159996e+00 3.231700741327875104e+00 -4.289336561344062604e-01 0.000000000000000000e+00
-3.693633539490387196e+00 -3.465759555348625121e+00 1.551629196201388838e+00 0.000000000000000000e+00
-1.633257220701230361e+00 1.237941109791355965e+00 3.052484245575284749e+00 0.000000000000000000e+00
-1.909015576020020477e+00 -1.277711297924243317e+00 -2.078381843026610110e+00 0.000000000000000000e+00
2.627341974737770425e+00 2.944018576026800615e-01 2.343778921181814301e+00 0.000000000000000000e+00
1.766231176729964769e+00 -5.807993286169767622e+00 2.844386127460610258e-01 0.000000000000000000e+00
2.959874177115586757e+00 -1.145684599334633846e+00 -6.486329490430183142e+00 0.000000000000000000e+00
1.137051980449644617e+00 -4.567973724800129531e+00 1.387439362352747452e+00 0.000000000000000000e+00
-2.822847582594907312e-01 -1.590585307459668307e+00 -3.484367937670498350e+00 0.000000000000000000e+00
3.523566618391001271e+00 3.358072200912019412e+00 -2.668061085871977323e+00 0.000000000000000000e+00
1.687024561907335407e+00 3.741293073632295102e-02 -3.447149698421382968e+00 0.000000000000000000e+00
-1.175306198175703143e+00 1.222057299152017995e+00 7.162680222058793733e-01 0.000000000000000000e+00
