-1.244713418166401908e+00 -1.745861408053004382e+00 -5.001569741595330854e-01 1.146513508145270421e-01 -2.049605765337219054e-01 -5.643078382902433354e-01 -3.199345161708744278e-02 -2.647290382691224853e+00 -9.792669482482594390e-01 2.723879864285095209e+00 -5.886051110708319101e-01 -1.028540746449735366e-01 -1.126021587320487072e-01 5.449237549589447394e-02 -2.416030062887131180e-02
-8.711780699817437412e-01 -7.201457405470828022e-01 -1.458106577718680796e+00 -1.815412337074718163e+00 -1.282139458418878775e+00 -1.088872109506201724e+00 -1.167974161706892833e+00 -6.719383129046621050e-01 -9.179635865711679443e-01 -5.238506233654504740e+00 -1.056194294195726080e+00 -1.001430424415417519e+00 -3.767490747287752129e+00 -1.400581159887991145e+00 -1.431547158343234871e+00
4.120408473651959724e-01 6.257771054632321750e-01 1.333799653059122292e-01 -1.818708345736616550e-02 3.334440749669020931e-02 1.385399456816197583e-01 7.352721467960288138e-03 1.132470327506336805e+00 3.046851041228020307e-01 -6.917189329118741625e+00 1.632321192293950674e-01 1.908411747667315694e-02 1.621246385316665872e-02 -1.235246246862406472e-02 3.524485408969657563e-03
-6.230642460132473914e-02 -1.834749851279482424e-01 -5.449184903516623990e-02 3.805925848742569562e-01 1.884541705510969223e-01 8.203038462512335371e-02 9.280966947302915493e-02 -2.543285114218001297e-01 -2.979835732678992599e-02 9.515037157530059631e+00 6.138709204113190765e-02 1.017227923063401818e-01 1.551473636390738875e-01 2.274336075985528283e-01 2.454718914304567789e-01
-1.097142096274557055e-01 -2.797149906598161984e-02 6.598387636935969525e-01 -4.871329848821412956e-01 -2.792683578050327853e-01 -2.686217246956199567e-01 -2.096588724206744914e-01 -2.231856161988055032e-02 -1.394831478315516904e-01 -1.817000869472124691e+00 -2.018805322977854644e-01 -3.961575767303635587e-01 2.653290404486483567e+00 -5.652272473849632162e-01 -3.936362219011049213e-01
-1.451378112147561072e-02 -2.433507472059337484e-02 -1.782351433236017968e-03 5.508713492092241239e-05 -1.975313994789507088e-04 -2.601377572112224118e-03 -2.446022829893767375e-04 -7.005301966027316363e-02 -9.459871530781205351e-03 2.733457054494863314e+00 -4.078147187280417585e-03 -2.398957939514639870e-04 1.048734475452561821e-04 4.766473030040001106e-05 -1.483632499574309357e-04
1.292433940143256077e-02 2.280958703837601687e-02 -1.234515393636215208e-02 -1.804372697299353942e-03 6.053989231650791503e-04 4.398537972123806039e-03 3.159925279868996961e-03 3.813848136394115684e-02 1.076450771007564366e-02 -3.317135716389145728e+00 5.279664287117402655e-03 1.711753211276090259e-03 -9.184657758577685627e-03 -3.000856334526955278e-04 -1.101760314944029429e-03
-6.191071488462585037e-02 -9.030499600623095868e-02 1.482417472249295542e-01 1.340393256448205173e-02 -1.952584890186087607e-02 -2.800725676942825149e-02 -9.075910886556126655e-03 -1.046083569506393030e-01 -5.376541114753119466e-02 -3.364272876014183566e+00 -3.961363227886116611e-02 -6.550102828093873342e-03 1.283838682778153384e-01 -6.583462970718295670e-04 -1.325625505415620187e-02
-4.434086129808023635e-02 -3.521257358423182660e-02 -7.533481361232645668e-01 3.746335281066215384e-02 -8.825870012878656024e-02 -6.454110748625545291e-02 -1.023171291527660287e-01 -1.818316121549629072e-02 -4.510466057876971746e-02 6.282034622669243618e+00 -5.263424183260873024e-02 -8.444969794659118456e-02 -8.379463938444899895e-01 -6.624450064423173523e-02 -6.752207035148485859e-02
-3.650709859208878250e-02 -3.666098702444542390e-02 3.797614997957339256e-01 1.075134508761040886e-01 -1.787600603280354861e-01 -7.100693671455116096e-02 -2.812707722587504122e-01 -1.306594194556381927e-02 -3.369049209159857838e-02 -2.642030883688903486e+00 -4.191576565664234533e-02 -3.011675413982892735e-01 -3.667911318783723118e-02 -2.010675994559977808e-01 -9.702933143543202021e-02
1.193411267693530675e+00 1.512088261423068403e+00 7.505629805906215424e-01 -1.065767764037355292e-01 4.067607344498256339e-01 7.448587715677748022e-01 1.452919184712915257e-01 1.959319074240816860e+00 1.010612168069233263e+00 1.567034076380195984e+00 7.087490983995872185e-01 2.138560618985998474e-01 9.026378936328001146e-01 2.969734267477797118e-02 1.398501607341124942e-01
7.565477394492688167e-05 2.685073808676593198e-04 1.495541361516773465e-04 8.357353452510319670e-05 1.002416030772602273e-04 2.823113033597098444e-04 1.191086146813628691e-04 2.186562810260714068e-04 5.457743332753884567e-05 3.196813839445789745e-05 1.080285040377388771e-04 6.441354957631544042e-05 1.034894581904692064e-04 1.096763432235904162e-04 1.037404358887303221e-04
