-1.665282806799218918e+00 3.377971625058282967e+01 1.313678638396277165e+01 -1.638079935137946919e+01 -2.080173923222118404e+01 -3.839674544523732891e+01 3.420163269651276039e+00 2.686136875137496993e-01 -1.374463347754499409e+02 1.095458529103813916e+00 3.925872900545770960e+01 4.094855352460046305e+01 1.294615155202399137e+01 2.205424634229493197e+00 8.685700220117769987e+00 3.174741627041934322e+01 3.261651435672475685e+01 -1.238827582629064494e+01 -3.497898489542950529e+01 7.548704406580224457e+00
8.925106827838135359e+00 -2.658481462724564537e+01 -3.199350561432765971e+01 1.022456649217900804e+01 8.935809445413841701e+00 3.876067803541633339e+01 -1.078316670488422702e+01 3.114619341163349731e+01 2.419607909609635499e+01 -5.384941064508379505e-01 -4.048707223940617439e+01 -5.098515039281191719e+01 -1.043483181489676781e+01 -4.486692345852302921e+00 -1.808630282223951724e+00 -3.761599864017822625e+01 -5.632736427763833831e+01 5.192822700214481557e+00 3.057820860953353304e+01 -2.399743410270350452e+01
2.829167202164841299e+00 -1.126769589798404603e+01 -3.050142036166676007e+00 7.532335439647269482e+00 1.046274698001897718e+01 5.603267239769953001e+00 -8.541397058056530156e-01 2.163602735036872282e+00 1.152914364635316815e+02 -2.669991078972088872e+00 -7.539533269211482036e+00 -7.951154561059688319e+00 -3.177989691061455346e+00 -4.349240674044740906e+00 -8.446216735103229123e-01 -5.764090431919457913e+00 -6.486541948307561256e+00 2.423384494769423192e+00 5.235836442131487800e+00 -4.388047637890819530e+00
-1.026404528786888903e+01 1.764688364980557722e+01 1.317293685719960195e+01 -1.019999333937654740e+01 -9.470697547548439843e+00 -1.080454740926720980e+01 5.186453490686883327e+00 -2.362209500469296941e+01 -3.289115794264029091e+01 2.633936064594532223e+00 1.513607685559368754e+01 1.981679316124617785e+01 5.594842077957725479e+00 9.094692736994153037e+00 -1.326082809966402820e+00 1.383311611229005145e+01 2.197968183238584317e+01 -1.237019438444276531e+00 -9.111157713664837843e+00 2.242677208486250606e+01
4.484108506328233545e+00 -5.246412401807596382e+00 -9.392543512199154065e+00 5.826556639924805658e+00 1.219441318194874668e+00 9.598885514283608700e+00 5.828915963399943223e-01 3.670797400180300940e+01 -9.153393336638499633e+00 5.250361852247593664e-01 -9.063189165886756271e+00 -1.258762256977965066e+01 -1.108106562424477914e+00 -2.499555811196592092e+00 -1.851879148685563248e+00 -1.340380586668376495e+01 -1.691061130181842742e+01 1.396562688744811709e+00 3.257844971277897628e+00 -2.453313973248491209e+01
-3.126703844201449978e-01 3.434090348405661186e-01 3.973838263941065208e-02 -3.766352381161632290e-01 -6.665780542753962923e-01 -3.340698413770271796e-02 1.073511802801577208e-02 -1.045325627234386934e-01 -2.334739719699371108e+01 6.073488125613566435e-01 7.919589217902023304e-02 8.340819333536333979e-02 4.308112606094477437e-02 1.067776079136578682e+00 -1.509628038652562759e-02 4.973151664203254857e-02 7.028700250272137962e-02 -6.950455886470335853e-03 -3.260657285740456435e-02 1.956289373347539495e-01
1.508486747393321226e+00 -1.067321100114797083e+00 -2.956469994404358204e-01 1.315628844258357022e+00 1.266073649804117407e+00 1.095245186311303853e-01 -1.435200898185897689e-01 1.224257448647068980e+00 8.539646013837966620e+00 -1.293223878876956112e+00 -2.861099720647598543e-01 -4.171937721169858837e-01 -1.606285927142956926e-01 -3.431756426143659944e+00 1.508544064980734123e-01 -2.474023902052223389e-01 -4.686028237717901890e-01 -9.966637412677131769e-02 1.103724136960345659e-01 -9.639909782135744898e-01
-2.101345352459162097e+00 1.009500467061626328e+00 5.987112090514870033e-01 -2.726611510966873819e+00 -7.567756098609970117e-01 -3.488013597710113989e-01 -2.108880843808680350e-02 -3.902736419898939157e+00 1.402151561570436655e+01 3.214212102182837372e-01 5.055100830363508102e-01 8.301097751432582328e-01 1.696313265751934196e-01 2.940013535770688691e+00 -8.051976220084945679e-02 8.440029361670832175e-01 1.084705599413682720e+00 -7.160935192479012112e-02 -8.740917565762357233e-02 -3.219841276206980130e+00
2.177337770949442586e+00 -1.339830044386385866e-01 -2.196301726669389609e-01 1.472599647176950910e+00 -8.953784504129391753e-02 5.614563401609895532e-01 -3.869950173305889418e-01 2.608704048074563797e+00 -6.802940999466390082e+00 5.890079400894364658e-01 -9.537653346491814510e-01 -6.447558706412757079e-01 -4.857276930689158334e-03 -9.875045707193095268e-01 -4.842619053700625287e-01 -1.063349693966471943e+00 -7.941159085453710631e-01 2.133384865585038481e-01 2.874878044885604833e-01 2.491899147914368484e+01
-3.375336121574755932e+00 4.486619897868420193e-01 -1.690730842334232875e+00 8.336499584922774098e-01 -1.318083667059984920e-01 1.557058068194975498e+00 -9.207591198201887650e-01 4.904795178195300309e-01 6.419414028190324473e-01 3.150781865765803769e-01 -1.074289082946031648e+00 -4.413682209870515294e-01 3.447012687835027123e-02 1.099783512581810285e+00 -4.250324127756801573e-01 -2.138344536550524921e+00 -6.020582325469625573e-01 2.006702510693784969e-01 7.287874389635724537e-01 -3.632029700693061613e+01
-2.620329132324748400e+00 -2.759791364222870058e+01 -1.398604771381633327e+01 9.289855356822075194e+00 1.078551440100034853e+01 7.262705237663105606e+01 -2.980001966198216223e+00 -1.105544581788690550e+01 4.559200253908250033e+01 1.012340981235930748e+00 -5.642982155150740198e+01 -5.788934662291612199e+01 -1.192977036889604392e+01 1.075639764416216115e+00 -1.729305321903910553e+01 -4.747932623974068633e+01 -4.464243051178713273e+01 1.589549455249837884e+01 6.427949514200955150e+01 -1.489608809864586547e+00
2.343057659331179449e-03 7.278292550917952325e-03 2.702761912831282381e-05 2.601849371501338201e-03 3.358631174779013254e-03 2.280092013016772612e-03 1.653527604856816447e-03 3.836554912390316777e-03 6.121482971914936691e-03 3.696888256884861210e-03 1.898822043844105526e-03 9.991649669617902376e-04 7.310141149150203074e-04 3.844247553695922734e-03 3.002319951886619261e-03 3.121299133643658762e-03 4.362168170698290173e-04 6.716661535434263405e-03 1.478460046214023511e-03 8.441892395285265777e-03
