-1.643874984174887643e+01 -5.175564412838753015e+00 2.496844197726684200e+01 1.500168108746368745e+00 -2.489681427751979115e+01 -4.486746977733560016e+00 -1.724833369001132510e+01 -1.337249678715294010e+01 2.948379897838282915e+00 -1.532348739822818828e+01 -2.512741807643426917e+00 2.736894394925841567e+01 -1.111365710209740065e+01 -3.727344634958058123e+00 6.079325061435561395e+00 -1.868022573475559511e+01 -3.755605117719612451e+01 1.651855687859545796e+01 1.177155929604566609e+01 1.432552960969052691e+01
1.790799536697053185e+01 -6.584238861746953830e-01 -2.425377429631765835e+01 4.784100695777821599e+00 1.152516378183146273e+01 9.740281490683798893e+00 3.119041511825274426e+01 7.156917172539854377e+00 -1.963526095308941510e+00 1.432455905200921009e+01 3.554364074860187905e-01 -1.750919351364287024e+01 1.214393324963554122e+01 4.627020348383187098e+00 -2.118234308752040107e+01 1.215504586706516932e+01 2.615337314046949402e+01 -1.739176494225405634e+01 -1.362971646304518458e+01 -9.543037425296571286e+00
3.579660939825841215e+00 -2.337911834184467352e-01 -3.871158278388334040e+00 6.608328018973064211e-01 1.126408106767592798e+01 1.176830016230908882e+00 3.786535444441504694e+00 5.470003674098367519e+00 -4.022381824675090201e+00 2.840260332110748021e+00 -5.064998807272718118e-01 -8.054130349084619667e+00 1.993046785842933488e+00 2.574032343528376288e+00 -2.938841722340676199e+00 2.482856339507361554e+01 7.972121017098817930e+00 -2.378643180722415540e+00 -1.874448759324124580e+00 -2.039805327971141224e+00
-7.818272943582041279e+00 1.021111464568522464e+01 7.494531477536487074e+00 -4.929281936200759162e+00 -1.044576718993206654e+01 -4.512231398693714368e+00 -1.330916053540287614e+01 -6.063261848694351031e+00 5.327878660960977619e+00 -5.323267534477457374e+00 1.616330665929505361e+00 1.034900836212608510e+01 -4.839371458026935358e+00 -4.992219268462239512e+00 1.661778352409823967e+01 -1.582187321116785483e+01 -1.106947118329324553e+01 4.620237819465693008e+00 4.171716752272011774e+00 2.178654258613215156e+00
2.929805339651343488e+00 -2.552914326120617261e+01 -3.722572331924020261e+00 8.224951269959559497e-01 2.294281451155688600e+00 1.412555923511465750e+00 1.011505193273045933e+01 3.398098159736593793e+00 -1.499278516604006128e+00 6.646267811041621343e+00 3.547644623750598747e-01 -2.759692384450056046e+00 8.335535282690180736e+00 7.928271475082331321e-01 -2.091514366356316401e+01 -6.630495654844892783e+00 4.444553394157180648e+00 -5.643997005641364417e+00 -3.105363903359515731e+00 -1.901237690076956977e+00
-4.494880618023502916e-02 -6.425271838593293872e-02 2.604851907657826371e-02 -1.023334160585501196e-01 -6.062429957347723608e-01 -1.729533171359121102e-02 -4.797426292896210531e-02 -1.778944151552913078e-01 7.974566824885799265e-01 -2.115132737755769099e-02 3.358550162030812247e-01 1.901549701698414252e-01 -1.225097337568802069e-02 -1.739043815082151889e-01 1.176307648872869649e-01 -7.990053558937560751e+00 -1.012687133685673396e-01 1.288699550419220019e-02 1.269400405790443997e-02 1.045570534834450172e-02
1.960216049008984274e-01 2.299800190767662400e+00 -9.693163753317551867e-02 5.689483912522731446e-01 1.081063588715726720e+00 1.195388178751497499e-01 3.310953442418118620e-01 4.490844113282139727e-01 -2.322200248244925547e+00 7.589036006310700966e-02 -9.603636676351485768e-01 -4.837040997129086195e-01 9.512447309340676949e-02 5.854935996052567093e-01 -1.091442602358987823e+00 3.740312504198641363e+00 2.677294615376780151e-01 -3.163577974285539107e-02 -4.647347084431674435e-02 2.988327447547706184e-03
-3.183199857209143557e-01 -2.513895720924102761e+01 1.068787490689744324e-01 -3.915483749907825439e-01 -8.379172981151632449e-01 -2.190422861122881537e-01 -8.110264552487828071e-01 -1.236401270037330580e+00 2.390101101831745289e+00 -5.363848375761396392e-01 3.704727647877475993e-01 4.579060226606476158e-01 -7.295656774486964924e-01 -4.513563175359184276e-01 2.907128156939815966e+00 1.111308378667248675e+01 -4.087391718359890125e-01 1.702839556232018658e-01 1.001713940610544362e-01 5.215779115093771567e-03
-7.720127044309132991e-03 1.064504412942145564e+02 -2.468121149871000952e-01 -2.339273589678499132e-01 2.314139602806563056e-01 -9.826260782140128214e-02 6.425106349075270229e-01 4.866526320555806251e-01 -1.065133614116312799e+00 8.279931648534391009e-01 3.603135539951787258e-01 4.480807767459071833e-03 3.157261590535922480e-01 -8.023740021581948767e-02 -4.368923449806487724e-01 -6.070211381462158329e+00 7.807446082228308715e-02 -4.737356562405622418e-01 -2.044141987328269572e-01 -8.319446981983880107e-02
8.859510587587546837e-01 -1.537203392820997578e+02 -3.412744685630411112e-01 -5.764212369936283498e-01 -3.045642200895914975e-02 1.047866993096318922e+00 -6.748137953368180675e-01 1.136488019079093803e+00 1.030511342920979345e+00 1.415463967195008443e+00 1.719225528666492864e-01 1.385395554191718448e-01 5.424446124381107737e+00 -1.379382089987333249e-01 -3.770246958983520358e+00 8.357733492648122819e-01 -2.581757671591335956e-01 -1.505933879930642316e+00 -4.661697429592841502e-01 -4.477819754522771589e-03
2.030155693885431134e+01 9.943172277664146463e+00 -4.420092187528079819e+01 -3.717652582286055107e+00 1.471563308950565130e+01 3.886016794517786366e+00 2.100011452493141206e+01 8.298130029841539468e+00 3.947097123556551068e-01 2.183954977908875961e+01 2.817021024060352374e+00 -2.528639646528360529e+01 1.613840871685613010e+01 2.292954904723032428e-01 -1.491736831239876437e+00 2.029550199836961610e+00 4.881358260596493892e+01 -3.100551499080417983e+01 -1.972685018769504950e+01 -2.700804981802259874e+01
2.866265510105669295e-03 1.263488067277954586e-03 1.124896895629187580e-03 9.375690651781135032e-03 1.590652097166545768e-03 1.049931529575412582e-05 2.212152842990700898e-03 2.056654091448709490e-03 1.794482900300576299e-03 1.190173552574484315e-03 2.244151024320358012e-03 3.008247199843829770e-03 1.081195527681647365e-03 1.761041983249846642e-03 2.336954039488274223e-03 5.660545308488033195e-03 2.150313821335456729e-03 2.426044595414960422e-03 9.933109093390127958e-04 1.688391086687604384e-03
