-1.331192377227498502e+00 2.129490901783000822e+00 -4.402197147488072559e+00 9.315391865733966270e-01 3.600232447834344374e+00 3.773721966622682089e+01 3.687142162708407511e+01 3.562101820104271788e+00 1.510975182272122552e+01 7.663628088691982754e+00 2.294134256513417824e+01 3.654112088289583227e+01 -2.848807577012896441e+00 -4.456174853546701620e+00 0.000000000000000000e+00
3.302805992973492089e-01 9.982671988820419173e+00 -2.169206876559662156e+00 1.526207324572891322e+00 2.200706204028779478e+00 2.413170846011453108e+01 2.699977714138439211e+01 3.474835387324110236e+00 1.395684541887239227e+01 6.294766048933627900e+00 1.937025777572852903e+01 2.321096736093301161e+01 -5.720080500712051430e-01 -2.656832574628666510e+00 0.000000000000000000e+00
1.302985131213972636e+00 -2.502993326880907698e+00 -3.081471982837942658e+00 7.204492072812178627e-01 2.253934135529924720e+00 2.067691482357645771e+00 -6.519744782154853091e+00 -9.650980986407657891e-01 -1.323285400426682967e+00 -2.001322385391492986e+00 -1.832826701464649100e+00 2.504844726672249067e+01 -1.741669559725201211e+00 3.924860437018229398e+00 0.000000000000000000e+00
7.719950441217018344e-01 1.033075483523661120e+01 -8.958403764027047522e-01 1.285731722960246071e+00 8.616288195926965487e-01 8.465530577597755624e+00 1.312731028739191963e+01 2.539828455560111387e+00 9.757381149623121530e+00 4.423995897120513554e+00 1.256751361277887113e+01 5.952734671440148340e+00 3.465513566381028254e-01 -1.492810157941289129e+00 0.000000000000000000e+00
1.401855056672058009e+00 -9.276797566999029909e-01 -2.321518313503642350e+00 2.936078242587005227e-01 1.399408825328855022e+00 -2.789039472338298076e+00 -1.210383904002131139e+00 -1.206544364674471348e+00 -2.823561680096023707e+00 -1.689439584517565374e+00 3.287046079926327358e-01 1.276518689292087494e+01 -9.904625373766260399e-01 2.819003437611450114e+00 0.000000000000000000e+00
2.330943273001456539e+00 1.138986550745673537e-01 -1.759386727597847866e+00 4.805210035338097208e-01 4.728418579978311165e+00 1.194440448693009316e+01 1.643971578083016993e+01 1.085570048177691982e+00 7.713747046329661572e+00 8.053953909343567474e-01 1.310422353685348540e+01 2.260414253714920818e+01 -3.418232521503573818e+00 -1.853855196401656413e-01 0.000000000000000000e+00
-2.112159160306319519e-02 -2.263802641106562152e+00 2.025548933681475816e-01 -5.919102462728572517e-02 -2.064407846185270790e-01 -1.693489783269392746e+01 -2.153452510411768372e+01 -3.035375553845164887e-01 -4.676101393624641389e+00 -8.645799151606476940e-01 -1.023752034707850989e+01 -2.197486140827726331e+01 9.511621066666961499e-02 1.761530419990582352e-01 0.000000000000000000e+00
1.287605028928762996e-01 3.127603951073510413e-01 9.600050236789149649e-02 -2.548557828171182926e-01 4.167344268755480141e-01 -5.695185138859049978e+00 3.232913388010690614e+00 -5.691639444572955259e-02 1.296151848914882443e+00 1.529195923619298958e-01 -2.842697520858070842e-02 -1.839251450005152222e+01 8.333248517581259840e-02 -6.326353083024535695e-02 0.000000000000000000e+00
8.195374536600994464e-01 -1.330087343191804106e+00 -1.481464415687377967e+00 -1.395650247446269088e+00 1.116057667556041716e-01 -2.307566975066019310e+01 -1.161756404298019341e+01 -1.684091973398176512e+00 -2.413916881628601185e+00 -1.602366926426693539e+00 -6.412207557083592135e+00 -1.347154419538955139e+01 -2.685957026168756534e-01 2.416990188631656711e+00 0.000000000000000000e+00
-1.432667389895506238e+00 2.471178556716907337e+00 -1.038587376670977891e+00 1.698475594684647705e+00 -1.890784686167849449e+00 7.145774824654489876e+00 -3.771405302823596983e+00 1.819542966862550681e+00 -2.459177839676816024e+00 -1.105690991598999195e+00 -3.696499559299664561e+00 -9.498920255774866428e-01 -1.331618388068637415e+00 7.031701936645941009e-01 0.000000000000000000e+00
2.471362860825560670e+00 5.856126202702943040e+00 -4.653374309784675589e+00 3.166953256630187674e+00 -1.406992545368617620e+00 1.174372456482542049e+01 1.258392129153260708e+00 -3.170929383467950280e-01 -4.706697231769345180e+00 -8.957912463788991531e+00 -7.372485622148111650e-01 5.308161787153626854e+00 -5.252166206618742450e+00 4.102193353915969176e+00 0.000000000000000000e+00
