-5.800182010254010256e-01 1.914055976547321125e-01 -4.723504485193582014e-01 -1.468575012521251555e-01
-3.230237591493856919e-01 1.319744934869271136e+00 4.665043145178235373e-01 2.527208996141038777e-01
2.375624551492666950e-02 1.220866024841681663e-01 -3.072778546307172731e-01 -2.569746217741304406e-01
1.160887322207764472e+00 3.168024970798671847e-01 9.397343746294890554e-01 1.981814374590767924e-01
1.618534250336054914e+00 6.743470121997453548e-01 1.176350531282727818e+00 9.219762094505160044e-02
5.355552641432880234e-01 3.281999254797066667e-01 6.231903693831178370e-02 -1.507774929424066657e-01
3.259494435527386935e-01 -4.637445575360599648e+00 -5.534257136328289972e-01 -2.692776341793924333e-01
-4.223205413521957663e-02 -2.340673910383146872e+00 2.127690537458522269e-01 3.487479410014984738e-01
6.921828572547638059e-01 2.742777024999153213e+00 1.115686157974246751e+00 1.540613313385753358e+00
-6.970548070297447607e-01 -6.638452347003525045e-01 -5.843615180420185240e-01 -9.974401239135677333e-03
-3.086484061180211347e-01 5.724267679429827282e+00 1.625206407219812466e-01 -1.032494952699334750e-01
1.656572548756343743e-02 2.669042430080427852e+00 -8.890730620596754008e-02 -1.740619928898749780e-01
-4.110506008834888814e-01 1.361880032022158238e+00 -6.651072559517899885e-01 -1.479492513511067864e-01
-1.338917594396692223e+00 -2.536991385908148100e+00 -1.135660357260414699e+00 -1.877211927064016184e+00
-1.042591250461164298e+00 -7.086929056181091591e-01 3.947442184093957751e-02 4.350685373475047801e-01
1.677236108517632829e+00 -2.278833155822619805e+00 -4.330015777556517342e-01 -1.604510532770713760e-01
-4.339239285004238278e-01 2.316162810386360071e+00 5.486321496476600501e-01 1.196484762781562683e+00
-6.509917530402444807e-01 7.331712478511953623e-01 8.881004024074491687e-02 7.642790061149219438e-01
2.265589856073946251e-01 -1.855383243737103449e-01 1.463992080884604641e-01 -4.280825403334082013e-02
1.745645045173458421e-01 4.670358306251956027e-01 1.570997082814392376e-01 -3.107222389847464142e-02
8.125742342317153477e-02 -2.947012508163360689e+00 -8.765552107834844592e-03 8.798232652860020486e-02
-1.412035388421048476e-02 -7.555803213613643265e-01 4.039478516474870329e-02 3.614570309856050129e-02
-1.254529574602480935e-01 -2.263907659349787771e+00 8.305415538720332946e-02 2.071086080061991519e-03
5.951831081833907078e-01 8.972669752568893098e-02 -6.190740775179831568e-02 -3.209333096193340840e-01
7.331455878570896090e-01 -1.153312745937977501e+00 4.253807253055990056e-01 7.527681959894753083e-01
-1.590969791276853340e-01 4.822266953308004034e+00 2.659077714853562702e-01 7.399860332248477945e-01
3.269849016352701088e-01 2.179909190549837561e+00 -3.747393977234416695e-01 -1.207950947467211433e+00
6.893877924500464438e-01 9.567482747386617525e-01 -1.145749421600655155e-01 -7.367908258135099642e-01
-1.518933663116414368e-01 6.721311738866952989e-01 -1.654970979363069583e-01 7.660017604516325407e-02
-1.332133099268979493e+00 -1.886784242066611994e-01 -8.353577183560385588e-01 9.879581021328145418e-01
4.485606058176991873e-01 -4.066862024061453695e+00 -7.470755997432776407e-02 -5.341266318205498687e-01
-2.443686880255230287e-01 -1.658646818860918026e+00 -2.289521553971616552e-01 1.276932602366484537e-03
6.616853085050757033e-03 -4.824661124796855161e-01 -6.246320988724147760e-01 -4.090196032282662764e-02
-6.418509149900206157e-03 3.252861184991564514e-01 1.183837860389738983e-01 9.445648751039485702e-02
-1.572098838739098559e-02 -1.143043267934438223e-01 -1.589691877421114605e-02 6.275604968103371505e-03
-1.259632050837215626e-03 5.567623420562833880e-01 -1.650872210786842684e-03 -1.243590921617418292e-02
4.566141878119541614e-03 -2.002314771153062417e-02 -7.747219308455616585e-03 -2.784147396504127112e-03
3.218494375450729056e-02 9.729083322138685208e-01 -1.661009463885703905e-03 8.192531931472755991e-03
-1.260085257500752898e-01 1.018189771993776693e+00 -5.862520628124615746e-02 -9.918058263647575035e-02
-1.066950689060661428e-01 7.789980816147844267e-02 1.408039614648729648e-02 6.680514155899905382e-02
-5.164345976424091628e-02 -2.464516201064554934e+00 -3.871969232690134627e-02 -2.088203015737647439e-01
-8.534436231806279138e-02 -2.332603618269855517e+00 6.232011946695101279e-02 2.955633649590377887e-01
-1.647414101418224752e-01 -8.412503396342178030e-01 2.597013523451070782e-02 1.811594489895299309e-01
5.747144496889800697e-02 -2.322490925650041171e-01 3.619773936735452835e-02 -1.118634634025436961e-02
3.067139195222901571e-01 -7.277699312394770859e-01 4.030098191090942250e-01 -1.936946565368446727e-01
-1.360613362072014554e-01 4.129124558413521662e+00 3.363255266212613476e-02 1.605690214157889095e-01
1.501820930639142793e-01 2.330884190634945341e+00 8.363666620234402882e-02 -3.014287842421332908e-02
-1.069480405953658619e-02 4.388875939560618056e-01 2.294438847735773557e-01 1.711302312924966457e-02
4.795502765136780421e-03 -1.682262830259335096e-01 -4.079076242190574075e-02 -2.609541315855451460e-02
-1.341788425251563721e+00 9.501628926361486149e-01 2.664540184724328853e-01 -1.050735818395272247e-01
2.821471345184388135e-01 -3.349381322976772601e+00 3.801155947700238236e-03 -1.499324142539915916e-01
-1.847576989562545180e-01 -2.218150280790752937e+00 2.636898813254829471e-02 -2.112598820218892226e-01
-1.696464006092007204e-01 -5.637382747107616554e-01 3.787877241853133264e-02 -1.475234452883794345e-01
8.600065139793303115e-02 -2.885267976539286350e-01 2.961778406157495810e-02 -5.634591689205586951e-02
-1.618438059497786519e-01 -1.648932905335757926e-01 3.531602634762714271e-02 -9.528710881540544686e-02
-2.229322936642281761e-01 -2.922899288234112047e-01 -1.504677451988119530e-01 -1.075653556206918049e-01
2.880774856125566108e-02 8.752511617230492036e-02 1.379702623497510577e-02 2.288581571756670083e-02
