9.444507142604525729e-01 -4.393071208528698257e-01 1.330348719202271823e+00 5.974313728301391402e-01
6.281080594090194813e-01 5.190043823523360356e-01 -3.655601667074080408e-01 -2.046926654850859950e-01
3.040756177740207011e-01 4.992777300296297183e-02 -5.954018687460613801e-01 -1.897431187656858920e-02
-9.102501845115700263e-01 5.546367167395978015e-01 -1.262592505416405553e+00 -1.196142625288278971e+00
6.035027230573446477e-01 1.444203781146071730e-01 1.571532068091413104e+00 2.070565340992345238e-01
-1.970235130685608071e-01 1.789762655291531612e-01 2.049288433027062484e-01 -1.034233818718771625e-02
-9.136604169244458840e-01 -5.750546515690450056e-01 -3.987201539216930768e-03 4.339357640897582025e-01
-5.771275414532996972e-01 -1.587732264684765249e-01 5.156789085246694659e-01 -1.036378746624965347e-01
-1.879282006316984055e-01 -1.010159604730801741e-01 1.178748145274895881e-01 2.377255919630963110e-01
3.513022791761529207e-01 -2.386592134638651497e-01 5.162470602813900022e-01 6.069697239865923244e-01
5.359466779180562801e-01 1.789493535411862679e-01 6.815993055256494570e-02 -4.152803130751563376e-01
3.165481151077264577e-01 1.030403498695099673e-01 -1.530468926537924823e-01 8.375723696765240145e-02
-8.757073264993541217e-01 8.292385035570509766e-02 -9.869888734739302727e-01 8.215101696516539098e-01
1.543053312923390596e-01 3.699481234740462782e-02 -2.192085405752889071e-01 -1.100188327255535309e-01
1.520847585857051376e-01 -2.190064814199685905e-01 -2.371296576691891700e-01 9.241039750505587735e-02
-6.052300276915234534e-01 -2.986942508626431181e-01 4.926833279037859392e-01 6.494452835093674770e-01
-4.965136290910137085e-01 -2.982840541463314260e-02 -3.926510847061925880e-02 1.552702933753450920e-01
-1.196356508435659216e-01 -6.985506218422160574e-02 5.509521410805781061e-01 -2.223317737085754309e-01
1.097235998844693500e-01 -4.684936437532087605e-02 6.126245265313428057e-01 -3.760917711120909460e-03
-4.721680113656315930e-02 3.427196248430169900e-02 -7.635471445198495355e-02 -9.286349753115688554e-02
-9.909215253825642833e-02 -1.703479487851934648e-02 -8.406773400372226021e-03 9.825887006215627828e-02
-5.247672201235650813e-02 -1.890797221064179079e-02 1.662496151586385570e-02 -1.734758830543684655e-02
2.148883052294082163e-01 -6.604517746807282708e-02 2.562195476456949339e-01 -2.395482146079706554e-01
-3.500255452094034464e-02 5.315793458995750342e-02 8.570563340170482547e-02 -3.186717447290917521e-02
-3.420492086466093290e-02 2.237597351252207031e-03 6.779699256180300726e-02 1.851176439027835824e-02
1.995851192974576194e-01 2.518127019053743032e-01 -1.391405224240000078e-02 -9.986429378547179506e-03
1.754512733222132193e-01 3.279299640159952928e-02 3.857450184570197088e-02 3.741123718388675301e-02
3.979044081960674689e-02 2.307303582924450508e-02 -2.316006522455182071e-01 8.081902705954871480e-02
-4.834325807594750529e-02 1.885483492881211837e-02 -2.415426091877819759e-01 -1.173097406075603033e-02
-2.925195135264107866e-03 -9.955526128488632887e-02 -1.476399858878434168e+00 -1.376960236250142966e+00
1.273504519289516204e-02 -4.331693373166585481e-02 -1.332910522352507288e-01 -3.358571223820300822e-01
-1.587319818192467827e-02 -1.985802418263529212e-01 8.731900392074248840e-03 -1.001594828455167410e-02
2.125088493182220040e-02 2.390948716749021277e-02 8.048751566943110336e-02 -1.131763358162301072e-02
6.635067011175967144e-02 5.318311583568977041e-02 -1.937302931981312870e-01 3.432378664974761184e-02
-2.511681241617202964e-01 6.216093523440573837e-02 -5.622595917929857912e-01 5.124987659635924647e-02
3.408665521269986509e-02 4.546369617082805098e-02 6.588332215454999197e-02 7.151312580475124858e-02
