-1.150493129643959250e-01 1.105728463290122643e-01 4.193542189601579540e-01 -4.039233791051658473e-01
3.174879601915204796e-01 4.582214759939040594e-01 6.643053534801102167e-02 9.546931477582277781e-01
3.398969088465212396e-01 2.293944618750201336e-01 -1.203224427709002897e-01 4.071390229403509808e-01
9.318498932168881033e-02 -3.002766354756769007e-01 -5.911882712656519878e-01 5.217260808521135829e-01
7.314966859046245773e-01 2.194006584324451337e-01 9.819487569489724343e-01 -3.558614235707713291e-01
4.560774125079456454e-01 9.004494113028335689e-02 -2.559186508911774904e-01 1.510776071034372614e-01
7.919077389994340355e-02 -9.415287494322055473e-02 3.982928108351133645e-01 -8.185902134518636686e-01
-3.685992906881265796e-01 -1.356283762957632977e-01 5.469239786197011011e-01 -1.301001958256047475e+00
3.355285748871746354e-01 5.786156679366374345e-01 5.080834551207820127e-01 8.079893069318357934e-01
-6.478764029167172200e-02 1.830687018519532860e-01 3.105511052039207076e-01 -4.104334534695847081e-01
1.539821601454016697e-02 8.916095759270631360e-02 -1.170630637879882807e-01 5.473298845042580130e-01
1.774486883975893714e-01 -3.631109735841635267e-02 -5.168293000300719919e-01 1.286573004066058790e+00
-2.258782717069680590e-01 -2.205726798216081364e-01 -6.177386373580077139e-01 5.782209093675345635e-01
-3.723925401266582891e-01 -5.757492667090986505e-01 -9.948403286489558850e-01 -5.627772712696590407e-01
-5.452486740030556556e-01 -9.572982749089453680e-02 1.752297239688513919e-01 -3.875380052737280590e-01
4.150308242575174167e-01 -1.282554606542999909e-01 1.017701970187432803e+00 -1.313980909744733028e+00
-1.071591728538218991e-01 4.295841351601944469e-01 1.413547422146708588e+00 1.008964902369804184e+00
-2.188656574028602364e-01 2.696522424294195419e-01 3.766092323465111691e-01 3.909561137782441298e-02
1.075514813175771356e-01 -1.475693177484505014e-02 -3.661502419915896311e-02 -1.570392988512057664e-01
2.717099481573778674e-02 -4.035679718626611345e-02 -5.522419328880057154e-02 1.731916391888598805e-01
-4.337545866697606334e-02 -5.333167447291586871e-02 -4.853033059369950275e-02 -3.250166157400662392e-01
-4.242585024215370093e-02 3.952804703576372203e-02 1.979392624541586043e-01 -4.799048106455199303e-01
-1.426689690571397717e-02 1.085080553550736154e-01 9.383460466254460453e-02 -2.560513844147682683e-01
2.420980714630181774e-01 2.526045972094204117e-02 -2.044493566880056790e-02 1.740310672951991822e-01
1.441916330628289500e-01 2.035148873629920863e-01 6.053154040864747731e-01 -2.026310438123850866e-01
-1.394120011766847023e-01 2.054984671261186890e-01 -4.626320116331251731e-01 2.123333228311231835e+00
2.647092297134252814e-02 -3.284852580767926300e-01 -1.538770769759669310e+00 -5.030284212383018261e-02
1.545295001434233706e-01 -2.314789981269915198e-01 -4.594504564288315329e-01 4.101511776791615382e-01
-1.195371713617951470e-01 9.896345857765675297e-03 -1.908108955314125055e-02 3.286481072266358994e-01
-6.239361698717726945e-01 3.695991256077849618e-01 -4.683626557169955351e-01 1.945316154375074547e+00
-5.515387536831889426e-02 -1.390840375114879846e-01 3.675860999786212391e-01 -3.485495417253890449e-01
-6.007433020321778505e-02 -3.537805129574950191e-02 6.214507639142191620e-01 -6.692207987549738668e-01
-3.807662789306992535e-02 -6.901123097964112496e-02 3.162789014043227431e-01 -3.705146396159221256e-01
-3.091145527789669889e-01 7.001673877563846515e-02 2.099180481059705339e-01 2.926797531968906574e-01
-3.531050873701587628e-03 3.154980074545346395e-03 7.427807511377264131e-04 -2.859319318702908605e-02
7.985626335685169774e-03 8.008903739390742585e-03 1.778545714675221212e-02 7.824208666503974785e-02
3.800074827141387140e-03 -6.956440473408976449e-03 -2.973113467228769013e-02 5.794333978051787598e-02
6.700231138785889967e-03 -1.821350671964271084e-02 1.004707821355057401e-02 4.663946571372820649e-02
-2.015982901762081864e-02 -2.552304561959681251e-02 -1.141451714547518648e-01 1.195023724960946054e-01
-3.808277727893432524e-02 -1.005629424623909890e-03 -1.748138179179341278e-03 -2.117007801015360902e-02
2.525531579252571907e-02 -5.226679685051589808e-02 7.988309899505248446e-02 -4.719724487415652980e-01
1.793961645021768803e-03 6.562061217381902345e-02 4.378541113931828654e-01 -9.325929902621893364e-02
-2.868805345366101656e-02 4.980545951252154241e-02 1.325893355948422059e-01 -1.931425738849009699e-01
2.961170736325892394e-02 -1.618988974094130034e-03 2.001119116430843947e-02 -1.553253805142080224e-01
2.075050018220180037e-01 -5.700448788189579896e-02 1.620257451437731033e-01 -1.144454301959869857e+00
3.678808717853851440e-02 4.883232644259243027e-02 -2.011791555832974643e-01 3.775595310289640016e-01
3.477218291885800228e-02 1.182841955281370427e-02 -3.090564724968303811e-01 6.364768023106096573e-01
2.235471286984919148e-02 2.727232110049321312e-02 -1.546984415704376614e-01 3.473556439189132150e-01
1.144064635349559128e-01 -2.358364663010313611e-02 -1.085940794100970219e-01 -1.193216111394507228e-01
-2.749050209092556152e-01 1.710322394337293050e-01 -5.494254975576479127e-01 -5.841024782361612377e-01
6.866802895228324433e-02 -5.254774690613381316e-02 -1.974106651931597511e-01 -1.372897911771869150e+00
5.539830719571448014e-02 -2.175385681064552490e-02 1.052451586953729312e-01 -6.548025137586745981e-01
1.769464763314998468e-02 3.847679117288185791e-03 7.506692487887320353e-02 -1.100745824996606226e-01
9.458616409550091308e-03 -1.362166631741978939e-02 -1.603110804477780871e-02 -5.341157241823041302e-02
-1.237518236144041772e-04 -4.092709277803467660e-03 3.227886388772839565e-03 5.791394839268715344e-02
-3.707276518953453448e-02 -2.113028933350689920e-02 -1.756181515879965682e-01 8.188868966214069012e-02
5.217752909656025832e-03 5.874031787765368606e-03 1.634959232215890332e-02 2.129712107486590386e-02
