-2.720834319094415088e-01 -3.813550856555240620e-01 -8.307644093603965274e-01 -1.098936839932003195e+00
1.584802695316856358e+00 -1.010474407387434437e-01 6.504100084993784670e-01 -4.168090150200643995e-01
-5.836130127840335469e-01 2.311777769645863290e-01 -8.293859649466998885e-02 1.707183103586124295e-01
2.062002213413673068e+00 2.049228474260480937e+00 2.740769588966612602e+00 3.139314524340801604e+00
4.099371265179549084e+00 2.157157423290576581e+00 2.003804773387594551e+00 8.851163826467732809e-01
-1.553285628442108157e-02 1.941051128466480535e-01 -2.294290736135801145e-02 8.286100560427080985e-01
-5.264291068597838574e+00 -1.031640258081652162e+00 -3.533452866040529550e+00 2.896085658355686210e+00
1.902287381869067984e+00 -3.193525945270826449e-01 7.341697891981759927e-01 -1.146291005145440245e+00
-6.051400851830426308e-01 5.644271416384681883e-01 2.778907078518789986e-02 5.634343661102467760e-01
-1.711283830132069195e+00 -1.642599480837539483e+00 -2.165482084179553013e+00 -1.826083477967610724e+00
5.493239672419293562e+00 1.436148800773219936e+00 4.199553270139607442e+00 -6.328615936915259255e+00
-1.546147746319123772e+00 5.563853145261633548e-01 -6.092133166222483132e-01 2.168231959679995491e+00
-6.234028465918086681e+00 -4.963009429634611003e+00 -3.517190182103698604e+00 -9.344486046925271072e-02
1.705084568586750393e+00 -8.006764586776238257e-02 6.418176582690472420e-01 -1.610483127711412443e+00
1.154640369480662010e-01 -2.586713041652774492e-02 9.349730516772036815e-02 -1.014282204353952777e+00
-1.006064091509711655e+00 3.586823526006769569e+00 9.333365451041550909e-01 8.432132146179925902e-01
-2.900918688649423149e-02 -1.038260466862407361e+00 1.177354388733586055e-01 6.517696760888709306e-01
8.328822028449678339e-02 -1.826857497232268757e-01 2.152010070301297040e-01 -8.264045857483378610e-01
1.694972916991966672e-01 -1.799213991711218208e-02 -1.472985453959421709e-02 3.928881714351214471e-01
5.076170497242720181e-01 4.706557102901697265e-01 6.671518464525961756e-01 5.509198947219183518e-02
-2.202171733700983847e+00 -5.233587513150372850e-01 -1.760885206537798453e+00 5.099236406278663480e+00
4.915653314213774272e-01 -3.550573993456498378e-01 2.042442787203588295e-01 -1.392450970739794291e+00
4.262160329287606686e+00 3.993596539157332259e+00 2.830166409856429421e+00 -3.887888346379442250e-01
-6.176408750950164450e-02 -1.097726073240259670e-01 -1.137147000454460655e-01 2.859599931476949908e-01
-8.848787855876473207e-01 2.002276101808177500e-01 -2.260931998885786498e-01 1.857978664608460839e+00
3.713648873427971009e-01 -3.938792190979578667e+00 -9.946095788735805909e-01 -3.355907022221071401e+00
5.984823997933477191e-01 1.705937094619137007e+00 3.126172894290951687e-01 7.941521074493393950e-01
-3.879388199890476674e-03 7.023655299542659325e-01 -2.990141832678936407e-01 1.583646908905579798e+00
-1.031803449152613461e-01 4.594303829296031427e-02 -7.970755819559391386e-02 -5.422365231569731270e-02
-5.011693400361933115e+00 -1.043743257266656066e+00 -1.842991082484539023e+00 -9.451745535889664040e-01
-5.195159552506291023e-01 -2.859840736043404164e+00 -7.727418552885834124e-01 -4.361341612013795443e-01
-1.807621632707112624e-01 -1.159073058665327949e+00 -2.155592806858355193e-01 -1.308088048527138447e+00
2.791804359513627709e-02 2.122519743987504037e-01 -4.457356552406029349e-01 -8.412279037171344065e-02
-9.565455920913652765e-02 2.765531988310750422e-01 1.186509092018682432e-01 -6.707329533088245421e-01
-4.839303457839287670e-02 -4.244697253823544181e-02 -7.087524271095430040e-02 1.190757113645867504e-01
2.820663194326736845e-01 2.906265078108432459e-02 2.285390195747504793e-01 -1.304008525414429798e+00
-5.490992152493934936e-02 6.847638178688036925e-02 -2.802708678412270740e-02 2.792276419065986004e-01
-9.514699986791704811e-01 -9.098723210820666152e-01 -6.553949319179432909e-01 2.352259804494704065e-01
1.228933817822290553e-01 -1.051029522410376477e-01 -6.087076167891638384e-03 -4.942671053759373212e-01
7.678889775311614763e-03 3.834921947226381522e-02 3.198276589180788082e-02 4.094037786099480325e-02
3.983278577789907127e-01 1.646288037319378672e+00 5.881076638176714333e-01 1.564859680877640713e+00
-1.395351038808370081e-01 -4.222278449461242533e-01 -3.673354993824594350e-02 -2.220459957789984728e-01
-2.035878747010749779e-03 -2.541496831358197594e-01 9.889979019335821964e-02 -8.579346533146520182e-01
1.964004767911550764e-02 7.294847424421102566e-04 4.487502326368673911e-02 4.779017564491805370e-02
2.113841407769999847e+00 4.277189718791961082e-01 3.540751133985582388e-01 -4.169222095960266605e-01
3.319589378343110742e-01 1.226852630434565938e+00 4.215304606771813067e-01 9.536227748117553915e-02
7.736348045607685520e-02 5.615342364345410342e-01 8.926997110411763470e-02 9.979914464134489460e-01
-2.383455658439949387e-02 -6.295044879632755164e-02 1.665786794497288725e-01 -1.869795671010343607e-01
3.597915295320679163e-02 -1.465896706534549621e-01 -4.534989479232078013e-02 4.476261913474558485e-01
-9.407718075168987060e-01 -4.296534391599275970e+00 -1.386700916680428719e+00 4.486930608111259211e-01
-1.232720470506132593e-01 5.642354714109314440e-01 -1.371429996539756391e-01 -1.870761170051202127e+00
-1.177756307861165808e-01 -2.848595387438129789e-01 -9.306918801115451889e-02 -6.551016286263394717e-02
-2.282025927113684460e-01 -2.208742222389981080e-01 -8.501865946312173183e-02 5.784815756466499259e-02
-5.197323412980278667e-02 3.140835796270644020e-02 -1.571273292615475714e-02 5.100083007105182809e-01
-2.257985395523470773e-02 -1.203726980887334097e-01 -5.968381555184045645e-02 -5.436452781560934255e-01
-6.311645638951162152e-01 -5.024231825788898487e-01 -4.091714737049015893e-01 -4.237433669879200893e-01
1.736620499271305032e-02 2.273984215991924074e-02 1.432388099581568056e-02 1.166159493823605842e-01
