4.923007469836510053e-03 1.141132589589952118e-02 1.400421346994695782e-02 3.815834991105881979e-03
-1.460772540864214708e-01 -1.526199253816877266e-01 -1.057282719995673581e-01 -1.546504739137820605e-01
-1.592475188560000809e-01 -1.562866940604107358e-01 -1.754345215472370434e-01 -1.537235175553062216e-01
-1.893515080832897102e-02 -2.463965229277838287e-02 -7.398447395072649257e-02 -1.506934751747496248e-02
-4.610807869462052455e-03 1.036811072451543358e-02 1.720841571376836576e-01 -8.273690204588290964e-03
6.286218955338929160e-03 -1.106700876396457534e-04 -3.614979258531436646e-02 1.305601698259752086e-03
-1.109263276085820649e-01 -9.958270459785482920e-02 -7.699929067708177755e-02 -9.948994079035500260e-02
1.082581729167918505e-01 1.066363957898376347e-01 6.959320544804770137e-02 9.620713833576824414e-02
-2.123554647748659985e-03 9.541672321490557440e-03 -4.836467161467616904e-02 1.058889535519758063e-02
8.096086142264702357e-03 1.025550924978863021e-02 4.077944636589703187e-02 5.064868000502209533e-03
-3.173016718956644944e-02 -3.941339121300609094e-02 -1.322739548782259078e-02 -3.722263541982501200e-02
-4.426134284596319746e-02 -4.693797821031359119e-02 8.119744198924472300e-03 -3.432167526988275097e-02
-2.596672725208781785e-02 -4.616464682156001809e-02 3.715898829835317940e-02 -1.466993217130656280e-02
1.203558723491940374e-02 -4.575292283401921622e-03 5.700231312279080420e-02 -5.445242664339988714e-03
-6.014530848846955102e-03 5.249819153623214163e-03 6.128150064614401593e-02 5.557601001676959473e-04
-3.991914015604047794e-02 -1.386454544667636846e-02 -3.257258299809233648e-01 -7.477782113973985290e-03
1.656272716482942720e-02 -4.815974786483517844e-03 1.208958002109441487e-01 1.654981850746806149e-03
2.967097439662932934e-03 3.345716447782670633e-03 1.779774982538828709e-02 1.350686151885382991e-03
-4.063073795322891257e-04 1.749052776833792677e-03 4.826197314633473567e-02 8.398380448664810594e-04
-8.411578806838682087e-04 -1.168490646714551162e-03 -8.166298293896284699e-03 1.060921288312810518e-04
-9.472317294670018484e-03 -6.480458181319148636e-03 -1.814927658722043091e-02 -8.617260867127274349e-03
1.048839079154183923e-02 1.278867510406100916e-02 -2.172113600052316684e-03 6.980947844254906803e-03
3.125909397795678668e-02 4.154072567135413951e-02 3.046858000213426010e-03 2.346030119000958036e-02
2.646199802964765979e-03 -4.464340319058790474e-03 -2.368569330284064911e-02 -8.808574580243394569e-04
-9.747520762737105215e-03 -1.426682135697854292e-03 -6.833658886127991217e-02 -3.844595333278161275e-04
4.210708914942645764e-02 1.314258877474597242e-02 -1.102252372243315293e-01 2.229857102994947660e-02
-1.231858735233309909e-02 7.630683826084616594e-03 -3.389921896846770366e-02 6.933746333930290717e-04
-1.264065184041929246e-03 -3.181110299635303562e-03 -5.520846218640063086e-02 -7.031727701918982776e-04
8.898885783897858559e-04 -1.546451267886862768e-03 -3.658986450776247068e-02 -8.347853391451540150e-04
1.173966972940510001e-02 -1.057960884043979144e-02 -2.589415579142533286e-01 2.192024162741607052e-02
2.450418960763561804e-02 -1.268041177346357351e-03 5.129831521711913922e-02 5.578139675261883923e-04
-6.008377147077748059e-03 5.239569239635616382e-03 4.206696375988738801e-02 -2.035393347077918413e-04
-4.983521871602114572e-04 1.830723100289269323e-03 2.003594669017760843e-02 -5.268146072135437841e-04
-2.079044943312513549e-03 -1.235170940500768255e-04 6.110014227129090258e-03 8.077514658443654683e-04
7.570125046043622505e-04 8.062070264114717250e-04 1.583982920388991855e-03 6.488696013343137753e-04
-2.213527294164623072e-03 -2.878094029637843707e-03 -3.289120031573944392e-03 -2.242379789723296379e-03
-1.050786962373613694e-03 -1.376155371805722061e-03 -4.318838242109990233e-04 -5.953361950238574354e-04
-1.348951386690173948e-02 -1.652179321458308731e-02 -1.270496086136591041e-02 -1.164740303093151491e-02
1.957323941805727552e-03 2.431485114409714932e-05 1.254312618860986550e-02 1.978341605610826892e-04
-4.998076684045726914e-04 1.045138798168823713e-03 2.283325491888199554e-03 1.923621668130752471e-04
-1.482002969605099307e-02 -3.802939898409338215e-03 4.290399120721666293e-02 -9.476160090327090391e-03
2.879443162272371515e-03 -4.544248513328602579e-03 6.220892039159098275e-03 -3.564692733072916120e-04
5.617033718535724418e-05 3.624377058109029548e-04 1.703461333230243957e-02 1.160058080041659334e-04
-4.552459986292139993e-05 4.058479235105362515e-04 2.691134013909302070e-03 1.866133799094879531e-04
2.144297487938762181e-04 1.903381196538907194e-02 2.055863659749990191e-02 -9.112376326231991230e-03
-1.036391542826972656e-02 6.702759330055652054e-03 2.411532548172923285e-02 -1.295643529231060853e-04
2.794839716660890705e-03 -2.496687534403324582e-03 -1.580296520422130868e-02 3.650814408850747150e-04
1.843274746001211106e-04 -8.811017205992144330e-04 3.244751511066956695e-02 2.222219872281550046e-04
8.292252384149989552e-04 -3.474559476034089212e-04 1.637457032344746821e-03 -3.107602770348379811e-04
3.430382188538461108e-02 1.390501740746963311e-02 4.291905844418195670e-01 3.304967379008622030e-03
-6.774890216443091306e-03 1.195981726377415288e-02 -8.750772321035382717e-02 5.008280050411706430e-04
-1.080188510628188325e-04 2.802171201702702286e-03 1.173832030398713755e-02 6.860195080633513243e-04
-1.312441650763496170e-03 1.835250010656153119e-03 -8.817709788969452234e-02 7.195035996448995164e-05
-1.012044935091438447e-04 1.546675136215050483e-03 -1.526492648859012480e-02 1.669267659907824886e-04
-9.775188347268815026e-04 -1.399714201326618390e-03 -1.739188676178421433e-03 4.373055645769119426e-05
-3.727806508587951095e-02 -4.012266431072769590e-02 -5.638275587899654884e-02 -3.801030530553060199e-02
1.591887453504560728e-04 2.078818495248592967e-04 6.174868700084305221e-04 1.345888508564829192e-04
