-4.228003257650639890e-01 -3.075176610681064071e-01 1.703590466106078338e+00 0.000000000000000000e+00
1.139640413186090648e-02 7.885014635259924853e-01 1.604868152648417368e-01 0.000000000000000000e+00
-1.746585550739473192e+00 -1.912029214462832138e+00 -7.291068640787569111e-01 0.000000000000000000e+00
5.462646193482558754e-01 -6.307743521204584036e-01 -4.182886441395168298e-01 0.000000000000000000e+00
-1.269524987907586500e-01 6.217906422532613053e-01 -2.083103862417124558e-02 0.000000000000000000e+00
3.337222270090541287e-01 -1.100766321195669084e+00 9.862302812393111129e-01 0.000000000000000000e+00
3.441987247195971156e-01 -3.156720797902156650e-01 7.038419116570546752e-01 0.000000000000000000e+00
-6.778031242216258079e-01 -6.831284798246325396e-01 -3.026592026263358326e-01 0.000000000000000000e+00
3.569934234062845380e-01 -1.372603926824413588e-02 1.990620491712151718e-01 0.000000000000000000e+00
5.093441427554544765e-01 1.540828526131574838e+00 -1.478699032355240028e+00 0.000000000000000000e+00
-8.206975902568038050e-02 2.468844283273897711e-01 -1.391439035950950594e-02 0.000000000000000000e+00
-2.115665904727911661e-01 -2.669774739178656930e-01 -3.684604707525168665e-02 0.000000000000000000e+00
7.598591921331457333e-02 4.821569033046738811e-02 -1.656590613378574120e-02 0.000000000000000000e+00
8.867193078291760733e-01 4.078236107027753965e-01 1.059539674315218977e-01 0.000000000000000000e+00
5.972150696693855343e-01 -2.095588051871365709e-01 4.980515620859378711e-01 0.000000000000000000e+00
1.229302411387733773e-01 1.872163325837073733e-01 -3.245173652633309147e-01 0.000000000000000000e+00
-1.334302673509777604e+00 4.554052011693266455e-01 -1.475414215020504960e+00 0.000000000000000000e+00
-7.986257564748763249e-01 -1.305232491584696897e-01 7.718545672351087017e-01 0.000000000000000000e+00
-1.401977120986465541e+00 -1.455181200044380674e+00 5.172322446147750025e-02 0.000000000000000000e+00
4.099085379061270795e-01 -1.911086927120580758e-01 1.235184543412507358e-01 0.000000000000000000e+00
4.110234011326930476e-02 -1.388307747013168281e-01 -1.236071283382134123e-02 0.000000000000000000e+00
-8.252232434035561282e-02 -1.868239161394591730e-01 1.560626786236981589e-01 0.000000000000000000e+00
-4.773043927064794974e-03 -5.597991434262842778e-03 -1.001937892071131930e-01 0.000000000000000000e+00
1.061022641783692544e+00 5.212817305028873971e-01 1.719292479019411124e-01 0.000000000000000000e+00
-1.706949995114058760e-01 -3.158026912573227984e-02 -1.956253097882978964e-01 0.000000000000000000e+00
-1.735544373010459995e-01 -4.314542854481853151e-01 3.406581043586670576e-01 0.000000000000000000e+00
4.772533653885471794e-01 1.874156279914334977e+00 -1.068910493875595558e+00 0.000000000000000000e+00
-8.718093653607881244e-01 7.227209884758036829e-01 -2.032345607679529043e-01 0.000000000000000000e+00
4.514544157101899741e-02 -1.110595534272023760e-01 1.754870996403106939e-02 0.000000000000000000e+00
-1.441925168882449704e-01 -7.417833365960872782e-02 4.236849475103748319e-01 0.000000000000000000e+00
1.490410446099814434e+00 -1.812472890369522860e+00 -1.921094703447419061e-01 0.000000000000000000e+00
-2.252729281040308229e-01 9.339687887366131536e-01 -4.375321841810706491e-01 0.000000000000000000e+00
6.019747566459803245e-01 -1.484947045677086352e-01 -7.839362781520110568e-01 0.000000000000000000e+00
-7.007320339940253939e-01 1.306279227860141390e+00 7.480636168191082680e-01 0.000000000000000000e+00
5.391883040066309807e-01 1.583610474149610425e-01 1.624790150588208415e-01 0.000000000000000000e+00
