-1.067762012075078454e-01 -2.929493987696138557e+00 1.614513799634679669e+00 0.000000000000000000e+00
-8.930619674765669092e-02 -1.297540303549638452e+00 4.030449686561812239e-01 0.000000000000000000e+00
2.539861324346756710e+00 6.114655236517350101e-01 -3.943892520833615356e-02 0.000000000000000000e+00
2.478211894332012832e+00 1.097138198375870122e+00 -8.441776248540516780e-01 0.000000000000000000e+00
3.582697928180805097e-02 -4.393454899499926736e-01 6.127920135094632598e-02 0.000000000000000000e+00
9.559516190902758170e-01 -5.770269873655955450e-01 -4.586735258472481314e-01 0.000000000000000000e+00
-5.006005551960175382e-01 -1.701277496026343261e+00 -1.189378940003189139e-01 0.000000000000000000e+00
3.998649137753196858e-01 8.767682785131235557e-01 -9.745294660611537874e-02 0.000000000000000000e+00
8.116259789064245167e-01 1.279307087686140099e+00 9.569189929004522088e-02 0.000000000000000000e+00
1.535060326875600678e+00 2.260287122408467742e+00 -1.896821848708420077e+00 0.000000000000000000e+00
6.862728117304800479e-02 -5.773162327811609540e-02 -5.762708107031749849e-02 0.000000000000000000e+00
-3.676400315593826296e-01 6.369573487151175550e-01 -2.079816570523395913e-01 0.000000000000000000e+00
1.495531513095000598e-01 8.875615715455362764e-01 5.650024733561490042e-02 0.000000000000000000e+00
4.077961162076867430e-01 1.033402312808651802e+00 -2.865801841317835996e-01 0.000000000000000000e+00
-1.435309302744562365e-01 1.911223256881747989e+00 -5.395724203608661673e-01 0.000000000000000000e+00
-6.652085388727270177e-01 -4.655266682208542700e-02 -4.824262142661932540e-01 0.000000000000000000e+00
2.436667217038973376e+00 1.012281299038789717e+00 -3.768915518802807840e-01 0.000000000000000000e+00
1.882437231050147819e+00 1.477968701399459350e+00 9.139034304152101607e-01 0.000000000000000000e+00
1.392812742102769175e+00 8.437531305342966257e-04 4.752023557346797267e-01 0.000000000000000000e+00
1.613782073766378833e+00 1.904550987552571309e-02 2.380701606873013021e-01 0.000000000000000000e+00
3.864061814815685642e-02 5.983264067554647930e-02 -6.164482821973604060e-02 0.000000000000000000e+00
-2.573941983349226637e-01 3.333218639798816163e-01 -1.046720281086403331e-01 0.000000000000000000e+00
-4.388353079750428182e-02 3.431543058427208859e-01 1.019620647862671571e-02 0.000000000000000000e+00
1.059033284843095418e-01 7.050193796583109629e-01 2.307733378981097552e-02 0.000000000000000000e+00
-1.276623284651880741e-01 1.298824643087704289e-01 -2.042671408369919894e-01 0.000000000000000000e+00
-3.319915167509774889e-01 6.165771195560337814e-01 3.903754039429536693e-01 0.000000000000000000e+00
2.463646445584115607e-01 6.053101534717374443e-01 -2.563836699676375064e-01 0.000000000000000000e+00
8.169437944886043246e-01 8.730680236256351812e-01 1.448919257773877978e-01 0.000000000000000000e+00
3.036146461053337298e-01 -6.151877997426121736e-01 3.213953670648756478e-01 0.000000000000000000e+00
-6.925555034104607932e-02 2.286032262035344875e-01 2.399577846356645838e-01 0.000000000000000000e+00
2.238352698701201460e-01 2.471823798113367943e+00 -2.132870491918905653e+00 0.000000000000000000e+00
-7.905746358072958113e-01 1.422712251977089837e+00 -2.020618702481336015e+00 0.000000000000000000e+00
-1.843654566609123080e+00 1.314300162829841856e+00 -2.254966768314655923e+00 0.000000000000000000e+00
6.327336201703828156e-01 1.506569198321015435e+00 -1.595215234608322152e+00 0.000000000000000000e+00
-1.540804774746963535e+00 -7.356497417152230330e-03 -5.380004870623316116e-01 0.000000000000000000e+00
-1.492691601381510198e-02 3.631151137556170444e-02 1.222264717026830087e-03 0.000000000000000000e+00
2.201975533118795958e-01 4.350074463718066331e-02 1.399133130005948966e-01 0.000000000000000000e+00
-7.060091324235254207e-02 -1.970269451565432595e-01 1.771405442388883367e-02 0.000000000000000000e+00
-1.113837522576429234e-01 2.266257202792995862e-01 2.048437834968127869e-01 0.000000000000000000e+00
7.721906205546746893e-02 -7.403836449899328098e-01 5.356447302545700451e-01 0.000000000000000000e+00
3.011713125228884236e-01 -5.362198295898425171e-02 2.363735804041245669e-01 0.000000000000000000e+00
-7.101142989659482430e-01 -2.977491544280642943e-02 2.412390392723110233e-01 0.000000000000000000e+00
7.933270747084559815e-01 1.727929105931640952e-01 -1.127588188235658373e-01 0.000000000000000000e+00
7.032435291193050997e-01 -1.176646880476426960e+00 -2.238819441806642052e-01 0.000000000000000000e+00
-4.422457369892445755e-01 -6.658686625062665287e-02 -4.876806805241969134e-02 0.000000000000000000e+00
-2.014463831581117803e-01 2.358637690504285622e+00 -1.543793736096839231e+00 0.000000000000000000e+00
-1.330940834038486509e+00 -2.161243660802283639e-01 -1.098242248851065556e-01 0.000000000000000000e+00
-5.416934267194862818e-01 5.475068008430594713e-01 -1.447692569894985182e+00 0.000000000000000000e+00
-7.749873149489490132e-01 1.004123693193258227e+00 -5.056145759769668790e-02 0.000000000000000000e+00
-1.220991852200952632e+00 1.165388222960058062e+00 -4.644626482442611448e-01 0.000000000000000000e+00
2.263487527730318583e+00 1.880841606297829260e+00 -9.746084178221616767e-01 0.000000000000000000e+00
-2.489332397671778718e+00 2.552071080474386022e+00 2.299091081055258279e+00 0.000000000000000000e+00
1.211620940959373893e+00 -1.484293467063790617e+00 1.773764937163254674e+00 0.000000000000000000e+00
1.172315096679745539e+00 -3.969411370175333076e-01 1.058255123380505092e+00 0.000000000000000000e+00
1.078053676390065968e-01 -2.286172735092451558e-01 6.645833710216023649e-01 0.000000000000000000e+00
3.974700235952092209e-01 -3.286758510140023182e-01 6.285802289044185587e-01 0.000000000000000000e+00
