2.708067780620644349e-01 9.272438740120740874e-01 3.006030300726151294e-01 3.168124302054053931e-01
-3.115809126105135163e-01 -7.450492697188448865e-01 -3.333053671865987555e-01 -3.316036903372037714e-01
3.254802607479905241e-01 3.375701482503927764e-01 3.211392276678712854e-01 3.313112532755865258e-01
4.494953755392794292e-02 -9.034291040690458630e-01 -3.750367022867240330e-02 -7.455263249841326267e-02
-1.313423398918194540e-01 2.742930780873962249e-01 -7.641470193429261704e-02 -7.294759015932439361e-02
7.579180040365185445e-02 2.208335163794385991e-01 7.708510064384632710e-02 9.634630610040889609e-02
1.414678778040993068e-01 6.484752363252401786e-01 2.161574565106569312e-01 2.208198690413105125e-01
2.119792999475920148e-01 1.388153254305448669e-01 2.354829357025597647e-01 2.178925811522200440e-01
-3.632386576425716829e-02 3.976455234377809234e-01 -7.157911953535822658e-03 2.153729166809581486e-02
1.214530036704547511e-03 7.083068711927058558e-01 9.336443097884566944e-02 1.293801248950838811e-01
1.469536919477493209e-01 -2.714666510300554059e-01 6.069460585585523260e-02 5.416095300673112733e-02
-1.914724391628830347e-01 -1.219155330282126748e-01 -2.208843437931901910e-01 -2.112051005512426416e-01
5.139598684504587123e-02 -6.768044965727959550e-01 -1.179742361468782974e-02 -2.229830021529255468e-02
2.927340337177690155e-01 -1.500492976941574241e-01 2.372608308682845335e-01 1.973534934780452055e-01
-2.803909868976317554e-02 -5.205992914832457963e-01 -3.549388762451544110e-02 -6.669385298977881238e-02
1.151586466405285503e-03 1.178687182070686124e+00 8.039343679682009469e-03 2.248936919176769411e-03
5.754696968045575067e-02 4.337869864428203215e-01 2.841151598044933113e-03 -7.329850275716753849e-03
1.846069178465858940e-02 1.739410709765230045e-01 8.106392963092567960e-03 1.668190329509564029e-02
-3.506902190362759519e-04 -8.952281279968904437e-02 -3.891279762302801704e-04 1.650961795992611503e-03
4.352225526889061391e-03 -2.544415587908970267e-01 -3.952845836493744380e-02 -5.514289852819520554e-02
-9.243718949092424864e-02 1.188355546343060620e-01 -4.894863893492421014e-02 -4.419373569837570237e-02
3.625619816697900344e-02 1.596755770107760597e-03 4.906571506614609834e-02 4.906702704957599526e-02
3.174263847461555876e-03 3.653825142970674733e-01 2.705616405957284032e-02 4.052525955474095554e-02
-1.478038518830526726e-02 2.882247297094524541e-01 -7.877050343773714380e-03 1.057140015687402235e-02
-1.384069793805432491e-01 3.554791845531823924e-02 -1.033172072334638258e-01 -8.411469388230352617e-02
1.328065580305781701e-02 -6.888922450207419779e-01 -3.503253794532779075e-02 -5.276640668124982225e-02
-3.352037763979570650e-02 -1.138328423246655063e-01 3.023278969934867222e-02 1.995613989231798113e-02
-1.745520636861686015e-02 -8.428034752987301204e-02 1.263199158933958621e-02 -1.913733137480638780e-02
-6.428211210485534899e-03 2.480435631303072874e-01 2.284671981910180172e-03 -5.059324567073641976e-03
1.039196175964973157e-01 -4.812880678086450814e-02 -2.343020682411378619e-03 8.917052896404431550e-04
-1.692974229349636373e-03 -7.076495224893131208e-01 -1.146641204698750638e-02 -6.327319002053094499e-02
2.520208394440004440e-03 -2.546895487830802551e-02 -1.310731580543045283e-02 -5.411613203327908517e-02
9.799129800008854474e-03 -7.990726744704379492e-02 -7.728739198500061969e-03 -2.127124885879344562e-02
1.306607278225790925e-03 7.055934150900800006e-02 1.555421140536750180e-03 -8.067336328960103553e-03
-2.132855540429003105e-03 3.408518936228643881e-02 5.322619053820525081e-03 7.822702013270389082e-03
1.891552530024914053e-02 -1.907066283025993236e-02 1.094573250174794149e-02 9.894249638632432453e-03
-6.655155902837509019e-04 8.162248183499087872e-03 -2.230777410601403332e-03 -2.970707738418475186e-03
-1.113964403173510476e-03 -6.785877977376308934e-02 -5.387709261613693457e-03 -8.335972599697538676e-03
1.973465365799270677e-02 -2.378262735498193337e-02 1.307238631736368228e-02 1.128567608953294499e-02
6.054200709869561603e-03 -4.888525289128409224e-02 4.774609413491278515e-03 1.180432653521912290e-03
-9.508545682730462634e-03 1.092957904994862339e-01 6.811703572877844670e-03 1.145735296664321390e-02
1.998044014875314384e-02 1.447449345922446895e-02 -1.163904447010019605e-03 3.955948979699253076e-03
7.744245828189333380e-03 1.028628746522164406e-02 -6.469334372841750724e-03 6.619859199399294458e-03
4.079456512079637776e-03 -8.431427311031602922e-02 -1.412604496422636968e-03 1.720008595549812891e-03
-8.587414467713863631e-02 9.537239312876200081e-02 -1.563944706300968157e-02 -3.635985385340267939e-02
-4.543923706803107421e-03 4.545997215788188939e-01 -1.880007808594985619e-03 6.564745771946711717e-03
-1.162115515723760595e-04 8.848833692637780857e-02 -5.062890066024339220e-04 5.557609876811392402e-03
-6.663774788578380459e-04 6.839400856588095934e-02 9.390211006880117006e-04 -1.467418602791037419e-03
6.811037788121143688e-04 -1.491280165130892676e-02 -2.674680147960600829e-03 1.163550161150311152e-03
-6.275403349692212918e-02 -4.853529271942722545e-01 -1.383781472225392717e-02 -5.032561628941639720e-03
-4.341729565839330673e-02 -4.896342381895317786e-01 -2.493715384170014371e-02 -4.587799396501668348e-02
-2.415045797716330878e-02 -1.881048182987634654e-01 -2.347817385608914897e-02 -5.026449936577970234e-02
-1.928213334894601783e-02 -1.331852451148107797e-01 -1.457597386521519711e-02 -2.070344490514985925e-02
-1.363430384941899387e-02 -2.224011843150708323e-02 -8.690187317550668311e-03 -8.506068867658714283e-03
2.512004926750466272e-04 -7.144896353328766825e-02 -1.013810888889493667e-04 -3.537867763157870327e-03
-5.495816731606945060e-01 -7.310113949399963396e-01 -5.534108176383160105e-01 -5.557224738976078715e-01
9.886249719212999651e-04 1.950278481748183397e-03 5.095688008236293719e-04 5.281095532042114115e-04
