-1.137703954703031678e-01 3.984525667267559967e-01 6.657465249258609497e-01 4.304052872287185139e-01
-1.224018899759659329e-01 -2.201366783945074290e-01 -1.281522296104459224e-01 -6.488279487999873973e-01
1.667334646902101369e-01 3.057637364492411525e-01 -1.909907601488130546e-01 1.726180976956921131e-01
5.200560336580737353e-01 -4.271593494575076089e-01 -1.069260999639237930e+00 -1.047450360714014650e+00
6.115090839648993359e-01 4.832098887723166869e-01 1.140825168232143483e+01 -4.631025019221998162e-01
-4.491614086489159607e-02 -4.069032787869339973e-01 -3.814958859422898918e+00 -1.821444980590498419e+00
-1.341616674080800875e+00 1.704480553305262047e-01 -3.212299860727204859e+00 1.538815537699782077e+00
-2.481990712716158898e-01 -4.800471722314340051e-01 1.309459933552358235e+00 2.075980379967365952e-01
3.762151367452873929e-01 1.094765828649115966e-02 -2.826299860657760732e+00 -1.624448081085386963e+00
-4.085998939269342434e-01 1.988700042059841633e-01 9.050226041778359765e-01 7.267479575454640628e-01
2.180573157733685985e+00 -3.439155638909512924e-01 4.203246496559785328e+00 -1.483029791437458389e+00
2.360824465543132911e-01 1.803755594246498895e-01 -1.764582192368487013e+00 -5.427074387958125135e-01
-1.764631611311780812e+00 -8.386258051087551735e-01 -2.597755393481869746e+01 -5.423294439484432905e-02
-1.759319822716033377e+00 -1.783410461496971910e+00 3.827750577861497305e+00 1.902149002830241020e+00
4.624452316399028096e-01 1.867612831899351233e-01 5.609267291157491897e+00 2.790672965770493175e+00
1.889081567036803300e+00 5.885763860822479376e-01 1.165090330478222569e+01 7.523284774817331488e-01
2.201477291412802795e-01 -4.563134315532114682e-01 7.223524130583536262e-02 -1.585563267976075386e+00
-1.816416608498545027e-01 -7.065409223942256123e-01 2.456373127164716230e+00 -1.126088942177076557e+00
-6.625337640461856359e-02 -1.796979553876854596e-01 -3.765267864794271668e-01 1.401854849543207882e-01
1.111825282466785414e-01 -3.869171506398383364e-02 -3.910710102111820130e-01 -1.850145042116787542e-01
-1.411180463386947137e+00 5.115416767147923371e-02 -1.819969702526341937e+00 2.629093322669691646e-01
-1.305578451003353846e-01 1.371972265002487784e-02 9.016971981014424431e-01 2.676701574313089527e-01
1.762078703173766581e+00 8.859863107519366787e-01 1.716966986216463553e+01 1.323699958632859941e+00
-3.640390852840431624e-01 1.322974626053661507e-01 -2.876503177455641325e+00 -1.589281898742022303e+00
1.035958642107888794e+00 1.440731738418330909e+00 -2.035584145517863597e+00 -1.356732791896996249e+00
-2.000566910015327604e+00 -1.957325578971498559e-01 -1.403862569811323446e+01 -8.495830687398511216e-01
-5.981861947098475740e-01 4.925075231217098115e-01 2.841313597780756872e-01 1.704953779316721318e+00
7.451350724470569009e-01 8.151228547973596861e-01 -3.027179785042362958e+00 1.379046166639965376e+00
2.367633492079949942e-01 2.037673809104455502e-01 5.429598145280556398e-02 -2.302644928994527773e-01
7.569602329090390214e-01 -1.064161864371287181e-01 8.639637946708292660e+00 9.941172303364864682e-01
-2.882893967433100002e-01 1.431287424662891494e-01 5.378688712796936278e-01 1.048423806376052481e+00
1.431501655993456246e-01 4.807913757810290400e-01 1.080412378261771167e+00 7.095560640972127242e-01
-2.952444955642066216e-01 2.595158747351656303e-01 -9.240919579476880585e-02 1.933557418695799890e-01
-6.221876773460842669e-01 8.807060378173531268e-02 6.668080060907115580e-01 6.052923987074314560e-01
-1.137347516909097828e-02 -6.314106412466449769e-04 6.230876485775230234e-02 1.053952202000342855e-02
2.938650253009357782e-01 1.902208290855357531e-02 2.472843640975324053e-01 4.471010348114842770e-02
2.539358915598389360e-02 -1.114189398686860587e-02 -1.598896559563218189e-01 -3.423245769345234502e-02
-4.410754681852029346e-01 -2.197216161312222082e-01 -3.417270240627269917e+00 -4.673001034837629408e-01
-1.833960466764493757e-01 -3.205624692465386394e-01 3.791462183924663720e-01 3.529651897753842138e-01
7.191476713737700310e-02 -5.894252860738865424e-02 5.128738006696540452e-01 3.126332955022019799e-01
1.125814757180622516e+00 3.359195597326086746e-01 4.192110385175443099e+00 7.289335909870098273e-01
2.547575759163175357e-01 -1.866692165537987003e-01 -9.161128975974430766e-02 -5.324680819173186475e-01
-2.647620198332302222e-01 -2.561173867365104662e-01 8.306196947804902475e-01 -4.412860148434047947e-01
-6.716720285985693095e-02 -4.446044906286994447e-02 3.856161961798107440e-02 8.565408833366260077e-02
-6.385977349889359056e-01 1.868922685018425955e-02 -4.532478702226685918e+00 -1.036987971929541619e+00
5.302388944923162040e-01 4.230364664946156261e-01 -1.126306917933564411e-01 -1.175542566408261380e-01
2.434889444359424060e-02 -1.450900942228416368e-01 -5.484191423939575039e-01 -3.076449936072833125e-01
2.338810386738922886e-01 -1.516679178256241933e-01 1.048147100397853748e-01 -1.273517166401672007e-01
2.781887535235727515e-01 -7.580417251393947731e-02 -3.874340535241346251e-01 -3.057569617844382304e-01
-8.299527014229961530e-01 -4.204766607292133584e-01 1.574988639930944068e+00 -2.835238861966274393e-01
2.144754775225650723e-01 3.268661715810100010e-01 -2.593106159642605268e-02 7.172436445012562167e-01
-6.965869238673975949e-02 2.514019715651203413e-01 2.905829580410941304e-01 1.842531450315562647e-01
-2.492778533452903178e-01 1.528584868884324544e-01 -9.726788909433461972e-02 3.092859704614918659e-01
-4.801369475539614684e-01 7.500078450891559112e-02 -2.579121968569436651e-02 1.619242482353106527e-01
-2.022168834743480748e-01 -2.940582271722586016e-02 4.219804534851120947e-01 -1.276370485020631995e-01
-1.279027513569117314e-01 -1.538534373277876677e-01 -1.290452942651516000e-01 3.365871862357952549e-02
3.295454378800817541e-02 1.022404274170221616e-02 5.099189480735819707e-02 2.514040200981507850e-02
