-3.629125203654547160e+00 -2.695170227951126485e+00 1.221769269239352917e+00 0.000000000000000000e+00
-1.360043275997595336e+00 -7.103091352940337222e-01 3.325789522983557678e-01 0.000000000000000000e+00
-6.867382938468443720e-01 -1.209878475886261739e+00 -1.215415807998699860e+00 0.000000000000000000e+00
3.854417002743311671e-01 8.438257055468432188e-01 -2.311219707927549383e+00 0.000000000000000000e+00
5.276907818157599780e-03 1.481370281480299811e-01 -4.757601660259436760e-01 0.000000000000000000e+00
-2.316367721520286693e+00 -1.487949564614474918e+00 -1.038322743216879340e+00 0.000000000000000000e+00
-2.791324402946894434e+00 -8.235550942140611452e-01 -1.991250303647295328e-01 0.000000000000000000e+00
8.764022171071097489e-01 3.287802301596982613e-01 7.004054262814599086e-02 0.000000000000000000e+00
1.437782545731802530e+00 5.955721128985440593e-01 -1.298906783315726177e+00 0.000000000000000000e+00
1.161956125131312190e+00 -1.490743311013304817e+00 1.315385687049367869e+00 0.000000000000000000e+00
5.254343174084111778e-01 2.454300015385490752e-01 -5.336596092538523628e-01 0.000000000000000000e+00
7.394861658614138022e-01 4.149326842599088683e-01 2.415323349406174602e-01 0.000000000000000000e+00
1.222176662017429916e+00 3.567742210957710047e-01 -2.232520455176618124e-01 0.000000000000000000e+00
9.142342405339045630e-01 3.304713260435830358e-01 -5.108965240960217091e-01 0.000000000000000000e+00
2.045746206646887444e+00 -3.527351920411520569e-01 -2.629791577055584195e+00 0.000000000000000000e+00
2.342806898425751072e-01 3.634737198802510671e-01 2.446710737734371088e-01 0.000000000000000000e+00
-1.949109151744611967e+00 -3.116429873381449389e-01 -2.422549835353505543e+00 0.000000000000000000e+00
-1.378664662962105547e+00 1.739175827058820900e-01 -1.717060894834707030e+00 0.000000000000000000e+00
-1.946660162585470699e-01 -1.430289442785375842e+00 -1.269421269302211552e+00 0.000000000000000000e+00
-5.100594325393500439e-01 -1.719659734829293019e-01 -1.007133271974567590e+00 0.000000000000000000e+00
3.685701574385110701e-01 1.172589997011572321e-01 -2.424211890500076738e-01 0.000000000000000000e+00
2.938038370387484610e-01 2.158252413953760940e-01 1.083996635381321572e-01 0.000000000000000000e+00
4.108320916792828625e-01 5.491433064580550361e-02 1.449051128854228487e-01 0.000000000000000000e+00
1.178896098617232324e+00 4.018631095103885054e-01 -3.104867826735906999e-01 0.000000000000000000e+00
7.032738278655634723e-01 3.694958726456325504e-01 1.107781416510707218e-01 0.000000000000000000e+00
8.423768858509557145e-01 -1.539820136182889210e-01 -1.561743458926453831e+00 0.000000000000000000e+00
-1.452386016616355136e+00 -1.578209892919384405e-01 1.132072732480754462e+00 0.000000000000000000e+00
2.070118003309003862e-01 4.455387998866132925e-03 1.782927485614572150e-01 0.000000000000000000e+00
2.564937573658812031e-01 -6.918701555476841625e-01 3.923542715607772902e-01 0.000000000000000000e+00
5.667293632231122924e-01 2.018988205604453079e-01 4.283211382656925137e-01 0.000000000000000000e+00
9.841962511125325053e-01 1.735193254283338815e+00 -9.473253306678984798e-01 0.000000000000000000e+00
-1.568654076188421287e-01 2.425797806513476207e+00 5.585273718477036242e-01 0.000000000000000000e+00
-1.068481960637031936e+00 -5.245112652625558702e-01 -1.373762478209550331e-01 0.000000000000000000e+00
7.604008640010493369e-01 5.681336794488892616e-01 2.261027667189748680e+00 0.000000000000000000e+00
-9.706731321119946854e-01 -9.639782193414188349e-02 3.906769358215432808e-01 0.000000000000000000e+00
-1.510917424413977250e-01 -5.035447137673558504e-02 1.917231376391167197e-01 0.000000000000000000e+00
-1.184913151848682872e-01 -6.181407852000175840e-02 -2.498270971667800877e-01 0.000000000000000000e+00
-5.458595229990365061e-01 -2.419552892485194451e-01 8.841591971308621067e-02 0.000000000000000000e+00
-2.669036603813347841e-01 2.187634095310564495e-03 1.410731902962212014e-01 0.000000000000000000e+00
-1.066248845781693433e+00 -6.852803336489007857e-02 1.082074017100008279e+00 0.000000000000000000e+00
-4.143119655448797567e-01 -5.281406159993108640e-02 6.359074389195927546e-02 0.000000000000000000e+00
-1.722848954761221130e+00 -1.157024948115283225e+00 2.099562754288022415e+00 0.000000000000000000e+00
4.085543526879847898e-01 -3.278325405285912875e-01 9.110126132704410296e-01 0.000000000000000000e+00
-7.986945250818354713e-01 -1.480807486468851408e-01 6.943968771464852363e-01 0.000000000000000000e+00
1.712160020133917937e-01 6.232378108729385024e-01 7.506415090809882562e-01 0.000000000000000000e+00
2.561244104040343750e+00 2.404056396714947308e+00 1.339562986855392879e+00 0.000000000000000000e+00
-1.498322355394660355e-01 2.288254335503826287e+00 -2.375009489759102088e+00 0.000000000000000000e+00
5.091173802984970687e-01 -1.414623824610973912e+00 4.601394554644293589e-01 0.000000000000000000e+00
2.358923197530670368e+00 2.533306614864850648e+00 4.202234698030919424e-01 0.000000000000000000e+00
1.007100037125210124e+00 4.253877187065414067e-01 8.223973325958852110e-01 0.000000000000000000e+00
2.488157481490744338e+00 1.580932399421408174e+00 -3.457843291596880864e+00 0.000000000000000000e+00
2.487267441483973052e+00 2.449564657023968639e+00 -8.187430359604135344e-01 0.000000000000000000e+00
-9.448111479464207374e-01 7.453245055631109173e-01 -2.309719934534559371e+00 0.000000000000000000e+00
-1.954471535994478426e+00 -2.305355492106118120e+00 1.396256515590413860e+00 0.000000000000000000e+00
-1.682501332463203436e+00 -1.037954358710858838e+00 -2.230808064172874694e+00 0.000000000000000000e+00
-7.726126428946208380e-01 -1.004483618301105885e+00 3.132890555255425369e-01 0.000000000000000000e+00
