-2.268527375621913755e+00 3.186226903598144755e+00 5.994026512809819129e-01 0.000000000000000000e+00
-2.082475622195085752e-01 1.780050578493701963e+00 1.581846869706066694e-01 0.000000000000000000e+00
2.528443257083381468e-01 4.271246799806071026e-01 -1.735639560333460119e-01 0.000000000000000000e+00
6.320879112061436045e-01 -6.723994016465004164e-02 -5.636092054804443530e-01 0.000000000000000000e+00
4.147141007036683757e-01 -1.045100046083096423e-01 4.200542496971862994e-01 0.000000000000000000e+00
-1.002954549984998112e+00 2.556005480380130201e+00 1.043918727083244624e+00 0.000000000000000000e+00
-9.952596069307607651e-01 2.265186311823188803e-01 2.261439304042242249e+00 0.000000000000000000e+00
3.225281995900188270e-01 -5.911660384263041357e-02 2.434777427683173789e-01 0.000000000000000000e+00
9.192790788042978223e-01 -1.420068121518789583e+00 1.910418770143423595e-01 0.000000000000000000e+00
6.339438576146199100e-01 1.791576214936159595e+00 -2.865548371611528644e+00 0.000000000000000000e+00
4.208687791844147874e-01 -6.336925989528148229e-01 3.250043929742567062e-01 0.000000000000000000e+00
1.244840230395955899e-01 4.236894817171574235e-01 6.935791356577865330e-02 0.000000000000000000e+00
6.031257059674502985e-01 -9.919053739764972510e-01 -2.283254042694014482e-02 0.000000000000000000e+00
4.382876817818082693e-01 -6.985729509497787815e-01 8.803416401430196048e-02 0.000000000000000000e+00
8.323461313736743028e-01 -1.709125968681011631e+00 1.628501603953983953e-02 0.000000000000000000e+00
3.015581882592985874e-01 1.962574002243277493e-01 -5.238187152037971916e-01 0.000000000000000000e+00
-1.076990654842951756e+00 6.211708851940800358e-01 9.065252513623315300e-01 0.000000000000000000e+00
-4.906540030495941673e-01 5.047478876874827991e-01 -4.784621487925544425e-01 0.000000000000000000e+00
-1.222014866333176603e-01 -5.696347811876634193e-01 2.972470033849545223e-01 0.000000000000000000e+00
-5.919367252097247345e-01 8.179559196233651130e-01 -5.316130625188814074e-01 0.000000000000000000e+00
1.815350115063170400e-01 -3.817409554960571882e-01 1.053790966768321097e-01 0.000000000000000000e+00
6.302697089574228750e-02 1.828224294963004259e-01 4.105372223810353077e-02 0.000000000000000000e+00
1.375395999716014228e-01 -2.946165765770860090e-01 -1.065028771231154719e-01 0.000000000000000000e+00
2.823916497022060379e-01 -1.524581684247872326e+00 -3.735700255069612230e-01 0.000000000000000000e+00
1.557232487692798706e-01 -2.914978585481456386e-01 -5.594923665038757932e-01 0.000000000000000000e+00
3.170069409447552333e-01 -1.408828620720383062e+00 4.349047295334833585e-01 0.000000000000000000e+00
-1.307046262091860589e+00 2.104089965286087160e+00 6.664469163706094879e-01 0.000000000000000000e+00
1.394738204158858241e-01 -1.417286190370390664e-01 -3.491723070294348585e-01 0.000000000000000000e+00
-2.432366862669648189e-01 1.508417128634574611e-01 1.373939667765082806e-01 0.000000000000000000e+00
5.586321311950481067e-02 -3.821076046282377292e-01 5.014311553345181770e-03 0.000000000000000000e+00
-1.072751776317917516e+00 3.554293853315078078e-01 1.689532382568739832e+00 0.000000000000000000e+00
8.506770715173198605e-01 1.380490807143601950e+00 -1.094599585012564269e+00 0.000000000000000000e+00
2.360809061226982197e-01 9.651813433388792274e-02 5.719192240827425389e-01 0.000000000000000000e+00
-2.755252684320224632e-01 2.330014620520580948e+00 -2.991222035615288544e+00 0.000000000000000000e+00
-8.442472390056361409e-01 -4.587357278662665405e-01 1.455549729810358794e+00 0.000000000000000000e+00
-1.175361788560644327e-01 2.045914163823386034e-01 -1.143482390766866752e-01 0.000000000000000000e+00
1.171103404972871215e-01 -4.030471688198621338e-01 4.662530370164811450e-02 0.000000000000000000e+00
-2.734892917276697255e-01 3.766393545671437026e-01 -3.125544867713751090e-02 0.000000000000000000e+00
-2.632838135711788596e-01 -1.059365503399652297e+00 -6.242910393911447198e-01 0.000000000000000000e+00
-3.719769521393824774e-01 -2.450297262200041570e-01 -2.378007382111732571e-01 0.000000000000000000e+00
-3.849140395187235497e-01 -4.543226534880453332e-02 -1.201856779963062644e-01 0.000000000000000000e+00
-1.434173714146784073e+00 3.111605569896095602e+00 -7.119241006678593831e-01 0.000000000000000000e+00
3.051402983173742145e-01 -1.051059906833908153e+00 5.653784883256139926e-01 0.000000000000000000e+00
-5.784973843189950005e-01 9.303589087581525252e-01 1.131389746732999746e-01 0.000000000000000000e+00
4.752363094955575074e-02 -2.967169739190686495e-01 9.381141099940275285e-02 0.000000000000000000e+00
-6.838397254984940332e-01 -5.137671839731771106e-01 -2.637892618537466816e-01 0.000000000000000000e+00
7.260871450755498335e-01 -1.168801902189728681e+00 2.939094067880332339e+00 0.000000000000000000e+00
4.690820921760688322e-01 5.370968225704081389e-01 -1.136221720308455030e+00 0.000000000000000000e+00
2.673350358931689819e-01 -2.027013493613972483e-01 -8.041241094356229580e-01 0.000000000000000000e+00
1.405002605624744161e-01 4.759807217769191912e-01 -1.556266118987532421e+00 0.000000000000000000e+00
1.363178899477733630e+00 -2.625255168125120608e+00 2.087999688369888585e+00 0.000000000000000000e+00
2.577720661210937680e-01 -2.350859029011082235e+00 9.566060842184900270e-01 0.000000000000000000e+00
9.015986325809880464e-01 -2.243675333457518573e+00 1.475602923364754959e+00 0.000000000000000000e+00
-2.856140719986668963e-01 1.502482383731620352e+00 -1.112639721122429037e+00 0.000000000000000000e+00
-3.483673666053324069e-01 -1.728894818761480545e+00 1.224792207768437224e+00 0.000000000000000000e+00
-1.603787301932896980e+00 1.495512440860234049e+00 -4.121335861755706098e-01 0.000000000000000000e+00
