2.145691337536147270e+00 5.791996756283254166e-01 1.758676870882082688e-01 1.454929217021964927e-01
-1.507460272887542363e+00 -8.652858656790473058e-01 -6.308696072975481517e-01 -6.369206756889292942e-01
8.720608429896163916e-01 5.769167792482688961e-01 6.131589875741196849e-01 5.978474647161896582e-01
-3.112277834623259576e+00 -7.635996183186368746e-01 -6.390107833508136548e-02 4.489003015218800963e-02
1.052347667662377084e+00 -9.078275078641448448e-02 -1.166619154739830522e-01 -1.197016717161919763e-01
-1.022232736990046131e+00 1.996140140199252899e-01 1.418955529811574690e-01 1.355934809593230539e-01
1.447527559989181922e+00 7.896087138146216100e-01 2.750980952694800363e-01 2.974304575655423166e-01
4.928676025245781744e-02 6.160871333080220058e-01 4.002815632050489292e-01 4.398821505211985006e-01
4.721962442173084362e-01 1.020680891418405123e-01 -7.432313546607019483e-03 1.369411535698020210e-02
2.061159315554285776e+00 5.381759769402929550e-01 -1.421797333297569743e-02 -1.521656129638886412e-01
-6.097379525788271248e-01 -1.626267286410958413e-01 3.292386192113581078e-01 2.289501755446576303e-01
-8.067094693161158681e-01 -9.732686687405253112e-01 -6.688647640877967149e-01 -7.338409844326481135e-01
-2.481624662864228892e+00 -5.452944418674052773e-01 -1.387048866573496464e-01 -1.299639988902165921e-01
3.905033675387947767e-01 2.338826950906287561e-01 3.776100160863309907e-01 2.955848835739688374e-01
1.239447252337023020e+00 -3.835991516252916789e-01 -1.344953425068713682e-01 -1.631680573829124570e-01
2.979131958262963398e+00 6.682583346739237040e-01 8.718062612731200534e-02 1.211374585496120260e-01
-6.791169793154088197e-01 2.749273358386083999e-01 3.570301304613091031e-02 7.437678783382162262e-02
-1.300642887012235072e+00 1.241659939436923210e-03 -4.975123263720282463e-02 -4.682805298464470800e-02
1.697792887494490088e+00 -1.258945745101138769e-01 -2.799755016803537333e-02 -2.183332407040258771e-02
-6.648902798420448512e-01 -2.135374552008271198e-01 -1.130021656774439498e-02 5.909979589654774934e-02
9.271751698062374869e-02 -1.637794823393716737e-01 -4.137968501801024823e-01 -3.290078632158291438e-01
4.799802511283739470e-01 4.100785137822554605e-01 2.381911960091571689e-01 2.783588800110983197e-01
1.654845624057817988e+00 5.873811432934417098e-01 1.626686130774473160e-01 1.378354658860373450e-01
-4.175082585980733896e-01 2.441420330306143249e-01 3.754245541804077102e-02 8.541152211435698582e-02
-4.845314246829659499e-01 -2.225297479890453456e-01 -3.137528025351130068e-01 -2.313917294168548189e-01
-2.922621455982830518e+00 -9.551314674716617770e-01 -2.105170784696088204e-01 -7.139512409714637853e-02
9.608284065679688624e-01 -2.558931148889054263e-01 -1.090490738513531233e-01 -9.581188222587938563e-02
1.071394829936846094e+00 -3.062106696632160840e-02 -2.491925429072111564e-02 2.916155745092585683e-02
-1.468896715333273484e+00 9.023949497961158972e-02 2.054643503931029291e-02 4.481690347795624918e-02
3.500398946619678320e-01 4.726398746323304811e-01 5.486255872314838022e-02 3.212348999013336925e-02
-1.632297534225368052e+00 -6.055570744807498018e-02 -3.646637715986500439e-02 -2.454515139663104861e-03
-3.780000774227039173e-01 -2.556190649008704963e-01 -5.528862444928717146e-02 -5.147408363284039501e-02
5.307723448882990525e-01 -1.147891672044980549e-01 -1.161678819806441498e-02 -8.509534306073790466e-02
-6.026285295710085421e-01 1.521133742206632611e-01 -1.289793883832357491e-02 2.110447005194693304e-03
8.207388562170096769e-02 3.161487671989657300e-02 4.055994188895559183e-03 -8.336746870210621357e-03
-1.424528572273037197e-02 4.394220153842290366e-02 9.544694458218221100e-02 7.636599459967757797e-02
-8.543564132975231540e-02 -5.946133744101295138e-02 -2.548185651006858871e-02 -3.374988023673945736e-02
-3.666015623737186035e-01 -1.688024395655499110e-01 -7.113053095627060174e-02 -6.675890734483876099e-02
9.773984567184684780e-02 5.446394727795667023e-02 7.401399147159959391e-02 4.443522430317614624e-02
2.733178598357527411e-02 -4.381269556828698564e-02 8.314754144840563743e-05 -1.652795300702634279e-02
7.848279639155738563e-01 3.248422085883300170e-01 8.595308766454715088e-02 2.653553572034703795e-02
-2.638986591175780383e-01 5.578669928066451456e-02 1.822443115669199198e-02 1.605691319269333950e-02
-2.233986487405548171e-01 3.971217237686247570e-02 2.953337932731273097e-02 3.696016201170271298e-03
3.030469792085526137e-01 -1.415274772427566052e-02 6.810112859127748219e-04 -1.540256504301718010e-02
-3.034670158476924229e-01 -3.941349072876429993e-01 -8.060625773008656125e-02 -1.355603249345460615e-02
7.236920160257084289e-01 -8.057178703067019443e-02 -5.127576337572287146e-02 -1.836098642847144163e-02
1.876106041296927707e-01 7.151420539579045332e-02 2.683943457771550967e-04 9.088526826674436787e-03
-2.218715698386324042e-01 6.240473049150807583e-02 4.532871031027473074e-03 6.479368487736630877e-02
2.792511585016280717e-01 -1.008090785343238038e-01 -2.423937166861622750e-04 -1.069554560140820176e-02
-3.799005626423881954e-01 -1.828523240366719538e-02 3.928173217466135458e-02 -9.836300440180881233e-02
-4.729681648794295534e-01 -2.351267161518132975e-01 -7.604168865953547796e-02 -6.897621244389423589e-02
-1.496738914407398646e-02 -2.014434016349250511e-01 -7.733556466630808757e-02 -3.919153297457311780e-02
-2.048300027597815820e-03 -3.203914398681284581e-02 1.608054700929499592e-02 -3.644831477703480704e-02
-6.661199682453719517e-02 -4.304535306901491332e-02 1.705056237549712472e-02 -2.353095690499096282e-02
6.596790538947067128e-02 2.808432096933988209e-03 -1.710993455193252077e-02 8.945569931328584135e-04
-3.195264180055903402e-01 -1.515273209275050381e-02 6.372679492059547812e-02 6.634063250134303313e-02
1.574203955495083462e-02 6.721075984292284797e-03 1.874773128267618900e-03 5.096376081469350047e-03
