6.236107878909269431e-02 -1.873265404978385895e+00 2.133759557763037495e+00 1.157165072221855828e+00
-3.115857633180684205e-01 4.771975706640436687e-01 1.123337689277831952e+00 1.457257937165684636e-02
-3.097290535930681821e-01 -2.170871779283206848e+00 1.207738601707361692e+00 -2.189523822176188406e-01
-5.221331548930030486e-01 3.368268052218340358e+00 -3.518790377370768496e+00 -2.293159775708145887e+00
-1.420758164286808900e-01 -3.239230616453951050e+00 1.221420501853349716e+00 1.321421448120067899e+00
-6.643094430155034591e-02 1.574570840560837404e+00 -8.956759098798242613e-01 -2.587475859350192864e-01
-1.268280557124498165e-01 -2.362726557726235299e+00 -2.974993443830495465e+00 -2.095496239636575275e+00
1.767185667703724539e-01 2.033524979453887660e+00 -2.657095087892100693e+00 -7.866189226924069633e-02
-1.669025359898478056e-01 -3.839790538792463792e+00 -1.421246063533269099e+00 -4.668602615118904176e-01
4.133888163584347741e-01 -2.850228134266558300e+00 2.609616167676815035e+00 1.677598256762537821e+00
-4.754293862183393005e-01 2.530336654704230082e+00 2.416613408552247932e+00 2.320505211930982359e+00
5.856860727582439974e-02 -4.734685181752240624e-02 2.539715368098646842e+00 3.330061434997163561e-01
4.443583771536818716e-02 -7.846657365262563744e-01 -1.069547572999857366e+00 -8.492425862326395958e-01
5.693177006195948575e-02 4.727508188633609443e+00 1.759251674415594380e+00 8.276650178250349876e-01
1.139631243599182331e-01 -2.952777623896062131e+00 1.341830158342947055e+00 6.122390790464796173e-02
-1.354291428465809743e-01 -2.411368123761839399e+00 -2.801755597084835347e+00 -2.098039311275486707e+00
-1.258974276679127868e-01 9.000973335886470750e-01 -2.472675860204178289e+00 -5.203641101902012345e-01
-4.431358847157215730e-02 -7.233888574193518828e-01 2.939026777351707032e-01 6.930893441404191169e-01
-2.794432235240340567e-03 2.376526356401856166e+00 -3.554177439664732985e-01 -1.650232424597634084e-01
-1.056612814020619351e-01 9.867007062834591835e-01 -8.988345490775111468e-01 -5.278580257162275302e-01
5.641107162428896649e-01 -9.868365123265560035e-01 -7.174051318215295403e-01 -9.047046842353050344e-01
-5.044249051644771054e-02 -4.005610669397290380e-01 -1.101147512270483686e+00 -1.995438343172560858e-01
-3.808741087519999513e-01 1.655229049327217261e+00 -9.551788394117988190e-02 -1.905100651705713410e-01
-6.610587960703240284e-02 1.621425256045376351e+00 -7.077628283836628897e-01 1.647277867168502052e-01
4.389985127304668611e-02 -2.252204648510236051e+00 -8.947720178083020670e-01 -3.474729065299842490e-01
-1.196652305240486491e-02 3.529471730069237978e-01 8.415419391268943450e-01 1.048797392745533408e+00
2.485532651053945496e-04 -1.023425388741628694e+00 1.942001190353030982e+00 6.086426708012687703e-02
2.789537163166307121e-02 5.520178754252311748e-01 -3.232825245195648511e-01 -1.101364074216899525e+00
7.407822269739516852e-03 -2.546110027838630607e+00 3.629522042023425321e-02 2.783316520450871412e-01
3.527861723968950258e-02 3.781229158074912888e+00 -1.554841611191747575e+00 -2.190008692430082338e+00
1.017842929943056501e-01 2.693892040906994634e+00 9.657324849254194099e-01 1.030263523619856514e-02
7.830704003334343355e-02 1.983611376483835009e+00 5.884834568878363203e-01 1.597650232685041694e-01
3.029072317928208080e-02 -1.361281257460955629e-02 3.142107147601036488e-01 -1.015415906335476182e-02
-5.622201779304752955e-03 -1.693607722761996115e-01 -2.285439430771640801e-02 3.914613159611329829e-01
3.842358451643310135e-03 -1.174092077402073553e-01 1.189833923672672933e-01 5.825888170138467104e-02
-1.135404407029776547e-01 1.609696824847144936e-01 8.704634016752110792e-02 1.485083688480857145e-01
7.282218458159198105e-03 1.003940260517850458e-01 1.837020028551224482e-01 3.777540879193169721e-02
2.240780871310961153e-01 -2.826485898649091499e-01 1.227811742717938026e-01 2.246478077568678788e-01
-9.335417095078395178e-03 3.991040788500681558e-01 1.610575483893444404e-01 5.147246677804109827e-02
1.186761991105268060e-02 -2.657134164644737728e-01 1.240741610904198405e-01 -5.827215925761489168e-02
-7.242160696223137739e-02 -1.531570683534366761e-01 -1.826413284671664083e-01 -4.537304991463059767e-01
1.108635279424603770e-02 9.361543098190150403e-02 -6.058878172550636876e-01 -4.744536798374432429e-02
-6.989687283199364637e-03 -1.437894828336597208e-01 4.908512447696550263e-02 3.523809505157128874e-01
-2.974382118332619118e-03 6.531141706924692425e-01 1.882879629316752679e-02 -7.031547976489327390e-02
7.649962405531426923e-02 -1.107160077745625415e+00 1.456290050127973856e+00 8.097367607262572209e-01
3.580140210658400851e-02 -9.805944223710654217e-01 -1.533815533101509088e-01 5.388216921767585710e-02
-1.378443531815762291e-02 -9.787770636981587558e-01 -2.568138662613570489e-01 -9.771344765457057324e-02
-1.245223394228451436e-02 1.983126234405629962e-02 -1.079460590563234013e-01 -4.122705909417401227e-02
7.352088340087437057e-03 7.509235915115519688e-02 4.031692642658057935e-02 -2.109487919008574686e-01
1.541106851138782652e-01 2.773392271284921051e+00 2.194660601415335144e+00 3.082770513401912993e+00
1.639735052877939470e-01 1.228560718198498103e+00 1.319122466212998557e+00 1.034429868077614723e+00
8.095168369524924357e-02 4.402370569010556345e-01 1.903695551901094518e-01 3.304217985852458961e-01
2.883160418514002510e-02 1.745647596975739013e-01 3.877843169615067254e-01 1.237719998412553091e-01
5.572446129136154891e-03 1.984124807982934335e-02 1.068314829772808727e-01 -2.465887739727468109e-02
-2.994708056443202981e-03 -3.871111593726095368e-02 6.192699306213081401e-02 -1.357245328871283241e-01
1.515718628569443227e-01 9.877231330711957469e-01 -5.555182618144249851e-01 -6.901357698105856087e-02
4.573907701349893412e-03 1.439423552355663730e-02 7.377527034627929907e-03 1.178756856072961726e-02
