-3.567026000516640982e-01 -8.069410493780446170e-03 -5.940848992874250833e-02 -1.191425601114785016e-01
-5.862884312543065191e-02 1.320556333230516188e-01 1.316732753520428179e-01 1.124218883317898987e-01
1.908671633547400770e-01 1.331683706202431428e-01 1.361931032249955320e-01 1.749316358670170712e-01
5.827675738037101372e-01 6.024678861386598139e-02 1.609371775252944059e-01 2.653079004475893399e-01
3.078175451081751057e-01 1.394673338069162827e-01 8.531057526196397789e-02 6.918288316035553498e-02
6.496124530445812617e-02 9.732023175290703543e-02 8.628063301448318789e-02 1.027461783385963112e-01
2.419371867533268716e-01 1.697899586719633092e-01 1.383482823405446371e-01 1.640680650139342278e-01
-1.044167188484950159e-01 -1.152852259221122666e-01 -1.460457977688157383e-01 -2.738478104031031313e-01
4.706675846251806572e-01 2.148481865806580182e-01 2.079542119251852617e-01 1.679940733247872742e-01
-3.851626530904925794e-01 -8.977798450931215313e-02 -1.811941093121589574e-01 -2.633077354914414858e-01
1.351778338963883774e-01 -1.556171332366323989e-02 5.265604881541618987e-02 4.228913615914450808e-02
-1.379310470552521650e-01 -1.324280337622577020e-02 4.123911393169341078e-02 1.918075199635362882e-01
6.248460550851746564e-01 1.132438755056287549e-01 3.011961957675242108e-01 3.273919069933387549e-01
-1.437293373056383050e-01 1.574679032066372830e-03 3.665030110807721009e-02 1.128679254915367913e-01
-2.837989662263673551e-02 -1.180170781904526234e-01 -8.545637489685167787e-02 -1.134067344395335297e-01
6.624824048130697474e-01 1.909241714175284599e-02 7.783075613561618589e-02 1.518253479796007888e-01
-9.982281273935189603e-03 1.817713362354975160e-02 6.754148514302005246e-02 1.345908930302980311e-02
-1.704859100335954780e-01 -1.874359138706895717e-03 3.462864562625614373e-02 -6.528758444287463547e-03
9.879011840263984823e-02 -5.994739037555367467e-03 -2.501418538598726427e-03 -1.545141194094021286e-02
9.375240207974333551e-02 1.120887708400307436e-02 5.094690454496692000e-02 8.056237233036189771e-02
-1.383579941319839079e-01 1.649115188052246994e-03 -4.153793942207750778e-02 -4.673444194100186133e-02
8.677962433348440641e-02 1.860325154822967120e-02 -1.443441369448478923e-02 -9.278051982424712074e-02
-4.869476382274198212e-01 1.802311598820637295e-01 1.095507589323696518e-03 -1.018576125892045603e-02
-1.611556089240906431e-03 5.613950109650478471e-02 2.720522226913238417e-02 3.964439085808924013e-02
7.621167152042085391e-03 -9.392763698548051154e-03 -4.022653989243635264e-02 -1.044814470354966662e-01
-4.655647923083233719e-01 -1.999683828514858819e-02 -1.330811213905414292e-01 -1.484170965180811042e-01
1.879447614864196980e-01 7.316265163770818702e-03 -5.006905736961636544e-02 8.913535423846730144e-02
1.691300544055430732e-01 2.528964115027093618e-04 -5.934144747469483061e-02 3.325706361380298404e-02
-9.130117145165783654e-02 7.702113608082261642e-03 -4.314517548491686449e-03 2.335086968030214427e-02
-3.241367641484287354e-01 -1.364231946412948482e-02 1.081003708973492239e-02 1.932218774872879186e-02
-4.814267258897100277e-01 -9.776524496666438857e-03 -5.236078427461310358e-02 4.117967431489272245e-02
-7.138865722978637862e-02 -1.409023917485729971e-02 -4.886586830927232283e-02 -6.068540558563478848e-02
-7.918722339162798107e-02 -1.200245263655441708e-02 -1.634510134697275685e-02 -8.330295196406933833e-03
-3.150687329221169009e-02 -5.928084005453235217e-03 1.810024521567449307e-03 1.731557984563023012e-03
-7.164096921272990193e-03 3.293699463074943601e-03 -3.385657303772580257e-03 -7.355576757563736523e-03
-8.150335003175385173e-03 -3.851160703161761456e-02 -3.057305976024358996e-02 -2.772288122133295327e-02
-1.326018369471759772e-02 -3.761751091141409334e-03 2.777758762078758568e-03 1.759588595987255158e-02
2.005752224241386661e-01 2.002093523242182843e-02 6.987303106574391243e-02 7.161683447068839525e-02
-1.970092612339102711e-03 -1.819951915973172518e-03 5.444711183293621248e-03 2.360998812209019748e-02
-3.441200935683230711e-04 -1.013226286949299795e-02 -2.212411716301911080e-03 -4.073159354895550255e-03
2.355658986424627455e-01 8.253627152422296498e-02 1.361107276125418930e-01 1.337056625857923065e-01
-5.675995349525775335e-02 -4.459100091142115252e-03 1.260353868038871505e-02 -3.279402363447658786e-02
-3.439838876436970838e-02 -1.570950033036658255e-03 2.095654847109663238e-02 -8.749370558908398099e-03
2.224879698249071502e-02 -1.993477875540175526e-03 1.858658619624822816e-03 -5.332527272337933555e-03
1.758868708810080728e-01 2.410936716718880407e-02 1.143258926267028130e-02 -4.405667247189215541e-03
1.801858670954739061e-01 -1.239477872267860659e-02 8.055914579939982278e-03 -4.921234879299783704e-02
3.486805424881134208e-02 -2.773545109655189966e-03 1.982440829879728028e-02 2.702971069537218884e-02
3.875576530117519347e-02 5.265414047245647877e-03 7.672551697344681676e-03 9.638865161518600511e-03
1.890556205141580293e-02 2.975613871953559919e-03 -2.082047371672356151e-03 3.973484009931527172e-03
-4.187945947547957459e-01 -4.753640464341235550e-03 -4.173827866840296164e-02 -1.139124099842719340e-01
-1.921228563360688479e-01 -1.712736244669847696e-02 -3.058562917190639496e-02 -1.264936631972684022e-01
-6.881588558174067671e-02 -8.562902294109130119e-03 -1.718019482244273477e-02 -7.747814847434172925e-02
2.395064322812043289e-03 -2.903882267194665689e-03 -1.890183186070537591e-03 -2.582127068610401421e-02
-1.462819966232926927e-02 -6.730819754557082479e-03 -1.781769731565518988e-03 -1.337884804270615680e-02
-1.075525662707571550e-02 -2.459990536108846992e-03 4.563309247616692543e-03 -1.030036291113461955e-02
-6.858704696462755712e-02 -6.755571333330090411e-02 -5.846711499801868217e-02 -4.663951558080874082e-02
2.007668767919045839e-03 6.372926334401125608e-04 9.161500919622255022e-04 1.254592831798021207e-03
