6.989135103482890798e-02 1.585659869279720802e-03 5.901139869017225925e-03 -6.540520501208124671e-05
-2.243857954305212843e-01 -2.378858327695217989e-01 -2.394231456920518919e-01 -2.404505929873511083e-01
-2.431508046919108601e-01 -2.387273666617663048e-01 -2.391469899412623223e-01 -2.401625192566171352e-01
-7.939380209811552902e-02 6.480161122765837334e-03 -2.994770509328753549e-04 1.536523174585124885e-02
2.096758147027699692e-02 2.032161969278439839e-03 1.019434861267710934e-02 2.335187590218057441e-04
-2.995678617947472588e-03 3.393179161759546369e-03 3.793547480646294878e-03 1.966592626715120418e-03
-1.660357976429871485e-01 -1.680968071431751254e-01 -1.569195567106100031e-01 -1.493948737729997867e-01
1.481279373971648994e-01 1.489660634589776156e-01 1.528024193954957699e-01 1.596748875144558544e-01
1.269949150113802716e-03 4.359969381586031867e-03 7.133161325035455858e-03 2.530975202708202199e-03
5.753548706284306036e-02 8.389250678543347384e-03 1.525121106221043188e-02 -4.482564806058908502e-03
-7.989674831875248628e-02 -5.157727239191783886e-02 -6.542988573000542429e-02 -7.983815411294559183e-02
-4.685866164185270577e-02 -5.237072937275843998e-02 -5.766983503067218964e-02 -7.191449093937413162e-02
-1.153126851718377921e-01 -1.912110810714273690e-02 -3.766193262440226119e-02 -9.539232019798005169e-03
-3.544353036696534787e-03 -6.375964767614483719e-03 -9.231837690360622517e-03 4.838261370278956752e-03
1.017527704321552484e-02 -1.238062240066173381e-03 -3.103787559377624294e-03 2.297952056514174224e-03
-4.208131819583060818e-02 7.133566237520483355e-04 -6.721207240396348537e-03 -8.029111279933554002e-04
1.925580311514973886e-02 3.363894491026836464e-03 8.887243226621821535e-04 3.410369020380721317e-03
1.773765866459586782e-02 6.204804287266330043e-03 4.148953954594691851e-03 3.877488328763667447e-03
-4.890986623685034118e-03 1.109141209015285234e-03 1.178100287815772584e-03 8.470975279443460071e-04
-1.190203409109358290e-02 2.593263300358250589e-03 -1.486157645320410059e-03 9.734533753837149028e-03
1.463442001148784755e-03 -1.770960330082688161e-02 -1.209003767719477040e-02 -1.735801243720719311e-03
7.877255826143070294e-03 1.080087729298490062e-02 1.319837722595632035e-02 2.399328877711565111e-02
9.516600418454013166e-02 1.295007613544763014e-02 2.737592954007850299e-02 2.282702114673407223e-03
-7.133573105758128641e-03 -8.652134327799820834e-04 1.145547028872817563e-03 -3.377710491640706358e-03
2.919750273253640671e-03 3.837866500673747794e-03 4.994850270614636933e-03 -7.936621248329958633e-03
5.119081671602199179e-02 6.255594726054525268e-04 1.088865005646971751e-02 -5.952033954592650389e-06
-1.207062991914398253e-02 1.195049733981878859e-04 3.954052485288295227e-03 1.337292422348146381e-04
-1.584159093895221027e-02 -4.153339876132644548e-03 -1.626105899046076386e-03 -2.161433834575399171e-03
4.095798465434397073e-03 -5.985982354552721318e-04 -8.950522550175699088e-04 -1.005469910285217150e-03
2.914085414687517250e-02 3.639217238590619630e-03 -1.482028060036943984e-04 7.370509548491055440e-04
9.045888235304389013e-03 3.329462624555523664e-03 -2.025756107475462642e-03 -7.518145839321144219e-04
4.440027031045179484e-04 3.644655060480728181e-03 1.048613757480110209e-03 2.979634786752394238e-03
-4.632832990772439707e-04 1.154554165699650525e-03 4.445237617091146731e-04 2.030690380793592764e-03
8.631511636262301224e-04 -2.973362241568966446e-04 2.465851394678475472e-05 2.170954231545674240e-04
2.216063910978394169e-03 3.292395870310160788e-04 1.243612916926428724e-03 -1.044655786332615577e-03
-5.841422682072106021e-03 -2.254603464125252976e-03 -2.914300943179582923e-03 -5.400434851276919579e-03
-5.520946559466333170e-04 -1.017281086031343595e-03 -1.352572893697737144e-03 -3.979122242147407895e-03
-3.167688296292520134e-02 -1.239102142790657335e-02 -1.574715446669308627e-02 -9.269458578806233362e-03
-8.780545020448116134e-04 -9.997364585430656980e-04 -1.164837530307161195e-03 2.152442714702773596e-03
1.452755213744161278e-03 3.665699295090640852e-04 -1.980138774835410453e-04 9.699853843704309142e-04
-1.656460642148305240e-02 -1.724800165777806704e-03 -4.660624229554238829e-03 -4.457304282541318941e-04
3.012764718964389132e-03 8.165282680503982427e-04 -2.121334226008464441e-04 7.661615086698991828e-04
3.785795770745725708e-03 7.084553905937762686e-04 1.574556503600652024e-04 1.843527233167108204e-04
-9.079759347856430907e-04 -2.558482891490410083e-06 1.836339658402852404e-04 2.169647481904818376e-04
-1.405800780119081939e-02 -1.421210868198574673e-03 -5.329907843756309660e-04 1.541301479092815896e-03
-1.654184416564619120e-03 7.044877377588021350e-04 3.191986590497630782e-03 4.805012540377323615e-03
2.671528896409092191e-04 -7.225008780812891551e-04 8.720127416006473453e-05 -7.803373453864892451e-04
3.062996852153387906e-04 -3.538477049032096033e-04 -1.547260605682665435e-04 -1.225939127896730207e-03
-3.329364072339746627e-04 -9.276120263460030380e-05 -2.664870200004554324e-05 -1.173065884566559802e-04
4.070336460504087039e-03 2.189685148519360247e-03 -8.018889411983698423e-04 6.921261025812086576e-04
3.606350862744772678e-03 3.423158256932956611e-03 1.084157454902534568e-03 2.610364917924323791e-03
2.696906310747093638e-04 2.452352693457615640e-03 6.659254990780683059e-04 2.105522248909252880e-03
-7.337603160903483079e-05 3.903383606564947428e-04 1.556728179352151464e-04 4.801882584023475786e-04
1.612756035643814201e-04 -4.677437140713225361e-04 -2.091280163191155950e-04 4.114551885837647305e-04
5.880864263117513424e-04 1.014881928976807401e-04 -1.768565904172875181e-04 3.202636432378946907e-04
-1.077426258375714374e-01 -9.261175628199488918e-02 -9.356291613389219886e-02 -9.250187547381467923e-02
1.213798053659217568e-04 4.618241514308022393e-05 6.137193675461691559e-05 8.803912457431883930e-05
