1.175246579812988523e-01 -2.361519097924650798e-02 1.945671804151939688e-02 -4.270606507762638171e-01
-3.969108898066320279e-01 -1.114231531365076494e-02 -1.251493425432952389e-01 -1.447386474181831528e-01
-2.610208631736230522e-01 3.354261398650843634e-02 9.533829908181698509e-02 -4.567980606250433145e-02
-2.076417483610080161e-01 1.304154293151624511e-01 -5.278207650714969446e-02 8.642883218002617163e-01
-3.383366053713993127e-01 -1.772161357492425537e-01 -2.231993905703132663e-01 -6.925602037689959634e-01
-6.162502411742952768e-01 -6.070201729579783462e-02 2.337572832245168875e-02 4.068029993631273183e-02
1.781362387865889296e+00 3.095337971734021254e-01 6.572894814672998187e-01 8.861507561454636805e-01
1.302305447941479066e+00 -3.830775267021807595e-02 -1.991123764983745992e-01 3.135086245891601786e-01
1.518971832310573200e+00 -1.229263996463279274e-01 -4.347005127344427677e-03 -3.982409412384197572e-02
4.356936861176445852e-01 2.247200089635929543e-01 4.638266508264962118e-01 -4.247951279213642573e-01
-2.811989570953885575e+00 -3.232429490597951149e-01 -6.971792373535916632e-01 -1.147377949878865433e+00
-2.000491807607931882e+00 -6.365139173109637949e-02 8.345632201847288933e-02 -5.313730981871578329e-01
8.554118278623144001e-01 4.182511496634520043e-01 6.505772291855902445e-01 1.566354384528557242e+00
-2.307053724177122511e+00 -8.803889926938138211e-02 -2.282361003052215120e-01 -2.181219537266155806e-01
1.456102148994060208e+00 4.559789684587560454e-02 -2.172573147337186761e-02 -1.175134770662001477e-01
1.409053659167138317e+00 1.668593643697373896e-01 4.422261980788313451e-01 3.282978108421271690e-01
4.760916134778714337e-02 -7.697111069044840215e-02 -1.226981144954951974e-01 1.415028663229606076e-01
-3.948896924456274382e-01 -1.698520072906059553e-01 -2.513461373417123501e-01 -1.414923960987036489e-01
-4.505570115449031299e-02 -5.505355767851820292e-02 -9.085385249073069103e-02 -1.371345932699962189e-01
-2.362184255860595439e-01 -2.135501399657642185e-01 -3.280502946284030719e-01 7.433004278296156953e-02
1.776994747120886897e+00 2.629819175175581725e-01 4.608373695808657411e-01 7.570962420262161707e-01
1.111591331195723731e+00 5.641642460857071439e-02 -8.840240189634543388e-03 3.067627801894191597e-01
-1.133796732437585941e+00 -8.360648091777760360e-01 -9.244186688707202171e-01 -1.738594302843926132e+00
-9.357552787380614134e-01 1.720866776108503915e-02 -2.910562000640157243e-02 1.045278577969460387e-01
1.435768807162244309e+00 1.190157198235294450e-01 2.193756561087908397e-01 1.703994480137687728e-01
-3.457549784298461493e-01 -2.515263427306525523e-01 -6.862681642863892595e-01 -5.166885110122672042e-01
-3.111536074915521866e-01 -2.954560871142197231e-01 -1.560744987604169021e-01 -7.089887693820942083e-01
1.886299013131899072e-01 1.140293309979818065e-01 2.824087620431076084e-01 -3.835445776491958059e-02
1.447390554692165043e-01 1.234951912211500469e-01 1.389724592593507002e-01 2.128695129340462122e-01
7.810427509403904400e-01 1.243722806803947145e-01 2.405114822852741363e-01 7.062362062505160853e-01
-2.366223083430502250e+00 -6.395282177113573163e-02 -2.569689786782906049e-01 -2.983897981242191744e-01
-3.049879354941775755e-02 -3.927812144728752564e-02 -1.863515939823073841e-01 -1.404113565163458976e-01
-9.511114682169830026e-02 -5.773596653975558712e-02 -1.296544678474602919e-01 1.036603965828657714e-01
-2.224561500379309553e-01 8.689905065844022447e-03 -1.102136103980820986e-01 -8.144111761041247788e-02
2.910328638563253190e-02 3.723798584738937517e-02 5.575742625641970374e-02 -1.284015160558736601e-02
-3.513163765136315120e-01 -5.218989343853672885e-02 -8.954240165806666429e-02 -1.535575643950394809e-01
-2.049753486211349229e-01 -1.204335133923922253e-02 -1.668999283449382892e-03 -5.822641220082343944e-02
5.140558612435320862e-01 4.065819099093124223e-01 4.223641433734321438e-01 6.502848937550146369e-01
-3.033284533666143479e-01 -6.959918630654781703e-03 -3.667167513723068595e-02 -4.476116010673977796e-03
1.851009942653891738e-01 -1.089904400889512084e-02 7.482231255224522717e-03 -2.879323764399499205e-02
-2.654308249232006922e-01 -2.275512324580378221e-01 -1.318583009063092060e-01 -1.777763063889181705e-01
7.086035424045733500e-02 9.749144884617401419e-02 5.506406459685277144e-02 2.375442345542492784e-01
-2.388617655037234000e-02 -1.668881048376132104e-02 -6.781230521037520664e-02 5.077121976173848417e-02
-6.340731470100624545e-02 -4.916880778721022249e-02 -3.651097467498179427e-02 -7.663198479535435204e-02
-1.160420402523307581e+00 -4.017134006811062807e-01 -7.774485904361232436e-01 -9.300070565194177297e-01
9.551466310872721577e-01 -1.314220574264303720e-01 -3.046204662365011029e-02 -3.970535960900175437e-02
-6.955943814336451592e-03 -3.619324991230989108e-02 1.647519774135799975e-01 9.551647343535601964e-02
3.592880367061943025e-02 3.722107755847677002e-02 8.164342335100568948e-02 -7.828699198148450500e-02
7.696293897831307795e-02 -4.206809345900439090e-04 9.054761476388722974e-02 4.697989117267309389e-02
-1.756401435002493239e+00 -3.203262434582747065e-01 -3.787401276852735421e-01 -2.974357455974280806e-01
-1.741177603056316692e-01 -2.099357043512060650e-01 -2.561408378252960638e-01 -2.771873755213482005e-01
-1.873819355853306723e-02 -8.094409550932030184e-02 -9.680923695108617499e-03 -8.024183010494263801e-02
3.199445953615823179e-02 -5.417048345377525886e-02 -7.897860615111368388e-02 5.682604877638962326e-03
9.716706215914408529e-02 -1.403642254060089717e-02 -1.088186198259591536e-01 5.613313456919731548e-02
7.801687192746709076e-03 -2.523296594095566364e-02 -2.327505926895151456e-03 -3.001437791631811347e-03
-8.611167189640689390e-02 -9.447072995014921259e-02 -9.972274043739931537e-02 -1.026850503266825421e-02
2.926632420805407725e-02 9.963765509945137627e-03 1.266735143211868489e-02 1.408013875168400569e-02
