-2.098798487343426444e+00 2.044689538150346486e+00 -6.272675694797923418e-01 0.000000000000000000e+00
-6.524076236301392662e-01 4.118948070532975070e-01 -1.344884550441562132e-01 0.000000000000000000e+00
3.332636183354124038e-01 3.834179100848253974e-01 -4.164565094522625910e-01 0.000000000000000000e+00
5.316293626452355259e-01 -2.949423465628036450e-02 2.831389805517721681e-01 0.000000000000000000e+00
-5.636615543663250905e-02 -9.725770521000806634e-02 -3.488419678911258703e-02 0.000000000000000000e+00
-9.192975437213346535e-01 1.039771898032017194e+00 1.033503972307282109e-01 0.000000000000000000e+00
-1.065651435423468740e+00 1.359948233990728728e+00 2.108834950297694966e-01 0.000000000000000000e+00
8.381254121482063502e-01 -5.428367498460788809e-01 4.258812313336068217e-02 0.000000000000000000e+00
5.988435427034718428e-01 9.392171811387574343e-02 2.561101767236707571e-01 0.000000000000000000e+00
4.268858426862894712e-02 -4.873486064821145880e-01 8.155274570467914153e-01 0.000000000000000000e+00
1.256768948757650273e-01 -1.718890316014072550e-01 -2.489101968750885574e-02 0.000000000000000000e+00
5.197831529942942286e-01 -4.782540752279461627e-01 1.680797486013579090e-01 0.000000000000000000e+00
4.438634224490970448e-01 6.218325087211363372e-03 2.975671060583852043e-02 0.000000000000000000e+00
5.343759616829224512e-01 -4.780879382323633964e-01 7.176549658651790176e-02 0.000000000000000000e+00
4.921427468956830475e-01 -6.947043689317515813e-01 3.285669163401908066e-01 0.000000000000000000e+00
3.753145850370250836e-01 -2.264471053916410070e-02 2.017036626476261807e-01 0.000000000000000000e+00
-1.960532607033011743e-01 1.082679129661587192e+00 -9.551806869950655310e-01 0.000000000000000000e+00
-4.846486660531208468e-01 1.302446031742329202e+00 -6.133786887915351205e-01 0.000000000000000000e+00
1.460939150315020973e-01 -3.967720512799323695e-01 -2.294147552386215649e-01 0.000000000000000000e+00
2.570860045247730929e-01 1.485785752812156524e-01 4.313116307560826423e-01 0.000000000000000000e+00
1.034698308193579830e-01 -9.481357224773899472e-02 -2.044058970223637875e-02 0.000000000000000000e+00
1.384685581259370857e-01 -1.835351249192203882e-01 1.199129642218165204e-01 0.000000000000000000e+00
1.386595017158527288e-01 1.030050813685345901e-03 -7.627514707949691053e-02 0.000000000000000000e+00
4.043647503223263828e-01 -2.854343889288347702e-01 1.040367963447809407e-01 0.000000000000000000e+00
3.043502708448737604e-01 -1.796652859732272012e-01 1.571556830368211755e-01 0.000000000000000000e+00
1.580964714674600591e-01 -3.303082838822063438e-01 -1.022433551553251774e-01 0.000000000000000000e+00
3.709298971654491628e-01 -1.608434495273912967e-01 -3.280150215395084556e-01 0.000000000000000000e+00
-4.215258507623221851e-01 1.377978382558409653e-01 2.258130139774965073e-01 0.000000000000000000e+00
2.993409977846142045e-01 -6.191639327963425199e-01 1.087268300160046247e-01 0.000000000000000000e+00
3.693773042219585800e-01 1.481826690296617621e-01 5.859582533383643765e-01 0.000000000000000000e+00
5.996409663271560220e-01 -1.014610437613887139e+00 6.659724503067542267e-01 0.000000000000000000e+00
8.049088795708189137e-01 3.996714764131812370e-01 2.739775422353291634e-01 0.000000000000000000e+00
1.040476651812642928e+00 -1.091943536770435541e+00 3.752047644595699616e-01 0.000000000000000000e+00
3.193467677528987747e-01 -3.993994328492160295e-01 6.098119793954185353e-01 0.000000000000000000e+00
-2.045483335764017030e-01 5.324751203849695802e-01 4.170254790153060109e-01 0.000000000000000000e+00
-1.464642135048790407e-02 2.136800030435550071e-02 -2.290031166230159509e-03 0.000000000000000000e+00
-1.991099688630605380e-01 1.667634825087606631e-01 5.389816548999494701e-03 0.000000000000000000e+00
-1.841211842222483241e-01 3.420685436124148993e-02 -4.413149010341706896e-02 0.000000000000000000e+00
-1.744779814493693515e-01 2.236888201936829412e-01 1.856774113363191814e-01 0.000000000000000000e+00
-4.504645151702680317e-01 3.162145196425701910e-01 -2.975242482838056923e-01 0.000000000000000000e+00
-7.606433257396481851e-02 -6.830638003168843647e-03 1.714654426258594433e-01 0.000000000000000000e+00
5.544815917678576345e-02 -5.174382300850206146e-02 -2.181208963524071398e-01 0.000000000000000000e+00
-7.376662932196053069e-01 -2.893954600634575103e-01 5.194969061115661813e-02 0.000000000000000000e+00
1.681356656143016826e-02 4.135462385458182205e-02 -1.954775976513559166e-01 0.000000000000000000e+00
2.360796301007692111e-01 1.573804195252407612e-01 3.550625624922263412e-01 0.000000000000000000e+00
1.490659067560619055e+00 -1.574046301552049609e+00 3.559265188518971335e-01 0.000000000000000000e+00
3.777556842479021237e-01 1.098491638760626055e+00 -2.618427034463035596e-01 0.000000000000000000e+00
1.080155439438078790e+00 -1.040930475277969336e+00 -7.906604590871907368e-02 0.000000000000000000e+00
6.570197231454756315e-01 -8.170399532682025567e-01 3.850614098761294124e-01 0.000000000000000000e+00
4.671729239251284360e-01 -2.942282171725789652e-01 2.342573014464866543e-01 0.000000000000000000e+00
3.252285020257889570e-01 3.835434646280407867e-01 -1.113320890612464531e+00 0.000000000000000000e+00
-2.827361140641489468e-01 1.075796370998967078e+00 -7.411981242248520951e-01 0.000000000000000000e+00
3.792989721865016595e-01 -1.058464652497231429e+00 5.193924888076576485e-01 0.000000000000000000e+00
-1.048536959376255989e-01 9.171366280934655224e-01 -8.047468990574783154e-01 0.000000000000000000e+00
-2.926739476537810192e-01 9.549415853133231824e-01 -2.776462855814531006e-01 0.000000000000000000e+00
-3.739797961818826511e-01 8.405724003253236543e-01 2.044305205293769356e-01 0.000000000000000000e+00
