-3.062914806493900244e+00 1.619904403073882726e+00 2.432274992749368925e-01 0.000000000000000000e+00
-1.658602100485571551e+00 5.978885670695388566e-01 6.305395049807940855e-02 0.000000000000000000e+00
-1.200410442306596881e+00 -2.050824846163003201e+00 1.208572766009871735e+00 0.000000000000000000e+00
3.706069869150998564e-01 -1.639265627324401287e+00 2.027852648142569048e-01 0.000000000000000000e+00
-4.740865285778695370e-01 -7.351345131339222065e-03 9.673186243606029730e-03 0.000000000000000000e+00
1.204089830879392586e+00 -2.567415197267720606e-01 -5.155638177738313122e-01 0.000000000000000000e+00
-1.300986618542819828e+00 6.807735349869586949e-01 -2.429179303156604047e-02 0.000000000000000000e+00
-2.610891219484513526e-01 -8.029297328201359107e-01 -3.918563967793402547e-01 0.000000000000000000e+00
-9.072665246607711786e-01 -4.744072713999601676e-02 -5.054597046440930663e-01 0.000000000000000000e+00
1.552342282031529352e+00 -2.173161328158625505e+00 -1.196040685589866426e+00 0.000000000000000000e+00
-9.822976876215734621e-02 -1.724136983529279410e-01 -2.618983430906100373e-03 0.000000000000000000e+00
-8.736853550183314859e-03 -1.152581707154328172e-01 -5.135151245292012279e-01 0.000000000000000000e+00
-3.841778915627273028e-01 3.614449928411270219e-01 -4.392536151853403403e-01 0.000000000000000000e+00
1.427328868744980550e+00 -8.611996481960704219e-01 -5.713658940381797224e-01 0.000000000000000000e+00
1.774670890943724988e+00 -1.243220127428849020e+00 2.020674845714656997e-01 0.000000000000000000e+00
1.435757146295240927e-01 -1.511254623879249026e-01 1.636026409045162056e-01 0.000000000000000000e+00
4.691888190334275177e-01 -2.206023350712644326e+00 1.587683801159955888e+00 0.000000000000000000e+00
-1.918180108669352846e-01 -2.665549130418348511e+00 -1.986289047539062658e+00 0.000000000000000000e+00
-1.652468024503238819e+00 -2.041845740850440016e+00 -9.146301035452436556e-01 0.000000000000000000e+00
-1.969108177562637896e-01 -1.340935693421944519e+00 -2.321471312929877795e-01 0.000000000000000000e+00
3.884067177706760493e-02 -1.221889667439149396e-01 -8.521042944497141461e-03 0.000000000000000000e+00
1.086071114572966512e-01 1.241138081394121094e-02 -1.872342961795796235e-01 0.000000000000000000e+00
-3.877873627726698830e-02 2.710932776989155579e-01 -1.277701513953486134e-01 0.000000000000000000e+00
1.030896028316074187e+00 -7.067522413477413945e-01 -2.763621483647129007e-01 0.000000000000000000e+00
2.956087832155434580e-01 -1.216535518142352057e-01 1.507374825797814233e-01 0.000000000000000000e+00
7.592147641151747450e-01 2.966643989668334980e-01 5.711386220136396297e-01 0.000000000000000000e+00
1.195069064189403507e+00 -3.911063143180910084e-01 -1.116977108902200033e+00 0.000000000000000000e+00
-8.761493588640337782e-01 -1.673084517783232084e+00 -1.521923288041643341e+00 0.000000000000000000e+00
-1.454017298132115998e+00 -5.760468927561601671e-01 -1.149578856986271713e+00 0.000000000000000000e+00
-4.730767619617637365e-01 -1.867017914109371235e-01 -3.410583132613540513e-01 0.000000000000000000e+00
2.824592295920195451e+00 -5.923992530095518738e-01 -1.108016818106029033e+00 0.000000000000000000e+00
1.122174565498256005e+00 -8.036598985572475096e-01 -2.504340065494889078e+00 0.000000000000000000e+00
2.205745811460985362e+00 1.775106171626684159e-01 2.115301555883660756e-01 0.000000000000000000e+00
8.535855794981214162e-01 -1.267380184880101179e+00 -4.667150824305482115e-01 0.000000000000000000e+00
5.002327872585913271e-01 3.369041497677932040e-01 3.111991170313611610e-01 0.000000000000000000e+00
8.677411168510215655e-02 1.055161113425711998e-02 2.526823048907738192e-03 0.000000000000000000e+00
2.061240590833553488e-01 -1.451738137272868545e-01 2.200336576739089500e-01 0.000000000000000000e+00
2.249732713023311625e-01 -1.833880168796669929e-02 2.486552494156787085e-01 0.000000000000000000e+00
1.141013112776368410e-01 -2.877311946011154586e-01 -6.808758534076095326e-02 0.000000000000000000e+00
-5.243916110200135261e-01 1.047790858713125495e+00 6.270387907536972838e-01 0.000000000000000000e+00
-8.781473962010141743e-02 2.770281749990883835e-01 1.118749445563274325e-01 0.000000000000000000e+00
1.182687402088509199e+00 6.600769949098055367e-01 -1.150774677965955339e+00 0.000000000000000000e+00
-8.348602683649416489e-01 -1.118733385862112906e+00 -8.341826040633879558e-01 0.000000000000000000e+00
-1.277541876431406820e+00 -3.497441260618725511e-01 -3.667696323789072510e-01 0.000000000000000000e+00
8.976713581753088074e-04 -2.699167243446987108e-01 -9.698933544957641373e-03 0.000000000000000000e+00
2.731455028131625440e+00 -7.492058398810963471e-01 -9.279347775668743692e-01 0.000000000000000000e+00
2.422947786409107573e-01 -1.844640817563441226e+00 -1.379964152134666833e+00 0.000000000000000000e+00
1.585534348344567412e+00 5.742371057727814199e-01 8.389429113024376994e-01 0.000000000000000000e+00
4.162755886783912618e-01 -5.720396005231235259e-01 4.030675071442127999e-01 0.000000000000000000e+00
1.508175861583233690e+00 -3.109158833276259304e-01 5.727889807591652893e-01 0.000000000000000000e+00
2.085318810018835123e+00 -2.214942027625714349e+00 1.332042349743364218e+00 0.000000000000000000e+00
4.640978102785687232e-01 -7.324167224277619015e-01 -2.197428922307733679e+00 0.000000000000000000e+00
-7.062277269263899093e-01 -4.716003758442981475e-01 -1.495381892839110272e+00 0.000000000000000000e+00
-1.037601083043948380e+00 1.644190672043454038e-01 -1.491347498768419655e+00 0.000000000000000000e+00
-1.420546351231441129e+00 -1.766355641369187213e+00 -9.895234016448063441e-01 0.000000000000000000e+00
-3.445674536664718873e-02 -1.288160943693027916e+00 1.036849089123242085e-01 0.000000000000000000e+00
