4.304359286255421857e+00 -3.101857763148900826e+00 -1.527259720272419852e+00 0.000000000000000000e+00
1.225975078470124435e+00 -7.790536388517791400e-01 -1.879733142833771575e-01 0.000000000000000000e+00
-1.306349638512320332e+00 -1.870983287506861048e+00 1.347992778721279983e+00 0.000000000000000000e+00
-7.971493567758098919e-01 -7.688615946188405159e-01 1.795614196677300656e-01 0.000000000000000000e+00
-7.320368651682361560e-02 -6.955398451393692005e-02 -1.506880147896770272e-01 0.000000000000000000e+00
1.497295875586613034e+00 1.009815004956904350e+00 2.229425761078213775e+00 0.000000000000000000e+00
2.623691839282260574e+00 -9.558726146653467870e-01 -9.446040106659504554e-01 0.000000000000000000e+00
-1.918538834863671383e+00 -5.438330891664626687e-01 2.321546900228221577e-01 0.000000000000000000e+00
-5.811581490313624254e-01 -5.199150898322107972e-01 -8.976024309523372713e-01 0.000000000000000000e+00
-6.268965872911386183e-01 1.262224560381637550e+00 -3.758241780985761560e-01 0.000000000000000000e+00
-3.446728559294155447e-01 7.412340570009005869e-02 -1.266950921592465140e-01 0.000000000000000000e+00
-1.317655793953297350e+00 -2.173996521820803218e-01 -4.515890614441014916e-01 0.000000000000000000e+00
-3.796977673698544997e-01 -2.789842041010315854e-01 -7.614272747917391060e-01 0.000000000000000000e+00
-9.969814141195014745e-01 1.654934372050204328e+00 9.663573434429119091e-01 0.000000000000000000e+00
-4.378244722647429144e-01 1.763660176931336476e+00 -8.735439066610147796e-01 0.000000000000000000e+00
-4.762327514764501668e-01 4.152416830595314634e-01 3.071251880486826624e-01 0.000000000000000000e+00
-1.289469264439447871e+00 6.286156030403000639e-01 1.803153266690503909e+00 0.000000000000000000e+00
-9.532310144488645998e-01 3.444181934381617127e-01 6.285477820829477036e-01 0.000000000000000000e+00
-3.409533960329529934e-01 -1.180340681927101176e+00 -6.676122189484389180e-01 0.000000000000000000e+00
-9.665672667663890993e-02 -9.591231141881744193e-01 1.431238710228039113e-01 0.000000000000000000e+00
-2.049007067406903582e-01 5.456653318210410303e-02 -5.720399231305010879e-02 0.000000000000000000e+00
-5.150935895534195508e-01 -1.822273027794442946e-01 -3.483197313426912856e-01 0.000000000000000000e+00
-1.630601551072235200e-01 -1.749912025530883652e-01 -3.060245316319045727e-01 0.000000000000000000e+00
-4.412872139904016611e-01 6.797786672681618292e-01 4.150820660944464224e-01 0.000000000000000000e+00
-6.438352570412173570e-01 2.022507961861819969e-01 2.294830035594261353e-01 0.000000000000000000e+00
3.011227812557530914e-01 2.831785272514765195e-01 -3.453527924799078552e-01 0.000000000000000000e+00
6.779418901214183668e-01 1.534991696771343062e+00 -5.029492852508659073e-01 0.000000000000000000e+00
-3.708407329477844683e-02 7.517458979584084044e-01 7.757354896510804121e-01 0.000000000000000000e+00
-1.462412578292005882e+00 -4.883572359100484817e-01 1.301693787933357917e-03 0.000000000000000000e+00
2.299495787480511019e-02 -4.046107615083965325e-01 -4.796758235013251492e-02 0.000000000000000000e+00
-3.206015083237717000e+00 3.850066507813784344e+00 2.510247132607644538e+00 0.000000000000000000e+00
-1.875916182313492442e+00 3.116350381640944800e+00 -4.109331329495485297e-01 0.000000000000000000e+00
-1.460905339721216611e+00 2.127179056521834699e+00 1.397148265402960110e+00 0.000000000000000000e+00
-1.714938181375452286e+00 -5.708719641429946950e-02 4.254129489506782713e-01 0.000000000000000000e+00
1.696380783277426252e+00 -4.526982066279390260e-01 -9.454113438546242199e-01 0.000000000000000000e+00
9.768450043814477790e-02 1.681912679985187592e-02 2.147738158813850690e-02 0.000000000000000000e+00
2.733013111112667648e-01 -1.201666299123812787e-01 3.814721143853556234e-02 0.000000000000000000e+00
1.015634536833834034e-01 7.248462959015188056e-02 4.641045349204818427e-02 0.000000000000000000e+00
3.995587738158107860e-01 -4.054677126455726310e-01 5.500452892486157319e-01 0.000000000000000000e+00
6.398610662652352010e-01 -1.103592292886327098e+00 6.444700330868294857e-01 0.000000000000000000e+00
4.449012436634323941e-02 -2.359321922796166482e-01 -1.536067788502747285e-02 0.000000000000000000e+00
1.956164884427589845e+00 1.236310216642956039e+00 -1.168825816848021448e+00 0.000000000000000000e+00
4.177445757963832995e-01 4.363924288076002633e-01 1.633709106561725521e+00 0.000000000000000000e+00
-1.152097422574446473e+00 1.476380327009208480e-02 3.298201015459011065e-02 0.000000000000000000e+00
4.776176239072695839e-01 1.466298913590488862e-01 5.929960182334796936e-01 0.000000000000000000e+00
-3.152356471864551146e+00 3.635575486765473929e+00 4.042622106980454655e-01 0.000000000000000000e+00
-1.298828718992771636e+00 3.152700783870698853e+00 -3.363544502918247026e-01 0.000000000000000000e+00
-2.238941475283213300e+00 1.087803521600600343e+00 1.442863740434972897e+00 0.000000000000000000e+00
-2.153301264441461083e+00 -4.937183136554298968e-01 2.738329013176812321e-01 0.000000000000000000e+00
-1.653703824039744752e-01 1.074840059052507707e-01 -2.479576690083119539e-01 0.000000000000000000e+00
-2.492260116602351250e+00 3.101626008449219540e+00 1.719723545126904618e+00 0.000000000000000000e+00
5.639681440445125649e-01 2.602671935209500464e+00 -5.405625271102676432e-01 0.000000000000000000e+00
1.884039351271378004e+00 -9.378920580101022253e-01 3.536813335340134590e-02 0.000000000000000000e+00
-3.446855809511989999e-01 -1.048279768361944253e+00 5.367819849573660651e-01 0.000000000000000000e+00
1.491044198968235923e+00 -1.893230215106554537e+00 -1.011286024456741428e+00 0.000000000000000000e+00
4.235226867232271819e-01 -9.004561316380247371e-01 9.080096672266758928e-02 0.000000000000000000e+00
