-2.649145996764661337e+00 2.092644407543112983e+00 -6.098719726557946252e-01 0.000000000000000000e+00
-6.374538867509548234e-01 9.589586176557876041e-01 1.240801492978530707e+00 0.000000000000000000e+00
-6.537484433901001868e-01 3.375197986285732643e+00 -1.868423413088207141e+00 0.000000000000000000e+00
4.484745709216172438e-01 -7.509587411905292720e-02 3.828940183592348112e-01 0.000000000000000000e+00
1.112528012217529061e-01 4.997699821833594958e-01 5.024737026994635647e-01 0.000000000000000000e+00
-2.095636079701113541e+00 -2.898432324227252277e+00 -1.905508643114277589e+00 0.000000000000000000e+00
-1.765200249938950083e+00 -4.370087879147884213e-01 6.932331405809902085e-03 0.000000000000000000e+00
-4.653127757561626443e-01 -1.519406658984902680e+00 -1.511876005289559899e+00 0.000000000000000000e+00
-1.337561724411899799e-01 5.991714155961543886e-01 -3.452527413684521873e-01 0.000000000000000000e+00
-1.413099789270738871e+00 -3.305197182318314386e+00 -1.760640061890440533e+00 0.000000000000000000e+00
2.704894300918991856e-01 2.511397618088567762e-01 7.049402175244284807e-02 0.000000000000000000e+00
-2.726692107423406286e-01 -1.009078432154606242e+00 -6.798222360452025326e-01 0.000000000000000000e+00
-2.641637248486479739e-01 1.498975767895401046e-01 3.062143292524748678e-02 0.000000000000000000e+00
1.403673786589258454e-01 -2.539239018246097324e+00 -3.524894526898482150e-01 0.000000000000000000e+00
5.610633685650140423e-01 -2.420639778167009037e+00 -4.864880969664149846e-01 0.000000000000000000e+00
8.741553933839883717e-02 -2.702521231686251177e-02 4.456468297923761868e-01 0.000000000000000000e+00
1.126839787733126541e-01 -8.093597913924360787e-01 -8.041616785954673885e-01 0.000000000000000000e+00
5.710473319998943253e-01 2.525722117386097754e-01 -1.019613272140764693e+00 0.000000000000000000e+00
-2.327847228756158293e-01 1.906713544223089363e+00 -1.317204717259047531e+00 0.000000000000000000e+00
1.159050784215348351e+00 -3.263629900570516051e-01 3.976865875682941143e-01 0.000000000000000000e+00
2.011967402258373061e-01 5.868521301958129488e-02 -4.052293167696111031e-02 0.000000000000000000e+00
-1.470405666985984960e-01 -3.822956908115377472e-01 -9.073517725139973455e-02 0.000000000000000000e+00
-1.630751196674262993e-01 -1.014854141274622312e-01 8.222917264317131103e-02 0.000000000000000000e+00
3.230647823256047602e-01 -1.658481820369613668e+00 -4.871239217142837585e-01 0.000000000000000000e+00
2.662664213109924849e-01 2.299694219573603648e-01 -4.157007992636402999e-02 0.000000000000000000e+00
5.064585727870838383e-01 -3.140896599870118266e-01 -1.489407626711881649e-01 0.000000000000000000e+00
9.029349009233450518e-01 -2.306864916288715595e+00 -9.393061603526998704e-01 0.000000000000000000e+00
1.638637740065446435e-01 1.806515303428251285e+00 -7.767105547838391022e-01 0.000000000000000000e+00
-4.605057211787633165e-01 -1.893332693428776414e+00 -3.857415605833079963e-01 0.000000000000000000e+00
4.130785709368888226e-01 7.118400016965525934e-01 8.627440089884907959e-02 0.000000000000000000e+00
-3.950897037862559635e-01 -3.185362753076237841e+00 -3.282356576806783277e+00 0.000000000000000000e+00
1.306508903178399184e+00 -3.043337889013873809e+00 -8.924853384978914672e-01 0.000000000000000000e+00
-5.490237533256755453e-01 -3.874671398646304610e+00 -1.787955089183400403e+00 0.000000000000000000e+00
-1.619363339640448318e+00 -1.779444935028795971e+00 -1.783206422758654375e+00 0.000000000000000000e+00
-7.150670446426832250e-01 -1.781852866638079291e+00 -2.461610127445811036e-01 0.000000000000000000e+00
7.038014667316862261e-02 -1.149826604222146387e-01 4.543654293046846954e-02 0.000000000000000000e+00
-7.972532124546716226e-02 1.439167851468603487e-01 1.713781399620636081e-01 0.000000000000000000e+00
7.402910438390558623e-02 -2.225947106712350410e-01 -4.589693115897197639e-02 0.000000000000000000e+00
-1.959343829285148664e-01 -6.907465898750095867e-01 -3.494281274743324950e-01 0.000000000000000000e+00
-3.369113705193476638e-01 1.585255621776926693e+00 1.205695474937295980e-01 0.000000000000000000e+00
5.999403425344083246e-03 3.992818569878118784e-01 7.042220139999989109e-03 0.000000000000000000e+00
1.696303673114534671e+00 -6.739269828781738747e-01 -4.726872609880329867e-01 0.000000000000000000e+00
-1.427818504334272664e-04 1.120839805782555265e+00 -3.242167864673321520e-01 0.000000000000000000e+00
-2.109087782756636498e-01 1.880711195540957781e-01 4.482495497147583885e-01 0.000000000000000000e+00
1.309775917779501531e-01 1.206160720694906263e-01 5.908026947149470631e-01 0.000000000000000000e+00
2.172851361371589185e+00 -3.060810878766710097e+00 -2.306321115736809535e+00 0.000000000000000000e+00
2.302763077027039085e+00 -2.609123720924870327e+00 -4.682485025388576361e-01 0.000000000000000000e+00
8.095159565589920003e-01 -2.401156308431886099e+00 -9.574172064984354247e-01 0.000000000000000000e+00
-4.072750158655376040e-01 -2.008715978049898654e-01 -4.378344703623819889e-01 0.000000000000000000e+00
7.254419329358750002e-01 -6.280662754553946181e-01 -5.291331659426110612e-01 0.000000000000000000e+00
-4.540642522593563712e-01 -2.727463949249042230e+00 1.627913577024010294e+00 0.000000000000000000e+00
-4.076228679580464753e-01 1.644103930018072646e+00 -1.827853700843600881e+00 0.000000000000000000e+00
-3.614937867806070626e-01 -2.103841449083664550e+00 9.292980358974163302e-01 0.000000000000000000e+00
7.747457765557107523e-01 -8.886902386079412741e-01 4.976094898349274209e-01 0.000000000000000000e+00
6.083739144138231580e-01 -1.652527662267378183e-01 -1.626452635248774925e+00 0.000000000000000000e+00
7.728227254238182464e-01 2.292165866628131654e-01 -2.794744523828202043e-01 0.000000000000000000e+00
