-3.706514510623482028e+00 -2.083018783948576313e+00 -4.550723304333276764e-01 0.000000000000000000e+00
-7.146230652378762205e-01 3.644660254479533124e-01 3.153966150156776838e+00 0.000000000000000000e+00
-2.728205430645616603e-01 -4.238156110988960279e+00 8.285111883584256320e-01 0.000000000000000000e+00
8.398451236037756118e-01 2.470764985018861493e-01 4.002469927151477980e-01 0.000000000000000000e+00
1.905819791298848653e-01 -3.104191395340897830e-01 9.462797909941339514e-01 0.000000000000000000e+00
-1.953302044666754556e-01 2.696382392389349292e+00 -4.830397583531374828e+00 0.000000000000000000e+00
-1.912642757535830240e+00 -3.515561810997732128e-01 -7.077779831881785277e-01 0.000000000000000000e+00
-2.391904427703558100e-01 -1.580629058173347312e+00 -1.461846701044101637e+00 0.000000000000000000e+00
2.177091378336184491e-01 -8.196543325532805735e-01 -9.496991846270442794e-01 0.000000000000000000e+00
2.265146794793548413e+00 -1.909368813744958926e+00 -3.328501434736041542e+00 0.000000000000000000e+00
3.361574898403680844e-01 -3.302662394223103703e-01 -1.732188864178745361e-02 0.000000000000000000e+00
-2.005780184794744292e-01 7.287145798294253352e-01 -2.336731343748187584e+00 0.000000000000000000e+00
-8.746445840446433195e-02 4.747323616776235045e-01 -1.658824122019978697e-01 0.000000000000000000e+00
1.219079189611172120e+00 1.460906463376028031e+00 -2.323157508925232317e+00 0.000000000000000000e+00
1.916272784642015559e+00 9.474260447538684904e-01 -8.563015888886476024e-01 0.000000000000000000e+00
3.414386967112889026e-01 1.268268945699684735e+00 1.091496625068519855e+00 0.000000000000000000e+00
-1.174367771765180812e+00 -2.800222143738573699e+00 -1.592754027207733125e-01 0.000000000000000000e+00
1.043546581097425374e-01 1.262285056803800209e+00 -1.493295438725910085e+00 0.000000000000000000e+00
-8.946129531884257705e-03 -1.830055010475678756e+00 -1.502732195318146724e+00 0.000000000000000000e+00
8.576317023748694091e-01 -7.821560010667935048e-01 -1.293999217215454856e+00 0.000000000000000000e+00
2.117690562072995220e-01 -1.084258728303274660e-01 -1.870869988769321701e-01 0.000000000000000000e+00
-7.463216926649268723e-02 6.647391453495050673e-01 -1.350524961612859842e+00 0.000000000000000000e+00
-9.834056649403337402e-02 4.437693683068945627e-01 2.740392979612331706e-02 0.000000000000000000e+00
2.497802194849865765e-01 7.515333974531657191e-02 -1.086038506250748714e+00 0.000000000000000000e+00
4.326647435746477366e-01 1.884881538086571051e-01 5.549832957012033885e-02 0.000000000000000000e+00
4.701621824430459173e-01 9.227614310984010026e-02 -4.951341216048276567e-02 0.000000000000000000e+00
-5.976898940862980236e-01 4.387247764533748207e-01 1.510700511959560011e+00 0.000000000000000000e+00
-9.799230461580271667e-01 -1.493397535526425512e+00 6.811445486433618246e-01 0.000000000000000000e+00
-4.661330922546024214e-01 -8.164540504792153763e-01 -1.157308980795291653e+00 0.000000000000000000e+00
3.862265338821123661e-01 -7.674824418191955600e-01 -6.651099325587584987e-01 0.000000000000000000e+00
3.285923235059172498e+00 6.873887391276927161e-01 -5.269232728387102327e+00 0.000000000000000000e+00
1.543433430481123025e+00 -1.208651707752938398e+00 2.495546764511533233e+00 0.000000000000000000e+00
2.090869034060349740e+00 1.323248344249907005e+00 -5.797024153333660834e+00 0.000000000000000000e+00
8.463116593770987350e-01 -7.125557859688703699e-01 -2.592275349664479478e+00 0.000000000000000000e+00
-1.307151372036008175e+00 9.971898471905926709e-02 7.790807963511143797e-01 0.000000000000000000e+00
2.109367995431243176e-02 1.590815776680951921e-01 -2.398194024534178875e-02 0.000000000000000000e+00
8.131445578511455052e-02 -3.354856249917166910e-01 9.652234597368123392e-01 0.000000000000000000e+00
8.978861570243855394e-02 -1.385686067171262581e-01 3.624744855818873984e-02 0.000000000000000000e+00
-1.073506966748829505e+00 -1.640801309733622496e-02 -8.822678689384148842e-02 0.000000000000000000e+00
-8.678451347958542339e-01 -2.138452338225088345e-01 3.321342006531111668e-01 0.000000000000000000e+00
7.409656367259975784e-02 -2.345162109659865990e-01 3.632594425065817367e-02 0.000000000000000000e+00
6.082189755906847878e-02 1.594105436052863256e+00 2.379811084424209078e+00 0.000000000000000000e+00
-1.444425528053010721e+00 -1.907897487537164372e+00 1.688825525153341722e+00 0.000000000000000000e+00
-5.290235881945110075e-01 3.443381513993469811e-01 6.443758916154104233e-01 0.000000000000000000e+00
-1.304904176726461862e-01 2.256380527540876868e-01 8.817046430143377078e-01 0.000000000000000000e+00
3.789865888789078152e+00 -1.371388955027255108e+00 -2.358065443485104051e+00 0.000000000000000000e+00
5.342134103105244947e-02 2.501559151998705488e+00 2.225181765476635043e+00 0.000000000000000000e+00
1.789235801788427782e+00 1.044861110398839221e+00 -2.588099893238612115e+00 0.000000000000000000e+00
4.649217250863930673e-01 2.593484038669295000e+00 -4.144347317228461169e-01 0.000000000000000000e+00
2.652216970989582645e-01 1.041029894846682513e+00 1.387360077248689372e+00 0.000000000000000000e+00
-8.940880518653147868e-02 2.941308452374655213e-01 -2.974989328075956951e+00 0.000000000000000000e+00
-6.798523680518002710e-01 3.219622370717183379e+00 1.069223568638016930e+00 0.000000000000000000e+00
-4.804758940119938093e-01 1.954957923522061103e+00 6.803004689493086232e-02 0.000000000000000000e+00
1.573004548132317160e+00 1.371936259570769145e+00 -1.012688714848050120e+00 0.000000000000000000e+00
-3.414639462194978825e-01 -1.263888423621915225e+00 -1.321384403492223525e+00 0.000000000000000000e+00
-1.252798524682543491e+00 8.650975978194498373e-01 -2.563789526229703214e-02 0.000000000000000000e+00
