3.162402110624237928e+00 -5.057938862376621714e+00 4.459108884088490043e+00 0.000000000000000000e+00
1.378980615681915767e+00 -3.434004727127158763e+00 3.827304850446610618e-01 0.000000000000000000e+00
6.371820883743530839e-01 6.354335249564807553e-02 -7.792737488123647083e+00 0.000000000000000000e+00
-1.041930957048837758e+00 9.094254496303250113e-01 -8.952223134126949811e-01 0.000000000000000000e+00
4.219433295194656430e-02 -1.910670704284946453e+00 2.683799727210922192e+00 0.000000000000000000e+00
1.786632825033521166e-01 4.478944906715466301e-01 5.357098257189485402e+00 0.000000000000000000e+00
5.507775249389167405e-01 -1.705517929809764244e+00 1.260325768229176191e+00 0.000000000000000000e+00
-4.177716704760991107e+00 4.342404380247263385e-01 -3.134541728297509877e+00 0.000000000000000000e+00
-5.610266138140097558e-01 7.752641067235150896e-01 -2.490750098616971719e+00 0.000000000000000000e+00
-3.560889148105904400e+00 1.351089954939013627e+00 8.851761901120350773e-01 0.000000000000000000e+00
-3.531970930344684179e-02 -6.151688079949663157e-01 1.528967254641486972e+00 0.000000000000000000e+00
-2.523786050855852281e+00 4.386197639582065655e-01 -3.553726103884248255e-01 0.000000000000000000e+00
-2.839947793668570197e-01 2.093894950382484410e-01 2.830464801722184509e-01 0.000000000000000000e+00
-1.428385143054089035e+00 2.173327411025997247e+00 9.560881105473985064e-01 0.000000000000000000e+00
-8.293800661538556218e-01 6.296707967942815065e-01 4.047357526436221042e-01 0.000000000000000000e+00
7.938663486061839913e-01 -3.907240616695407120e-01 -2.722173664991993647e+00 0.000000000000000000e+00
-4.246175203868839176e+00 1.531284069520453262e+00 2.949857349903835857e+00 0.000000000000000000e+00
-2.947051161494444127e+00 1.481923756633110267e+00 3.396561070446769470e+00 0.000000000000000000e+00
-1.329085794126787290e+00 -1.570761684609620623e-01 -2.227607794005215247e+00 0.000000000000000000e+00
-3.398168185678567821e-01 -3.322556279687102210e-01 -8.021838059422065070e-01 0.000000000000000000e+00
-1.655388016173854893e-01 4.375207363770718949e-01 -2.433580965327368340e+00 0.000000000000000000e+00
1.182114355178361054e+00 4.335226976345144534e-01 1.484697378065439777e+00 0.000000000000000000e+00
4.475711344184841178e-01 -2.729452399986557753e-01 1.168339381825816758e+00 0.000000000000000000e+00
-4.130896156879155789e+00 3.346550725003770044e+00 -9.908147655531579501e-01 0.000000000000000000e+00
-6.445170173022960469e-01 3.312597429954533546e-01 1.175171960244298708e+00 0.000000000000000000e+00
1.300403831573389679e+00 3.189266757694642074e-01 1.698934037557060517e+00 0.000000000000000000e+00
-6.120133635116947524e+00 1.770770953159568784e+00 4.694171414215452920e+00 0.000000000000000000e+00
-2.174399465369122986e+00 2.735052552172514417e-01 1.286551039416846454e+00 0.000000000000000000e+00
-1.585071292323040337e+00 -8.702508798599296602e-01 -2.321155139411007484e-01 0.000000000000000000e+00
1.977943105237849886e-01 -5.085653853721801010e-01 -4.954161324089692009e-01 0.000000000000000000e+00
2.852961366549400246e+00 1.337219462534696146e-01 3.639753033962239037e+00 0.000000000000000000e+00
-9.243121705786505604e-01 5.377680788812121415e-01 -1.680338903287950547e+00 0.000000000000000000e+00
-4.435477494802078091e-01 9.676782753969171980e-01 2.772549481337367006e+00 0.000000000000000000e+00
-7.997421696453085316e-01 2.084401597162067188e-01 -1.574834818159824845e+00 0.000000000000000000e+00
-7.893834291874521902e-01 1.068691314267150583e+00 -3.115370414399105115e-01 0.000000000000000000e+00
