3.141285386695363613e+00 -7.987321234428835792e-01 2.158016657560668516e+00 0.000000000000000000e+00
1.212119962228310754e+00 -7.600378340162471380e-01 1.460969600606585539e+00 0.000000000000000000e+00
1.104128219378644360e+00 2.032746891644466203e+00 -1.152473626308843313e+00 0.000000000000000000e+00
9.489571346731159318e-01 2.736756626810719073e-01 8.723789839172072513e-01 0.000000000000000000e+00
3.801696687817418541e-01 -7.055115504466152876e-01 7.029635909749100131e-01 0.000000000000000000e+00
3.139033191411284562e-01 1.107340585405053313e+00 1.155720622070156578e+00 0.000000000000000000e+00
1.827173301925627769e+00 1.015103735101745785e+00 9.120344960896310527e-01 0.000000000000000000e+00
-1.296962234709341799e-01 4.691843407450767001e-01 3.600794735792873236e-01 0.000000000000000000e+00
5.278335960629949170e-02 1.427376035221914252e+00 5.977471725799552438e-01 0.000000000000000000e+00
1.237478327656604815e+00 -9.191204743946423950e-01 9.084667155169916519e-01 0.000000000000000000e+00
-6.133485592927884027e-03 -3.785436707504575282e-01 1.418093844443243101e-01 0.000000000000000000e+00
9.883691029128748029e-02 -4.130033956543240070e-02 -6.623435226774596063e-02 0.000000000000000000e+00
1.543344230277635676e-01 6.656429300876371968e-01 8.954045326924958692e-02 0.000000000000000000e+00
-2.436345857118061564e-01 1.175556900328724591e-01 -5.763877748438951398e-01 0.000000000000000000e+00
2.076875242034955382e-01 5.209442867333627936e-01 -3.600651391637006427e-01 0.000000000000000000e+00
-2.648373505240498443e-02 4.131996029437014495e-01 3.003291368891848334e-01 0.000000000000000000e+00
4.909541407058035656e-01 1.921159957488661085e+00 -1.026427330438171248e+00 0.000000000000000000e+00
-3.890446335959987789e-01 -1.163818789597400594e+00 1.363136645644442480e+00 0.000000000000000000e+00
5.583621004298846419e-02 1.073263987569836653e+00 2.069334139718732035e-01 0.000000000000000000e+00
4.611013177564497571e-03 1.111389123853800065e+00 3.108601687575853756e-01 0.000000000000000000e+00
-1.847891491890994997e-01 1.743710613533443199e-01 -2.510483809703019653e-01 0.000000000000000000e+00
-8.950711546330596124e-02 3.380481181439552729e-02 -4.047641747430668624e-01 0.000000000000000000e+00
-1.488570422141799205e-03 -5.213294452676222601e-01 -1.152661523098006680e-01 0.000000000000000000e+00
-5.772014823095477087e-01 -2.602627761039734700e-01 -1.277673144199135136e+00 0.000000000000000000e+00
-2.043640158112365601e-01 -3.279922793702003125e-01 -1.613252165408726457e-01 0.000000000000000000e+00
-5.707933996250927899e-01 -4.406204944792384975e-02 -3.282100799975862931e-02 0.000000000000000000e+00
-6.295399769542717738e-01 3.988451551726315825e-01 6.168031904407392796e-01 0.000000000000000000e+00
-4.303556386898562680e-01 7.527047956448419397e-01 -1.407944166642859374e+00 0.000000000000000000e+00
3.484248957383865863e-01 -6.107740170617169673e-01 8.179395769310391362e-01 0.000000000000000000e+00
-3.089575314007800833e-01 4.292021924436317248e-01 -1.525896253655647239e-01 0.000000000000000000e+00
-1.240438446474956713e+00 1.710314871511634083e+00 1.686932841686186846e+00 0.000000000000000000e+00
8.408863477103645234e-01 -1.402463375760327757e+00 3.024828625425977080e+00 0.000000000000000000e+00
-9.959533715928339248e-01 -5.502898288194857379e-02 1.869170904802745170e+00 0.000000000000000000e+00
4.811653912539373690e-01 9.465771547451390378e-01 -2.644314281553948875e-01 0.000000000000000000e+00
3.643842127357612704e-01 2.175379635000059153e+00 3.534588469298420854e-01 0.000000000000000000e+00
