8.430538424750448900e-01 6.019375430362376989e-01 6.830674567169596756e-01 7.037034800698529491e-01
1.441599389431177158e+00 1.627268907792151775e-01 9.176066295537634032e-02 6.899551898332134670e-02
-1.001263133093192037e-01 -1.471271840210559012e-01 -1.166274138736643762e-01 -1.002796509573840866e-01
-1.740890221603095256e-01 5.587455653817935408e-01 2.317894588779072784e-01 2.350422367657984957e-01
3.722736944144875437e-01 -1.698042774751258310e-01 -6.442085036998057568e-03 1.420335956976548353e-03
-1.517374074845542764e-01 -9.359597540476632949e-03 -5.152055483722613183e-02 -3.663711381737350115e-03
-2.407384221242184541e+00 -3.114530258302750099e-02 2.175008377325382269e-01 4.579560808425879315e-01
4.680910879911787115e-01 2.577286219600573025e-01 1.726697445425522948e-01 2.716303048543969312e-01
1.501020519004091280e+00 7.243482185246366556e-02 2.277309520117837965e-02 -6.689205637305795094e-05
-1.513243348090531626e-01 -8.273160426880465934e-01 -4.313209778549252915e-01 -4.454268635179576830e-01
1.492887986494136676e+00 1.245552963759763987e-01 -7.872685154793734874e-02 -3.848865974887754060e-01
-5.788407848717931348e-01 -2.965686867500015866e-01 -1.326059086256969333e-01 -3.395300073710866839e-01
-4.800454534792120143e-02 5.168482150382732732e-01 3.608431978349487257e-01 6.339582240942449598e-01
-2.359591757788854771e+00 -2.974754157458089909e-01 -2.058594747250637180e-01 -4.471066854162480952e-02
-1.800271968213653651e-01 -1.948446190564978309e-01 6.763814420560190777e-03 -1.152353722762349819e-01
-5.989142153007214198e-01 7.773366860320082838e-02 9.855137655308127131e-02 -1.126132552164612055e-01
-3.403491279527430802e-01 7.631438842758764274e-02 6.608798590380077220e-02 -1.917254074151112098e-01
-5.033658835847945046e-01 -1.370768865955307447e-02 -4.339114298104203293e-02 -3.032554063065273642e-02
1.915021508861068922e-01 1.542688239463226030e-02 -2.332462983215196489e-02 -3.264955798954610744e-02
5.275491170800905572e-02 3.266314558501428045e-01 1.388047854739966613e-01 1.439795865789255114e-01
-2.940485647517161460e-01 1.546638721042853382e-02 1.171987717227045145e-01 2.459397578184876754e-01
2.789031255829284017e-01 1.772627002945370567e-01 5.429764693052249735e-02 1.758755460482283317e-01
-3.412794719565632739e-01 -5.413231371853224339e-01 -5.240421866557314345e-01 -8.013606550938409123e-01
2.557721414546088035e-01 2.231008983809861790e-01 2.140831214531888071e-02 1.097460290789550874e-01
1.190753666514912767e+00 7.670566292787077411e-02 4.138706748239935618e-02 -7.603779874078983592e-02
2.141738523467676014e+00 3.889754694856616402e-01 -1.576539078543626182e-02 1.351679084398915709e-01
1.682766370801684896e-01 -2.574574321482709927e-01 -3.751180386377283016e-01 -1.060387218890064265e-01
4.287256061782469541e-01 -2.626015503807321849e-02 -4.588513684609780985e-02 -1.020652421875853644e-01
-2.670095352308111680e-01 -1.967527550269182468e-02 1.370293356125876216e-02 4.949532747516459386e-02
-3.983923097533664248e-01 3.978306586103890208e-01 6.292200201536288229e-02 -3.767407112119150470e-01
-1.123996803818437140e+00 2.602077259071208792e-02 -5.004057302302278298e-02 -4.795260695694900654e-01
1.768378887330709359e-01 -3.863724195109760617e-02 -2.646006968990760599e-02 -7.371385988011533441e-02
1.557749988193496415e-01 -5.945808609252689614e-02 1.927446446259792334e-03 1.789654360303885583e-02
-8.064446882443915277e-02 -7.246006284922446028e-03 4.961260834295239119e-03 -1.693350161359313821e-02
-6.449728400958171237e-03 -4.790429254556584360e-02 -1.685605239150956419e-02 -1.720965904411937697e-02
1.554910262923006603e-02 -8.159763105638789815e-03 -3.197039484508133050e-02 -4.969713288400954415e-02
-4.696420235467230198e-02 -3.870395838837360075e-02 -8.961577185487637487e-03 -3.098838446164107335e-02
9.694855019541381846e-02 1.328840660532191742e-01 1.265987800884997294e-01 1.872460221812582148e-01
-2.057525540063388503e-01 1.553562791233839557e-02 1.333974715572805794e-02 3.225674306985430728e-02
-6.481709910762412097e-02 -6.410495949013939043e-02 -6.140387577803836650e-03 -2.723558235363907065e-02
-9.504370848649197345e-01 -4.234424821254119120e-01 -2.702016542662435405e-01 -2.735269899411441608e-01
-3.308949238945546600e-02 7.368923084498990583e-02 1.226257607592699528e-01 4.182089691088941574e-02
-9.811353543885470430e-02 2.410012682997231259e-02 3.163079717472443153e-02 4.618177117282912941e-02
7.493418283521627310e-02 6.757708702693626668e-03 -4.686854356047848169e-04 -2.064218193605267537e-02
-1.439247370405007942e-01 -5.765228288131548640e-01 -2.836986489211082985e-01 7.076851455060567675e-03
4.583328721319924748e-01 -1.668261367658178951e-01 -9.635526461086170447e-02 2.002565185899315148e-01
-8.129661796559595199e-02 9.930837945042236825e-03 -1.061693866987974133e-02 5.684542915440851663e-02
-7.992379598610008240e-02 4.913986622480183419e-02 -9.710059894312714213e-03 -9.763715684594415078e-03
3.697127669815325479e-02 8.541684354385098432e-03 -8.270151336838907352e-03 1.296706246453566136e-02
-1.252113222574299689e+00 -3.353590806107254463e-01 -1.076397751273679565e-01 -1.299233766082741048e-01
-2.943398634661726909e-01 -1.375581802185582014e-01 -5.435898782542201990e-02 1.246740151700134747e-02
1.350609990151041551e-02 -3.755277581187938668e-02 -3.706771021367613606e-03 1.187222362896356576e-01
3.041154669201928673e-02 -4.064258906822326017e-02 5.110064597526539631e-03 -1.002406542355487040e-02
1.665276410887546465e-03 -3.116235302102685067e-02 3.653239149411402487e-03 4.817699226993155115e-03
4.926612604842646459e-02 7.108584483655228103e-03 4.413170716251371695e-03 1.241766619758863377e-02
-3.418171094350428429e-01 -4.359082954286110367e-01 -4.373104360874021102e-01 -4.524136430765914318e-01
4.964829109408860040e-03 4.545627843030003445e-03 2.515870478770954217e-03 1.006275217770380599e-02
