-8.008856541832836129e-01 -8.021028047004094219e+00 -7.739894045539362777e-01 -1.234475338947100376e+00
5.857320943867490304e-03 2.872308703423085863e+00 -1.148482652754024141e-01 6.489984993550104719e-02
1.070074181585695394e-01 2.060847979602760560e+00 -1.240931914642115844e-02 1.661742698074340774e-01
4.636071513735408045e-01 1.232103894186534632e+01 6.033572632032534466e-01 1.596703843826664526e+00
2.041359576328563019e-01 -2.788220058251329014e+00 3.826371913180798279e-02 -2.839138320067466914e-01
4.908444437952558248e-02 2.818614599986003277e+00 6.788379778105643747e-02 7.812834192347233031e-03
1.915383318754995678e-02 -5.591683051659678050e+00 5.886921240015934309e-01 4.275080877310711847e-01
-2.477466617088945611e-02 -5.253493806672622668e+00 5.499348073175934770e-01 3.315136841005072998e-02
1.271996144398636341e-01 2.441843913194396531e+00 1.540165739531562661e-01 2.732763673390523063e-01
1.041163812102267050e-01 -8.783403036976164202e+00 -2.065311265649378558e-01 -1.142580328446034077e+00
4.372763663247476451e-01 5.269280299345792784e+00 -2.844387760146016020e-01 -2.625505262425764097e-01
5.675376332776077559e-02 4.821176382485759859e+00 -8.297927160822943238e-01 -1.656547420555971040e-01
1.419745603778635124e+00 8.575810216495304061e+00 7.894444193052775338e-01 2.129100774955233533e+00
-4.179033714296137569e-02 -4.229642191112142235e+00 1.547206624286782961e-02 -3.125498070830431407e-01
3.861636132074192096e-02 -4.513418464253005524e+00 -1.480442635231813131e-01 -2.438878490025260248e-01
-5.864600124939343267e-02 -1.031072769276389067e+01 9.247859111766479345e-02 -1.204511632861601012e+00
-1.808884694398872617e-01 -7.311554362765586568e-01 4.441110631104343981e-02 -3.921151603073539937e-01
-1.275579317867709395e-01 1.658557352240467075e+00 -1.478618775882676872e-01 -1.765741607940402025e-02
-4.338458215070675750e-02 9.589925378206314299e-01 -3.789506121843577713e-02 -1.284926383910596770e-01
-1.439343458130583897e-01 2.962486218879915700e+00 3.362612628359492456e-02 4.251268477982692029e-01
-4.640255296002269991e-02 -2.313059989194884203e+00 2.136707668640192292e-01 1.733579377343131833e-01
-5.922285951039700513e-02 -1.883449124866035218e+00 4.655912479498764966e-01 6.215910657922528448e-02
-2.141202955377476513e+00 -6.302858517943599637e+00 -1.107740264401327890e+00 -2.083421162611175159e+00
-4.330244553305588606e-02 2.443005746313873239e+00 1.033841882295228887e-01 2.727209531768529094e-01
-1.597988400297046807e-01 2.292619279569453106e+00 -1.718855589453892607e-01 1.468075994225037095e-01
-2.026043609803222512e-01 1.154703038333522969e+01 -3.658915838450665925e-01 1.308535289164478144e+00
-2.784183056519401456e-01 1.955823782556742607e-01 -5.868665043693667149e-01 1.143761315815070012e-01
-7.829826457156435771e-02 -1.832376199312672593e+00 9.181934889979168068e-02 6.879937980174805068e-02
5.088469869373957177e-02 -1.023517071928071953e+00 1.823604643057785690e-02 1.101048909330372555e-01
-7.748066961435879918e-01 -7.297516340360767906e+00 -1.857070080221876474e-01 -9.683829818644575926e-01
-2.428688813706363359e-01 -2.033546185171546394e+00 -2.706375784022174713e-01 -3.133159159131130300e-01
-4.430098392818062614e-01 1.348748382325344330e-01 -1.404971317951660970e-01 -1.170781622966082791e-02
-5.339916904078857718e-02 9.860649746254531722e-01 -5.787484472838250182e-03 -2.678122757795842190e-01
-2.826505855915900645e-02 -5.814904804003797612e-01 -1.675243472427855040e-02 1.587742200649278068e-03
3.070566150455820292e-02 -3.796660901559923973e-01 -2.456840274387894416e-04 -5.951935784664155737e-02
-4.866163938339254647e-02 3.797968913057420126e-01 -6.890238463140056779e-02 -4.366332987491594597e-02
1.046830388885220189e-02 2.684433092029214762e-01 -9.256843108763582184e-02 -4.106753085819937407e-03
6.498707427197480957e-01 1.296325398711749788e+00 3.320799867481079581e-01 5.322186460505458072e-01
6.354527015892438846e-02 -4.009711747911945956e-01 5.908379019710448266e-02 -2.138725921088608511e-02
-5.006044451224093972e-04 -4.395412091030957424e-01 -2.609432721161135393e-02 -7.300322981994858407e-02
-3.484719713664274354e-01 -3.335321891686255480e+00 -1.992595014799519726e-01 -8.580954791705898144e-01
1.269094808148304443e-01 5.706702880627800845e-02 2.304045941673820708e-01 -3.728926085150857661e-02
3.968173263505615778e-02 5.181913836436508047e-01 -3.917853424709109855e-02 -1.101525530664637653e-02
-5.699627065660267666e-03 1.877661980265426522e-01 6.353707679446957135e-03 -7.935000756416919765e-03
5.512402881988133219e-01 4.051579444960387910e+00 6.919816564587522034e-02 4.886948872103071828e-01
1.904033968065440008e-01 1.188754293111053073e+00 1.223644101436619502e-01 1.016978470403052393e-01
3.053086530398124165e-01 -1.739016090941220005e-01 1.481331739855757668e-01 1.030293033653736923e-02
5.280607563275256655e-02 -5.461559867487270070e-01 -8.537241104247500489e-03 1.101595957448557594e-01
4.986125586459576320e-03 3.172082111629088153e-01 6.272870737719482559e-03 -1.473951042128797059e-02
2.187124038941510584e-01 -6.810553071082545706e-01 6.139081421560473040e-02 5.710937667713210653e-01
2.090635678042705448e-01 1.049467058258479746e-02 6.457615327688950857e-02 1.644801967606782378e-01
1.234460643201400198e-01 -5.136262946984376798e-01 8.627304070953915882e-02 1.622566701298077396e-01
-1.521849294579744327e-01 -8.720717391318275058e-02 4.999914712203942790e-03 -3.027400239139849125e-02
9.859886179992251309e-02 1.193774569859291645e-01 -6.247133449829231355e-03 -2.750699402025311713e-01
1.749464842942161091e-02 3.923269669989656316e-01 1.544106079789381303e-02 -3.601285027566775848e-02
2.831800384266957016e-01 1.775093123070989432e+00 2.917617647848264606e-01 3.590835697483800160e-01
1.733518838857212724e-02 4.100007312444203800e-02 8.776397804773515207e-03 3.812357668166178187e-02
