6.973987672491026579e-01 7.048794979104474612e-01 5.837819461387194764e-01 6.939808647037013500e-01
5.846112329899344484e-03 1.742835558323629908e-02 -6.976984067670854994e-02 9.419797331591123202e-03
-1.943384179333290662e-02 -1.872443125324543822e-02 -1.437569940593984574e-01 -2.529736880691135781e-02
2.488642575288757541e-02 2.051778615394320160e-02 1.973531316373700051e-01 2.654356099025517723e-02
-2.982724180588980367e-02 4.377740753603587276e-03 -1.144499480772706579e-01 -2.709953359851341448e-02
6.908400538044645600e-03 -6.526360034290593082e-03 2.550470195346066227e-02 -5.860782903610334271e-03
4.117412273262655020e-02 2.596509753782433316e-02 2.607129553922507004e-01 4.968094138293954742e-02
4.530891439851680857e-02 2.275196104826844590e-02 2.464145019433463535e-01 3.664047806274939312e-02
2.099016794977814904e-02 1.175807954551771894e-03 1.059145130225398468e-01 1.344190021795166334e-02
-7.351859818877759523e-02 -6.803744019601837278e-02 -1.818861641851268196e-01 -6.727345403566223347e-02
-2.058754005983853830e-02 2.524389986109820683e-03 -2.859244607398072624e-01 -2.883310715389209022e-02
-4.927905154605238813e-02 -9.368924327003647079e-03 -1.815056054402421348e-01 -1.998408097005188733e-02
5.592479452685639174e-02 2.573678824639102913e-03 8.678039518385660678e-02 4.119608869999491496e-02
-6.133050396041550556e-02 -4.251635162948833035e-02 -1.901455406310206264e-01 -6.058703099345885690e-02
-3.608222014027440139e-03 -1.958751988934831489e-03 -5.902322031223339316e-02 -1.028197744877890063e-03
6.148959647534418815e-02 7.888463513423649154e-03 2.243656785557407440e-01 3.685518646065233384e-02
1.765240634021902899e-02 4.052663657095972871e-03 2.253787439306769169e-01 2.567092250419214516e-02
-1.634313685580046638e-02 -2.249012594247562502e-03 1.323795657943094284e-02 -1.159772604422668052e-02
-1.899942156591560849e-02 -1.687051624859742249e-03 3.851590558547487997e-02 -4.275141718216191045e-03
2.974125628739499039e-02 2.574226633153442467e-02 5.770616688408591877e-02 2.426337819347768043e-02
2.196524281135969758e-02 7.152104098619493922e-03 1.538042691800671768e-01 2.389367270578773850e-02
2.579356134094157316e-02 2.559003585291527716e-03 6.673432825142358582e-02 6.051606460262481946e-03
-3.567411215758409249e-02 -2.649676557941071930e-02 -2.251272565687634231e-02 -3.961994389943432338e-02
1.707241744974385966e-03 5.411921967088839658e-03 3.721996017104411969e-02 2.903156726655808928e-03
3.143485539963652986e-02 2.351176778533994871e-02 1.115403635746259337e-01 3.393796529360032510e-02
-7.282810388958449455e-03 -7.830243538519687796e-03 -1.265711968402525311e-01 -1.120283312695546929e-02
-4.010790201763980711e-02 -2.542941520299990543e-02 -2.242654118192848323e-01 -5.071777615009132045e-02
1.300723362987765697e-02 -5.390855084833362509e-03 -1.547131745518459667e-03 5.306627230470317702e-03
1.771477108730740158e-02 1.461925027076510508e-03 -2.608370171325383180e-02 4.561822376021373859e-03
5.246002398658027033e-02 5.956453392188809648e-03 1.071988891263875865e-01 4.931102758892698390e-02
-3.951892954215829867e-02 -1.373527283626829743e-05 -1.547119477468305027e-01 -2.322643031004870129e-02
-3.921260075078669693e-02 -2.848561880651273581e-03 -3.903379232168685542e-02 -3.653758127976775016e-03
-1.994076702896641073e-03 -6.143571941991388119e-04 -4.639501527074257892e-02 3.282858676154631894e-04
-6.945868559328716163e-03 -2.911988539522347708e-05 1.626367878880219386e-02 2.558045160572841592e-03
-4.146360384864128390e-03 -3.287811918512843767e-03 -6.362341275595692625e-03 -2.989665086515630454e-03
-3.313050577970821919e-03 -4.052552648817209224e-04 -2.640388114913969075e-02 -3.451488583489051298e-03
-4.869604291859924716e-03 -3.996938353552255407e-04 -9.724633081341610419e-03 -8.497319205529318964e-04
3.815436171258873577e-03 4.682843899609934191e-03 -1.493016827389420653e-03 6.932576052278517642e-03
-5.043876803565286449e-03 -3.480261118343749849e-03 -2.326625194555345666e-02 -5.709114289531622144e-03
-8.400562128684230245e-04 -1.496559320650812930e-03 -7.861794910475408682e-03 -6.442695197999559475e-04
-2.136497241481601084e-02 -1.457466488820460815e-02 1.178067087322053064e-02 -1.590400305792574742e-02
1.211254884073142968e-02 6.079284513930055533e-03 5.507714125693913276e-02 1.411762349994344357e-02
-2.134604944203422061e-03 3.141598362859106264e-03 1.604874782511256370e-03 -4.123412432564116381e-05
-4.356542175184163757e-03 -4.008553854042348763e-04 3.247937297450514960e-03 -1.049604055135253122e-03
-7.587733430632931375e-02 -2.103796143585823231e-02 -9.563984721307058900e-02 -5.885104691964578028e-02
7.643471835158288652e-03 -9.383571386914146828e-03 6.325074868424457319e-02 1.788655305311609434e-03
1.922774756524914253e-02 -5.117884718877224737e-04 2.322938491109707848e-02 1.558503079283013459e-03
1.320419847843534722e-03 9.100187022853534202e-05 2.335299945382505668e-02 -1.558335606775818061e-04
2.749226855663255975e-03 2.796351054092649502e-04 -6.304941549490655772e-03 -1.072214626019717121e-03
-6.872240367593271393e-02 -6.346454509244092712e-03 -1.275606219247460704e-01 -4.709158422267203936e-02
-2.049393223763812388e-02 -3.814530072153904383e-03 -3.834933617959027097e-02 -1.136754221972444134e-02
-2.730537453666942449e-03 -2.611366547850185738e-03 -2.983707033506821649e-02 -7.181173824230280278e-04
1.677342762919670216e-03 -3.512645425292476586e-04 -2.067551398056199918e-03 7.484079956397993172e-04
-2.454230813375021802e-03 4.158799939412149982e-04 -1.099113268528131848e-02 -4.754790974944300697e-04
1.313986344857243083e-03 1.227522573158043584e-04 1.899304305808695303e-03 -8.865015180257451721e-04
-9.837034075188801907e-01 -9.866601528583384129e-01 -9.531837796307883748e-01 -9.813293767683626267e-01
3.979315443570303405e-04 2.397139198158188217e-04 7.645221163638945498e-04 4.213335081718143880e-04
