2.946755344676517563e+00 2.337316661321189315e+00 5.305149390051174842e-03 0.000000000000000000e+00
4.218009914857920872e-01 5.884540341841593136e-01 3.038878213277041995e-01 0.000000000000000000e+00
-3.248362925668135670e-01 -8.285210315101615430e-01 -1.055856481660311541e+00 0.000000000000000000e+00
5.690611743636351250e-01 -1.858321257994630937e-01 -7.823256772210952781e-02 0.000000000000000000e+00
-3.516168747589820121e-01 -9.913689318211722779e-02 2.646350208971716689e-01 0.000000000000000000e+00
1.551207762089149789e+00 1.426371416508668277e+00 -6.281867054662946259e-01 0.000000000000000000e+00
1.798637201410147712e+00 1.857903562250322604e+00 1.326970206572846700e-01 0.000000000000000000e+00
-9.426733097911472736e-01 -1.169485548800359487e+00 -4.654991141249513742e-01 0.000000000000000000e+00
-1.631581613397648789e-01 9.855833645739647819e-02 1.674223837560731287e-01 0.000000000000000000e+00
-6.924704415282136871e-01 -8.739242379192895260e-01 6.543444592063393239e-01 0.000000000000000000e+00
-4.127384589931676895e-01 -2.383432574698313156e-01 1.410358327899215725e-01 0.000000000000000000e+00
-8.557886051955662099e-01 -8.079380553564498024e-01 -7.371400124418275857e-02 0.000000000000000000e+00
-2.060913530309087249e-01 1.603823729710737167e-01 1.207001255046813298e-01 0.000000000000000000e+00
-8.903947207772612282e-01 -4.300362618762296196e-01 -2.691868599270084705e-01 0.000000000000000000e+00
-5.656307950665774298e-01 1.755275391941818475e-01 3.628243032024244252e-01 0.000000000000000000e+00
3.340559694630143572e-02 -1.355212685553617291e-01 1.424380579267073565e-01 0.000000000000000000e+00
1.538111202683884571e+00 8.027606731069534263e-01 -1.295650219840380979e+00 0.000000000000000000e+00
8.311031030721428570e-01 -5.666813414138244243e-01 1.787292157375570609e-02 0.000000000000000000e+00
2.755127836515769979e-01 6.091018307813783617e-01 -9.373130156397478929e-01 0.000000000000000000e+00
4.748797411707165739e-01 -2.061750056768821560e-01 1.651084184059396776e-01 0.000000000000000000e+00
-1.998709411151812776e-01 -1.540910364760994522e-01 2.101824772409624509e-02 0.000000000000000000e+00
-3.654486118371505499e-01 -2.468545651901283833e-01 8.416690985856878360e-02 0.000000000000000000e+00
-7.782200460050152369e-02 7.572464900282964428e-02 3.660700074756593342e-02 0.000000000000000000e+00
-7.436395939139416322e-01 -6.611748850587721993e-01 -1.354143181008838626e-01 0.000000000000000000e+00
-3.047548359091966641e-01 -4.279079715018331287e-01 5.079121999081470662e-02 0.000000000000000000e+00
-4.433486208635183806e-02 1.320245550486897068e-01 -2.699507682125967811e-02 0.000000000000000000e+00
1.199098560278648806e+00 1.060536075227806352e+00 -1.487930381619640419e-01 0.000000000000000000e+00
-1.940555073350989090e-01 4.418693632197741583e-01 9.088733178802410606e-02 0.000000000000000000e+00
-2.060571772925105238e-01 -4.114790876435392986e-01 -1.554015315456946655e-01 0.000000000000000000e+00
-1.642852214074851103e-01 -1.134410463540729136e-01 1.810331163303551538e-01 0.000000000000000000e+00
-3.253402688696389600e-01 4.158065157428523229e-01 -7.291040797814304364e-01 0.000000000000000000e+00
-1.021161861984874131e+00 -6.584792156329738466e-01 1.628381231258509310e+00 0.000000000000000000e+00
-8.728512046380008105e-01 7.692414106034005383e-02 -1.156963218812571359e+00 0.000000000000000000e+00
-2.041036416547558074e-01 -3.231441402244698002e-01 -3.833390774866449191e-01 0.000000000000000000e+00
1.221063474348177191e+00 8.511435177775446004e-01 -4.288713701372025566e-01 0.000000000000000000e+00
1.333185603075932590e-01 4.971410610986644329e-02 -6.939583310532203286e-02 0.000000000000000000e+00
3.109344664155537230e-01 3.760996002841119901e-01 6.733142467899996819e-02 0.000000000000000000e+00
9.818888997920437178e-02 -8.917481458698775509e-02 -4.082566152509007479e-02 0.000000000000000000e+00
-1.763784814994404787e-02 -1.724470432433531375e-01 -2.136307842557109288e-02 0.000000000000000000e+00
2.216585493215084690e-01 -1.272999605708230106e-02 -2.782288045302939161e-01 0.000000000000000000e+00
-1.068795856644498971e-01 -8.379990095612427359e-02 2.546515349906018633e-02 0.000000000000000000e+00
1.563364621529808707e+00 1.436395581096967078e+00 5.507322811403153606e-01 0.000000000000000000e+00
-1.141365135666167208e-01 5.495335627867273809e-01 -1.353292764502475043e-01 0.000000000000000000e+00
-5.319611759558499076e-01 -3.806475815603940771e-01 2.419939309384621096e-01 0.000000000000000000e+00
-1.252530005964903326e-01 -3.458653694119693256e-01 -2.450629284759175616e-02 0.000000000000000000e+00
-1.545086383130110264e+00 -1.058359712472586756e+00 -2.041624033844753050e-01 0.000000000000000000e+00
-6.633179492881210448e-01 -4.467643194752394242e-01 1.796455933725348508e+00 0.000000000000000000e+00
-7.201287081460883144e-01 -1.308006356082662469e+00 -9.677067924892259754e-01 0.000000000000000000e+00
9.132305766144514780e-02 -1.167549003908289196e-01 -7.973504815862424433e-01 0.000000000000000000e+00
-7.383942139462766618e-02 -7.933727625875180989e-01 -4.478540027148164016e-01 0.000000000000000000e+00
-5.858411724178855806e-01 1.041196845409692734e-01 2.863560657301346679e-01 0.000000000000000000e+00
-7.726043280483028131e-01 -5.762466927248702797e-01 5.206342568585646813e-01 0.000000000000000000e+00
1.113511868521506187e+00 -5.594250817718704472e-01 -5.743611149307094044e-01 0.000000000000000000e+00
-8.558398310413657673e-02 2.698814616130785216e-01 1.038239850427238098e+00 0.000000000000000000e+00
-6.792009608514778529e-01 1.438642364752749314e+00 -1.192551661293906884e+00 0.000000000000000000e+00
-1.151395551956977958e-01 2.336965355553066448e-01 4.392000618431273762e-01 0.000000000000000000e+00
