-2.940839200577869406e+00 -4.466422399049541775e-02 3.801056839520663644e+00 0.000000000000000000e+00
-7.485633900296784216e-01 7.498572062505978741e-02 1.095561313418838667e+00 0.000000000000000000e+00
-5.634314931521887670e-01 1.735514110135734311e+00 -1.105620400049198482e+00 0.000000000000000000e+00
-2.759914600149541153e-01 -6.771585370537653858e-01 1.181145712391450386e+00 0.000000000000000000e+00
9.745705886851495359e-02 8.509000753273965323e-02 -5.490294118973401138e-01 0.000000000000000000e+00
-1.980557954685727984e-01 2.590956542580031385e+00 1.055443434072675046e+00 0.000000000000000000e+00
-1.056138329480299953e+00 9.535173639175247295e-01 1.575224597673960947e+00 0.000000000000000000e+00
5.684942941192857452e-02 6.562730196995077980e-01 -8.807377123335184965e-01 0.000000000000000000e+00
5.074500621067895567e-01 -3.328768025385527296e-01 -1.295583865387453182e+00 0.000000000000000000e+00
1.191640550766750462e+00 -9.833819027378198907e-01 -4.400033808829867388e-01 0.000000000000000000e+00
2.672396286260117493e-01 4.928918253434623475e-02 -7.549803523577929276e-01 0.000000000000000000e+00
-3.455839603599927812e-02 -2.500927556300686638e-01 4.279733517792507769e-01 0.000000000000000000e+00
3.822841206547575865e-01 -4.001895765380122372e-01 -5.576570247166188210e-01 0.000000000000000000e+00
1.209903042285029651e+00 -3.799903498149243553e-01 -2.625908579954461253e-01 0.000000000000000000e+00
1.782933272804826608e+00 -1.399770671175466497e-01 -7.637201311632864087e-01 0.000000000000000000e+00
3.172504625751935148e-01 -3.419325598676314359e-01 8.035181087360761254e-02 0.000000000000000000e+00
5.669288900818838517e-01 2.487861817815820942e+00 -1.111246208886611589e-02 0.000000000000000000e+00
3.148917905376910076e-01 2.706100085682164313e-01 -1.325040233187341876e+00 0.000000000000000000e+00
-7.347898861473174670e-02 -1.014261860727598386e+00 -1.910223406510445088e-01 0.000000000000000000e+00
-1.199852167358045896e-01 -6.814342487565215878e-01 1.879447528210873575e+00 0.000000000000000000e+00
1.589945284423245619e-01 9.901431710879834633e-03 -3.695513750962406418e-01 0.000000000000000000e+00
-5.406243643023497109e-02 -2.117771904880330347e-01 4.371651987108854942e-01 0.000000000000000000e+00
8.639427601586971428e-02 -1.664287265480045575e-01 -6.423781413700274667e-02 0.000000000000000000e+00
6.579980971930771139e-01 -8.121616479535376243e-01 -4.053664245585063552e-01 0.000000000000000000e+00
1.442789495374584841e-01 -1.646824051491221352e-01 -5.549367037060646268e-01 0.000000000000000000e+00
9.560473588174972503e-01 1.050531073729180642e-01 -4.678912535779428117e-01 0.000000000000000000e+00
1.221706827412915697e+00 4.382447324256075749e-01 2.057195150861686361e+00 0.000000000000000000e+00
7.773158911856605791e-01 -2.408895379109070312e-01 3.563546437124608390e-01 0.000000000000000000e+00
1.765475773836583384e-02 -1.465711004148815000e-01 -1.163874050001795224e+00 0.000000000000000000e+00
3.052172923948201499e-01 3.232464901568729565e-01 -8.390711145268492377e-01 0.000000000000000000e+00
2.937325167606766652e+00 3.128329515524209903e+00 -3.221015772200435112e+00 0.000000000000000000e+00
-2.017688907312497282e+00 -2.449949646187598695e+00 2.368183665707643382e+00 0.000000000000000000e+00
1.323798823420309523e+00 2.935204075114801636e+00 -1.282321618605123392e+00 0.000000000000000000e+00
-2.732386882565570607e-01 -1.424727704192718658e+00 -5.685136518443679315e-02 0.000000000000000000e+00
1.823898250322483761e-01 5.377315068327596925e-02 -1.103702396030114136e-01 0.000000000000000000e+00
-4.876457997688113388e-02 -3.140965345533901915e-02 2.563710930690731304e-01 0.000000000000000000e+00
7.341952300019959077e-02 7.159247847600454240e-02 -2.173839666537009663e-01 0.000000000000000000e+00
-1.838234762506628928e-01 1.117733077648087464e-01 1.975833454058209537e-01 0.000000000000000000e+00
-2.930215596080630314e-01 3.498411408554862045e-02 2.646626611051493619e-02 0.000000000000000000e+00
-5.814118005276576184e-01 3.772923549238360041e-01 2.779984204008719151e-01 0.000000000000000000e+00
-4.273250785318368772e-01 1.799659409841507587e-02 8.661126333326467364e-02 0.000000000000000000e+00
1.176130552399492935e+00 -1.239420255676497051e+00 3.476164225215160997e+00 0.000000000000000000e+00
-4.350918377747536314e-01 1.204324255086387740e+00 1.923778393957139565e+00 0.000000000000000000e+00
-3.464791995750534648e-01 5.852817219230019852e-01 -7.456330046766318498e-02 0.000000000000000000e+00
2.817037101165575930e-01 2.173259904162906098e-01 -6.040226996858065467e-02 0.000000000000000000e+00
2.983048671954297681e+00 -7.867039097253496482e-01 -2.414610613236610082e+00 0.000000000000000000e+00
-1.823193913593998294e+00 -4.497872500207479862e-01 4.487515766542347906e-02 0.000000000000000000e+00
9.263311467440493718e-01 2.953781888745294903e-01 7.764815275494886537e-02 0.000000000000000000e+00
-2.867897132364189555e-02 -4.574082427385390837e-01 -4.501692716070548883e-01 0.000000000000000000e+00
8.977708579535443878e-01 -1.496495102225155804e+00 -7.098834421945433570e-01 0.000000000000000000e+00
3.203096807454782535e+00 1.677019398507361148e+00 -4.175580123184699843e+00 0.000000000000000000e+00
2.561528526862332455e+00 -2.552438074301762505e+00 -3.865544315079667115e+00 0.000000000000000000e+00
-8.544234747305530508e-02 -5.057591366064312366e-01 -4.297947214535917104e-01 0.000000000000000000e+00
-1.273379188277952954e-02 1.098299237758098679e+00 -2.891098605513021891e+00 0.000000000000000000e+00
-2.183066435900928415e+00 -9.080696434485909796e-01 2.708740482508064762e+00 0.000000000000000000e+00
-1.619511723520946189e+00 -2.324645465570926162e-01 1.415889124399517973e+00 0.000000000000000000e+00
