5.196893798132817821e-03 3.745030633653390062e-05 5.449976519938948272e-04 -1.349548010459944436e-03
-4.652627910403805966e-02 -4.712718783733194083e-02 -4.724743667082956233e-02 -4.815467963272801466e-02
-4.680076902427590668e-02 -4.710570288026547786e-02 -4.696707983469101955e-02 -4.739031834210821748e-02
-3.216561252964034168e-01 -3.141589909074805620e-01 -3.151628058094677609e-01 -3.116049077669904577e-01
2.889352736041850278e-03 1.597246019059972433e-03 2.018075891024873059e-03 1.352006346980072493e-03
1.924911651721483707e-03 1.729946267312681973e-03 1.781457264650787575e-03 1.933438237323281683e-03
-2.790406793164956767e-02 -2.920743628050387342e-02 -2.843862176631795080e-02 -2.412893974624985560e-02
2.879787658971699749e-02 2.958398594045785757e-02 2.895544935952984456e-02 3.015628115005175580e-02
3.274778630174779437e-03 3.375416654198326594e-03 3.468188398492638713e-03 4.589700798822149430e-03
4.724643968967434660e-03 -1.102047338018552480e-04 8.634086518575223579e-04 -2.118124969412438219e-03
-1.680843388893205059e-02 -1.300732057220210791e-02 -1.448602976163204659e-02 -2.037546311818427824e-02
-1.110653999194610719e-02 -1.211808860925206455e-02 -1.115412880107569116e-02 -1.234914849679391580e-02
-4.231751225882707246e-03 1.415553287811066596e-03 -6.782045670017389227e-05 8.110681191841884186e-05
-2.528386572633323226e-04 2.265480638043992911e-04 -1.126578820527246450e-04 -2.396922270731183247e-03
-1.679706543054493295e-03 -1.488596204079178920e-03 -1.596326221506072507e-03 -1.791879559414732981e-03
-1.551938310245026820e-03 1.485528470184238614e-04 -9.345062969501327643e-05 1.341917865628872164e-03
-5.942993677838792621e-04 4.522877921668833068e-04 2.646361478481074059e-04 -3.028761623576903261e-04
5.119735324052854253e-04 4.666049429247198788e-04 4.544776828296903659e-04 1.047193363519216547e-04
2.559179858689919485e-04 1.361125379814032144e-04 7.882468504905038031e-05 2.121111483224247252e-04
-2.358443136308618904e-03 -8.389042444674754684e-04 -1.310411870393379807e-03 -1.582501678081271734e-04
5.024356207996572010e-04 -2.158461490070928690e-03 -1.073113213448051440e-03 2.097269879929974934e-03
2.505458134917981639e-03 3.142107127928145394e-03 2.519492597703495984e-03 3.035381365116551766e-03
5.739995428911015551e-03 4.543323123993303625e-04 2.014084864469856129e-03 2.536290677787711445e-03
5.362143788172346603e-04 4.377304661574155098e-04 5.399211490496602650e-04 6.340721264210813501e-04
8.451935839315360965e-05 -6.309481717342579898e-04 -2.232997451174778547e-04 1.240550854103683598e-03
1.504212680229599641e-03 -1.993191227480650696e-04 2.862140264479062779e-04 -1.916796308590873466e-03
1.262111737901028263e-03 -2.279555335893412860e-05 4.667345733345151793e-04 8.208913187696120772e-04
-2.007142342876910845e-04 -3.022501387905940362e-04 -2.052313929788995850e-04 -3.290600644589858348e-05
-2.595328329291213265e-04 -1.736377542190803425e-04 -4.776779321702395720e-05 -2.036466170796114028e-04
3.638919963381281875e-04 7.365488773497519404e-05 2.483765217875522069e-05 1.661818844302942466e-04
1.546940451078171463e-04 1.442671350865287749e-04 2.147406764818615699e-05 3.049062571709448832e-04
6.738023932673087302e-05 1.625877297648514741e-04 1.015606717222894417e-04 5.348485363052546404e-04
9.937344108738865867e-05 9.481526496468717369e-05 5.366480713697718841e-05 -6.846180910935473207e-05
-8.282038088240628593e-05 2.748414927694620147e-05 -3.179367675665289994e-05 -8.399463732089440526e-05
-1.561841459679635946e-05 -2.129356284897854223e-04 -1.229581756665119874e-04 -2.903228490729603539e-04
-1.718582371083243743e-03 -1.131515511112346495e-03 -1.399758780376125777e-03 -1.992123396972522720e-03
-2.448143610487563127e-04 -3.927463640680875501e-04 -2.486363836288855989e-04 -3.310924044113150444e-04
-1.546604420651465084e-03 -1.413577462041626376e-04 -6.200957957113728547e-04 -8.360517514854337584e-04
-6.355586197376306146e-05 1.798501803255136977e-04 3.259597238322586854e-05 -2.678529142182972667e-04
-6.142092131725118698e-05 -3.582096805126999683e-05 -6.833403937871185274e-05 -8.331529699645567888e-05
-1.243309238339040945e-04 2.839401140335429119e-04 1.187463707454095019e-04 8.551578108426660663e-04
-2.614112692909120739e-04 1.387900801946839735e-04 -7.959656201855791480e-05 -1.449182833770101819e-04
1.521229616585628719e-05 6.599937065994432306e-05 1.864690793440537675e-05 1.071194616134030220e-05
6.538858041127415532e-05 6.117612161929408821e-05 1.827631933570827982e-06 5.190197278537311831e-05
-1.949535157241832906e-04 -5.392072628218613772e-05 -8.062114397300312874e-06 -8.169426386739342405e-05
2.721976749647803118e-05 -2.917895609877430019e-05 1.190552500118235990e-04 -5.606089161369620655e-05
-1.984561622681013660e-05 -6.415957993477494625e-05 -1.683432598259537727e-05 -2.349707531874578592e-04
-4.225189253116712340e-05 -5.081789859007201926e-05 -3.786247708348344787e-05 3.459917290316028016e-05
4.025541033271518021e-05 -1.756443280645503258e-05 2.405617795941950021e-05 3.642146227750275855e-05
1.108649404711337105e-04 4.004313647643087393e-05 -1.363765140405259757e-05 4.244597113800541166e-05
9.061052915665390728e-05 1.104215724330726012e-04 8.110321274268361691e-05 2.352117326660241314e-04
-2.391916417432415898e-05 8.944013993156252340e-05 2.028739051568306806e-05 4.721440584598557422e-05
2.186028135919837467e-05 6.195429863548040927e-05 -1.358946143226180681e-05 6.668169848017546641e-05
-3.151123462052929369e-05 2.990613815512244145e-05 -8.719270186863248284e-06 3.888536845517154283e-05
3.774547089135937838e-06 -1.919316590071051820e-05 -3.397545438182936195e-06 -1.905317668338124548e-05
8.859147124678361518e-01 8.869070304878547972e-01 8.868096050279397069e-01 8.871407971517597524e-01
8.120037135610128738e-06 3.746091426040667362e-06 5.453410600553459454e-06 7.533608332454801963e-06
