-2.088076435895050764e+00 -5.064062338812149733e-01 -1.119381715350163953e-01 -3.576812473380656943e-02
-3.924892959966637118e+00 5.731350698560497836e-01 6.558846441925270110e-01 4.458471595169234969e-01
-2.505524225342950384e+00 3.250684722233368462e-01 5.268652636610232642e-01 4.561698394249373290e-01
2.838813469812507151e+00 7.983590771972801647e-01 1.403670313653881951e-01 6.417589083943413264e-02
-4.911511260389313627e+00 -1.298322904795298438e+00 3.228717107275109743e-01 1.114479880010814800e-01
2.230313023900303282e+00 1.316286533779877366e-01 -2.122798714134080389e-02 3.075447290965149794e-02
1.263893804659463349e+01 4.990677664332625607e-01 -1.857028631474238467e-01 3.316953228700106893e-01
4.599475163237322306e+00 2.292137211556882770e-02 -3.915593210209403763e-01 -3.074450273178282456e-01
6.107043989550464680e+00 -1.939929105275941534e-01 5.607091482161263851e-03 8.809628842868541532e-02
-8.056815092661935296e-01 -7.933470706404404105e-01 -2.687529911734164445e-01 -2.590849434451180100e-01
-1.462984182746768269e+01 -6.591903059618871019e-01 5.671894619826585160e-01 3.708220508700060813e-02
-5.020584459357632312e+00 -3.685631549315361299e-01 -5.829700710065471858e-02 -8.404162350904054168e-02
-1.808695203809774554e+00 1.827334616670384104e+00 -3.002368465629238203e-01 -5.484395257315657912e-02
-5.384172207506157548e+00 2.360742470131684811e-01 2.011784524692705467e-01 4.973651829300478056e-02
-3.038681013937912567e+00 -2.443221165487455271e-01 4.772428496498104522e-02 -3.886025367394423113e-02
1.124333059268173862e+01 3.869826760180872238e-01 -4.420956168748634840e-01 1.656727482383636985e-01
4.068127582559229793e+00 1.301805826343001904e+00 -7.295059501440361860e-01 1.614666776918898816e-01
-2.991475926524221229e+00 6.419434688145297940e-02 -3.257922133219403049e-01 6.086168501228546301e-02
1.822727597999955762e-01 -1.021623767990136600e-01 -6.833128277997516098e-02 9.994976160593901926e-03
-3.233763138645819879e-01 3.474130660137496607e-01 1.484021770035000021e-01 1.661971503636906211e-01
6.743145504962084757e+00 1.620858307119043551e-01 -6.072111235428607756e-01 -3.643266780847780328e-01
2.154552888742469641e+00 2.060735685906734393e-01 1.070671355515235290e-01 1.102532556452334583e-01
2.974773460815054005e+00 -5.816733051620903705e-01 6.557217740661320793e-01 3.946779398809420192e-01
1.467133760537819853e+00 1.310715169569007799e-01 -3.706443543556420250e-02 2.027835214491861132e-02
2.704779160887072820e+00 -2.154357314220650688e-02 -1.467631919532550178e-01 -8.837362722651953550e-02
-6.825919597176033804e+00 -6.430393975410262364e-01 6.085390068260517760e-01 -9.656872534580959733e-02
6.871564909491922890e-04 -1.441000802940434422e+00 7.686643600675500121e-01 -1.156889506242716470e-01
1.989209797019294346e+00 5.577861211718154744e-02 3.201327839736345382e-01 -7.044001416259328130e-02
9.397500190205168025e-01 1.101781298025866773e-01 9.515737573563885776e-02 -6.593229958406079255e-03
1.044491757634662932e+01 3.220198566053113609e+00 -1.211060867924097728e+00 -1.023161223890479699e-01
-1.063561227164404066e+01 1.718240528024370661e-01 -1.261311265830352912e+00 -2.456869028848547298e-01
2.227021651375814315e+00 -3.155665935944222400e-01 -6.511507223441040937e-01 -2.125796329772754734e-01
-3.146592505278412943e+00 -1.618787465829296668e-01 -1.498647614486503521e-01 -8.933761768232123535e-02
-6.555925244652449635e-02 3.508531684209564849e-02 -1.461226744046129067e-02 -6.524636353723106685e-03
1.545668359037535022e-01 -4.683679129524651041e-02 -1.789896779878179245e-02 -2.368791912382523651e-02
-1.136012760891881745e+00 -3.232886800704394548e-02 1.271795387000879685e-01 9.019446900916237853e-02
-3.792949739548465149e-01 -3.261130039795792634e-02 -2.198946371470179156e-02 -2.200224475418390002e-02
-1.615598390226815395e+00 -7.659823644103377904e-02 -3.301895650142592786e-01 -2.403619790421912816e-01
1.481098054794443009e-01 -3.664723832342056675e-02 1.647905176974765601e-02 1.420578181231424778e-02
-3.854450926037207292e-01 -2.055821536089780244e-02 8.491391715921947636e-03 -5.132083087080397538e-03
4.739056767351349286e+00 5.814901519189181744e-01 -2.467567187899458170e-02 6.565537963677552102e-02
-3.051593193386988645e+00 4.273962581674896066e-01 -1.454166349201484743e-01 -2.953979036420491255e-02
4.306606040207965336e-01 -4.021641365858348582e-02 -6.319862080762929379e-02 -2.150053231278662574e-02
-6.435215293112744872e-02 -3.450289172904913437e-02 -2.619494974448153754e-02 -8.051674401587438634e-03
-4.713900455529526745e+00 -1.409389118888232151e+00 4.053061768809091414e-01 -1.744426710899644739e-01
7.904271450401363808e+00 2.613113008838791052e-01 4.915008377225810743e-01 -2.470456037886172851e-01
-1.465921406857420894e+00 2.374722450809809149e-01 2.779740395670016184e-01 -1.786422354422420034e-01
-8.311352788213470788e-01 4.793454863698880242e-02 6.272795005355288889e-02 -6.082406705537184155e-02
-3.048067165674164802e-02 -2.585640468050878771e-02 1.166105871274288747e-02 -7.149284133291161636e-03
-1.055519643394556617e+01 -2.559624423365614021e+00 -7.090549021823671083e-01 -2.514860102237590489e-01
-3.456636273320714992e+00 -1.671665439728205582e+00 -6.077843019634363575e-01 -4.526180444765806055e-01
-1.405012179357317592e+00 -4.882585282672061711e-01 -3.423168186267522839e-01 -4.332066023880112859e-01
3.190112516333560411e+00 1.252601439781939607e-01 -9.341366979541976256e-02 -2.169850035531415144e-01
1.204984025747009024e-01 3.683922775332404420e-02 -1.420506009438410322e-02 -4.717606384742986658e-02
3.088528208197749425e-02 2.023521989245291933e-02 -1.968121051365397112e-02 -1.425790069922114323e-02
7.613026107285572053e-01 1.948499297201864988e-01 9.444675743270783408e-02 7.677449034586264487e-02
1.170151848722914695e-02 5.995111456580819176e-03 4.746633460576456416e-03 3.678523306196219804e-03
