-2.139496406596552713e-04 7.698849660984677379e-03 -4.395030627493379249e-02 -2.508586923505836536e-02
5.360657870394042179e-02 1.490463524650033067e-01 -6.539540719424641324e-03 1.558809188184061278e-01
2.260102437145400101e-01 1.528655468414132634e-01 1.457786576589824579e-01 1.573802418583562512e-01
1.271791735234106824e-02 -6.641738719574818983e-02 -3.207779625434059589e-02 4.078095878768672744e-04
2.769499073157607461e-01 1.248325143170244816e-01 2.434958236904447570e-01 6.398985875604708273e-02
1.165943434963231384e-01 8.981073229725813900e-02 2.372340374887635939e-01 8.661458818252998348e-02
4.134938218921749842e-01 1.972185118859446917e-01 -9.727450268621318230e-03 1.249997528943186942e-01
-2.743281087194086032e-01 -1.292921698375390505e-01 -1.994431077035783151e-01 -1.697710906308668166e-01
2.690234580291117061e-01 1.979904252920841601e-01 3.630218852479800695e-01 1.821353650119224288e-01
-8.647105836609525475e-02 -5.413906571392651523e-03 8.864435578120666293e-03 -6.707035899551405667e-02
-2.200969788035214147e-01 -7.623921980604189685e-02 4.406413490117926379e-01 4.180453879370919779e-02
1.207624979970546297e-01 -1.865610388627614302e-02 7.964766452100957572e-02 5.321369153426309950e-02
1.405319991973583982e-01 1.182883685501120857e-01 4.542147815173265823e-01 2.972546506003300726e-01
-1.966775092617448206e-02 3.933484996873515271e-03 -2.966676314269012238e-02 4.845215140270314746e-02
-1.534739403689174830e-01 -1.080772385444526695e-01 -2.288903632696778212e-01 -1.028089514967703705e-01
2.614870863541957080e-01 1.443676641195357213e-02 7.540897423781256492e-01 1.083677555474061860e-01
-3.342410283205037025e-02 4.547323680144585434e-03 2.862678370513342951e-01 5.211529401920494964e-02
-4.659471199418938059e-02 -6.833244069564162193e-03 -1.272791787581279976e-01 -5.177519721742129821e-04
-7.530111316236459684e-02 -4.601032722670567177e-03 -1.127109599765159231e-01 -7.315126730967631830e-03
3.050044406927399088e-02 -2.816138094880613063e-03 -7.248698089962479774e-03 2.390357447088559129e-02
5.353899474212908682e-02 2.667517276463393650e-02 -2.931240956533958109e-01 -4.148277164749966661e-02
-3.898413793754285095e-02 2.685959542825969160e-02 -2.707876854550245183e-02 -1.864594565384726163e-02
1.590001811301919310e-02 1.577658919949682659e-01 -3.565590993129975628e-01 1.678870369488855152e-03
7.981461382434179574e-02 5.105169781370514498e-02 7.531865584258101709e-02 4.732951961765324150e-02
-2.148846249103780748e-02 -1.147163789328911609e-02 -1.047630996596824460e-01 -4.363987935304801391e-02
-3.344045544225145994e-01 -2.883740652752343758e-02 -3.706513002977884774e-01 -1.374630622734731300e-01
6.387444312964268844e-02 7.110053806309524216e-03 6.806921164228807442e-02 -2.077142262506274928e-02
3.984504431340227248e-02 1.115457223880719773e-03 1.691538499151530317e-01 -3.599665783715233491e-03
5.033973990857543157e-02 2.390432245891971341e-03 9.261392030867421354e-02 3.042466017204065176e-03
-2.594564830792447374e-01 -2.197161050464629950e-02 -3.386846706717854261e-01 1.149269133783274721e-02
-1.481852088452462191e-01 -3.844380977263505555e-02 -6.536780420164300942e-01 -4.094456504841470501e-02
-7.194626067095463706e-02 -3.877781114675728225e-02 -3.893349064577025231e-01 -5.301891329695707089e-02
-8.393409063689594163e-02 -1.701516841447250905e-02 4.259562304323027959e-02 -1.600652976959718310e-02
3.440431075614092116e-03 -4.786943465499477607e-03 1.686739576408441410e-02 2.061699211539341769e-03
-1.633605570751220371e-03 3.453603620241456687e-03 1.851622200298365384e-03 -9.686833396876856628e-04
-3.870128822143573122e-02 -3.894534896469757645e-02 2.352640449839199510e-02 -2.636600022589125070e-02
5.899768518230263936e-03 -5.619799262302986598e-03 5.703032511231415080e-03 3.741536723094363200e-03
6.875357471029816536e-02 2.142975395475072570e-02 1.657664556854612781e-01 6.246492438381648360e-02
2.875323520423064827e-03 -4.121628192108386934e-05 2.836501757858614359e-02 6.220120901333087149e-03
-1.475264889846569435e-02 -8.708054972981577047e-03 -7.657991600342195504e-03 -7.961795372496038165e-03
1.962166484632792418e-01 7.996516010705684296e-02 1.658442090675291691e-01 1.261563662411923636e-01
-1.326813592550628307e-02 -1.023947571528904810e-03 -7.136921592867573327e-02 5.394901705586083174e-03
-8.003486202280491596e-03 5.333557619668569116e-04 -6.377203770626760360e-02 2.688035774513319875e-03
-7.997982340248385724e-03 -9.913913989113842806e-06 -2.159788578470089870e-02 6.031777869583698770e-04
1.321277382352893937e-01 1.513659543639937766e-02 2.510814012433826292e-01 -9.270618860646173687e-04
4.287340507071624174e-02 -8.083955056371994186e-03 3.466741885471691376e-01 -3.205376846828728032e-03
2.792685468964090090e-02 2.165708803108526426e-03 2.090150976426051743e-01 1.783255943235999286e-02
3.464252659538746837e-02 4.163800401338247845e-03 5.592962470438278544e-03 8.290134132724308325e-03
-4.415602375671123792e-03 9.013939578360052884e-04 -9.170659794900282158e-03 -1.335225452128066537e-03
-1.198884576808252889e-01 -9.065231139945797989e-03 -5.338916736081776859e-01 -8.143844688724372061e-02
-7.045502491476338114e-02 -3.430498704621774697e-02 -2.808856846914937755e-01 -6.748531778905197953e-02
-9.633468564674618762e-03 -3.227477015374903557e-02 -3.216516315109441138e-02 -3.572329725352288432e-02
-1.857199865312018916e-02 -1.412591799267914200e-02 -5.560864003375154407e-02 -1.576559510677481846e-02
-8.688116615860802527e-03 -8.466355761892051246e-03 3.700246519923733324e-03 -7.956060522065072638e-04
7.362463127091017911e-03 -8.277444445536838447e-04 2.677904346097145782e-03 2.058446335414035322e-03
-4.687797823775815415e-02 -2.281228729098829650e-02 -3.349174861977300549e-02 -1.735825259701244752e-02
1.124202217795194133e-03 5.981657409047360036e-04 2.069262100313588263e-03 1.099665753989375380e-03
