-1.544050195121741798e+00 -7.374240296737383238e-02 5.042605696640549695e-01 2.305394894415699059e-01
9.660854398589596714e-01 -8.243655576036014454e-02 -4.323569166752444515e-03 -7.400604833788723691e-02
-2.062090615996250154e-01 -1.358651694955612110e-01 1.661415730280049741e-02 -1.192752088880692507e-01
2.890685237736786206e+00 1.548539147227898094e-01 -9.354134045511179885e-01 -5.149821071804948636e-01
-7.834801298133692304e-01 1.516649835982867012e-01 7.758640968358752055e-01 4.042090324392819678e-01
-8.111512564266587511e-02 8.987615242581782626e-02 7.110864364299217255e-03 1.038808665629848416e-01
-4.760435670385972706e+00 -4.874633284570901726e-01 -6.151033050001413205e-01 -4.675229733424842160e-01
-1.308095182581844318e-01 1.211094858051335321e-01 -2.599650601384372317e-01 1.290206931673818780e-01
-1.079554051983631524e+00 2.344758852170617525e-01 2.615959900294630436e-01 2.415087382195898469e-01
-2.698015788131617132e+00 -3.638270922500949633e-01 6.499474735434773720e-01 3.096015266245000785e-01
6.197602570397377164e+00 6.948649573756674469e-01 7.993082208586250736e-01 6.906210783476307569e-01
6.086775433200994900e-01 6.468774684161533728e-02 4.534165548410410973e-01 3.586425889715687265e-03
2.036347555959451938e+00 -1.341507987617892583e-01 -1.444314477206673830e+00 -7.335223140810075426e-01
1.403991597084436549e+00 2.241248081080962629e-03 -2.276201059385087599e-01 2.417837767538051630e-02
6.298178337749081868e-01 -1.392401361129456394e-01 6.587105453017713663e-02 -1.773017311212392866e-01
-7.604676923201856287e-01 -8.885665391174535355e-02 -3.371970303137115654e-01 -2.295725033851725994e-01
1.132260338141789280e+00 1.861969250620580663e-01 -3.409064145071072915e-01 1.135898187258191500e-01
1.906476009658421011e-01 1.867493700209719165e-01 6.470557854570659073e-03 1.326496028345184874e-01
4.111210264001246006e-01 3.265905450022196094e-02 2.514275892583683891e-02 1.614304681208662828e-02
1.146930230916497262e+00 2.347919228632178168e-01 -2.177908204216845167e-01 -7.732448268266697844e-02
-3.209928293483604200e+00 -4.744588795414066418e-01 -5.158059710791731423e-01 -4.648681375231205060e-01
-3.607703839511664512e-01 -7.704346201919086423e-02 -2.724125660142718841e-01 -3.272739666127326419e-02
-1.020240654490308874e+00 4.214515604265907101e-01 1.331618979670321057e+00 9.578702689264927406e-01
-5.579228269919545014e-01 6.146953384652387858e-02 -1.285918282602384888e-01 9.881851058044793801e-02
-8.046697437895962146e-01 -1.357790249310844577e-01 1.168511736170196602e-01 -1.613857934300154950e-01
5.877310481421149646e-02 3.895855551797536842e-01 4.632447543277210533e-01 2.555790784411358652e-01
-9.870539113539734677e-01 2.469625130786565481e-01 8.355463649931136327e-01 2.225314089848358934e-01
-1.427221135514030181e-01 -1.928471103524788122e-01 8.831276887697270261e-02 -7.572445686716881841e-02
-5.357134495282295239e-01 -5.806650872936592461e-02 -3.647815521990371845e-02 9.493368798644256923e-03
-1.063941860443878173e+00 -7.260809911617147061e-02 -7.362211661757374070e-01 -4.049725888215777725e-01
1.844664314256700299e+00 9.821769374738895109e-02 4.891560488812300711e-02 1.792139250609041390e-02
5.629481468212282902e-01 1.158181082603885192e-01 3.043366884023040453e-01 1.131433488093390588e-01
5.681403923507895026e-01 7.478560005979663361e-03 1.510305402618045967e-01 5.683391107226698491e-02
-5.943190692665479835e-01 6.125255059676393624e-03 2.927189985472110345e-02 1.957530217837325642e-02
-1.724269709632339498e-01 -4.054500322804707735e-02 3.605526486529068292e-02 1.339081558793302727e-02
5.642570704000920978e-01 9.688011433616652845e-02 1.018489337946064249e-01 9.319238990594243266e-02
6.159904540734270628e-02 1.771246880535535390e-02 5.704538340140827973e-02 9.032081204237063857e-03
-8.595344511147379185e-03 -2.584157623850645846e-01 -4.911516573245576223e-01 -4.146054713567692285e-01
1.664192874934886379e-01 2.054372577238539055e-02 -5.387030784324302324e-02 3.476939251076516940e-02
1.297955143916221799e-01 -1.161112267763123561e-02 4.566488860122254467e-02 -1.746143313873624314e-02
2.531785025842902548e-01 1.485016180002576291e-01 1.497388847418773539e-01 1.681379907124320172e-01
2.247626471645989277e-01 -9.004469516049196098e-02 -3.012446148529472900e-01 -9.770606953901971037e-02
1.997318914582743576e-02 3.366857017649471651e-02 -5.242066730395323476e-02 3.768249523616904600e-03
1.849409908514002832e-01 1.107449522552310384e-02 1.529474960262510938e-02 -3.927513593714498236e-03
1.271139784671694528e+00 4.407469986527680073e-01 1.004769489646349712e+00 6.283585920297920513e-01
-7.222892689000232069e-01 1.778392229252073187e-01 2.004414837181486275e-01 1.090186558974414327e-01
-2.874930731082715463e-01 -4.165820870996751746e-02 -1.648296762551326178e-01 -4.483013543548884650e-02
-2.817516497436879930e-01 -1.675059273487321948e-02 -8.050445614270834715e-02 -4.698189730201048075e-02
2.998230448533323322e-01 8.019400197045469664e-03 1.010191465296867742e-02 -2.168433540717547292e-02
1.466981014639509029e+00 1.578661308943256625e-01 4.140625755489548143e-01 5.419852131591087474e-01
4.515448418034195277e-01 1.884743976558804213e-01 4.696619543802916796e-01 2.663748472713469151e-01
2.897690498074595444e-02 1.097819947968417947e-01 1.668234985179658791e-01 1.267827845301856826e-01
-5.543976689416956621e-02 -1.520968626961875098e-02 -2.935914684460483315e-02 7.299564240937411741e-02
8.651575187478412199e-02 5.043407487272957151e-02 -3.801965901206794812e-02 6.118062583197740600e-03
-1.363214624324681212e-01 2.748590530315016267e-02 -3.655982796933104906e-03 -2.660530553645212501e-02
3.228841712041468082e-01 2.151523025026122124e-02 -1.038613185581291204e-01 -3.081482575316563804e-02
2.491311987626805904e-02 5.947906408640157502e-03 1.087387814662549301e-02 1.031191763406176867e-02
