1.589022968217279619e-02 -3.332487777164661047e-03 4.480993973093705396e-03 2.622713228834991361e-04
-2.299692765828196817e-01 -2.370869016588454947e-01 -2.385166567500169588e-01 -2.351976463410936358e-01
-2.351622083207928204e-01 -2.371660309426872337e-01 -2.380456061700157444e-01 -2.361832306826936456e-01
-1.442802668238263308e-02 3.981924916168955164e-02 2.087777556617265162e-03 8.688728989607666375e-03
1.347667507726224567e-02 3.141566887011615350e-03 3.052835237293730075e-03 1.244491294875277321e-03
3.221168471357893637e-03 3.117263056482605377e-03 3.808404283311667138e-03 3.161870140383219591e-03
-1.749873402941002354e-01 -1.405696095758054154e-01 -1.470772747563099392e-01 -1.645274188073582444e-01
1.485108356084759995e-01 1.560381554918383040e-01 1.585846941160918289e-01 1.501157279169097192e-01
6.738302326567857659e-03 4.074353398272945181e-03 5.538870108911519985e-03 4.394737524026054443e-03
2.066341544956262766e-02 -2.775166191632338908e-02 9.124450054657562426e-03 5.063397702141397838e-03
-4.176372806051542597e-02 -1.326580731895647958e-01 -7.321193888500550362e-02 -4.518891192601341700e-02
-5.471848906744725127e-02 -6.811803084907686046e-02 -6.684465257113469949e-02 -5.431536111867966282e-02
-5.844154162311815393e-02 -1.834101431925483361e-02 -1.392627936110990561e-02 -1.046705102713596514e-02
-9.443153235966561532e-03 2.000219316647955381e-03 -3.404710299121149752e-03 -1.480929176539774739e-03
-1.708409611380967696e-03 -1.862716755839932681e-03 -2.723713266409300005e-03 -1.209492939950304602e-03
-1.518354624239837136e-02 -4.756446232122013562e-03 2.124882744744954755e-03 -4.195647211450159730e-04
1.913660489494262151e-05 -1.285689025985886635e-04 6.706982578305376030e-03 3.157608674349110522e-03
5.225064021430636529e-03 1.536343666354147985e-03 5.408037325158432385e-03 4.914689786622045142e-03
1.357360924949535530e-03 3.088061987517376483e-03 1.637267561381910985e-03 1.178230924376438837e-03
-3.913733173997901993e-03 1.298850168659415605e-02 2.490136402705234175e-04 1.031830442547496118e-03
-2.136155089588509526e-02 4.405519877192065614e-02 -6.300924611439273626e-03 -2.388973369361244853e-02
1.219712762857594335e-02 2.208832140152475199e-02 1.863149906616226592e-02 1.111165724373102195e-02
4.885477808533700284e-02 1.898122055990875134e-02 6.159356055899123383e-03 5.893762763093002288e-03
5.371738318094010367e-05 -1.063139863747064595e-03 7.692725415883172602e-04 -4.227723478295170034e-04
5.969857874394024488e-03 -8.639788826789840392e-03 -1.884830181453356346e-04 -6.042023469308988037e-04
2.098207430105802906e-02 1.492945733482591020e-02 -4.948315972617134406e-03 4.621146729095415573e-03
7.299032930677018527e-03 9.826863823922671326e-03 -5.964471847504260182e-03 3.462917882306737472e-03
-2.996914316647947274e-03 5.667432139953021419e-03 -4.251483305016567904e-03 -2.499299721685610542e-03
-1.247209883264044361e-03 -3.244450420261779655e-03 -2.065664724218901904e-03 -1.057903610878319078e-03
3.623882421723179093e-03 -7.305502989148227044e-03 -2.102543127551204094e-04 1.500034623632739983e-03
2.863050962904178931e-03 1.781064888756664355e-03 8.520916803254063865e-04 1.822501166570900111e-03
2.002124881958389224e-03 8.291864162982998110e-03 3.392398746798572229e-03 1.232683799662348534e-03
-6.097753731363342311e-04 -5.760583980941869076e-04 1.409155333221029371e-03 7.903843462161441735e-04
3.791803650644021140e-04 -2.694286961443553841e-03 -2.280341953838083136e-04 1.152737012905802327e-04
1.587039370165299612e-03 -4.394513612574826866e-04 9.484200187365732226e-04 9.869995209270962869e-04
-1.508103380480463329e-03 -1.519906769480372510e-02 -4.152713152520741413e-03 -4.106019683609001686e-04
-1.226065799323508565e-03 -3.419436188309997460e-03 -2.501091890233810705e-03 -9.210398344095720516e-04
-2.123394428003795575e-02 -1.542239095723815789e-02 -9.594410985560436478e-03 -1.031638528881708566e-02
-1.474917016177947071e-03 2.390493896618856029e-03 2.403613550486238815e-04 5.489917961987167416e-05
5.273475770667390705e-05 7.131420078121397665e-04 -1.000692770998512504e-04 1.936657798960357557e-04
-7.781634137000698059e-03 -9.363138210537136352e-03 1.122887616057444138e-03 -2.710495150085465155e-03
-1.643502298044441368e-03 -3.624452283049861556e-03 3.313078139501546282e-03 -6.984389594676954083e-04
4.294591796896174429e-04 -2.847502132635071348e-03 1.098582742006554147e-03 3.870996171204121872e-04
3.413386615332691942e-04 3.518819510349158186e-04 6.821260015471564131e-04 2.293931848486932545e-04
-2.601541764854831129e-03 5.467792468226595481e-03 -4.601160183798080894e-05 -5.899680554233288632e-05
2.525080699635751103e-04 4.853059165624951099e-03 1.638373823623778813e-03 8.699810079660641460e-04
-5.069173755027078787e-04 -2.499818143251841818e-03 -1.543061368864534488e-03 -2.108925037958009341e-04
1.903495642948116462e-04 1.832929595169896508e-03 -8.293107716844105859e-04 -2.367769359026133946e-04
-5.640737348019952968e-05 -3.655936527048597728e-04 1.362162328930049959e-04 -4.769709744154027042e-05
1.480903532389415966e-03 9.815284162556614511e-03 3.006871981607123212e-03 1.044193164477680291e-03
8.731142336130259807e-04 3.441608256129713439e-03 3.770756104722550184e-03 1.164035723137668565e-03
3.210578243886264005e-04 -3.018137628414407914e-03 2.007578988887037674e-03 -2.705386572273704715e-04
-3.660478706937753124e-04 1.796869978872850382e-04 1.354621842393835540e-04 2.390175340358513534e-04
7.576157002674999141e-04 4.496413185456876738e-03 1.215313955478941610e-04 1.691046151552355603e-04
-2.329083233917061957e-04 -2.409065632336115925e-05 5.416498827958554640e-05 8.833234028366582224e-05
-7.406277101757066661e-02 -7.059682163664215970e-02 -7.135911233364404527e-02 -7.047660192565188830e-02
9.897219748556899531e-05 1.568120188742306990e-04 6.270055023916609922e-05 4.623146690716153912e-05
