-2.081317538706022319e+00 3.330765042476442783e+00 1.936196034308808267e+00 0.000000000000000000e+00
-4.553380091666079932e-01 -2.412669773097758930e-01 1.466423036666828272e+00 0.000000000000000000e+00
-2.155589109118896562e+00 -3.024191895651743511e+00 -6.657298430318842053e-01 0.000000000000000000e+00
-2.881145923179599388e-01 -6.819368565019819917e-01 8.170464111597985912e-01 0.000000000000000000e+00
3.473947416548206490e-02 -1.423625963562970276e-01 4.446905474630207245e-01 0.000000000000000000e+00
1.610960257199754997e-01 2.201414787398466189e+00 -1.539888660418801958e-01 0.000000000000000000e+00
-7.524402521701155644e-01 1.932900060170816170e+00 9.580026379995387753e-01 0.000000000000000000e+00
-1.729095067892900239e+00 1.487845490219081190e+00 -2.999680761824121245e+00 0.000000000000000000e+00
-1.079767889008484832e-01 9.751110644464332511e-01 -9.202345420364638207e-01 0.000000000000000000e+00
9.980533082605306250e-01 -2.416862445645509005e+00 1.513591207782013948e+00 0.000000000000000000e+00
1.513569617253005539e-01 2.982089226938830148e-02 4.721777240290312566e-02 0.000000000000000000e+00
-7.666739452134154753e-01 4.618926269994841904e-01 -1.906398196267010237e+00 0.000000000000000000e+00
-2.916408164702042130e-02 3.334178630108347585e-01 1.145731379316694970e-01 0.000000000000000000e+00
9.296492156292281983e-01 4.011282041630558903e-01 -2.005368408261253066e+00 0.000000000000000000e+00
8.297269894322171213e-01 1.022765884692157012e+00 -2.648585388817789710e+00 0.000000000000000000e+00
3.745774783400269703e-01 -1.370414290942521207e+00 5.643998964375586125e-01 0.000000000000000000e+00
-1.554519841350872955e+00 -3.523792665096876497e+00 8.917169311171131429e-01 0.000000000000000000e+00
4.810282882273012039e-02 7.080246060817411147e-01 -6.654664286758211755e-01 0.000000000000000000e+00
-1.927926551973270675e+00 5.162226563024506776e-01 -1.291631313994685781e+00 0.000000000000000000e+00
-3.114166913253106905e-01 -2.359712519172771916e+00 6.270405081618966037e-01 0.000000000000000000e+00
1.102997382498396711e-01 -7.515025189460574880e-04 -7.136873296224290064e-02 0.000000000000000000e+00
-2.030465683898298457e-02 -2.897170706224781456e-01 -2.570636152854116618e-01 0.000000000000000000e+00
8.675320341039328975e-02 -1.325185030409848363e-01 3.949948317347805604e-01 0.000000000000000000e+00
2.029219286697803437e-01 -1.491134997304036092e-01 -1.739776272967391790e+00 0.000000000000000000e+00
1.098253787405757131e-01 -6.038739694221018084e-01 -1.517315212805843416e-01 0.000000000000000000e+00
1.506334731668324267e-01 9.598365029801094739e-01 -1.097368837660270602e+00 0.000000000000000000e+00
-3.769379493217479560e-01 1.269538245374479402e-01 -2.773160941657804468e+00 0.000000000000000000e+00
-3.318936524771432528e-01 1.504523983930824871e+00 -1.645731507146792616e+00 0.000000000000000000e+00
-6.322374538606775340e-01 1.966539948434478768e+00 -1.665277156119947533e+00 0.000000000000000000e+00
-6.736091278006776095e-01 3.295957539116985968e-01 -1.132451291757229139e+00 0.000000000000000000e+00
2.823504941133328838e+00 -1.042538891485354835e+00 1.043434743056264491e+00 0.000000000000000000e+00
-9.986944882263588674e-01 -2.482716345649162992e+00 2.010293972405377438e+00 0.000000000000000000e+00
1.748945126752154966e+00 -1.835991727072590618e-01 -2.417118166156718040e+00 0.000000000000000000e+00
7.368440005377314694e-01 -1.682564045328745816e+00 -6.021245061626920858e-01 0.000000000000000000e+00
-1.037511702256186871e-02 1.427985600498546059e+00 9.847885416575257594e-03 0.000000000000000000e+00
2.388472627385531191e-02 -1.849545782382447379e-01 -8.997245361145042586e-02 0.000000000000000000e+00
3.507595080042001934e-01 -1.854895261461519118e-01 8.972815807836110880e-01 0.000000000000000000e+00
1.428622085389018026e-01 -4.615031723431790162e-02 -8.339656517294759264e-02 0.000000000000000000e+00
-6.699801199212462866e-01 -5.227287071169580690e-01 -7.318182929736247733e-01 0.000000000000000000e+00
-4.377707713274880952e-01 7.053198781034908382e-01 8.086396231061199202e-01 0.000000000000000000e+00
-3.763757217623240336e-01 4.094602854616163912e-01 -1.146820595413342442e-01 0.000000000000000000e+00
1.391379186893003883e+00 -1.493315116314401392e+00 -1.638431595362771498e+00 0.000000000000000000e+00
-6.335422742058723911e-01 -2.824113925201067743e-01 1.376241326934350528e+00 0.000000000000000000e+00
1.054571169915921258e+00 -4.258350010513475281e-01 1.116352460644168820e+00 0.000000000000000000e+00
-8.438184932827920148e-01 2.188083646309890162e-01 -1.899395112677952635e-02 0.000000000000000000e+00
3.129340473048617177e+00 -1.408735802816107441e+00 -2.599422612890641471e+00 0.000000000000000000e+00
-3.720411772362747782e-01 -2.711289930885013355e+00 5.047215960650969918e-02 0.000000000000000000e+00
1.013264419346601830e+00 -2.591866389634685852e+00 -2.200851860685879124e+00 0.000000000000000000e+00
9.881375433752013215e-01 -2.955542002295775683e-01 -2.058735563791614265e+00 0.000000000000000000e+00
4.498527617168905368e-01 -1.195282306066019151e+00 -4.817033630899630881e-01 0.000000000000000000e+00
-1.200264929357066634e+00 -8.285748754783243131e-01 1.758868901882008284e+00 0.000000000000000000e+00
9.075763485457751800e-01 2.874638658642157729e+00 -2.182087052327287502e+00 0.000000000000000000e+00
-9.318354598964507796e-01 -1.300574088118371163e+00 -5.710852645863563337e-01 0.000000000000000000e+00
1.090860938858367435e+00 -2.471608612132026650e+00 -2.201166947510782013e+00 0.000000000000000000e+00
-7.142015841477851179e-01 8.298073273720710796e-01 -9.403131588789084283e-01 0.000000000000000000e+00
-2.405004228694969104e-01 -1.051226068981073292e+00 6.648151644157772600e-01 0.000000000000000000e+00
