-4.337357207611998611e+00 -2.119479806460336846e+00 -2.554545302757155412e+00 0.000000000000000000e+00
-2.148911698950211946e+00 -2.625344983579655511e-01 -6.409061108773156379e-01 0.000000000000000000e+00
7.936482987195901950e-01 2.889771981989283756e+00 -1.911653130349112661e+00 0.000000000000000000e+00
1.196561236760117497e+00 1.503013318329070591e+00 1.290387074946654389e+00 0.000000000000000000e+00
-6.224882373565977511e-01 1.901784605571913422e-01 1.545643304717004007e-01 0.000000000000000000e+00
-1.818057460766015210e-01 -6.855366412826204847e-01 -8.756281704701338597e-01 0.000000000000000000e+00
-2.979983614541477976e+00 -1.386687152971986192e+00 -9.252576950487497731e-01 0.000000000000000000e+00
1.208480493494053620e+00 1.437917720719809056e+00 5.129737453109491918e-01 0.000000000000000000e+00
7.699893388212056822e-01 3.831707414143547541e-01 2.447154334639244644e-01 0.000000000000000000e+00
3.294497272942707333e+00 3.388591508762572868e+00 2.800854472091307557e+00 0.000000000000000000e+00
-1.036908333130565421e-02 1.768601403179732579e-01 2.791796756161017412e-01 0.000000000000000000e+00
9.682622599187417078e-01 6.144926579107765630e-01 4.661829444089780061e-01 0.000000000000000000e+00
2.638903444807892407e-01 -3.753766707746941655e-01 2.042196509952595440e-01 0.000000000000000000e+00
2.078347976286417875e+00 -3.750983284258773143e-01 -6.610460822234175415e-01 0.000000000000000000e+00
2.298935161389787485e+00 1.973718232594955602e+00 1.908979692702961861e+00 0.000000000000000000e+00
4.124486882663624954e-01 3.718548971685832760e-01 2.181221519017640387e-01 0.000000000000000000e+00
1.837771797587834710e+00 3.129129039233403464e+00 -2.085933336904520985e+00 0.000000000000000000e+00
1.348155703336015643e+00 1.865135927395253912e+00 -1.637952944527300669e+00 0.000000000000000000e+00
-3.503928984928130624e-02 2.443770182154265225e+00 -2.144806249785222274e+00 0.000000000000000000e+00
1.846929260493682667e-01 1.427121840407319819e+00 1.391767471360963182e-01 0.000000000000000000e+00
-3.603076506097836903e-04 6.856381787796878013e-02 1.576698290468640795e-01 0.000000000000000000e+00
6.840213204764438171e-01 1.604073671424070258e-01 2.278670725782128148e-01 0.000000000000000000e+00
5.473375632646070021e-02 -3.034838913676025096e-01 6.377066603471001627e-02 0.000000000000000000e+00
1.949671571020748395e+00 -6.514235719735629593e-02 -2.588111464930474212e-02 0.000000000000000000e+00
1.175661864348429564e+00 4.078452863408723039e-01 2.008445039374920915e-01 0.000000000000000000e+00
1.486465359983082157e+00 5.408494700109015563e-01 3.916962476144126293e-01 0.000000000000000000e+00
1.487085932939623545e+00 1.307195612805859497e+00 1.435208152776093815e+00 0.000000000000000000e+00
-9.630570462700864531e-02 7.638471187747284397e-01 1.624687376318355858e-01 0.000000000000000000e+00
1.465813728945219718e-01 8.763917911171758002e-01 8.206007068243044156e-01 0.000000000000000000e+00
3.512619653581105506e-01 1.636758254099117404e-01 -1.029621184161217951e-01 0.000000000000000000e+00
2.465242908597916394e+00 -9.612330937424219401e-01 1.687323401229842812e+00 0.000000000000000000e+00
2.162142354313177250e+00 -1.876052879445307298e+00 1.556103381181065615e+00 0.000000000000000000e+00
1.461278639004901958e+00 8.085220521180158659e-02 1.095129929971612626e+00 0.000000000000000000e+00
2.289719075159301287e+00 2.074915414999436880e+00 2.006400509614394423e+00 0.000000000000000000e+00
-1.650520146127953502e+00 -6.995703715943042411e-01 3.267684979331347273e-01 0.000000000000000000e+00
-2.732211901979061941e-01 -4.562909995506299332e-02 -3.538581793105382428e-02 0.000000000000000000e+00
4.010690980424803098e-01 -5.255678380115720583e-02 -3.162998505254459997e-02 0.000000000000000000e+00
-8.555287066232390714e-02 1.537319421013098875e-01 -6.078442628837669309e-02 0.000000000000000000e+00
1.409747507577616688e+00 5.114864425397904618e-02 2.930327292642194714e-01 0.000000000000000000e+00
4.336819422620725173e-01 4.252755800604780534e-01 -8.078486252853687988e-02 0.000000000000000000e+00
9.557690234496719617e-01 1.258705116053220607e-01 -8.867995115390336913e-02 0.000000000000000000e+00
9.984458393892682304e-01 6.224851336754508857e-01 1.264418285002761211e+00 0.000000000000000000e+00
-4.501278714985847973e-01 6.904486118244127502e-01 2.323615182225365672e+00 0.000000000000000000e+00
2.688872188936472507e-01 8.433684246850008115e-02 1.539507385345893820e+00 0.000000000000000000e+00
4.625440627235899993e-01 -9.029747730889862156e-01 2.639662866913385364e-01 0.000000000000000000e+00
2.859623280836347092e+00 -2.044112454477239993e+00 9.550594878513976038e-01 0.000000000000000000e+00
1.094368008962673056e+00 -3.074337139303513933e+00 -2.794292151234120780e+00 0.000000000000000000e+00
1.843594003791376945e+00 1.052929010391053799e+00 -8.325018429850561397e-01 0.000000000000000000e+00
2.845933003539535378e+00 -9.745426133206657182e-01 -1.869653687067749093e-01 0.000000000000000000e+00
1.091113056436607387e+00 3.950936027057300182e-01 1.150535893520460151e+00 0.000000000000000000e+00
1.993202312430581546e+00 2.617404884815671018e+00 -1.924554582568424710e+00 0.000000000000000000e+00
-1.878498895166409888e+00 -1.926627335703606114e+00 -2.244639491217294835e-01 0.000000000000000000e+00
-1.308278156834158601e+00 1.508007357664962633e+00 -2.466590804524073643e+00 0.000000000000000000e+00
-1.176376978260461614e+00 2.353922324336618632e-01 -2.020326666641115931e+00 0.000000000000000000e+00
-1.675329037777942842e+00 2.200850357773712851e+00 -1.194489223034141512e+00 0.000000000000000000e+00
-1.091712908103636970e+00 2.107957697012265541e+00 -1.504610846864323226e-01 0.000000000000000000e+00
