-3.163371552604831827e+00 1.200857543059750343e+00 -3.411194971673743748e+00 0.000000000000000000e+00
-1.641716122483079632e+00 5.610447114162682158e-01 -1.962375581289522719e+00 0.000000000000000000e+00
-1.204318383621831634e+00 -2.096853989889932102e+00 4.619585760507219363e-01 0.000000000000000000e+00
1.920005171196565441e-01 -1.871909310135818405e+00 1.637497684901597417e+00 0.000000000000000000e+00
-3.654574067676804039e-01 -2.026185990183785868e-01 -5.145370421539446903e-01 0.000000000000000000e+00
9.904484315680995854e-01 1.550712057944350075e-01 1.921224273706015895e-01 0.000000000000000000e+00
-9.315610319482435786e-01 -1.204541202325323454e-02 -9.074563554596019044e-01 0.000000000000000000e+00
-5.470226093427350555e-01 -5.423589230019455476e-01 3.156173463656340439e-01 0.000000000000000000e+00
1.763463955464008026e-01 1.898718193015437317e-01 2.515475651466768658e-01 0.000000000000000000e+00
1.152542690125701874e+00 -2.332735969927745234e+00 2.256717515996763623e+00 0.000000000000000000e+00
1.372919032647028914e-01 -3.630237705964365902e-01 4.134295215875481017e-02 0.000000000000000000e+00
-1.779558730412593992e-01 2.046485448766159967e-02 4.088035669236364522e-01 0.000000000000000000e+00
2.036406013363576961e-01 6.255463849237928864e-01 3.969771292695173925e-01 0.000000000000000000e+00
1.808485641399367960e+00 -1.320658503684728924e+00 1.429555923332246348e+00 0.000000000000000000e+00
4.878412610167447983e-01 -1.788711692063828851e+00 3.962121365224293146e-01 0.000000000000000000e+00
6.006803762352415088e-01 -2.755891735264883735e-01 8.637897196503666053e-02 0.000000000000000000e+00
-9.405484858862165343e-01 -1.897120756498159810e+00 -3.426454420309935633e-01 0.000000000000000000e+00
1.858488300043306563e+00 -2.240150122881753969e+00 1.221037289711701224e+00 0.000000000000000000e+00
-8.391242738379498523e-01 -2.088672628803232012e+00 3.300548888924311752e-01 0.000000000000000000e+00
4.025964085070472542e-01 -7.297349736882625670e-01 1.664761655381807426e+00 0.000000000000000000e+00
2.019967201358605913e-01 -2.019818855225415100e-01 1.437068865308914201e-01 0.000000000000000000e+00
9.221468203168294020e-02 4.275528872696403304e-02 2.956384506989109817e-01 0.000000000000000000e+00
1.020054882963794124e-01 2.707441935903975860e-01 8.883484548796154179e-02 0.000000000000000000e+00
9.963884012339115914e-01 -1.099648403961260401e+00 1.068567545830496845e+00 0.000000000000000000e+00
5.370176515824517383e-01 -3.776556366731334546e-01 3.909439683111364805e-01 0.000000000000000000e+00
-2.059762878359999369e-02 -3.850210036265589997e-01 -2.895299933876744822e-02 0.000000000000000000e+00
4.356461745377192968e-02 -3.821674800991691212e-01 5.038898470117958439e-02 0.000000000000000000e+00
1.061618016906488438e-01 -8.415889017871960309e-01 7.024804369728381293e-01 0.000000000000000000e+00
-7.847829696501609775e-02 -5.338065620065555184e-01 -3.287726395949459174e-02 0.000000000000000000e+00
1.646295921939842088e-01 5.456399602682853178e-01 -3.201385892697761887e-02 0.000000000000000000e+00
2.645298299175368406e+00 1.538226707093849788e+00 1.880228592347303884e+00 0.000000000000000000e+00
-3.140801903178919163e-01 -1.210241834894364210e+00 -1.450280753715320392e+00 0.000000000000000000e+00
3.276043098666358677e+00 4.368358186159934098e-01 1.080177938099482482e+00 0.000000000000000000e+00
1.318981368154921840e+00 3.343131877945453301e-01 1.637992297138994413e+00 0.000000000000000000e+00
7.336597866209642049e-01 -4.521119718124035347e-01 5.496926134033770506e-01 0.000000000000000000e+00
4.904863737481127139e-03 1.021333616418926005e-01 6.293477362469219148e-03 0.000000000000000000e+00
3.049243259353756064e-01 -1.852988796571447272e-01 1.889126422673717276e-01 0.000000000000000000e+00
-1.344918602754573700e-01 -2.517364961379542354e-01 -2.225126905730890614e-01 0.000000000000000000e+00
-3.595098666564711665e-01 -2.276753262084892371e-01 8.279676523406219457e-02 0.000000000000000000e+00
-3.311520205353430391e-01 5.073368016356841759e-01 -5.836059327926760298e-01 0.000000000000000000e+00
-3.501843251136003698e-01 1.175993371096205747e-01 -4.056275492370218366e-02 0.000000000000000000e+00
1.294578616548482108e-01 2.919075036153070957e-01 7.474807844118876166e-02 0.000000000000000000e+00
-3.673540104175463394e-01 -6.485093025456595273e-02 7.908353780036279090e-01 0.000000000000000000e+00
-3.580408204070573142e-01 -1.706088314547440643e-01 -7.969592859855657574e-01 0.000000000000000000e+00
1.861145489713528500e-01 2.383602890256824036e-01 1.736072856723520352e-01 0.000000000000000000e+00
1.611018337616050733e+00 1.056513359013154796e+00 2.072626575561313800e+00 0.000000000000000000e+00
-1.047549975435469571e+00 -1.169415592748078048e+00 -1.541587986873829141e+00 0.000000000000000000e+00
9.322298919297061781e-01 8.588847418844636206e-01 -2.712904921150136039e-01 0.000000000000000000e+00
9.108341381470429488e-01 4.902016557037927047e-01 4.084750635413408187e-02 0.000000000000000000e+00
1.265139346328377323e+00 8.441822711855601069e-01 7.572195059129233075e-01 0.000000000000000000e+00
-5.581334868368328372e-01 -1.834138257421174423e+00 2.848041758809674029e-01 0.000000000000000000e+00
1.818895061459150364e+00 5.245652268149966213e-01 -8.966249478460094346e-01 0.000000000000000000e+00
-1.233966634403472318e+00 -8.366879732040067852e-01 -2.526233504382492612e+00 0.000000000000000000e+00
-1.225108668969086961e-01 -3.696401924069256384e-01 -2.086830352870098354e-02 0.000000000000000000e+00
-9.574544999859915251e-01 -1.043206298018280354e+00 1.017700586232428983e-01 0.000000000000000000e+00
-1.017394581246505725e+00 -6.627776562389737780e-01 -5.124896978933861647e-01 0.000000000000000000e+00
