-3.175614662880172023e+00 8.320034086672242202e-01 -1.711345782003396820e+00 0.000000000000000000e+00
-1.299837018026358315e+00 -6.145316704697845189e-02 -9.179951521244367196e-02 0.000000000000000000e+00
5.649840511015306044e-01 -1.484086836683861987e+00 6.396995889336988261e-01 0.000000000000000000e+00
-5.537945255357197283e-01 8.924977190136529348e-02 2.456541142965244506e-01 0.000000000000000000e+00
-7.396426282362136839e-02 -3.438445228363607997e-01 3.314495251076460952e-02 0.000000000000000000e+00
-4.611212648749448695e-01 1.800061459720716239e-01 8.088562316582164069e-01 0.000000000000000000e+00
-2.028618797820329611e+00 5.416037464204401797e-01 -1.014636203470177023e+00 0.000000000000000000e+00
1.297434317339266174e+00 -3.633251293603976251e-01 4.236554959454689739e-01 0.000000000000000000e+00
5.076686443709741425e-01 -5.554913454892778102e-01 -2.693290854626395961e-02 0.000000000000000000e+00
5.316656004666213686e-01 -6.062794494022852865e-01 -7.498208420677761055e-01 0.000000000000000000e+00
2.517010093486351519e-01 -2.583412679225328135e-01 1.608131463567801997e-02 0.000000000000000000e+00
9.645753377358189384e-01 -3.720608364279583136e-02 1.158732423624616870e-01 0.000000000000000000e+00
3.829510781681166320e-01 -8.144003459689368174e-02 -3.395937867929568060e-02 0.000000000000000000e+00
1.271605899201814882e+00 -5.589371413616359696e-01 8.083474788697248004e-01 0.000000000000000000e+00
6.297253288572495222e-01 -1.055759618151779433e+00 4.015520767119901135e-01 0.000000000000000000e+00
1.682063263878926310e-02 -2.643669820031205320e-01 -1.061898720369671839e-01 0.000000000000000000e+00
6.318845438077975996e-02 -1.486006207657742495e+00 6.725449986577608508e-01 0.000000000000000000e+00
6.684796581291673201e-01 -1.186711721670969499e+00 -6.304602996922759051e-01 0.000000000000000000e+00
-4.237385579359506105e-01 -9.933228589072524706e-01 8.873011243875624787e-01 0.000000000000000000e+00
1.444970831463696925e-01 4.244972704870327296e-01 -1.887042051161544054e-01 0.000000000000000000e+00
1.796746885209731803e-01 -8.752563104951031903e-02 5.420735231784169425e-03 0.000000000000000000e+00
3.282071836126772557e-01 3.523982551975005355e-03 1.191460699898208228e-02 0.000000000000000000e+00
1.097292740735180960e-01 7.196759416300405054e-02 -6.093143475232522949e-02 0.000000000000000000e+00
9.994862278027983882e-01 -2.994283379577270532e-01 2.175027252319885196e-01 0.000000000000000000e+00
5.131483647321812835e-01 -2.310726898942485064e-01 -2.088938103017118075e-01 0.000000000000000000e+00
2.047427349321896684e-01 -3.317294258745133728e-01 5.471586311178386897e-01 0.000000000000000000e+00
9.021817030655460493e-03 1.328093314233401434e-01 -3.335799344367740282e-01 0.000000000000000000e+00
3.786338177675225292e-01 -1.561566020195430671e-01 6.050995667883143359e-01 0.000000000000000000e+00
5.174631726516946140e-01 3.248229242995603339e-01 2.280449610919909609e-01 0.000000000000000000e+00
-1.520059659143488048e-02 -3.833608911284814846e-01 -2.488151918147603892e-01 0.000000000000000000e+00
8.241269443819140283e-01 1.247481858555729684e+00 1.532710443014758228e+00 0.000000000000000000e+00
1.178898251880899251e+00 1.770685297406573433e-01 -1.883205560503713460e+00 0.000000000000000000e+00
6.751141142169531095e-01 6.787103783850193528e-01 2.185058630509305821e+00 0.000000000000000000e+00
1.126982964630789619e+00 2.644079289263462362e-01 -5.883925399951759339e-01 0.000000000000000000e+00
-1.245945446002835189e+00 7.223571577299431334e-01 3.087252711073673050e-01 0.000000000000000000e+00
-7.166595361449330792e-02 7.647353993108188530e-02 6.745601870583620326e-03 0.000000000000000000e+00
-3.796641829283829428e-01 -2.715010079719623950e-02 -1.149821860488455146e-02 0.000000000000000000e+00
-8.452146368318649849e-02 5.700345559500340914e-03 -1.051047905708779595e-01 0.000000000000000000e+00
4.701705908233478476e-03 2.058699543472619631e-01 -2.714029024910441165e-02 0.000000000000000000e+00
-4.221596947804969191e-01 4.499360508778177392e-01 3.559956825122482238e-01 0.000000000000000000e+00
6.607016266055164289e-02 6.911717073965466251e-02 -3.216963914336266050e-01 0.000000000000000000e+00
-8.405723781881953016e-01 5.636954160445206696e-01 -1.151403044970295442e+00 0.000000000000000000e+00
-7.308099386393281938e-01 7.336953068335466677e-01 1.169968073313194079e+00 0.000000000000000000e+00
3.802135141931624607e-01 4.655931261020772594e-01 -1.191938654833536726e-02 0.000000000000000000e+00
-7.850443284492193419e-01 2.303549861774067675e-01 4.868895395760167166e-02 0.000000000000000000e+00
1.250594178493607878e+00 5.582150938934200557e-01 7.287696833984866895e-01 0.000000000000000000e+00
6.200824233439662381e-01 9.389990875420732852e-01 -1.546188928507077343e+00 0.000000000000000000e+00
6.933350639970913276e-01 1.263865263545566331e-01 1.635559540803052103e+00 0.000000000000000000e+00
9.170775136469300204e-01 7.769257965939215804e-01 -5.650512992030751747e-01 0.000000000000000000e+00
-7.662373363087041003e-05 2.352448723567595046e-01 1.170753120894717281e+00 0.000000000000000000e+00
6.314967237304064396e-01 -1.179689432339848576e+00 7.020144965516187385e-01 0.000000000000000000e+00
1.757512638096211832e+00 -1.288767539006208995e+00 -1.184071566932740183e+00 0.000000000000000000e+00
-5.139495413863010009e-01 -6.748704959084576849e-02 -3.727431990296800057e-01 0.000000000000000000e+00
-3.532415391020758411e-01 -3.031233156700815501e-01 -4.894900284890456033e-01 0.000000000000000000e+00
-4.159759904777701189e-01 3.033410618203435383e-01 -1.272414967697244048e-01 0.000000000000000000e+00
-8.487339138424949692e-01 -6.478477345270458598e-02 -4.681093432292033341e-01 0.000000000000000000e+00
