-2.626594833936924278e+00 1.988930069966819703e-02 -1.092382629130072891e+00 0.000000000000000000e+00
-6.406587815073495618e-01 -4.370811955108769631e+00 6.332037813380734237e-01 0.000000000000000000e+00
2.303909768829560001e+00 1.956056478528377607e+00 3.871878388804633087e+00 0.000000000000000000e+00
1.052418821675490168e+00 1.560655734652241167e+00 1.078237665174488713e+00 0.000000000000000000e+00
6.592243892046320553e-02 -2.025699657466511372e+00 1.926547585266030482e-01 0.000000000000000000e+00
-1.043288055782420010e+00 3.742614598237932633e+00 9.011106139790873160e-01 0.000000000000000000e+00
-1.657423648487953205e+00 1.016820561824482771e+00 -6.349102897244601751e-01 0.000000000000000000e+00
4.658749518897249975e-01 1.857257218398146170e+00 2.661999982026766354e+00 0.000000000000000000e+00
6.007897186311746962e-01 -1.234043924002376391e+00 9.679909884611731519e-01 0.000000000000000000e+00
1.463479042358102999e+00 2.216024947688146618e+00 1.423051926236756470e+00 0.000000000000000000e+00
1.772057728219636752e-01 2.627923953178678759e-02 -1.008558016650627082e-02 0.000000000000000000e+00
-7.241482556206967069e-02 1.369468412933501744e+00 1.523474486551784635e-01 0.000000000000000000e+00
2.211340709337045740e-01 2.423889002956182426e-01 -1.753622711486541863e-01 0.000000000000000000e+00
9.376162180264256962e-01 -1.545844186704977141e-01 2.362701610546140252e+00 0.000000000000000000e+00
1.803634644279460852e+00 1.909950031943613569e+00 1.864186847375685907e-01 0.000000000000000000e+00
-3.052559634622257004e-02 -3.116203820785570233e+00 -2.033184821849212398e-01 0.000000000000000000e+00
4.034361625946629171e-01 3.769894105076769364e+00 1.999045633629525254e+00 0.000000000000000000e+00
-1.011679131260088127e+00 -3.626152252929201042e-02 -6.705484359654236004e-02 0.000000000000000000e+00
1.684402246466842223e+00 1.414542557235818621e-01 2.899860982732321624e+00 0.000000000000000000e+00
3.202357323172117520e-01 9.318098948912909574e-01 4.746880869960349858e-01 0.000000000000000000e+00
9.904370232606403424e-02 3.769281307757475497e-01 -5.967662222417706441e-02 0.000000000000000000e+00
-4.732573306167755373e-02 6.279449874616925831e-01 -6.808236456358247590e-01 0.000000000000000000e+00
-2.364367234023836278e-02 1.857347817305591564e-01 -2.925266598932152462e-01 0.000000000000000000e+00
1.397017783816590253e+00 1.752978277967303322e+00 1.139393744211197435e+00 0.000000000000000000e+00
2.764246580897197214e-01 -2.979409475948747166e-01 -2.627401802973749478e-01 0.000000000000000000e+00
5.199376759510418999e-01 -1.484527665542465791e-01 -9.063992253508348917e-02 0.000000000000000000e+00
-4.112482614115047230e-01 1.169630678607135099e+00 1.263713414404028068e+00 0.000000000000000000e+00
-5.595481624284510680e-01 1.747588892550556494e+00 5.344155426120524022e-02 0.000000000000000000e+00
-1.843805930161502293e-01 1.059400942818543578e+00 7.180516909670655590e-01 0.000000000000000000e+00
8.827897833010087125e-02 -1.979884013963885414e-01 5.271574838883018588e-01 0.000000000000000000e+00
-5.721646565071746293e-01 2.519789108604306271e+00 -1.818936552749778279e+00 0.000000000000000000e+00
-1.669903808160312142e+00 2.937462067342733185e+00 -2.155695797414975523e+00 0.000000000000000000e+00
-4.040073713559891311e-02 3.474420262185501596e+00 -1.644363948006213771e+00 0.000000000000000000e+00
5.443321871803917800e-01 2.347046111794077738e+00 2.086014907074521668e-02 0.000000000000000000e+00
-1.814185533742698864e+00 -2.775730109433718895e-01 3.239516569584547367e-01 0.000000000000000000e+00
-1.328084785786811176e-02 3.068633124400123313e-02 -7.333725897391478454e-02 0.000000000000000000e+00
1.683811493662104308e-01 -3.101881849131263857e-01 2.775727427753883411e-02 0.000000000000000000e+00
-1.485644920752130782e-01 -1.759872892949203016e-01 -4.086451536381539851e-02 0.000000000000000000e+00
1.230786819403640209e+00 2.235260947267707188e+00 2.219224174020294482e-01 0.000000000000000000e+00
-5.415817902553148322e-01 -1.614279786769509561e+00 2.298305904140784672e-01 0.000000000000000000e+00
1.959477478810252582e-01 7.531241329416245023e-01 -5.169805177975200783e-02 0.000000000000000000e+00
-3.581126457831941834e-01 2.465987964947004840e-01 -1.235203422320932054e+00 0.000000000000000000e+00
1.653142108399812127e-01 1.696185112133649364e-01 7.815265479411747096e-01 0.000000000000000000e+00
-6.667039985752498676e-01 -1.012117679380223900e-01 -5.389203464756058271e-01 0.000000000000000000e+00
-1.066114967015671100e-01 1.808375039344977564e+00 -9.618341250777425744e-01 0.000000000000000000e+00
1.807279375678409572e+00 -2.795041620315280029e-01 1.211496878344359818e+00 0.000000000000000000e+00
-1.050747224231022070e+00 -1.343826375205831314e-01 -3.409243459053513892e+00 0.000000000000000000e+00
1.137054690640855625e+00 1.023580850337856063e+00 -1.022434458591092998e-01 0.000000000000000000e+00
-8.959400920540399049e-01 1.654319560849413007e+00 -9.844503439489034058e-01 0.000000000000000000e+00
-7.361311709481257459e-01 -2.410405687525519536e+00 1.383623345071312016e+00 0.000000000000000000e+00
1.449110069174929905e+00 3.001477661819626608e+00 3.705750317635021496e-01 0.000000000000000000e+00
4.382689662835527744e-01 -1.574517361810765737e+00 -1.204332268581882026e+00 0.000000000000000000e+00
1.178048105542882862e+00 5.929220223746013430e-01 -4.146795731064678026e-01 0.000000000000000000e+00
-8.072978158663565162e-01 -2.070243789459351724e+00 8.510336419952225784e-01 0.000000000000000000e+00
7.633507426943598739e-01 3.498678452598831812e-01 2.488906813609214286e+00 0.000000000000000000e+00
3.488739875582583250e-01 3.248515440578020330e-02 -1.932607312155896484e-01 0.000000000000000000e+00
