-7.338464892970764097e-02 4.275824755631429941e-03 3.586941976719477260e-02 -1.048431922295041813e-01
-3.149767846260898008e-01 -4.100724664720608592e-01 -3.492481745230020529e-01 -4.040873399881657613e-01
-3.171769768373893794e-01 -4.117147133122666114e-01 -3.438041692802083493e-01 -4.201026256369390643e-01
7.318821175575096483e-02 -1.198541207418667431e-01 -1.811181988246123864e-01 -8.935425123889270682e-04
-1.637803111350044083e-01 -1.933968314347563333e-01 -1.687397626594804578e-01 -2.629013287643499064e-01
-1.742695394989102753e-01 -1.537323263656395766e-01 -1.340198911714940433e-01 -1.698906191577922997e-01
-5.969217753305300356e-02 2.187397581719692508e-01 1.108590931172065697e-01 2.562019244628496728e-01
1.674489896037495429e-02 2.848630904863745927e-01 1.481280604969652526e-01 3.330829179551479391e-01
-3.646407607066462497e-01 -3.311016328198514991e-01 -2.982298913949397168e-01 -4.088336841881174966e-01
-7.562289312274367292e-02 9.229068872792756117e-02 1.317246657741560634e-01 3.829625884081969134e-02
2.913720507105557189e-01 -2.912014063682742682e-02 3.392089118528490710e-02 -6.690062219834227997e-02
1.776452026852689270e-01 -4.896734439858782539e-02 3.606938590489179586e-02 -8.997527361254711864e-02
-8.547604804071728957e-02 1.488169800577575919e-01 1.063348481883909236e-01 1.833591743746889879e-01
3.916132243047710793e-01 2.753473949254701125e-01 2.071356584500013143e-01 3.156051814122172172e-01
2.027078622197579783e-01 1.437620076192974716e-01 1.102243033329945721e-01 1.497307803756970923e-01
-3.907568354761542517e-02 1.050363275650473271e-04 -2.532048232450158365e-02 3.296791171756772304e-02
-1.847969547095939247e-01 -3.420186985839459431e-02 -7.433653576748519565e-02 8.372800991970522078e-02
-1.493976953252287299e-01 -1.092760368880534017e-02 -6.117527348864365555e-02 5.044227884496010894e-02
-3.967923250155926118e-02 5.398962422993446031e-03 -1.458787156804493279e-02 1.268853347133758191e-02
5.342393980634152495e-02 -1.647220582278162079e-02 -2.462814123956444390e-02 -7.703226097217344935e-03
-2.676103153533984091e-01 -3.155883420981709514e-03 -1.493315888603507363e-02 5.796313463386394346e-03
-3.262152321857984122e-02 -1.380035176403719699e-03 -1.797012996584039859e-02 8.051390763192875499e-03
3.390683641358626099e-01 -3.428412472400138578e-02 -1.918523397147810575e-02 -3.781667335935684493e-02
-1.094692105664948900e-01 -3.405229928144366119e-02 -2.266470260227568950e-02 -3.336322334339388018e-02
-2.472716122529168281e-01 -6.104511991228232792e-02 -3.556679190809983182e-02 -6.311546361574615904e-02
-3.804676542210727597e-03 4.995817372296864831e-03 9.881150836653591896e-03 -1.824329230689234610e-02
2.843308641784363378e-01 1.475937729557474237e-02 3.006501536132101526e-02 -3.788772723057715064e-02
2.237759060321677929e-01 3.333668849009277513e-03 2.508570320891051475e-02 -2.022805379726316799e-02
3.020427287909210889e-02 -2.949525925063738868e-03 6.001659250622182196e-03 -5.084308955684679887e-03
1.097004392952753704e-02 2.403315998159138295e-02 2.246493530792703641e-03 5.207241845927512713e-02
-1.239662666049347328e-02 9.187700163770892714e-03 -4.188792997034547147e-03 -2.613098956899317926e-03
-3.521255476856527400e-02 -3.827905314294617611e-03 -1.068671999393391858e-02 -1.978754008569277856e-02
-9.268536780403922870e-03 -3.598483039043705312e-03 -4.835637679570181646e-03 -8.417213381975645337e-03
1.924450254181087061e-03 -1.650352587614034583e-03 -1.931905988059000323e-04 -2.018825406442168249e-03
3.917803184209403544e-02 2.858292007870556761e-02 2.653512260757208766e-02 6.283211823210808900e-02
4.582895773059415118e-03 2.839897184379783874e-04 3.745599440438316633e-04 4.201510565757673554e-04
