1.105645980125850164e-01 -2.493069696721930573e+00 -1.984205897585242795e+00 0.000000000000000000e+00
1.198733985022381460e-01 -7.364451030901235651e-01 -3.407465408248015470e-01 0.000000000000000000e+00
2.904790477674607629e+00 1.070112906181319934e+00 5.331580818801375798e-01 0.000000000000000000e+00
1.721289638000042421e+00 1.364967113459649939e+00 2.380534136737688655e+00 0.000000000000000000e+00
-5.721770470795328745e-01 1.633852838539293917e-01 1.136830629604624748e-01 0.000000000000000000e+00
6.257163585777213155e-02 -3.120635829844211062e-01 -6.067231416509689945e-02 0.000000000000000000e+00
-1.551028335252454537e+00 -8.050569550867814339e-01 -2.543315221203825138e-01 0.000000000000000000e+00
1.094937349734124377e+00 7.491232301108888825e-01 2.493400330797434367e-02 0.000000000000000000e+00
2.022283448991244015e+00 -6.760742795065476374e-01 1.320243971791891457e+00 0.000000000000000000e+00
-7.228786720112574393e-01 -3.249972543324878838e-01 -6.315674579546218803e-01 0.000000000000000000e+00
-9.385363437442119094e-01 4.496561183666223926e-01 4.970860969625236214e-02 0.000000000000000000e+00
-1.373026507577527866e+00 5.824012524724905271e-01 2.652930604100237760e-02 0.000000000000000000e+00
1.305403001348371950e+00 -4.562994271067957741e-01 5.494072458389096525e-01 0.000000000000000000e+00
1.921087193758178158e+00 1.847540020403005689e+00 2.182642193425238020e+00 0.000000000000000000e+00
6.759835114937705614e-01 -3.219161850906698125e-02 8.142880856878917939e-01 0.000000000000000000e+00
6.048075259913984203e-01 3.386048565639258601e-01 5.489600763143155371e-01 0.000000000000000000e+00
2.954707323710912270e+00 -3.208771726447602890e-01 2.926406934798437387e+00 0.000000000000000000e+00
1.721311106349381781e+00 1.806957652225242184e+00 1.877622665137887115e+00 0.000000000000000000e+00
-3.100768261652355196e-01 7.077685840772134362e-01 -2.912333926395043182e-01 0.000000000000000000e+00
-1.836867525095734477e-01 1.613366171282152983e+00 4.447253410754329339e-01 0.000000000000000000e+00
-8.399613950093550718e-01 -3.195401261598066617e-02 -1.504530329178434545e-01 0.000000000000000000e+00
-1.443154694969145835e+00 4.004441913678796761e-01 -4.279564759042920469e-02 0.000000000000000000e+00
-5.940095419481425561e-03 3.322626023473999185e-02 -7.018306619455634277e-01 0.000000000000000000e+00
1.620889916815360543e+00 1.339217603557513625e+00 1.852190979864808851e+00 0.000000000000000000e+00
6.614511095224696602e-01 2.443094471658243116e-01 -8.033371946963238641e-02 0.000000000000000000e+00
1.310230540578053660e+00 6.364450694545139564e-01 1.197011990868349862e+00 0.000000000000000000e+00
2.523302666084544565e+00 -7.863964870358419734e-01 2.447482421451101509e+00 0.000000000000000000e+00
2.179858873805812447e+00 1.202209523420823434e+00 2.484395736338890437e+00 0.000000000000000000e+00
3.990837239428834393e-01 8.100830012354564014e-01 -5.159259013772586888e-01 0.000000000000000000e+00
9.161532736873841953e-01 3.226921238463998920e-01 -6.494057150602964290e-01 0.000000000000000000e+00
5.192899751033638323e-01 1.690410088318257953e-01 2.048084754068907554e+00 0.000000000000000000e+00
2.440723631620248746e+00 -1.236765947019219158e+00 2.689598521857298419e+00 0.000000000000000000e+00
-4.506499213574942653e-01 1.336272800868303134e+00 -1.496572274929837354e+00 0.000000000000000000e+00
-1.980546827399376042e+00 1.198321606849556797e+00 -1.692307824211673140e+00 0.000000000000000000e+00
-1.782530599093065993e+00 1.147885770121097382e+00 -1.388404522025511387e-02 0.000000000000000000e+00
