-2.569159178483277461e+00 4.321567200371179140e-01 1.242033016711490578e+00 0.000000000000000000e+00
-3.666480328097092567e-01 1.495330086510276102e+00 -1.329419105758338659e+00 0.000000000000000000e+00
1.736869914785576396e+00 9.548273984806932013e-02 5.764593029256148693e-01 0.000000000000000000e+00
2.087212949637295534e+00 -1.272059228574737473e-02 9.816408094569593068e-01 0.000000000000000000e+00
-2.802772936535127823e-01 -1.009623724903838671e+00 -3.184769616049796248e+00 0.000000000000000000e+00
2.044829294051024871e+00 1.111811611645188158e+00 -1.549987462602433919e+00 0.000000000000000000e+00
-1.236624204805605087e+00 5.169527598212056985e-01 1.406553620838529417e+00 0.000000000000000000e+00
1.372548229041618661e+00 -1.042390597864571111e+00 2.340240959228232498e+00 0.000000000000000000e+00
5.980544896708978042e-01 -2.991588326262526465e+00 2.391851423648672093e+00 0.000000000000000000e+00
2.314210959272187118e-01 6.782695737767396871e-01 5.382308811765393664e+00 0.000000000000000000e+00
-1.123445711293594579e-01 -8.246792697615793477e-01 -2.341116391522060081e+00 0.000000000000000000e+00
6.408394282780180973e-01 -3.198383226608708663e-01 1.750716203382326253e+00 0.000000000000000000e+00
7.815965127245270982e-02 -1.057070276025605660e+00 7.789815151447697650e-01 0.000000000000000000e+00
3.030373151304686985e+00 -1.375041814215711478e+00 4.506995963641682756e+00 0.000000000000000000e+00
9.823234848197140989e-01 9.863012624655629335e-01 2.976777006841475615e+00 0.000000000000000000e+00
9.776983668959178253e-01 7.976462628331369986e-01 1.990118263372145035e+00 0.000000000000000000e+00
3.817796372487516354e-01 -1.641888120646078086e-01 2.560021542383567716e+00 0.000000000000000000e+00
1.595702661700634684e+00 1.076392364011994340e+00 -1.641657185170130928e+00 0.000000000000000000e+00
-9.029164312149249305e-01 -1.848473542767459787e-01 5.846494484700603955e-01 0.000000000000000000e+00
4.661567945135225988e-01 1.535064368534689583e-01 -1.168016921730072655e+00 0.000000000000000000e+00
2.409805661302477364e-01 3.385993788940994675e-01 -2.241265179755028703e-01 0.000000000000000000e+00
1.845101060117278757e-01 -3.337032337952412497e-01 2.450804392623301631e+00 0.000000000000000000e+00
-4.781253455456838802e-02 9.107134926946239828e-01 -1.045877402471551004e-01 0.000000000000000000e+00
1.350153124909131419e+00 -1.580545937883819807e+00 4.859676571463560357e+00 0.000000000000000000e+00
5.457148533021335401e-01 4.050612782596452188e-01 -1.300186787580409176e+00 0.000000000000000000e+00
1.729064440047375140e+00 3.845229660178841602e-01 2.093530557386323210e+00 0.000000000000000000e+00
-9.139603646496466394e-02 -2.359958926971412740e+00 5.256660052064041189e+00 0.000000000000000000e+00
-6.923698078396418876e-02 -9.561058872925567442e-01 5.048000362116292772e-01 0.000000000000000000e+00
-1.336082406688991198e-01 -2.483965648640595436e+00 -1.207627679710680635e+00 0.000000000000000000e+00
-4.124169281122564423e-01 6.921492714582418854e-03 1.518689009210444807e+00 0.000000000000000000e+00
-8.174988072741760092e-01 1.613617587454763136e+00 6.388509053195454701e-01 0.000000000000000000e+00
-3.227509219133029905e+00 9.501329254620831666e-01 1.432232673238489351e+00 0.000000000000000000e+00
2.869797710385018075e+00 -1.067701537346708474e+00 -1.558266758652083528e+00 0.000000000000000000e+00
2.097358575573021522e+00 -3.915479179509727126e-01 1.228733644198630875e-01 0.000000000000000000e+00
7.182750556624745153e-01 -4.091568318446401342e-01 1.266283370534272423e+00 0.000000000000000000e+00
