-4.819176691050152117e-01 1.264792495740993061e+00 8.426199849928248664e-01 4.412635444612571511e-01
-9.380483537379364911e-01 -1.454879895557886993e+00 -1.729125671202979886e+00 -8.896982219678375436e-01
-7.422371228250039810e-01 -1.168374834964247544e+00 -1.294640219175549500e+00 -9.572762678479973530e-01
7.308208109601812552e-01 -1.672592869141093619e+00 -1.038415090809958752e+00 -9.937651787737095121e-01
-9.217213934859598279e-01 6.165206672056200432e-01 2.440423227790539107e-01 -3.423539865545381644e-02
-3.317051415898494282e-01 -7.062995637897961920e-02 -2.132022404726279241e-01 -3.437207076955439145e-01
-3.786762432223294006e-01 2.547682003084709823e+00 3.061733932204782516e+00 1.036601785033727241e+00
-8.846185671277498885e-01 1.569945192389851085e+00 2.023938539616189747e+00 7.650211816341225823e-01
-9.499481172602346479e-01 1.604261832665637988e-01 -1.368078908383812409e-01 -2.496179587718477533e-01
-8.248624986100887568e-01 7.024335825991814275e-01 2.856561901512796320e-01 4.786475537615895171e-01
2.811999969240734032e+00 -1.242267407112968902e+00 -1.633997244259318471e+00 -1.182924518165220928e-02
2.890487368856334172e+00 -8.087073740531941501e-01 -1.188611700515783243e+00 -1.067528311392189622e-01
2.434625110274760917e+00 -2.723677684968955348e-01 1.832628407030849615e-01 6.464488600068030166e-01
1.635256777232934500e+00 1.480634266075119831e-01 6.763678059952260568e-01 6.680664134695680767e-01
-1.441277345255840281e-01 5.697771373624115065e-02 1.675540058571756419e-01 3.886406626224594985e-01
6.468477013982700807e-01 5.731531384786144878e-01 1.092130737409837682e+00 2.209894896482438309e-01
9.270864230714540577e-01 5.019312793322252553e-01 8.619638136539660156e-01 5.415079791163859291e-01
7.408514488058769443e-01 1.435460726872989923e-01 2.512290115629929321e-01 1.853105888235392906e-02
-6.326445888137027795e-02 5.550950758927319928e-02 -6.223366817899617098e-02 -8.061224703747010834e-03
2.949661136981862608e-01 -9.379560462756210415e-02 2.393377021000925309e-03 -6.850005127258755599e-02
-1.393694941605950088e+00 1.983957169679684274e-01 3.140383204576280285e-01 -1.071997424898712692e-01
-1.408720536466581796e+00 1.459429720034854938e-01 2.413278980982184463e-01 -2.676087219782483095e-02
-1.377208500880813924e+00 4.029694541557464482e-02 -1.198593286875289932e-01 -2.793710512027689497e-01
2.314642569376195169e-01 -1.068248838084417431e-02 -5.000159654529411773e-02 -1.096642863803370671e-01
-6.473226687049955519e-01 -7.748383545952278184e-02 -2.569594498929672621e-01 -2.368928818260754299e-01
-4.806000436285911004e-01 -2.564069439555459740e-01 -6.072361678011436448e-01 -6.034506247155582703e-02
-6.553327812256753981e-01 -1.965977267711745413e-01 -4.487902321906384051e-01 -1.927545349605918890e-01
-8.010640600811127499e-01 -5.963954792885139966e-02 -1.201457468680362795e-01 1.233721999728952523e-02
-1.027368760034552131e-01 -2.391188240186013780e-02 2.526797084603688015e-02 2.204707004259148784e-03
5.856110275774814022e-01 -1.167522174518229594e-01 -2.110806863418684259e-02 2.282594310497616796e-02
7.567882258440752352e-01 -8.465364058239507883e-02 -1.230049437138010515e-01 7.222173885134255955e-02
3.871393010832058224e-01 -5.803455381823845877e-03 3.118108376009737226e-02 1.226824484150609851e-01
3.245130970349003330e-01 -1.683448823767197400e-02 -8.997023945924478849e-02 -3.643036111753891748e-02
3.601488880643561874e-01 -4.103439925196445022e-03 1.506126543019866426e-01 1.805224842197478141e-02
3.650863840296107443e-01 -9.719570823905172852e-02 2.802240754454649041e-02 2.223065705272228576e-01
5.025797615421030706e-02 6.008044934761570810e-03 1.494993675923504683e-02 1.628371055391849773e-02
