9.248051606520493739e-03 8.177857111715678556e-03 -2.852269382833558242e-01 -5.504452402251072685e-02
-5.156363032627916398e-01 -1.956100960976306646e-01 -9.116104020100758432e-02 -1.949553903976836700e-01
-4.178460901823040641e-01 -2.016536872707395678e-01 -1.544243455672951737e-01 -2.013607774978570519e-01
4.879353576082532395e-01 4.265977555910410168e-01 1.211396915149938858e+00 5.166252419264504292e-01
-8.676609162324439017e-02 -1.466258146404056384e-01 -1.897294109563824605e-01 -2.330568930202409073e-01
-9.293305961827252881e-02 -1.418369792903982629e-01 -1.963108864187333991e-01 -2.129361175458240607e-01
1.008067779728583968e+00 2.909517446107628968e-01 -3.459549638921144421e-01 3.807112034909782006e-01
8.155276212143391934e-01 3.289782066715744024e-01 8.358545156124445874e-02 3.800242466809368169e-01
-1.574132544279532864e-01 -3.145810952384657799e-01 -4.728552039826832143e-01 -4.194892928304189139e-01
-2.775340309670077388e-01 -2.228009627645778923e-01 -9.629805828820080515e-01 -2.814145609426494388e-01
-4.682407471272702626e-01 4.301408339060909525e-02 9.882124451312579438e-01 -6.730152660995580849e-02
-4.480280096186035621e-01 -1.137503808333950595e-01 1.397458358123021549e-01 -1.722234107205389830e-01
8.347102316999699401e-02 2.236906918075970141e-01 -1.327584038415163814e-02 3.155147983676646617e-01
1.674168237441573392e-01 3.817465556222154333e-01 9.386778861966262877e-01 4.908031118214875033e-01
8.878496470934962859e-02 1.429765241399569287e-01 1.700116244315127700e-01 2.291843104369405970e-01
1.574859568734759407e-01 2.446602469600528407e-02 -9.203173357074120875e-02 -6.857398257885560788e-03
1.360153249892298577e-01 7.636257119285949635e-03 -2.476563000678304038e-01 -6.326840252253243535e-02
2.237288484112232023e-02 -3.723172207678746709e-02 -1.102558704805886025e-01 -9.765329295238658891e-02
-2.214904759887392771e-03 -2.085915097635805682e-02 -2.366938552810188279e-02 -1.499495102197331842e-02
4.225583257839322926e-02 2.926387545752805533e-02 2.953601510300213895e-01 4.230406599278392632e-02
7.336518880283701693e-02 -4.156150280062274188e-02 -5.602093822005239643e-01 -1.024206092986156003e-02
7.830490013332874755e-02 6.607627713252087198e-03 -5.807854442785984062e-02 2.220504245704232535e-02
-1.776980027379575222e-02 -6.199452032268909507e-02 -6.513500456030552055e-03 -8.607885145479063360e-02
-2.111864562268897169e-02 -3.317815330282541247e-02 -9.173558574163001578e-02 -6.174556193086681855e-02
-4.126063380616758203e-02 -1.000452734912437996e-01 -4.874516762014100557e-01 -1.356989935098194544e-01
-5.558033678904569785e-02 -1.735633107783102203e-03 5.755651868502330570e-01 3.261978092625911207e-02
-5.599859709408455677e-02 1.938868246130138334e-02 2.965185181915682699e-01 6.313303853510834895e-02
-9.588325427290461667e-03 3.401964871842230731e-02 2.293464694328011255e-01 6.273031953074940936e-02
1.492477467615896392e-03 1.260423220196067728e-02 1.523227537274540744e-02 9.854277866255325979e-03
1.017747912032440083e-01 7.293339353480352005e-03 1.901772662059336705e-02 3.946905366506961443e-02
3.390276799743133229e-02 2.104721717714191920e-02 1.668561709436838791e-01 8.092510680557490899e-02
1.402457830016849705e-03 3.042938293897846924e-02 3.868852668076022683e-02 8.989023331250885207e-02
-3.177700298436936938e-03 -5.766176249154125744e-04 -1.810544457411583652e-02 5.018161559008441075e-02
4.634848469945718197e-04 -2.766445131019840131e-03 5.332627027359859717e-02 1.107438798132796831e-02
-3.517720461962401401e-01 -3.352633195092119545e-01 -2.932667018893896915e-01 -3.103383789175139795e-01
1.197900011531696611e-03 1.972502274953669751e-03 8.607440663633858860e-03 1.667032529966424844e-03
