2.373214320175520697e-02 -1.092692727246277473e-01 -5.609823460166547121e-02 -1.983543600718040034e+00
-5.918697752516735022e-01 -9.400144407147832393e-01 -5.615691996427944060e-02 9.560666875319037694e-02
4.997194493588462405e-02 -2.060098622836298854e-01 -1.120474149753495630e-01 -9.566984690702362570e-01
-4.553536076817444878e-01 -8.021271359435361292e-01 -2.420374464615086540e-01 1.963858720475188946e+00
-6.103305918038092193e-01 -1.366188847705873677e+00 -2.571679102774521858e-03 -2.015066302939870990e+00
1.917056801330980359e-02 1.355887856250689028e-01 1.501095600928216145e-01 4.062313959791403750e-01
7.555840257352953726e-01 1.742063790552601299e+00 -8.078767356227823937e-01 -9.801881525082619673e-01
-1.324692513214680289e-01 1.902786337688117668e-01 1.604704088047271271e-01 1.803746278625775412e+00
5.896415615798273890e-01 3.510804162567784381e-01 1.455974426472475824e-01 -3.081421208228177777e-01
2.937102240683314158e-01 5.929464942724296250e-01 1.071629472487048429e-01 -9.520927380873105417e-01
-6.614095427512051151e-01 -1.459055579877219566e+00 8.338269476772867117e-01 6.366651206239142269e-01
1.073717262902083164e-01 -3.737091453890143550e-02 -1.183323112230551255e-01 -1.302681732509016310e+00
2.066259260517026242e+00 3.343891647231913122e+00 5.871102550828606326e-01 2.807498640554096259e+00
-3.970339214650878690e-01 -9.947768807531108537e-02 4.564464227978310418e-01 9.041553822585847167e-01
3.343693169777478547e-03 -1.439720892753665327e-01 -2.671349520595547311e-01 -5.238216577546453978e-01
5.921766272018802457e-01 9.145272300413902489e-01 -1.344127870720618345e-02 -4.171499561303902426e-01
5.626722324087732874e-01 6.544817679785337461e-01 3.708721434805532513e-01 1.480196232738684170e+00
1.687651847269851235e-01 8.532560402236774588e-02 3.761214364324486636e-01 5.919886933151030650e-01
1.218285529721502801e-02 1.195903365235689852e-02 6.642639379722282966e-02 1.072112055897156413e-02
-3.420246767572826530e-02 -9.609418960889734573e-02 1.969258093893528488e-02 2.037242662208648969e-01
1.409303851994587742e-01 3.298401467223285866e-01 -3.672531505755554093e-01 -2.261173431299582370e-01
-2.215323250691221893e-02 1.903115805414360567e-03 5.729686051365380506e-02 3.461819687040575411e-01
-1.040363571419250732e+00 -1.497406412713429669e+00 -1.793954246745739223e-01 -1.193661570553054219e+00
-9.286403453894493537e-03 3.591002123926950035e-02 1.187701581031866266e-01 1.805195949652650955e-01
2.382184365055647554e-02 -5.845354356913839977e-02 -4.597567197276962725e-01 -5.085152867775536434e-01
2.991850522394531309e-01 2.844784829063439213e-01 7.722449242074729270e-01 1.358849894458737717e+00
-1.062950513659755986e-01 -1.699712684293092912e-01 2.831340868648523079e-01 -5.771285736244280429e-01
-7.112412707455437189e-02 -2.776627175813641685e-02 -2.607950635700286846e-01 -3.435760488292998183e-01
-7.287758627766816044e-03 -5.440890610031764996e-03 -8.536548318716895289e-02 1.057832029589256262e-02
5.922723513895155056e-01 8.442145148778992247e-01 2.164269558123146919e-01 1.438932029740244145e+00
2.364224393634495880e-01 1.430994209587555521e-01 4.267358851782148688e-01 7.346845873125222859e-01
1.839010180495981653e-02 1.296134269227793706e-02 2.808809090825595267e-01 2.872005700054462707e-02
3.666826293229041508e-03 7.891162190140577071e-03 8.974643640747241580e-02 -4.698376461588729680e-02
5.760426024926261490e-03 5.539370289002289172e-03 -2.193522338520794562e-02 3.534833957661104309e-03
3.176400822138768232e-02 2.782143504994767369e-01 3.036961407086270423e-02 7.442000082979074449e-01
5.355660413302981183e-03 5.419903655355457622e-03 1.212020800785273793e-02 1.135388451466840844e-02
