-2.853327849073181155e-02 -1.166401286312020169e-03 8.264891957176778714e-04 -7.595826762530366594e-02
-2.466589910181881395e-01 -2.713429603727539607e-01 -2.622318567817022439e-01 -2.211420843844800199e-01
-2.568965743204831287e-01 -2.616009858926554577e-01 -2.630778635998928250e-01 -2.796585247732505941e-01
9.832025362008778302e-02 6.331188422865451082e-02 5.268275575483738482e-02 1.071307507273282500e-01
-5.710414057326249071e-02 -1.319741887771573585e-02 -1.272745530370959777e-02 -2.444123353725681236e-01
8.078778289166699267e-04 -1.093206816542097171e-03 -3.247143086440806847e-03 -1.267836961637858195e-02
-2.244876940983034364e-01 -1.461112695484728663e-01 -1.772681299742540073e-01 -2.331654265020148276e-01
1.554518399017887353e-01 1.696606414664096896e-01 1.775634275055588962e-01 2.277862872750016088e-01
-4.585421025259800443e-03 -5.869913156274469967e-03 -8.649003502340140564e-03 -1.102586389119346033e-01
-2.035752402005949757e-02 -2.007296927127658059e-03 1.035268568657496391e-02 -2.199160275072920001e-02
-1.030667595218076604e-02 -7.717138221745328819e-02 -4.938069117954349552e-02 4.714551593200710933e-02
-4.076406513942587573e-02 -5.220583033929279693e-02 -6.230606040318636962e-02 -8.786285203188171078e-02
7.272876400870798008e-02 1.017292242868747532e-02 -5.258432018394404439e-03 1.465302445221281502e-01
-1.268269975165997598e-02 -9.852515538504136305e-03 -1.212405264695864959e-02 7.301396053268793818e-02
-1.703390519602054898e-03 2.428113775665319274e-03 2.609870035511829833e-03 8.254990476630474916e-03
1.757543669756578275e-02 1.474798663464987891e-02 2.201153606805235363e-04 -9.000184249112486157e-02
-2.779693067009370022e-03 8.512351895620884346e-03 3.798545863395889899e-03 -4.450165924708349152e-02
7.590343594914256142e-03 6.624168503047450640e-03 6.975355972678204397e-03 2.253913882780755884e-02
7.765672923824573637e-04 2.204328713487635483e-04 -1.058070006112313277e-03 1.220668892802212468e-02
8.463083633913199427e-03 5.077807055697261193e-03 1.058670305385374377e-03 9.321442912253785629e-03
-2.374948388385368647e-02 -7.146885754504884308e-03 -1.542963767756539047e-02 -4.144193698799575332e-02
4.224844357474132929e-03 6.901360044684570760e-03 9.643317328831890745e-03 1.453961710134657470e-02
-6.613843218520115697e-02 -4.375959091505338128e-02 -3.381724603985887534e-02 -8.447829874679707585e-02
5.396919715191517142e-04 -9.125064440738440974e-04 -1.264694417685313654e-03 7.944279687835620329e-03
3.640848820799930108e-03 2.886580692670399906e-03 4.956462183535185334e-03 -1.320608724270888601e-02
-2.479628596775754201e-02 -1.681715272227950198e-02 -1.230282042978397827e-04 -4.588316531037117674e-02
3.406084774525225400e-03 -5.442227442887595523e-04 7.081029388031456762e-03 -5.231560904185927896e-02
-3.443701312048901009e-03 -2.810743521022715519e-03 -7.564780693060935146e-04 -6.661908092598900488e-02
-4.040667114742213517e-04 -3.027073991898610039e-05 2.588674644982191797e-03 -4.626277578742843399e-04
2.273296181462242105e-02 2.404415021065808844e-03 5.392553584143523066e-03 2.647685240114238114e-01
2.012104271697282010e-02 5.915104373608703892e-03 8.482175444118097984e-03 2.008312237485405660e-01
4.523492254864328044e-03 1.097186039309666628e-03 7.672313846727757403e-03 9.085755920308269395e-02
-3.926738438762011896e-04 -3.481130584792047067e-04 5.649231604216750635e-03 -1.563038082970935605e-02
8.013168903082748540e-04 -2.249732181200531089e-04 3.675217686084163160e-03 1.338612322442755964e-03
-1.819011660097135941e-01 -1.893346060526659991e-01 -1.889389605841536035e-01 -1.387861696008214629e-01
4.868082873988959468e-04 4.044814370936832882e-04 4.473822002491134814e-04 7.032519470213154317e-04
