-3.559616974756886765e-01 -4.001359676509883001e-02 -1.121525123164232252e+00 -3.444328931153850526e-01
-2.777746240292986446e-01 -4.639031391437566931e-01 1.509605667869247769e+00 -3.279197003738679728e-01
-3.773473925548734842e-01 -5.001439347093914467e-01 -9.263515689918264684e-01 -5.326502706793572184e-01
7.855324324389676427e-01 1.547715786156320106e-01 2.810423958760923213e+00 6.268355786443295941e-01
-5.697533769293897654e-01 2.881153646910103450e-02 -2.491500535245324777e+00 2.274565908501330336e-01
6.518270013964899690e-02 3.956338607234979876e-02 1.285701081705310500e-01 5.357102001792175827e-02
-4.212554357774322411e-01 -4.871430421338816541e-01 -2.884763835127937881e+00 -1.135485257235344658e+00
1.486743624226864735e-01 4.078824141358955990e-01 1.916212074249588504e+00 5.386681301075536554e-01
-5.396728233834352517e-01 4.931171919496885048e-02 -3.911723354650385787e+00 7.860364691344860766e-02
-4.095683170719932042e-01 -2.631281808582165704e-02 -1.870105515943630836e+00 -2.974261635167057549e-01
3.919613231693800381e-01 5.441274373062816583e-01 2.375675630700185614e+00 1.212147779488753851e+00
-9.837067023818112099e-02 -7.207859430809394896e-02 -1.234998263539181185e+00 -1.902226180728039950e-01
-7.019870115268593835e-01 -4.673653493441400908e-01 -6.804536867963530966e-01 -6.547731452017336862e-01
9.670429614867692703e-01 -1.013215663523390625e-01 2.979030391872048877e+00 -5.462109940254394891e-02
-3.328501382313664436e-02 -4.185521907457034896e-02 4.273563233552979401e-01 -5.343373649112299895e-02
-8.896884336697853390e-01 -5.628245130756392295e-02 -3.690397095163947316e+00 1.801583947844954958e-01
6.467565948576408097e-01 1.062749440118695987e-01 1.231559333842194626e+00 9.037757148543693053e-02
2.778805041266715348e-01 7.582499159647269893e-02 -7.809133645461803219e-01 -2.520702929255658198e-03
-1.557323261805382275e-01 3.974533364575108529e-03 2.541371149555544662e-01 -1.428711314812339261e-02
5.709853504366149690e-02 -2.340195921557662595e-02 3.904176794049994403e-01 2.873304272668694703e-02
-6.799349560508141654e-02 -8.061958580831804499e-02 -5.662700778244401656e-01 -2.672250011737814512e-01
3.972658008118629125e-02 -7.232065009082140616e-03 3.882361513073973591e-01 2.205149029011490430e-02
3.700832921461940650e-01 3.409196774727219492e-01 1.306400414669066645e-01 4.387506436327085479e-01
8.781416372435235651e-03 9.485383264212679522e-03 -2.169255328591162824e-01 1.465645034847962158e-02
-3.195673958730543829e-01 4.633529503393021831e-02 -7.964646253434295442e-01 2.920673488577317511e-02
6.720660124645030375e-01 5.370875752945712678e-02 1.536248277962327435e+00 -9.343057916898164783e-02
-1.689138666424578328e-01 -7.255076819640604580e-02 -2.696125198844428805e+00 -3.190015322380015256e-02
-1.033184501601717431e-01 -5.220634284290745497e-02 4.823218663059104516e-01 8.147573010189826381e-03
6.627898553317081165e-02 -5.316688117825603410e-03 -3.807259309350286003e-01 8.734966635808562307e-03
1.773635498549208878e+00 3.174557476916847754e-01 5.463581411416756239e+00 1.030059795335087347e-01
4.298491662967457438e-02 2.390511975708232151e-01 5.422129751428437672e+00 7.484226372692381890e-02
-1.415536489396916064e-01 8.599941214997838812e-02 -3.165902704112899535e-01 1.913051731074760786e-02
4.322698653012102543e-02 1.583640329215008080e-02 6.897666074670105729e-01 -9.062210501745299185e-04
-8.079964416895416002e-03 9.884458791111799814e-03 -1.818441833704553812e-02 3.200521013534411013e-03
-3.383340164927213511e-02 -9.009900134122186821e-02 2.608579254672549474e-02 -4.842612556310198213e-02
8.677584494384537120e-03 9.230792078018348543e-03 1.784624029258853606e-02 6.262102593374992664e-03
