-4.111287276997718010e+00 -3.494629305443651912e+00 2.277409544458647517e+00 0.000000000000000000e+00
-1.423328936703358139e+00 -1.632433300057410497e+00 -1.116505167815570854e+00 0.000000000000000000e+00
-1.027869993377822144e+00 1.807998981424853158e+00 7.446333386659720333e-01 0.000000000000000000e+00
4.611597907312339206e-01 -2.238970815394733527e-01 -2.417233912450660771e+00 0.000000000000000000e+00
-1.085992200096548704e-01 -9.078333711832830000e-01 -5.610905887530721614e-01 0.000000000000000000e+00
2.529094483688398842e+00 3.017014563032361263e+00 -2.848361441531038540e+00 0.000000000000000000e+00
-2.643755787779512811e+00 -2.809998837603726152e+00 7.665080779240782682e-01 0.000000000000000000e+00
6.889939358708202510e-01 8.367925632361039590e-01 2.214392678992012975e+00 0.000000000000000000e+00
3.024087848300260895e-01 -5.005093415901221143e-02 3.049786505269802994e+00 0.000000000000000000e+00
6.320497026722010636e-01 -7.912474580649223599e-01 3.251344904295307092e+00 0.000000000000000000e+00
1.210366286019063514e-01 -6.320041094729578202e-01 -6.357404215201473141e-02 0.000000000000000000e+00
8.869791632911907531e-01 4.523261262375949388e-01 1.018394923383365569e+00 0.000000000000000000e+00
5.397585131494340160e-01 -3.488074411398386365e-01 1.793609054790949342e+00 0.000000000000000000e+00
3.386988441085471369e+00 4.047477538093034788e+00 -1.879472989155756668e+00 0.000000000000000000e+00
1.759727674174066392e+00 -5.644044720266729875e-01 -1.230183410357183593e+00 0.000000000000000000e+00
-4.497799309188267869e-01 -2.555796874076968761e-01 -4.051167699995098515e-01 0.000000000000000000e+00
-2.078136440950528741e+00 2.719396979843272888e+00 -2.832275105740615029e+00 0.000000000000000000e+00
2.317716650403513157e+00 2.125197324667746468e+00 2.201112099413719658e+00 0.000000000000000000e+00
-2.418402687310021726e+00 -1.330309096862472007e+00 2.200135084554529108e+00 0.000000000000000000e+00
-2.144808191879071568e+00 3.808805903333270515e-01 -2.622858722570736489e+00 0.000000000000000000e+00
-9.771042795894639699e-02 -9.950400372318506104e-02 2.125402339238705307e-01 0.000000000000000000e+00
3.180475178344551734e-01 5.244444465304759495e-01 -9.592123994204256876e-01 0.000000000000000000e+00
-2.074034609847736632e-01 1.634190208657729515e-01 -1.379620698306843307e+00 0.000000000000000000e+00
2.464176086087648265e+00 4.049471462688806866e+00 3.573489564361998494e-01 0.000000000000000000e+00
6.953268837772308419e-02 -9.356572107961280693e-02 1.128670298604711464e-01 0.000000000000000000e+00
-1.063719814446164813e+00 4.857108155518733983e-01 -2.155816833804845345e+00 0.000000000000000000e+00
-1.485679107781890718e+00 2.278237933945808980e+00 1.759859394536680721e+00 0.000000000000000000e+00
1.862195081497901139e+00 3.061671443817409966e+00 4.665463251469985195e+00 0.000000000000000000e+00
5.498996616930287296e-01 1.296024344241462900e-01 -4.404738859957644387e-02 0.000000000000000000e+00
1.032811713892327399e+00 1.202016987033703632e+00 2.198761432491559142e-01 0.000000000000000000e+00
4.453067704979244645e+00 3.223450999753125767e+00 -3.676620777515337224e+00 0.000000000000000000e+00
-1.103225937785874633e+00 1.122183344980451691e+00 2.867726323383238629e+00 0.000000000000000000e+00
3.932252436189570322e+00 9.655405872242547316e-01 -3.150760622247875009e+00 0.000000000000000000e+00
1.204420756854224228e+00 1.691749778850061059e+00 -3.801497325019581042e-01 0.000000000000000000e+00
6.735902679583227748e-01 -2.282901341027175235e+00 -1.013722712978888607e+00 0.000000000000000000e+00
