-4.832514787144544854e+00 1.295646980075928267e+00 -2.149251899622598216e+00 0.000000000000000000e+00
-3.826953556445608307e+00 -1.399202559441500959e+00 -1.858496325173774055e+00 0.000000000000000000e+00
-1.607577662884679626e+00 -3.413366010205402201e+00 -4.565071850629927597e-01 0.000000000000000000e+00
2.045564252922135451e-01 9.488154104642863851e-02 1.034332162003844147e+00 0.000000000000000000e+00
-2.158744652059005453e+00 3.377644498958521507e-02 -6.343585152736749277e-01 0.000000000000000000e+00
1.993975280233751590e+00 1.680359780411937676e+00 2.569349615405718712e+00 0.000000000000000000e+00
-8.519311807343483700e-01 8.091136026584944130e-01 9.024012273722755717e-01 0.000000000000000000e+00
9.236929316434584480e-01 -2.729939143224743514e+00 -1.138536742446769195e-01 0.000000000000000000e+00
3.204131470646123248e-01 -1.342794277328882568e+00 1.381285909795586742e+00 0.000000000000000000e+00
-2.600013743883953676e+00 1.800439112002644171e+00 1.878511369513374829e+00 0.000000000000000000e+00
-6.116064693605074432e-01 5.248439423293327355e-01 -6.069445118315709015e-02 0.000000000000000000e+00
1.058297843507187252e+00 -1.057548348265896054e+00 5.522689292969688024e-01 0.000000000000000000e+00
6.372416390920677687e-01 -8.149674125359027688e-01 9.047013506941153915e-01 0.000000000000000000e+00
3.525304271129043876e+00 -1.472883108512146544e+00 1.769461209346263386e+00 0.000000000000000000e+00
1.902887477649421788e+00 -5.028365120372085828e-01 -6.433383981241378446e-01 0.000000000000000000e+00
-4.855976365781562998e-01 -8.001035224274286595e-01 3.557465765017222004e-01 0.000000000000000000e+00
1.049549399371697112e+00 -3.032574754929129757e+00 -1.317876817377617193e+00 0.000000000000000000e+00
4.372802459134632613e+00 3.622013822469207334e+00 -3.995044275058829086e+00 0.000000000000000000e+00
-2.027346829798284844e+00 1.589749054753154256e-01 -5.090246145024520663e-01 0.000000000000000000e+00
1.217022909205243142e+00 1.199608635880329954e+00 -1.401028439263136693e+00 0.000000000000000000e+00
8.136416907478410954e-01 -2.771728744034369640e-01 1.259908470153139060e-01 0.000000000000000000e+00
7.926340171403383206e-01 8.398993806952613772e-01 7.033698215689346833e-01 0.000000000000000000e+00
-8.437287375596006500e-01 6.127323902786179222e-01 -3.212686801978308360e-01 0.000000000000000000e+00
3.296332600625659470e+00 -1.556847204180044963e+00 2.971075392011707894e+00 0.000000000000000000e+00
8.802356986613935064e-01 6.534455385038412389e-01 -3.339729726964779655e-01 0.000000000000000000e+00
6.847744977694844026e-01 -1.268294127352795453e+00 -1.219267201817803015e+00 0.000000000000000000e+00
2.621334534683789741e+00 -3.781523458449829178e+00 -2.468730405158415575e+00 0.000000000000000000e+00
4.563254086727129177e+00 -3.647418535361260927e-01 2.856902365816890166e-01 0.000000000000000000e+00
3.238604357841714521e-01 -5.435276902207434313e-01 -2.730823155591046714e-01 0.000000000000000000e+00
-9.772747085400474987e-01 -7.620983119411747220e-01 -3.795528244429118847e-01 0.000000000000000000e+00
4.877627977986961127e+00 3.990964745828661453e+00 2.839400469781334202e+00 0.000000000000000000e+00
-1.585605059913713255e+00 3.689277973846555980e+00 1.263161186809916292e-01 0.000000000000000000e+00
4.042970705559039146e+00 5.467828729164272428e-01 4.567414296554851205e+00 0.000000000000000000e+00
-2.046050177914799928e+00 1.924187709606310692e+00 4.015063661491734770e+00 0.000000000000000000e+00
2.427563477757904042e+00 -1.951558214168572336e+00 -6.189555161178178500e-01 0.000000000000000000e+00
