-2.302507642379416630e+00 1.577854612753267993e+00 -4.014834593203156388e+00 0.000000000000000000e+00
-1.714269010893157308e+00 4.333077511722114861e-01 -2.590011387338716720e+00 0.000000000000000000e+00
3.174340341445481162e+00 2.923132063424854543e+00 1.886297843224793436e+00 0.000000000000000000e+00
4.047640935743467283e-01 -3.164679032441751194e-01 -9.110303331256750514e-01 0.000000000000000000e+00
-2.579820747919134641e-02 -9.999564258405486961e-03 -1.090507462663760530e+00 0.000000000000000000e+00
2.020258400322783476e+00 -1.874316364663556778e+00 1.938634989109370155e+00 0.000000000000000000e+00
-2.327275472084041397e+00 7.930300965822716375e-01 -2.161444294443923830e+00 0.000000000000000000e+00
2.057949607438113393e+00 1.086779900840095348e+00 1.767074378129012580e+00 0.000000000000000000e+00
1.010249737557383343e+00 2.105088999645093883e-01 1.830899823525170778e+00 0.000000000000000000e+00
6.188025735364138802e-01 5.231749364014592896e-01 -1.009641487113775993e+00 0.000000000000000000e+00
2.346364786036079231e-01 -5.644159391567214051e-02 -5.210645946233865011e-01 0.000000000000000000e+00
1.177460638804328052e+00 -8.789319613868488978e-02 1.658563919346855764e+00 0.000000000000000000e+00
5.569033538105950809e-01 -1.742052913481658416e-01 6.429749109427493892e-01 0.000000000000000000e+00
1.783556016532331867e+00 -1.488876612077218164e-01 3.281502047686081447e+00 0.000000000000000000e+00
2.486134946823921610e-01 -1.433631238740260549e+00 1.823250022940276827e+00 0.000000000000000000e+00
2.905192248576661251e-01 -1.037942903520764126e+00 9.610088472736803833e-02 0.000000000000000000e+00
2.626318018130413101e+00 1.419438492182123035e+00 3.084355552602282557e+00 0.000000000000000000e+00
-4.262169970585307777e-01 -3.579427993834261024e-01 7.060600568420895007e-01 0.000000000000000000e+00
1.432646588377977759e+00 1.786050277516814555e+00 8.995912273166203899e-02 0.000000000000000000e+00
1.271062516361354255e-01 -8.694571780564195329e-01 -5.458373032237405775e-01 0.000000000000000000e+00
-1.970959323621917503e-01 -7.316277170486859549e-02 -2.221609036161693862e-01 0.000000000000000000e+00
-2.880294647806396768e-01 2.799028998639861987e-01 1.046479875013585747e+00 0.000000000000000000e+00
-2.590763387714657418e-01 -1.114705234745122092e-01 -1.378981852543261333e+00 0.000000000000000000e+00
2.400356859285251776e+00 1.112345042869626460e-01 3.250360655616688632e+00 0.000000000000000000e+00
4.189993995472863775e-01 1.281438785203333486e-01 5.072714224326546617e-01 0.000000000000000000e+00
-6.684939965728655675e-01 3.143892425690726355e-01 1.225500904306368932e+00 0.000000000000000000e+00
-3.334011101895527629e-01 -5.120471974719359443e-01 2.461089656623346666e+00 0.000000000000000000e+00
2.665671129249001514e-01 1.837101725408778696e+00 2.743117077778808088e+00 0.000000000000000000e+00
9.603030873796707390e-01 -4.382995970091688176e-01 1.223544891740756091e+00 0.000000000000000000e+00
6.073405208915879649e-01 1.358544292326670622e+00 1.994946215023089664e+00 0.000000000000000000e+00
1.595551704006896998e-01 -3.683760256070500283e+00 3.989484965782605919e+00 0.000000000000000000e+00
-2.157986271736445971e+00 -1.482837815205527265e+00 1.348533662115148468e+00 0.000000000000000000e+00
1.165813950821319889e+00 -7.119737766771719323e-02 8.350326890095765009e-01 0.000000000000000000e+00
1.661855448085833631e+00 1.892210947817080546e+00 4.676512892380191300e-02 0.000000000000000000e+00
-1.290907446051651197e+00 2.619520500795348150e-01 -1.760473379740437272e+00 0.000000000000000000e+00
