9.983554799489340326e-01 2.177158970054294151e+00 3.568610096674955656e+00 0.000000000000000000e+00
1.950464991846472262e+00 1.466310364388061505e+00 9.876655538212846253e-01 0.000000000000000000e+00
1.484008317015011125e+00 -1.644994619066576735e+00 1.971298084615615398e+00 0.000000000000000000e+00
-4.764016014309560010e-01 -1.090894570395834151e+00 1.661143542580463262e+00 0.000000000000000000e+00
1.055469579669102931e+00 1.073859302111763281e+00 -5.439300902584913722e-01 0.000000000000000000e+00
-2.921437678895009160e+00 -2.483936573062041742e+00 1.966305784661706468e+00 0.000000000000000000e+00
1.180491767244129298e+00 1.996732989151888571e+00 1.007225528696171074e-01 0.000000000000000000e+00
6.310738270891738111e-01 -1.699817942861046483e+00 -2.163456632931797519e-01 0.000000000000000000e+00
1.187214369731293129e+00 -8.395425582845017498e-01 -2.068077809177634729e-01 0.000000000000000000e+00
1.038909496250676190e+00 -1.096090373118765726e-01 8.655888179701156648e-01 0.000000000000000000e+00
2.782349494647375909e-01 5.165408020162103320e-01 -4.482931747553504098e-01 0.000000000000000000e+00
-6.064309758466056577e-01 -9.202830200197629207e-01 -7.917101234337178273e-01 0.000000000000000000e+00
1.114083091126665676e-01 1.560842433383992922e-01 -3.877580699088239297e-02 0.000000000000000000e+00
-2.974134986986447959e+00 -2.231783357418143598e+00 -2.021273180598585212e-02 0.000000000000000000e+00
-1.359355844034870309e+00 3.478211667416812314e-01 -1.906646564624354001e+00 0.000000000000000000e+00
3.859008801254994458e-01 3.275715371263931419e-01 3.809985377222205871e-01 0.000000000000000000e+00
1.549871467804446068e+00 -2.487969459260432004e+00 -3.709696224645357088e+00 0.000000000000000000e+00
-2.163626676609075594e-01 7.976180765344327295e-01 -4.798603629852625119e+00 0.000000000000000000e+00
-7.592993587920853216e-01 2.239047794257960522e+00 -9.517161658109263289e-01 0.000000000000000000e+00
-3.008159513697867826e+00 1.092891101970699719e+00 -9.395242080931510698e-01 0.000000000000000000e+00
-8.888221529589458714e-02 -2.840456580923354513e-01 1.313671414272534199e-01 0.000000000000000000e+00
-9.071715587242730194e-01 -3.479402966253663521e-01 -4.451294931210811878e-01 0.000000000000000000e+00
1.696994351371104159e-01 6.756869662265762022e-01 7.054578187708678838e-01 0.000000000000000000e+00
-2.957465364761094229e+00 -2.254806049853840033e+00 3.857538310344749144e-02 0.000000000000000000e+00
3.109809845309026433e-02 9.071752554281953262e-02 -1.326669382253877205e-01 0.000000000000000000e+00
-5.571807909983800267e-01 -5.172039308974569760e-01 -9.449268576533723096e-02 0.000000000000000000e+00
2.808691160720827584e-01 -2.906552527992328550e+00 -2.820872159661574230e+00 0.000000000000000000e+00
-1.410723363045249590e+00 -3.265850246298577009e+00 -3.100302352875795808e+00 0.000000000000000000e+00
9.482119298685375286e-01 -1.900271876592831699e-01 -1.192329488979505969e+00 0.000000000000000000e+00
8.595292931749832777e-01 -7.323346916395262474e-01 -1.466280157806681528e+00 0.000000000000000000e+00
-3.764273090898213159e+00 -3.380658647165832420e+00 -1.846964589136657064e+00 0.000000000000000000e+00
-1.144496629286926970e+00 -1.077456106556770044e+00 7.055540675750956447e-01 0.000000000000000000e+00
-1.753805254317970075e+00 -2.928391619417021641e+00 -1.287039639773872590e+00 0.000000000000000000e+00
3.506669159690505855e-01 1.998424423913782721e+00 -3.758792643562783864e-01 0.000000000000000000e+00
1.096190946084478757e+00 5.181417789651299177e-01 -9.485668279636456646e-01 0.000000000000000000e+00
