2.845606640848882929e+00 1.334128276489355391e+00 7.165824858268280417e-01 0.000000000000000000e+00
-1.303851617316067024e+00 1.837884537408912777e+00 -8.574268500329359499e-01 0.000000000000000000e+00
2.138553806314886785e+00 -2.486839555350034647e+00 4.290741492975385540e+00 0.000000000000000000e+00
-1.433228129141457696e+00 1.706213265497534826e+00 -1.113064948416636391e+00 0.000000000000000000e+00
-1.231521116814987549e+00 4.877748393874705712e-01 -4.198124764136222931e-01 0.000000000000000000e+00
-5.005220480149977780e-01 -1.656656843904573018e+00 9.091238553480500695e-01 0.000000000000000000e+00
-1.783407105789578395e+00 -9.754721713261504598e-03 2.644114570876522130e+00 0.000000000000000000e+00
1.885960699430915488e+00 2.095328469724323739e+00 -5.268902996757467427e-01 0.000000000000000000e+00
-2.439378166635416179e+00 8.893814304837996398e-02 1.849268676784329601e+00 0.000000000000000000e+00
3.081453847904266574e+00 -2.859276024427983010e-01 1.918223588513768840e+00 0.000000000000000000e+00
-5.335239435222360882e-01 -4.276054032831480556e-01 7.880080922597379467e-02 0.000000000000000000e+00
-9.109999760540150593e-01 2.435107409135690126e+00 -2.158393625270850880e+00 0.000000000000000000e+00
-4.125180394096573944e-02 -5.352773639819162765e-01 4.902202228579702892e-01 0.000000000000000000e+00
1.687625903055692378e+00 -2.427435192785598161e+00 3.186069450080126320e+00 0.000000000000000000e+00
-3.402808316326412896e+00 1.976702281975885045e+00 -5.382085893799096743e-01 0.000000000000000000e+00
6.188616256165893059e-01 -6.967766663934682470e-02 -2.573243930984780103e+00 0.000000000000000000e+00
6.149680456111428217e-01 -1.903403027718562068e+00 2.083966156195558861e-01 0.000000000000000000e+00
2.372670444329031625e+00 1.933259504437071064e+00 3.543815941877627385e+00 0.000000000000000000e+00
-2.455968895994703249e+00 -9.243236178730817043e-01 4.559706707727955610e+00 0.000000000000000000e+00
-5.460921917305883166e-01 1.538687643079531320e+00 -2.082178239741846681e+00 0.000000000000000000e+00
-6.536185941300406976e-02 -4.591601594095764960e-01 1.108874666691967714e-01 0.000000000000000000e+00
-1.329594491632647868e+00 1.219516835689100187e+00 -1.422054506994050005e+00 0.000000000000000000e+00
4.240376270198813469e-01 -2.812528657327907911e-01 -6.893599822017573708e-02 0.000000000000000000e+00
6.554540162439324025e-01 2.212016756316412605e-02 8.796246338326473291e-01 0.000000000000000000e+00
-2.027465526298451171e-01 -1.930344395487578468e-01 -1.715301842827711587e+00 0.000000000000000000e+00
-9.977837030282907804e-01 -1.804419008311511918e-01 -5.573199616252196842e-01 0.000000000000000000e+00
2.215284853216333172e+00 -2.886327701183912797e-01 2.266685306425493707e+00 0.000000000000000000e+00
-1.903438969434765315e+00 2.262982150555896244e+00 -1.358878286436707272e+00 0.000000000000000000e+00
1.654252844094193486e+00 8.814869339350133171e-01 6.143664785184563826e-01 0.000000000000000000e+00
-2.223096853978028697e+00 -6.089103175700610882e-01 -1.050220061831200535e+00 0.000000000000000000e+00
-1.363746584071634960e+00 -1.714989937114277163e+00 -2.001214393792474233e+00 0.000000000000000000e+00
2.789380248008005214e+00 2.112066592456761427e+00 9.516290687818910188e-01 0.000000000000000000e+00
-4.209794892025703561e+00 7.036213591647130783e-02 -1.534147963719360575e-01 0.000000000000000000e+00
1.635949293052342046e+00 1.251569256209327685e+00 2.313944183930256138e+00 0.000000000000000000e+00
-2.341130406374869466e+00 7.588248484814919675e-03 -2.605826087843380101e+00 0.000000000000000000e+00
5.484689456730728468e-02 1.065908750264382698e-01 -9.141365863575232065e-02 0.000000000000000000e+00
-2.161891122055062953e-01 -7.449814059799029220e-01 4.434233775380419518e-01 0.000000000000000000e+00
2.095989914676572308e-01 2.314328644772712940e-01 1.107234708638370202e-01 0.000000000000000000e+00
-1.144313576804831811e+00 2.120480399469749422e+00 -2.297424473196248762e+00 0.000000000000000000e+00
1.289781991019691265e+00 -4.514897717388757226e-01 5.582821959584375326e-01 0.000000000000000000e+00
-1.455703430890534222e-01 1.472428189844616764e-01 -2.114701478816692071e-01 0.000000000000000000e+00
1.606267817609157600e+00 -1.430973013374203795e-01 1.220424415198725576e+00 0.000000000000000000e+00
-2.695797992178627478e+00 3.030894547430544941e-02 -2.878616008227239842e+00 0.000000000000000000e+00
-6.275310739776270019e-02 5.799713077235567615e-01 -1.956962849238605751e+00 0.000000000000000000e+00
-4.813552420596414749e-01 -1.099919145817245925e+00 -7.027237638028727140e-01 0.000000000000000000e+00
7.153270545595271646e-01 -3.007104737264932215e+00 3.138828386118911240e+00 0.000000000000000000e+00
-2.373321542873910950e+00 2.392483312885989033e+00 -2.581436523665057603e+00 0.000000000000000000e+00
8.622344567187792963e-01 -6.720773225178114929e-01 2.264932053840895687e+00 0.000000000000000000e+00
-2.906575921914938299e+00 1.654318573171201567e+00 -1.782043020491852481e+00 0.000000000000000000e+00
9.130575564385495779e-01 -1.389251005480531820e-01 -4.144606224636285141e+00 0.000000000000000000e+00
-1.072869551561703272e+00 -2.115930080304554706e-01 -2.965586985861326852e+00 0.000000000000000000e+00
4.434489737917282071e+00 -1.987178349400630983e+00 3.568372612886376416e+00 0.000000000000000000e+00
-2.927642102671865310e+00 -2.538042390289064532e+00 5.439170086950210203e-01 0.000000000000000000e+00
2.399521596940916712e+00 7.745377487307143483e-01 3.724262070395895741e+00 0.000000000000000000e+00
-2.184042786164459127e+00 -3.811802274089435283e-01 -8.973738806323743322e-01 0.000000000000000000e+00
4.537265166863803656e-01 -6.714494483849688944e-01 7.327331528324143584e-02 0.000000000000000000e+00
