2.392868828544512994e+00 -7.416111023853398931e-01 -1.160983659693128611e-01 0.000000000000000000e+00
1.229727536280027511e+00 -6.059886132740736064e-01 -3.907442079083905284e+00 0.000000000000000000e+00
1.578768111284700959e+00 -1.637312369067313700e+00 4.598416787437776598e+00 0.000000000000000000e+00
1.750814422374675772e+00 7.822103146998220513e-01 -3.593863529613448016e+00 0.000000000000000000e+00
-3.082974594598129059e-01 -5.004123429013750124e-02 -1.050052832069413355e+00 0.000000000000000000e+00
-3.841789971060573627e+00 -1.167321243759903288e-01 8.075890464851923634e-01 0.000000000000000000e+00
4.950232967458191857e-01 -2.599974708194863204e-01 4.836323626023139033e-01 0.000000000000000000e+00
3.606593227192778972e+00 -5.036105294265819099e-01 -3.050673250362544664e+00 0.000000000000000000e+00
-1.450156362359894091e+00 7.506916532068969028e-01 3.514979306965019923e+00 0.000000000000000000e+00
3.232667297521560457e+00 -2.513689515727530299e+00 -2.930990853474858326e+00 0.000000000000000000e+00
-6.018459483472032856e-01 1.597808238231627764e-01 3.086734138174204722e-01 0.000000000000000000e+00
1.719636307864305325e+00 4.495247535455688115e-01 -2.525204396784868965e+00 0.000000000000000000e+00
-1.450337700959500598e-01 1.531712122726709147e-01 2.017855203203856806e+00 0.000000000000000000e+00
4.039211167080056231e-01 -5.125931229627992414e-01 -1.125308873718917635e-01 0.000000000000000000e+00
-4.257695478504577857e-01 1.082673536618464105e+00 -1.456366301696961463e+00 0.000000000000000000e+00
6.287297431768813505e-01 1.042810406731102535e-01 -2.013649479271314657e+00 0.000000000000000000e+00
-2.576134230752563870e+00 5.611821660888112184e-01 2.812412970835611592e+00 0.000000000000000000e+00
2.247437018247484097e+00 -8.936223423257017018e-01 -2.480209319277475698e-03 0.000000000000000000e+00
1.550366984284008154e-01 1.660987001139794805e-01 1.444132355485358454e+00 0.000000000000000000e+00
1.708720111961962163e+00 2.143436676354150972e-01 -2.353825831188029571e+00 0.000000000000000000e+00
-3.362822731676916033e-01 1.274560548344408073e-01 3.745772480452326247e-01 0.000000000000000000e+00
2.242487688110275101e-01 5.091936453876287905e-01 -1.072439806961172026e+00 0.000000000000000000e+00
2.476091198654097325e-01 -8.871691268751004389e-02 4.460579838344133075e-01 0.000000000000000000e+00
1.108144474684773062e+00 8.276052087858920547e-02 3.210323840767164150e-01 0.000000000000000000e+00
-6.455450075434472634e-02 2.312149901298474752e-01 -3.184703176275268666e-01 0.000000000000000000e+00
-1.272566054478167175e+00 1.210762344385324374e+00 -2.882561410572266336e-01 0.000000000000000000e+00
-5.450429560990240896e-01 -6.602673351519772194e-02 -1.941584627356171211e+00 0.000000000000000000e+00
-4.240892471575378186e-01 -7.752944672009060012e-01 -1.076779076037898270e-01 0.000000000000000000e+00
1.336073381779557145e+00 -8.250871367950222274e-03 -1.685314892407411058e+00 0.000000000000000000e+00
-1.822021270497514722e+00 3.482746717834651617e-01 1.123802463211484914e+00 0.000000000000000000e+00
-6.790319629024400783e+00 2.434891533927558083e+00 5.640659961193895677e-01 0.000000000000000000e+00
1.408305099490877454e+00 -1.182592708733232856e+00 -2.579442533584203723e+00 0.000000000000000000e+00
-2.502925942217550048e+00 -1.125035669984933290e-01 2.049215591273735093e+00 0.000000000000000000e+00
5.407445881275497745e-01 -1.602991604017585392e-01 -1.289332425412585970e-01 0.000000000000000000e+00
-5.944445836728043941e-01 -9.100719157309705709e-01 -6.685902618410162201e-01 0.000000000000000000e+00
1.267568706927283406e-01 -5.940110306529045731e-02 -1.166152021024057794e-01 0.000000000000000000e+00
-3.733481279572609113e-01 -9.446437987191688701e-02 4.981854567257900102e-01 0.000000000000000000e+00
1.508783422561544296e-01 -6.771293867681368872e-02 -5.886766450149844010e-01 0.000000000000000000e+00
1.719031098873398999e+00 4.192554399320025382e-01 -6.844841256929754536e-01 0.000000000000000000e+00
1.504211321383738253e-01 -7.378620005688383277e-01 3.452292785825078480e-01 0.000000000000000000e+00
1.601211259859426292e-02 1.622667276723793184e-01 6.023134776472358065e-02 0.000000000000000000e+00
-1.529904067118639022e+00 -1.391103770613788815e-01 -4.555573107047576897e-01 0.000000000000000000e+00
-1.924004814180149348e+00 -4.111635203267966499e-01 -1.849345540530653587e+00 0.000000000000000000e+00
-7.373000637792938017e-01 5.429243648533711719e-02 -1.547251074970779294e+00 0.000000000000000000e+00
-4.582460358554386604e-01 -6.268342524098691193e-01 -9.157016715318543332e-01 0.000000000000000000e+00
-3.744643377791562422e+00 1.755584722727628666e+00 3.181870061356950607e-01 0.000000000000000000e+00
4.334061822104580686e-01 7.529434357607572847e-01 9.057315741632623318e-01 0.000000000000000000e+00
7.292206045552632743e-01 -3.929122205243908150e-02 1.937207488959187707e+00 0.000000000000000000e+00
-1.188290870025588308e+00 1.553309813156897645e+00 1.631369971961674992e+00 0.000000000000000000e+00
-7.955465043697054761e-02 -8.555589766160817122e-01 -1.796849430864428498e+00 0.000000000000000000e+00
-5.274166907191585985e+00 3.897331517155583569e+00 1.398671439406118600e+00 0.000000000000000000e+00
4.928351236959201409e-01 2.223071095515475992e+00 -2.176203854771427970e+00 0.000000000000000000e+00
-7.757639079703687601e-01 -3.712243123138772027e-01 1.780019210210090685e+00 0.000000000000000000e+00
1.539658331296055671e+00 2.473895708680788452e+00 -1.951675919644485502e+00 0.000000000000000000e+00
-6.350230598879457178e-01 8.427169663551828949e-01 4.458050863029880961e-01 0.000000000000000000e+00
1.209187181978415238e+00 1.826143864817182313e-02 -4.387540911145271783e-01 0.000000000000000000e+00
