-2.226364808070387946e-01 8.396802149594508879e-01 1.241656300665945900e-01 3.881945076769777181e-02
2.601833747852340117e-01 -3.324240864735911183e-01 -1.067705053477755461e-01 -1.531334342524220959e-01
-5.526536525834559871e-02 -1.571758221033183467e-01 -1.770660351449460657e-01 -4.947428315041141333e-02
-5.869201270538861870e-01 -4.213511199707449251e+00 -2.294774188864171727e+00 -2.756293461978237325e+00
8.923319901205645222e-02 -6.804473828053976270e-01 -8.343706087965330198e-01 -1.081973273414986281e+00
-6.284243809727937391e-01 -4.055479493738932684e-01 -4.658774551828324673e-01 -5.652439308305596821e-01
6.982345040288922000e-01 4.051740521497279701e+00 3.034657574948336212e+00 3.754024172545634030e+00
-2.037559353460403955e+00 -6.514540287888370695e-01 -1.400798663888087603e+00 -2.436750359787729803e+00
9.354120928184163075e-01 1.039557004929190231e+00 1.149984563803245985e+00 1.443461945031126792e+00
-4.263997181899921163e-01 3.903863592866605892e+00 1.729882565692018481e+00 2.818134020254067451e+00
-5.631468805540467137e-01 -6.140945406515331939e+00 -4.090035706735283938e+00 -5.989372855501697401e+00
2.538599544206069147e+00 2.050113166564287992e-02 1.896592158595641120e+00 3.915814509870008120e+00
4.830673832152254654e-02 2.019118841968499112e+00 1.213085935095479240e+00 2.899523042043747001e+00
-2.220180167330167542e+00 -1.737046489795561754e+00 -3.005031944777942776e+00 -4.213210924893164844e+00
5.106071126131618287e-01 1.814979068302405296e-01 9.596148646701646578e-01 1.446787116187407740e+00
-2.857998154336605090e-01 6.551778998612329818e-01 1.705798072852470759e-01 6.772551408084970248e-03
1.052389295779544653e+00 -4.055486243293320858e-01 9.313906064005943453e-01 6.656497766516424885e-01
-5.044473910339550837e-01 -4.681548375178196109e-02 -7.268048762088739068e-01 -5.872171703566994028e-01
3.415998630609159425e-01 6.123918924329119218e-02 2.785667159752326372e-01 4.113056724472856640e-01
6.590943097343175960e-01 -1.493948874881154909e+00 -4.116118645640893248e-01 -1.107068364616848211e+00
-4.400375081472239769e-01 3.106892032193974362e+00 1.498070855924696465e+00 3.086392294143136095e+00
-1.131798642051601522e+00 5.177671966430421602e-01 -8.613306375023002115e-01 -2.334926038960716710e+00
1.031360977731145434e+00 -6.544451350430213754e-01 1.226818464930213182e+00 -1.021129931118812451e+00
-7.187347866111210015e-02 2.272007069856121220e-01 -6.915699205799347160e-01 -1.254245643307241309e+00
1.562622881292321075e+00 8.106587349593853409e-01 2.328729555813072949e+00 3.588556630102324174e+00
1.771985771916964048e+00 4.690414120197790027e-01 -4.166216172606286294e-01 -2.279631081449492447e-01
-1.343880510487839075e+00 -1.307377344055140611e-01 -1.616189708899685051e+00 -2.773904070023248125e-01
7.540444188118629043e-01 -7.986622162696416227e-02 9.918567891349832077e-01 1.203824842193973677e+00
3.178248048660910208e-02 -4.794191033803563706e-01 -4.714508630497332153e-01 -5.624783526114358612e-01
-6.201204608822319386e-01 3.369911294225644838e-01 6.502910596127334797e-01 1.033564520799115538e+00
6.825281428161205088e-01 -7.721362808742211481e-01 1.765702900339291004e-01 -1.072353805857085618e+00
-1.213472023937087307e+00 7.286576830941304816e-01 5.110825506103092719e-01 2.607407779359223743e-01
-4.444115116190703318e-01 3.669942050313645954e-02 -3.616456550078149812e-01 2.298274674892927805e-01
1.016290927387952792e+00 -2.591823132934392149e-01 1.279348905747594023e-01 6.122406019903839369e-03
-1.513240226808059141e-01 2.276094986768034123e-01 3.513622850486797233e-02 1.699837789351429929e-01
2.432929496685974358e-01 -5.090027386902242768e-01 -1.332913971820593457e-01 -5.259062512550346513e-01
1.709941897130254351e-01 -1.762878240881162184e-01 1.316963504785318706e-01 4.774566257623074073e-01
-5.233991190668036975e-01 -4.279522276619976417e-02 -6.667282688631026577e-01 9.148731268278470496e-02
-3.343514018922487674e-01 -9.125022898108055280e-02 -5.582831722450729561e-01 -9.204958935574315548e-01
-6.017007162419131527e-04 -1.142586601558738396e-01 1.746851743423799563e-01 3.311336299346674394e-01
-6.986462656792071790e-01 -2.744300169069642803e-01 3.509313697381015729e-01 1.893613413557020397e-01
4.775216219134407747e-01 2.529891692547786564e-02 6.225540452736531005e-01 6.956466473232167380e-02
-2.999649877938243003e-01 6.875779671874174270e-02 -3.909682509793891980e-01 -4.388259820144184697e-01
1.756862371565912073e-02 1.438010027917268341e-01 1.831551248851995273e-01 2.037998798952375401e-01
4.308975984544409776e-01 -3.767418783842199637e-01 -1.198175962714828735e+00 -1.532184712917021407e+00
-4.608071566736530178e-01 5.201496434248751299e-01 -1.808481417620366460e-01 7.104426359050335371e-01
6.697500415076282909e-01 -5.903537871021649064e-01 -3.827982115738963187e-01 -2.817252219196753615e-01
2.556753804546298969e-01 -1.949997652495084610e-01 2.767499724456813359e-01 -1.426839760672515833e-01
-6.064256334646604962e-01 3.316054615384139148e-01 -1.446614841551265296e-01 8.145840311596083683e-02
-5.023359138653484823e-01 -8.198765087740246260e-01 -3.219832736231701409e-01 1.263664172875641478e-01
1.509504798373855206e-01 1.018211507580897290e+00 1.551308671216274082e-01 -8.295737468134407600e-01
-1.085267362696195503e+00 2.044942219633774649e-01 5.561210720177405253e-01 4.287954947364333025e-01
-4.370453563682491493e-01 8.737211993250937336e-02 -3.333975200826058138e-01 -1.568508663505163714e-03
6.327850403416649394e-01 -5.421897485838345077e-01 4.419470991209625277e-01 -3.445402291525289651e-01
-4.197172974653585742e-01 5.912259445306063954e-01 -1.222053608702314553e-01 -1.043418278371689711e-01
4.902541239457970379e-01 4.676767057245050374e-01 5.395533781470175372e-01 5.665945528569908962e-01
1.118891519776623183e-01 1.032297496343788368e-01 8.332778394731950311e-02 3.748446012474897920e-02
