-1.016032463956003218e+00 -1.308150267163703084e+00 1.012324913239350394e-01 0.000000000000000000e+00
-2.227020039679562524e-01 -3.848990145271152241e-01 1.890629567444541692e-01 0.000000000000000000e+00
-6.678045822533058562e-01 -5.914626065218430151e-01 -7.765897838199549152e-01 0.000000000000000000e+00
-3.381805312233993055e-01 -1.385509821354331816e-01 1.056385717780626565e-01 0.000000000000000000e+00
2.273761927361980795e-02 -4.434706056133084356e-03 9.863198571638034928e-02 0.000000000000000000e+00
-4.175802867285222097e-01 2.376544396877967869e-02 -1.458896521834345261e-01 0.000000000000000000e+00
-2.768528148371239839e-01 -1.152148581950034556e+00 1.650246713053806977e-02 0.000000000000000000e+00
-9.702656385802957972e-01 -8.303505460858787712e-01 -5.121845506080997534e-01 0.000000000000000000e+00
5.487398579598421477e-01 5.548800397100694948e-01 7.008434406034291797e-02 0.000000000000000000e+00
-1.577147753187691848e+00 -9.559917390229801804e-01 -8.021824574573851452e-01 0.000000000000000000e+00
7.619333776282077864e-02 1.116745080933221473e-01 3.462116973467831149e-02 0.000000000000000000e+00
-6.345122787042847268e-01 -5.487296801065716378e-01 -2.177381834429210627e-01 0.000000000000000000e+00
3.111835417518334368e-01 3.106767735344855286e-01 -6.563053030721986703e-03 0.000000000000000000e+00
-3.575825704896741786e-01 1.057563310481592633e-01 -4.223806551644118668e-01 0.000000000000000000e+00
-4.773470803357567765e-02 -1.879217453775625102e-01 2.805507266906049346e-01 0.000000000000000000e+00
1.208685769548090427e-01 -1.033388983835209357e-01 1.086426206381824536e-03 0.000000000000000000e+00
-5.546661512933926536e-02 6.025409349731211117e-01 -3.497680536839702370e-01 0.000000000000000000e+00
-1.114138950137741890e+00 -1.180805549250558029e+00 -1.438155365887505144e-01 0.000000000000000000e+00
3.941960841832171658e-01 -4.493397059391822101e-01 -4.040467583780659733e-01 0.000000000000000000e+00
-4.595403530801608349e-01 5.401535466196986102e-01 3.210366370198777797e-01 0.000000000000000000e+00
6.120539566323492109e-02 9.145666125864602980e-02 1.379562658963068809e-02 0.000000000000000000e+00
-2.775800774836943430e-01 -2.687814849252357363e-01 -9.114329612729199503e-02 0.000000000000000000e+00
2.822854574248306186e-02 4.958780970757355883e-02 -3.480625648521571552e-02 0.000000000000000000e+00
-2.460644927729201403e-01 -3.331595445220004309e-02 -2.230971734802338624e-01 0.000000000000000000e+00
1.328396143745346203e-01 2.740565797967219885e-01 5.942044278382617797e-03 0.000000000000000000e+00
4.629557567413523089e-01 8.169985735663209958e-02 2.958734049760605722e-01 0.000000000000000000e+00
-5.549692829849689479e-01 -2.583101505962751565e-01 -3.925113708619819564e-01 0.000000000000000000e+00
-7.829491285165188219e-02 -2.840544438889974210e-01 6.645747245056371488e-02 0.000000000000000000e+00
-3.367799507866792164e-01 -4.807676274376994074e-01 -1.915991660376473449e-01 0.000000000000000000e+00
4.274023464665733796e-01 6.024085853018066317e-01 1.304713228464992325e-01 0.000000000000000000e+00
9.042556685982917897e-02 1.010017565662532313e+00 -6.926364325387133203e-01 0.000000000000000000e+00
-1.379969822281478020e+00 -7.754195061361325303e-01 -8.415763534570738780e-02 0.000000000000000000e+00
1.093866032223850482e+00 -8.026562394380616638e-02 -9.796890216745984814e-01 0.000000000000000000e+00
-1.714710804858209592e+00 -1.044216368275138418e+00 -6.604158632050430855e-01 0.000000000000000000e+00
9.615220266461726659e-03 -9.616422340982317962e-01 -3.649676610907654495e-01 0.000000000000000000e+00
2.446281357666734227e-02 2.631008937229531615e-03 2.201142778940600939e-02 0.000000000000000000e+00
-1.344635985441884618e-03 -4.210469664789858596e-02 -8.158997335943199425e-02 0.000000000000000000e+00
-1.665927884400020542e-01 -1.883667436407375217e-01 -2.502009681239536140e-02 0.000000000000000000e+00
-1.581031742336025669e-01 -2.487878113998944485e-01 2.401269214992557063e-02 0.000000000000000000e+00
2.184123262654907860e-01 3.708964528223474000e-01 9.415370401823082436e-02 0.000000000000000000e+00
4.600051025480075134e-02 2.794391979017825656e-01 9.088860698621283041e-02 0.000000000000000000e+00
-1.983286952817918114e-01 -1.820257866481417852e-01 -3.074905492651087147e-01 0.000000000000000000e+00
1.784109118152380630e-02 -2.883170459638605132e-02 2.965012142170755371e-01 0.000000000000000000e+00
-1.408376629089543031e-01 -2.276616455509368475e-01 -2.232879760167170990e-02 0.000000000000000000e+00
2.566343688824418989e-01 -8.539340759845252121e-03 1.615407651673212569e-02 0.000000000000000000e+00
-3.748111333634962516e-02 3.185341770591338384e-01 -8.444956180889691133e-01 0.000000000000000000e+00
7.178140708368341283e-01 -2.336791399321420104e-01 4.082630267591930706e-01 0.000000000000000000e+00
6.934295206185902005e-01 -2.132287882751943420e-01 -4.578713929543004046e-01 0.000000000000000000e+00
-4.104533636945003061e-01 -1.373608682159690453e-01 2.701288606318300034e-01 0.000000000000000000e+00
1.096435618189159078e-01 1.115278780196436309e-01 -3.487468180731251866e-01 0.000000000000000000e+00
1.099064481468556703e-01 1.039542892959978371e+00 9.797499347201379938e-02 0.000000000000000000e+00
-1.390550772482705311e+00 -7.291950029419907997e-01 -1.569509922573058824e-01 0.000000000000000000e+00
1.006178835157016893e+00 9.464781530531394260e-01 -6.188331098303426758e-01 0.000000000000000000e+00
-1.531917637573210866e+00 -1.059409937265764379e+00 1.483406790415236209e-01 0.000000000000000000e+00
4.707907731011418129e-01 -9.311020324437035978e-02 1.480728316257121369e-01 0.000000000000000000e+00
7.928463974362849609e-02 2.152513049950695589e-01 2.745150053718519167e-01 0.000000000000000000e+00
