-7.249043233940488662e-03 -3.613212729045857330e+00 9.080655773390788887e-04 -5.599927983222854899e-03
1.922480660066940295e-01 1.063523236269604588e+01 2.498361408995276312e-01 2.423293666686090475e-01
2.688460101779391875e-01 -1.013319415189050687e+01 2.494773272494261174e-01 2.468913346881914661e-01
4.205910813258117997e-02 3.454714224846463821e+01 -1.686078418905245790e-02 -1.025501111372778551e-02
-2.542183213355592164e-02 -1.704282857213335589e+01 1.186827010986751807e-02 1.790788258343230244e-02
3.016212762263931202e-02 -1.466492397768388756e+01 1.349580810974368439e-02 3.217149986573991649e-03
2.352657303650191878e-01 -1.650007290668101589e+01 1.531143399441471376e-01 1.646415827652923936e-01
-2.168000299289682964e-01 1.947023445460317603e+01 -1.679851207263664825e-01 -1.581560457382405471e-01
4.019816162166989226e-02 3.723340458164577171e+01 1.976733973030320168e-02 1.614955717842966876e-02
-6.199103096550029335e-02 -4.796831296387023258e+01 -1.633724286039472950e-03 -4.507275619579753645e-03
5.248985216977564150e-02 -4.398817595094310207e+01 8.425683335994516021e-02 7.308255530176653580e-02
1.101178548911772026e-01 1.734878333845016130e+01 7.124831349852250861e-02 5.822806496598759152e-02
7.307466853428445930e-02 4.916387748618832632e+01 2.839747922325722151e-02 3.044896744703688707e-02
-7.658951043719008922e-02 -8.218229402239269632e+01 -3.088580541583507699e-02 -2.909658716802111800e-02
-5.014756495813599280e-02 3.412856380568548786e+01 -2.863693099009106957e-02 -9.341903196039086366e-03
2.553656256611047670e-02 7.076959642325789446e+00 -1.109329768533851013e-02 1.752647933758144649e-02
-1.203202607545295066e-02 -3.839381073617200002e+01 -6.698103289857787468e-03 1.358300452028865513e-03
5.505715529625021532e-02 3.559098992669851214e+01 -1.141377485879212228e-02 -3.166186620822547537e-03
2.091386175670795211e-02 -5.167326541885874036e+00 -6.267600996432101668e-03 -1.832638128199365335e-03
2.224866800624458740e-02 2.014117929761426851e+01 -1.768476781128430764e-03 -1.017528249119936667e-03
1.883809808145286979e-06 7.371380233196518361e+01 3.940642463731158784e-04 4.441579972877380406e-03
-3.214320603606224402e-02 -2.597728555119006444e+01 -1.989618085284083904e-02 -1.296303926417788355e-02
-4.805235101848048807e-02 -1.435375519690536805e+01 -1.579201152117559737e-02 -2.331876334651160343e-02
3.071875794837009011e-02 -7.689227113080690401e+00 2.025242929612142140e-02 5.571898573842548608e-03
4.961904457275778668e-02 -3.361514072331118541e+00 2.359793917148922393e-02 1.850267052857221262e-02
-5.239538224396911303e-02 -2.825779190917278072e+01 -1.952792380475412704e-02 -1.548597450110350549e-02
2.068845425770238222e-03 9.113347365230249864e+01 -1.186591787080110150e-02 -1.547184437853532657e-02
-6.664120466864797976e-02 -7.930436933167761993e+01 1.231875528429203503e-02 -5.748469198615269171e-03
-1.594016425996036546e-02 1.049276702852857568e+01 2.843313230881161502e-03 3.784430351288503580e-04
7.510119472733722823e-03 1.859929385059434281e+00 -6.516359035365626440e-04 -2.650211165351126774e-02
-1.272013695449902837e-02 7.701760501233749778e+00 -1.713433045405182709e-02 -2.117753736396360553e-02
1.854904249097133473e-02 -2.057627614569813090e+01 -4.322207014746132225e-02 -7.903838970133275632e-03
-5.060887463813612541e-03 6.317707743339234128e+00 -8.952237290514308832e-03 -9.195553155473823459e-04
-3.359907875256196164e-02 4.814602707642556823e-01 -6.188944957800368574e-03 -4.071523892176853732e-03
-4.258295744528212134e-03 -2.331391326468918557e+00 -8.304788284877948068e-04 -9.500828528353037761e-04
5.826586786716436706e-03 -2.035122124671873678e+01 4.416365731730362287e-03 4.033253289050282506e-03
3.829547447158382356e-03 1.045564086167824769e+01 2.596700806100995379e-03 1.265463423659712872e-03
2.203978626552643982e-02 -2.129502653933685608e+01 1.448536555197334208e-02 1.598164943686493367e-02
-9.759055493109070056e-03 8.139912790110670926e+00 -5.041098884849257167e-03 -3.222315530069401468e-03
-6.391367447965812243e-03 3.875365540912390827e+00 -4.659347364255855828e-03 -9.905402997742590587e-04
2.009512861979911857e-02 2.199571159827947398e+01 1.009086051037365317e-02 6.300308777614102573e-03
3.449083021473953181e-04 -4.757045071904899558e+00 5.284639229579557451e-03 6.635813535552037568e-03
1.829693200612558801e-02 2.684305975124416932e+00 -4.974458492286434885e-03 3.376006965908638635e-03
4.247870785776264313e-03 -1.103373878570221844e-01 -1.125869127111038537e-03 1.355692927131474379e-04
-3.032092604586367202e-03 -1.166646597087018122e+00 -1.407705483937481128e-02 6.441738341168512516e-03
3.849722938696398256e-03 -2.769529666721641803e+01 -3.427728170890480264e-03 8.960376959839949640e-03
-9.497629887951886118e-03 4.852392635601847815e+01 2.296609511124683700e-02 4.278867094282240435e-03
2.093132609388481669e-03 -1.460863371128870369e+01 7.144590100195413740e-04 8.389683989778462525e-04
1.498137721822773161e-02 -2.686921275635653084e-01 3.082346804137769958e-03 2.195675878399500069e-03
5.103453125904267029e-03 -3.620436794095155397e-01 2.862791780093904004e-02 -1.053002865720348291e-02
-2.312183709308968105e-03 2.851928441902780165e+00 1.506881383722823153e-02 -5.197685141357114014e-03
4.514251010397374309e-04 -1.454111838849586391e+00 9.902588098519293780e-04 2.003327332448789910e-03
5.437980641044004582e-03 8.608577073515917277e-01 1.449977611978878200e-02 2.147252131342550219e-03
3.545370008032455722e-03 1.265916553830819247e-01 3.351132592660288623e-03 -7.519228285210732832e-04
-1.124898572374766204e-02 5.609895361213629306e-01 5.574085364266762044e-03 4.301483847483078549e-04
6.204820663429885808e-02 -1.582273506191740786e+00 7.214661031451939655e-02 7.414223517948193010e-02
4.170887391064710963e-04 1.031534247979364743e-02 5.176245637346792204e-04 4.937998438833602786e-04
