2.485984507307748004e-04 3.852432897357704888e-03 2.472282433019667991e-03 5.182415919147054240e-02
4.705663803832171865e-02 4.336550722907350774e-02 4.705209764797635419e-02 2.207513379177616919e-02
4.809701242895036977e-02 5.526846421559028499e-02 4.754637643168274641e-02 6.455322414587727486e-02
3.099491417165172180e-01 3.097431967255226404e-01 2.860883737867911947e-01 6.986750601496893864e-02
-1.955080230375494388e-03 2.195006005225375034e-03 -1.403567423332918729e-03 -2.892459709636163723e-02
-2.102411596457409715e-03 -1.202062728127506475e-03 -6.879637014895467750e-04 -2.455699711974201893e-02
3.012207382916765042e-02 3.492395256878633170e-02 4.008893321725626180e-02 2.044540842755893095e-01
-3.179229884865675260e-02 -4.637129456513022774e-02 -3.235207224827862937e-02 -1.948257231104517651e-01
-1.320670233905474333e-03 6.104726599421628208e-03 -2.902012282401278398e-03 4.790005848132583566e-02
1.703437501826554623e-04 -1.735740626338522219e-03 9.174874673767519084e-02 3.503392515685437303e-01
1.305329245778841241e-02 1.211650167714894977e-02 -5.070340482879487354e-02 -2.862431457075729213e-01
1.430981070361303509e-02 2.487455676998884258e-02 2.489450939810211594e-02 3.695886701685857645e-01
2.929777127973043349e-03 -2.489170099901905076e-03 6.618130497312080252e-03 2.525668330724784028e-02
-4.589828714645971530e-03 -1.541312536690209178e-02 7.257199881831155608e-03 -1.969402500426262748e-01
2.130778345121653317e-03 7.988372725060699509e-04 -5.221636330494661138e-03 1.252272931301163794e-01
-1.230157960278588369e-03 3.209078672994802872e-03 1.062880447960434793e-03 4.967621177016390277e-02
3.414654392148164241e-04 1.267682917224677297e-03 -3.481915090096432408e-03 1.945013790315108793e-02
-1.178867353054557920e-03 -5.540725387798595136e-03 -6.706273035206322675e-04 -3.016317275667912412e-02
1.937953855217222632e-04 -3.886830189410828140e-03 7.418283887015153510e-04 7.972403368965430559e-03
9.344303473574483432e-04 1.973775540995204025e-03 -1.490540700156657294e-01 -2.111603451042878277e-01
1.743419267296264508e-03 9.235592549670101903e-04 1.482778781608438123e-01 1.558849062756735293e-01
-4.036975295633182803e-03 -7.262814073986767482e-03 -3.094653268016145375e-02 -2.876186890829899312e-01
-4.445553993529860470e-03 -1.937899758081229606e-03 -3.255119009279283659e-02 1.785697549769054149e-01
-9.063659666028733852e-04 -2.555721001137323256e-04 1.495276155021496578e-02 -7.516432161583175287e-02
3.490509781315154214e-03 8.441910733862689753e-03 -1.925888516966267616e-02 1.055959026245147925e-01
2.140788193154219421e-03 -2.442145922257665802e-03 -4.927080075755263522e-03 -1.876744513604258202e-01
-1.675148305156692885e-03 -2.267211684313874542e-03 1.605513626343579858e-02 1.903184875930357123e-01
1.097797461087679505e-03 5.093763790930294633e-03 -6.424669546861494496e-03 -1.226373606164443686e-01
-3.227350010925333912e-04 3.587391493247826801e-03 -7.812577772443596302e-04 3.535452710467446025e-02
-9.178979019720534538e-04 -2.872596352681111576e-03 4.232223333258122722e-04 3.492126141755225177e-02
-7.335760413477304676e-04 -7.072789622244446406e-04 -3.652229887812996623e-03 -2.964156841960763344e-02
-8.015361552197730610e-04 -5.640601526357702511e-04 -3.663394461629998489e-03 4.377900508805954161e-02
5.897733955806394590e-05 3.590778322937193678e-04 7.892088717167400347e-04 -3.227302592371561474e-02
-7.413407028145080346e-05 9.742101431130523181e-04 2.329841847372726704e-04 4.677351981186017582e-04
1.656730516545572296e-04 1.654348569996022533e-06 8.829024194829138139e-02 4.703861355639116226e-02
1.280791873888520449e-03 1.551259823931630533e-03 -1.134579149703567325e-01 -2.734033528896873122e-02
5.068894940516988079e-04 8.529879077436852697e-04 2.632715194131307612e-02 8.107484515890384102e-02
1.304495419240936371e-03 8.649880794865394407e-04 3.973215012585029626e-02 -1.187861036838171458e-01
-7.228739091271196848e-04 -1.422930643701858511e-03 -6.338971108434066082e-03 1.385607099241070728e-03
1.508026427612663145e-04 4.058314461738432577e-05 -2.554160286063478225e-03 6.188558056605675262e-03
-1.141941673149210468e-03 1.327850301502397912e-04 7.654518084553529889e-03 1.847635489305012868e-01
5.616756331515426748e-04 6.153702136524330513e-04 -6.166765943461882671e-03 -1.686384879405053994e-01
-2.922490032854496711e-04 -1.210110284774967848e-03 -1.067076502797448256e-02 1.436557333332793007e-01
1.043639777457139317e-04 -8.171547053587024934e-04 3.503157555408087376e-03 -4.874772659148263187e-02
-5.745744579979672473e-05 1.095787264647096748e-03 -3.130625207974357949e-03 -8.624326085638500672e-02
1.955935458462301768e-04 1.975479143296321460e-04 4.131668748748040798e-03 6.761753653524849028e-02
4.729500059438979109e-04 2.606661595702108869e-04 1.582119614625554505e-02 -1.244183079270015924e-01
-4.144153954033225062e-05 -1.715087656604108446e-04 -5.658847507719499959e-03 8.658655501476886229e-02
3.327140083020374561e-05 -4.111636632749826603e-04 -1.709555617132707539e-03 -3.558242013530366066e-02
4.589687294856842348e-04 -1.902322911306875142e-05 -2.082225249177227511e-03 -4.490241044919685010e-02
7.362501561956891205e-05 -1.964030433146968235e-04 3.351375394260447393e-03 -7.227169261065169437e-02
-4.045567105026570687e-05 1.039830619575798920e-04 -3.220025784806068714e-03 4.572739000798975439e-02
2.732245150471879214e-05 8.014353724222766928e-05 1.489620560741755639e-03 -4.857163729129077012e-02
-6.382858521697398757e-05 9.053753203369652169e-05 2.486979338739203627e-03 5.011173359746123879e-02
3.228148330408631139e-05 -1.046844524578149915e-04 -6.475833131592834135e-04 -3.646589026784052834e-03
-8.659862588803344252e-01 -8.684973079673776741e-01 -8.659667613437499467e-01 -8.678091884942905621e-01
1.956110811883348446e-05 1.443480385874848455e-05 6.440505542788372260e-05 1.914004556459942055e-04
