-1.931456511508799601e+00 1.956115599874196365e-01 1.679109348046631256e-02 3.785066283754208172e-01
8.161187052171561263e-01 3.657266166085486603e-01 1.395368637284466473e-01 -5.173262985051957363e-01
-5.928841892211619280e-01 1.107624144123594279e-01 1.818401024987630621e-01 8.267862365691671656e-01
3.142520071384171221e+00 -7.276596952356202408e-01 -1.326291673696651796e-01 1.136626956479883876e+00
-3.004621633536799230e-01 3.611785835020339674e-01 3.703461808503438757e-01 1.185968607439946254e+00
1.271877116595113710e-01 1.907534762279205209e-01 1.954261974776344835e-01 2.552960548298295773e+00
-2.591984735758186442e+00 -2.786478875828647395e-01 2.269806084352912479e-01 1.277299177736746505e-01
2.157311586698115846e+00 -2.080966086971427487e-01 -2.557505561957599260e-01 1.151744601310106031e+00
-7.874760526305113473e-01 -1.442397804403593442e-01 4.137411501670982261e-01 1.518834421850342453e-01
-2.732524264087178523e+00 5.302857074729212528e-01 -1.081523981452448546e-01 -2.181985474945664194e+00
3.698554759332233211e+00 4.700849524637870092e-01 1.424337140344087982e-01 1.867508980031158616e+00
-2.738965822087103597e+00 1.732200627194336595e-01 1.084465492364108247e-01 -5.924695619226129750e+00
2.609925664334529216e-01 -1.790511344420092910e-01 -1.554046501009595793e-01 -3.236070797184345871e+00
2.917932676038817785e+00 6.060700758158747981e-01 -3.266314688831282176e-01 4.082892174230500437e+00
4.010440673046926641e-01 -1.681906064534340883e-01 -3.088455311917801538e-01 -6.752544272752343701e+00
4.460193588325578329e-01 3.367117550433598727e-02 1.189517865124001955e-01 1.343503493551625461e+00
3.160142970390957817e-01 7.578759645407112666e-02 4.595852981457460018e-02 -1.860193159225276727e+00
5.698872495979192543e-01 1.807143576915601624e-01 5.335636422307170335e-02 3.930891981489758713e+00
4.932888042763494130e-01 5.207653380222693196e-03 -2.093716975339199315e-02 -1.793173987217038245e+00
1.117052817955888067e+00 -1.795113212547596038e-01 1.002820311639351092e-01 1.125316186702985721e+00
-1.928116231521213031e+00 -2.577038583714618136e-01 -1.931716008525191375e-01 -1.546228795102773113e+00
1.467091153454884278e+00 -9.535641201663358490e-02 -3.231978981350004665e-02 4.654728096335389864e+00
1.095469891804889961e-01 4.300338300434441430e-01 4.604464499127855492e-01 3.473695054270137028e+00
-4.128693027762985190e-01 4.480874955870056686e-02 1.865628809933531640e-01 5.433294780260001566e+00
-2.142672041100025737e+00 -3.821697969516433258e-01 1.948022837717767186e-01 -5.104036992860688571e+00
-8.710757862853855116e-01 -5.817781147554662580e-02 -2.532182937580088611e-01 -1.648935939878381607e+00
-2.861339490344727565e-01 -7.408389553729299859e-02 -6.585802115670161272e-02 6.313157009674700504e+00
-5.439756028764481943e-01 -2.811763447445044806e-01 -1.027031938427975799e-01 -3.712238408066372841e+00
-1.001235695917533253e+00 -1.177980919123462755e-02 2.340579418992330685e-02 3.443111273682156970e+00
1.551009324292475178e+00 -1.252989779173757090e-01 -2.954083123604608341e-01 -5.310501235039184476e-01
-6.683871261888439941e-01 6.962810599603863615e-02 -3.224943632770477242e-01 -1.219349863036113701e+00
-1.242444373871911534e+00 -2.000455070201193897e-01 -1.613213797451110987e-01 -1.574057617852723689e+00
-1.854171948205755038e-01 1.183459051007394180e-01 -3.856914523682238027e-02 -8.530580590943113162e-01
1.595486394612376513e-01 -9.144250305747714247e-02 -4.314609413217670997e-02 -3.203942616124450193e+00
-1.689487062782808469e-01 2.673221915065005644e-02 -1.662445270116341689e-02 -1.732572673202582847e-01
2.966670966794099917e-01 8.692035199802553708e-03 9.612328853978120702e-03 3.162572940144171563e-01
-2.766872378496106899e-01 1.899850057002589257e-02 5.295286262608468568e-03 -1.059249134112724144e+00
3.669684475754764197e-02 -7.182875396035520721e-02 -8.771454860308838808e-02 -1.009845648394489315e+00
4.527971512710838309e-01 7.617199793314070877e-02 -4.740128026030626662e-02 1.502367043558294313e+00
8.580576964274445884e-02 -2.567015609198849968e-03 -3.993615641269984695e-02 -1.682140607356400919e+00
4.318611083211403301e-01 1.233756738658138841e-01 1.924178171910377877e-01 7.639414300733754493e-01
6.929747949791842387e-02 2.872043957579097084e-02 3.270409326714494164e-02 -2.361913395513314917e+00
1.432135787011767913e-01 1.038505252596641504e-01 3.384572050558986439e-02 1.444155056043640584e-01
2.950188380611619143e-01 -2.413325698931247099e-03 -1.253871558307972922e-02 -7.242814075970878118e-01
-6.375548738766725343e-01 9.138699756653531625e-02 1.265191955334463159e-01 2.503837147084264636e-01
3.479183826536512703e-01 -4.817548345594638293e-02 1.451568214092844589e-01 1.462393368636352387e+00
6.316588291815238287e-01 9.958028208244951163e-02 8.480735546379815359e-02 3.860096866340308353e+00
7.578405991890591054e-02 -6.436597519800395240e-02 2.008870774369737877e-02 -1.880626167584089181e+00
-7.865622916409276133e-02 3.767512352854521934e-02 2.238656708244693427e-02 4.058484679150412333e+00
-4.207955855220701924e-02 -5.722511141321337536e-02 -3.952414935310926553e-02 -5.709879237443196143e-01
-4.515206624592655871e-01 -2.065487696763873560e-02 -5.531259817290569425e-02 -2.861840030380391031e+00
-1.952474920723579199e-01 3.926856642356008065e-03 1.889907602514954987e-02 -1.911272558799167465e+00
7.419538377438039678e-01 -1.327613384322912093e-04 4.650974558427292682e-02 1.738801392267624646e+00
4.209237818228817041e-02 -6.076030522217151786e-02 1.191167071843604597e-02 -2.082325698011163517e+00
-1.291567575530692125e-01 3.484571049511014929e-02 2.036301843799426248e-02 -6.933157961501584809e-01
4.712016227610249519e-01 3.606553554828912517e-02 2.919948111632348839e-02 -3.520080578331392096e-01
3.183740376107745823e-02 9.456713600107566342e-03 1.073208748732101293e-02 6.025280353736919142e-02
