-3.605110208681943651e-01 -5.747765076989128641e-01 2.115046502309777310e+00 0.000000000000000000e+00
-6.038808357501178614e-01 -1.146489223933089940e+00 1.517711211566542984e+00 0.000000000000000000e+00
7.029549693997466653e-01 1.288037133029907411e+00 -1.117142378006512171e+00 0.000000000000000000e+00
-1.386906287716400232e+00 -1.315348690550734778e+00 1.074151562430759599e+00 0.000000000000000000e+00
-5.723631804471872586e-01 -8.212348118890472337e-01 5.824782835196333775e-01 0.000000000000000000e+00
5.992777892098086756e-01 1.090846102221476599e+00 4.035878226852537276e-01 0.000000000000000000e+00
-6.959318706315299752e-02 -4.185437932664158311e-01 6.973039435111134665e-01 0.000000000000000000e+00
2.847536397060126401e-01 1.884668298174885584e-02 2.160963430463356261e-01 0.000000000000000000e+00
-1.377359938262761319e-01 -1.139866086203989159e-01 -6.001190757159402533e-01 0.000000000000000000e+00
-1.463953523468154161e-01 -4.739292960563664669e-01 1.323940775137893711e-01 0.000000000000000000e+00
-3.704707635142723277e-01 -5.381787250308677217e-01 1.128100397403416222e-01 0.000000000000000000e+00
-1.403027672936094650e-01 -8.904799768803560722e-01 2.975492159556554772e-01 0.000000000000000000e+00
3.582009185760640091e-01 5.076137989909654813e-01 -4.232278342787250680e-01 0.000000000000000000e+00
-3.152047676696569933e-01 -5.756365212477331239e-01 1.511768327943799062e-01 0.000000000000000000e+00
-4.600114827808554629e-01 -3.636142175059519643e-01 9.523949583963388366e-02 0.000000000000000000e+00
-1.027901558376207447e+00 -4.582355653297305875e-01 -6.675161077068070270e-02 0.000000000000000000e+00
8.806763909714120375e-01 1.362621089214318681e+00 -1.266774029080101727e+00 0.000000000000000000e+00
-1.408423770817407217e+00 -8.849124296323310768e-01 8.850076147167377227e-01 0.000000000000000000e+00
1.208903631562650016e+00 7.448615350522744816e-01 -1.532527359649796250e-01 0.000000000000000000e+00
-1.569015552843444183e+00 -8.220267105688036091e-01 6.139405557081075715e-01 0.000000000000000000e+00
-1.515977062074969073e-01 -3.470990262593312559e-01 -6.636442432450818940e-02 0.000000000000000000e+00
-8.080904489201036489e-02 -3.842721320773074267e-01 7.026415925844611832e-02 0.000000000000000000e+00
2.220108648783139793e-01 4.499211156369687936e-01 -8.379487139480357172e-02 0.000000000000000000e+00
-3.727800894119612241e-01 -5.631647371684594949e-01 -1.374770039959057333e-01 0.000000000000000000e+00
-6.452654335602764357e-01 -3.739654739518872839e-01 -2.799764531598444295e-01 0.000000000000000000e+00
2.543645539334867811e-01 3.283584046075676555e-01 -1.602208634407973342e-01 0.000000000000000000e+00
4.161164068542126948e-01 -2.397123082603412336e-01 9.993769581370566535e-02 0.000000000000000000e+00
-2.209381045171903424e-01 -1.840321568407669584e-01 -5.173915879607646762e-01 0.000000000000000000e+00
3.777690076405350039e-01 2.081219531839910430e-02 -8.276126289587432128e-02 0.000000000000000000e+00
2.329565387399049059e-01 3.086006769307121367e-01 -6.851374619265754307e-01 0.000000000000000000e+00
1.073106321906553751e+00 1.457024864527064478e+00 -9.721842375856236673e-01 0.000000000000000000e+00
6.150656061518083861e-01 -3.458706168728109542e-01 -7.841781851160187777e-01 0.000000000000000000e+00
6.776076672071649210e-01 8.235708816671686305e-01 -1.741880784970498031e+00 0.000000000000000000e+00
-5.330281084497899835e-01 -2.973596140111722241e-01 -4.102489198441350848e-01 0.000000000000000000e+00
2.924848358760228084e-01 -4.753764545148262965e-01 -2.321791807155093590e-01 0.000000000000000000e+00
4.194702286718848816e-02 -2.412305876088027268e-01 -6.506974851776689550e-02 0.000000000000000000e+00
9.750997567995953186e-02 1.402702873894113578e-01 -1.032369269184317678e-01 0.000000000000000000e+00
1.016337564170148450e-01 3.462330436527830679e-01 1.657911032479146007e-01 0.000000000000000000e+00
-8.459401978515053433e-02 -4.205427535904094904e-01 -7.132555092644142503e-02 0.000000000000000000e+00
3.923552662955981374e-01 4.378222977607760802e-01 3.025793307860250372e-02 0.000000000000000000e+00
-4.520803880333414126e-02 -2.827659621063484674e-01 -8.851074726598648357e-02 0.000000000000000000e+00
-1.659145411746427434e-01 -4.806348234916633100e-01 3.537417441781466332e-01 0.000000000000000000e+00
5.599752718702799559e-01 3.227304226524480013e-01 -4.439708401883654676e-01 0.000000000000000000e+00
5.707443181893284700e-03 -1.692548857130796169e-02 -2.631657865269573238e-01 0.000000000000000000e+00
6.510267316413894667e-01 4.101930210394281184e-01 -3.550003765749689677e-01 0.000000000000000000e+00
1.373467615778521389e-01 -4.020413626094128112e-01 -6.977642462394034739e-01 0.000000000000000000e+00
-1.066980137006408702e+00 -6.019640772645967752e-01 -4.040456331258885508e-02 0.000000000000000000e+00
9.242955535127592159e-02 -6.862004437104820553e-01 -5.414479229070513489e-01 0.000000000000000000e+00
-4.008730466129426517e-01 -3.566173051728422361e-01 -7.582485449989750936e-01 0.000000000000000000e+00
-2.511083718397366660e-01 -6.189047477581167689e-01 -5.440003834938293981e-01 0.000000000000000000e+00
1.178305719715041944e+00 1.456199671840205490e+00 -1.369479558471663472e+00 0.000000000000000000e+00
-5.446937042833517317e-01 -3.453966309041925364e-01 7.657170868608841330e-01 0.000000000000000000e+00
-1.199218168357014253e-01 8.452397781879888994e-01 4.869590028970789408e-01 0.000000000000000000e+00
-7.237630377302779472e-01 -6.647968270275418368e-01 7.287980315943336507e-01 0.000000000000000000e+00
8.580387705867470460e-01 5.394222966599359487e-02 4.307453750935900418e-05 0.000000000000000000e+00
-1.028411724835143426e+00 -5.725381513347064244e-01 2.641566586306419162e-01 0.000000000000000000e+00
