4.118672746575073318e-01 -5.566221804504185577e+00 1.438582788256436817e+00 1.186205851617807422e-02
-3.954792064053376244e-01 -1.151542791645013830e+00 -9.101168938365699068e-01 1.368915485808935850e-01
-3.714425782975093737e-01 -4.665157202560517025e-01 -1.939841527771531127e-02 -4.065824781738607285e-01
-9.876204248193924951e-01 7.342668203930371895e+00 -3.791983429833558183e+00 5.292648474266592462e-02
-2.797970739721401534e-01 -5.671012189521864144e+00 -8.745769937281098194e-01 -8.690686848916980844e-01
-2.716719162400041965e-01 6.838830146380542319e-02 -4.066368798096139381e-01 -2.720889088778447040e-01
-6.165570575396146502e-01 1.452214637679190012e-01 9.949508606392961640e-01 -2.799244530466622027e+00
2.457224097306766608e-01 3.365864594237414353e-01 -2.862356508719418602e-01 -1.277015609938227936e-01
-7.330803716198333042e-01 -2.211300244331145581e+00 -7.286389916944338019e-01 -1.005300588432974651e+00
6.282845226735315203e-01 -4.961347747533205066e+00 3.651231269706334270e+00 -5.428103508167971825e-01
-5.502023948938158937e-03 4.239606084897656890e-01 -1.363740026817792828e+00 3.057354746151930591e+00
-2.348674542718137970e-01 2.170739444686456965e-01 7.451020075829370426e-02 7.353695471159580332e-01
-1.634984518877529602e+00 7.635996516061140049e+00 -6.951383197163680805e-01 -6.512155448835557081e-01
3.149190488379402519e-02 3.464329092798390963e+00 6.523076515217898219e-01 1.702116365728822522e+00
4.243920529672852715e-01 7.497845694853382259e-01 1.096748006436697009e+00 4.771355576035065660e-01
1.696287167714976563e-01 1.469275439667263150e+00 -2.909164697984156778e-02 -9.667074211060930899e-01
1.573781692884693717e-01 9.211309938599654412e-01 1.664391399929615156e+00 2.194806822945349900e-02
3.442518435146397771e-01 1.316557349979019520e-01 6.047848198751081261e-01 5.798745960850660852e-01
2.644658786098080805e-02 -6.690930363249381063e-01 -1.731341311065245803e+00 3.623715099915529869e-01
-1.447909332931598958e-01 1.682866625549157114e+00 -1.534383095994434676e+00 4.008549003806491928e-01
2.170876714090381188e-01 -1.682361236442651564e-01 6.958453840808335178e-01 -1.686715505566946938e+00
2.256024143635697865e-01 -2.228503471401599989e-01 9.524324296051064898e-02 -4.746308946248853911e-01
2.535386143336005205e+00 -3.759970549455150302e+00 1.892043810622846323e+00 1.980599545277775819e+00
-2.376856698658945666e-01 -6.776263021779409534e-01 -8.331081349206094222e-01 -3.243165271899067781e-01
7.223288436389435629e-01 -2.004822088462520746e+00 -2.240004233403299905e-01 -1.192809663911631013e+00
1.051411525584198037e+00 -1.502793302221680172e+00 -1.399935220929807711e-01 3.419283428352601018e+00
7.876985289558133818e-01 -9.713894641427525123e-01 -1.556749554801832414e+00 1.201173107716154265e+00
-3.102666088174378389e-01 -3.801565169565726543e-01 -6.847464721361734563e-01 -7.116920154859307512e-01
-5.393692281308613834e-02 6.364442508365968365e-01 2.284054572539107486e+00 -6.170913725216577994e-01
2.599945046520067971e-01 5.088521084157244800e+00 1.795548346747836366e+00 1.261318994680299621e+00
7.183223653879775572e-01 1.969759101036726134e+00 1.583792323186911322e+00 8.199017910460608682e-01
5.655929699202554284e-01 1.940766241014717508e-01 1.273592597283465633e+00 7.267973896461827898e-01
2.181422491013184639e-01 -9.809936427579291074e-02 -2.205108556954660237e-01 -1.321854723584288127e-01
1.496015661912272754e-02 -9.264672224423271540e-01 -4.766523984890332355e-01 -1.787941850224025742e-01
6.981130532480575579e-03 -2.280379022596130956e-01 2.357393858896944527e-01 -8.143669082130933212e-02
-4.786336370695643688e-02 9.178027502005789429e-03 -9.734207219698556846e-02 3.677005218626094862e-01
-6.121163927748810019e-02 4.443273819239382250e-02 -2.763621140774508156e-02 9.445517706143524705e-02
-8.250199651240277543e-01 6.846137170145660811e-01 -6.106297106515082840e-01 -6.477663596827413217e-01
-2.783818033750173337e-01 3.981760913734408991e-01 3.425788215471461950e-02 2.800170263804636628e-01
5.118458348350642118e-02 1.435010367663021869e-01 1.943963738734270641e-01 6.788586035415702935e-02
4.339757454015300692e-02 7.461689497997563425e-01 2.236492049044247754e-01 -8.597857860968526333e-01
-3.460365076021479913e-01 1.876340045196666639e-01 3.508941073687392165e-01 -5.391187814267828227e-01
6.151940141684925090e-02 8.452541588691295238e-02 1.809709946386409418e-01 2.152160674250182537e-01
-1.617143502126265620e-03 -1.409723838126398232e-01 -7.410993579469995485e-01 1.834586632837105213e-01
3.946829627322577805e-01 -2.429893024447322691e+00 -9.164034670763159252e-01 -7.154184181559034572e-01
2.442821473699038903e-02 -8.038800715138731956e-01 -7.231346042529891438e-01 -5.186874054176886517e-01
-2.453329261655799731e-01 -3.787989315119189015e-02 -6.355111405052862317e-01 -4.405943625971249222e-01
-2.270453725433642100e-01 -1.493118205057814007e-02 9.956370999296293434e-02 2.509430889074851234e-01
-6.202470180244647191e-02 4.115869595314539664e-01 2.299071871081518337e-01 1.850016083533907729e-01
-2.285125877154988161e-01 5.099534302622161785e-01 1.734445111621001123e+00 -7.829053181402897965e-02
2.615195300903053188e-01 7.721094038566969076e-01 2.557985971449944773e-01 6.174877432139969091e-01
1.992021473346233251e-01 5.521485514423396523e-01 1.624488480887668063e-01 1.814217819608966720e-01
-1.812218587674759018e-02 1.747200144967523683e-01 4.195286493088704050e-01 -3.277567162043825144e-01
-5.747139260091682633e-02 -8.227959721327143816e-03 -1.229705054336604625e-01 -5.004937786748117623e-02
7.014308473450484027e-02 -5.582451545982972108e-02 1.410544036180319538e-01 9.116047729502108066e-02
1.084419784467551134e-01 1.780693437186243955e+00 1.039794984346295581e-02 1.848118752657990915e-01
2.413757870100803268e-02 5.050809165838891779e-02 6.652389123547514105e-02 4.110346351822683625e-02
