2.116424768177094240e-01 1.744744884752939540e-01 4.528341986295747468e-01 1.678623270135964352e-01
-1.798671968369239815e-01 -2.465293466797915944e-01 -2.608344146453548396e-01 -2.087618186640811668e-01
-2.898194575485629754e-01 -2.487077554907085042e-01 -2.669476642705457814e-01 -2.011056354172461869e-01
-1.889319300916993960e+00 -1.662092151390984540e+00 -2.492454533726979005e+00 -1.719660260798220763e+00
-1.530141103243409795e-01 -2.072647097065888344e-02 -2.353548121065521248e-01 1.436246814214880985e-02
-2.401015992820237366e-01 -1.629195343227729520e-02 -2.028678138399189756e-02 -5.920119912558552411e-02
2.027189448332467059e-02 -1.013937969156369912e-02 7.601468910839923043e-02 -1.724232979883941475e-01
-3.345459836041926316e-01 4.014960592742944367e-02 2.176550773268039196e-02 -1.388085528779282041e-01
-5.082110802451365039e-01 -7.406566202585102010e-02 -8.135615686247349432e-02 -6.639842534402168317e-02
1.274706115335701551e+00 9.194812026466633315e-01 1.806516159956544909e+00 1.032804682320329182e+00
-3.402511380873658453e-01 -3.147783877340903924e-01 -4.574566690431909888e-01 -5.530617108347515853e-02
5.605597021129598012e-01 -9.180847268493341762e-02 -6.519189346769108107e-03 1.633279705447461261e-01
-3.192328728864578524e-01 -8.067227363619206004e-02 3.261326444565285643e-01 -1.941460923840498953e-01
4.183564568725826049e-01 2.193119351101235903e-02 2.007669539781598012e-03 4.211137984552476565e-02
4.502349045703770702e-01 -2.796348497428585711e-02 1.956152658758750218e-02 8.472659107677904533e-02
-5.679251147688835211e-01 -4.849141296231923581e-02 -1.104443476190309914e-01 -2.456838223000650245e-01
1.158984599014800665e-02 -1.139608105405764960e-02 6.432885154580203491e-02 -1.555132064282316318e-01
-1.775372343474806991e-02 1.131818826569752634e-02 1.569268478659613386e-02 -1.535203612322089128e-02
1.080327504455254051e-01 1.937180976187252712e-03 -6.778705182104882709e-03 -2.941712898993886771e-02
-2.633762541340802787e-01 -6.011523699126436471e-02 -4.615131019254599676e-01 -1.282987799738238011e-01
1.266541377902481447e-01 1.119636948390551057e-01 2.037465544481241175e-01 -3.691619002067340893e-02
-2.755431063551625481e-01 1.059145787874017364e-01 4.258826761238052039e-02 -4.603019174739014785e-02
3.011513179285601471e-01 7.058881282195933471e-02 -1.797067044902140864e-01 1.686430397518141056e-01
-2.949343809657580806e-01 4.104300739014532518e-02 -6.464591308242680079e-03 -5.675091476814947411e-02
-1.682322152067472487e-01 -1.646214201002904609e-02 1.385291620042983229e-02 -5.372887930049946581e-02
1.628764119405559097e-01 8.869178147606995855e-02 1.599422707787380160e-01 1.924623078736273918e-01
1.120576560561873380e-01 4.532718568966370709e-02 -4.649960604902442229e-02 2.322327829370631203e-01
1.613114658663328260e-02 -1.389222975257076165e-02 -9.137582299115709628e-03 -3.557022173769519569e-03
1.445433406754847994e-03 -6.306983698674328842e-03 -1.100779891148775946e-03 2.474192141520958899e-02
2.578930106782553189e-01 -2.410361139446759449e-02 1.099808327671258912e-01 -7.303064254976071590e-02
7.017895064210983858e-01 5.325114495457616837e-02 1.188739530734383987e-01 5.123506186330162304e-02
2.584205281347572436e-01 3.563403253806685100e-02 3.004148772422554625e-02 8.977883105911715900e-02
-5.053549734579654285e-02 1.851605165513192652e-02 7.557498622338010286e-03 -2.858163520478296249e-04
-5.518953060408593458e-02 -7.542687958640714729e-04 -1.828331022069185074e-02 1.456843121233342142e-03
1.430970611611387389e-02 -2.471672270939846705e-02 4.060132354865381848e-02 -1.150341886156699620e-02
-6.935032986942424316e-03 -4.182009973850223106e-03 -2.360956704643246348e-02 2.530715213648177669e-02
4.965486531826318606e-02 -2.628956128720757318e-02 -1.223345913738735011e-02 5.634220099268977267e-03
-8.935372556626103302e-02 -3.012584376396187924e-02 2.421942937806866036e-02 -5.426481577980993287e-02
3.156412556582338658e-02 5.943683446543140958e-03 -2.591134821838841917e-03 1.817556322809098235e-02
6.415337270277055026e-02 -1.226626284193935157e-02 9.622562586179689292e-04 1.381905433813268580e-02
-3.158935574684784697e-02 4.471336227460709356e-03 -3.020912790052890373e-02 -5.290047206504799870e-02
-7.051462263506619310e-02 -1.681122809523172279e-02 6.385676565311901309e-03 -9.349729756594116203e-02
-9.946192342506043893e-03 5.668492181487017056e-04 1.467866730024310062e-03 -1.741128898530647229e-03
-1.216170690651452446e-02 2.995153071049028171e-03 -5.900856569912016347e-04 -6.930579414922283243e-03
5.917058859668372639e-02 1.023215070287995521e-01 -7.521103263060768818e-03 1.169520663415900830e-01
-2.797816221982304397e-01 8.362085769897942278e-03 -3.957540694804445591e-02 -2.524989628665263997e-04
-1.222988228153890078e-01 -8.368506329315850145e-03 -1.178046147469616334e-02 -4.094207885166728511e-02
2.561529588182542838e-02 -1.626527592217064111e-02 -4.438324390779846418e-03 1.548966768088466672e-04
2.528585145194765793e-02 1.289842254686618395e-03 5.940421312235780182e-03 -1.356815518137821641e-03
6.467897617964257773e-01 3.542382351769735038e-02 9.266978606196862867e-02 3.230173826776052692e-01
1.888680651268851429e-01 4.565499060374633711e-02 5.000296403258169819e-02 1.633212424215660374e-01
6.328918390906945746e-02 3.130973513785850759e-02 7.091027538281516329e-03 5.213514642137326294e-02
-5.726388133040938300e-02 5.340241897436981411e-03 -1.065897629321840845e-03 2.154478007054921873e-02
-2.982012397782674018e-03 3.234442462718978284e-03 -5.637524328685805663e-03 2.194368076887548424e-02
-3.883317687270870788e-02 1.241805386869077044e-03 1.387491091892023576e-02 6.478631733411122084e-03
6.909570919511659470e-01 6.646890895207662187e-01 6.621164691500274202e-01 6.718202004299054231e-01
3.256616806369928233e-03 1.568667539943614277e-03 2.265070575437437821e-03 2.532475267146674317e-03
