-2.286050371881356291e+00 -1.710428122992896094e-01 -1.664751403805127955e-02 1.373911765536289520e-01
1.541328109984734518e-01 -2.190412291184292148e-01 2.121729503385255677e-01 -2.348921428680634249e-01
-5.015688894341322479e-01 -2.489778375277073019e-01 -1.716048489714576686e-01 -2.725619406339127027e-01
2.584013804564070149e+00 -6.966209727368705140e-01 -1.802970435768946889e+00 -1.511050969239255526e+00
-1.474686645376640737e+00 -9.787982860329275114e-02 -3.206964367448755793e-02 1.048506810553520296e-01
-9.181161667533825899e-01 2.280106477715341806e-01 -5.560272323760068192e-02 7.440323618548433382e-02
-8.659279368774075447e-01 -3.592285126622618563e-02 -1.218636080529987620e+00 -1.083827728385344802e-02
2.511530556071616127e-01 -4.965216372022063784e-01 -4.636520763911318177e-01 -3.144360658236819428e-01
-9.884185571716672669e-01 1.262685233182510025e-01 -1.412453553165909925e-02 2.189340452224985967e-01
-1.641559663937473212e+00 7.767883714142054252e-01 2.323445465449325287e+00 1.625066118865415410e+00
1.270238025617503430e+00 2.421558373544347997e-01 1.652546952403300518e+00 3.128325787478969944e-01
-6.836821477850907325e-02 6.765797091708548594e-01 4.882776055742313881e-01 3.884343262604786351e-01
3.070597565956265651e+00 9.099246353438695811e-01 4.756921661831728931e-01 3.079306910758067839e-01
1.302469547003061168e+00 5.765742662105199923e-02 3.907845996407488531e-02 -1.280521745810156986e-01
9.267890501115361168e-01 -6.011810282530549721e-01 1.369723564041525066e-02 -2.184888493384270214e-01
-2.003857764510779571e+00 -4.222647631764169240e-01 -9.152802187490253205e-01 -1.277750620943957638e-01
-8.004883820028223518e-01 1.784285088006875020e-01 -4.702707654053547293e-01 8.036563622707781906e-02
7.617837375338476491e-02 3.497312812450368291e-01 -1.702163181511593126e-01 6.926342962250800483e-02
2.889660937304501243e-01 -1.977086380049319914e-02 -1.011323220787222477e-01 3.465971085009134089e-02
6.786474289725296094e-01 -1.835145609249546617e-01 -9.875476709691292099e-01 -5.579820804330688500e-01
-7.109014370391990578e-01 -1.383082830141610930e-01 -8.249164698311268751e-01 -1.647726451657268998e-01
5.228646780817747253e-02 -2.865574996098091409e-01 -1.749278076269871196e-01 -1.140043367471161306e-01
-1.925914168534710313e+00 -6.201527317244521775e-01 -1.403507684415727930e-01 2.661384664848076564e-02
-3.900485819614176730e-01 4.572998537933194441e-01 -4.925195690444056362e-03 1.633148770691285057e-01
-6.551808272874439787e-01 -1.480698941841968042e-01 -5.410353694625813503e-02 3.400981904856950622e-03
2.087245107583350467e+00 9.406844167999099948e-01 1.030681799417923372e+00 2.833955565715607916e-01
6.925315993932135150e-01 1.566236045784453745e-01 7.373758755977596335e-01 8.100564899231452176e-02
-7.228871904327649478e-02 -3.447597642499622417e-01 2.775841331540634949e-01 -7.606802675426338478e-02
-3.905330881325737025e-01 5.897470056032139141e-03 1.540659487401077055e-01 -2.819542757188653326e-02
8.261869650636610718e-01 1.559931223954169610e-02 -1.020501617188154797e-01 -6.126177362079479605e-02
1.293723613704974795e+00 3.148900169016276562e-01 3.720876674098360648e-01 -2.723808932322191456e-02
5.925611522617373339e-01 9.964929532546906721e-03 2.762635303791923791e-01 -4.036945386418075432e-02
4.030106358082618523e-01 -9.590385245769564304e-02 4.993217364964291916e-02 -2.875769571793487800e-02
1.012299762501341904e+00 3.364310340216905559e-02 -4.094491062098137846e-03 -6.773689135881721946e-03
-1.136993583403988761e-01 6.526235690851450721e-03 1.480821516264458071e-01 6.555586844855421091e-02
1.403676359271998075e-01 2.205514714206559257e-02 1.389579024228287385e-01 2.051477611417878988e-02
-1.118819189818161947e-02 4.290493296386167776e-02 2.706007790343775699e-02 8.513136321806676066e-03
3.977620302174860178e-01 1.274036912250969544e-01 2.565492132095475997e-03 -3.636572695428759439e-02
1.238703676144665144e-01 3.472092142391053349e-02 1.370574691016817476e-02 2.231671213269773545e-03
8.251641295325146119e-02 -1.041948446276962370e-01 1.008346461802443750e-02 -3.748995020515619170e-02
-7.325324678029552228e-01 -3.232659206783442540e-01 -3.186723931043621283e-01 -9.870684318490441367e-02
-2.616552362623288941e-01 -9.269941640045531450e-02 -2.596897120343717447e-01 -5.049068071669013391e-02
2.004724172878541433e-02 1.037832723859980766e-01 -1.067178381095141848e-01 2.663926642902739172e-02
8.345369972963934124e-02 8.055261717030567925e-03 -6.002050829569971491e-02 1.107249888788983117e-02
1.480171542022012954e-02 4.074603057468358380e-01 3.840883437099854025e-01 1.281850651028711985e-01
-5.469291221238672396e-01 -4.798651880320109475e-03 -6.164956603491325571e-02 6.709397501317135304e-02
-2.500440527988945227e-01 3.129067156901754743e-03 -1.677253874611075446e-01 3.094324155871930326e-02
-2.130422526452200871e-01 4.377801887554388927e-02 -3.193092531032493131e-02 1.974488927976068842e-02
-5.575376523703003961e-01 -1.807555377467626179e-02 -1.381148136289855888e-02 1.485379564090377746e-02
1.541494395670111039e+00 3.739324040675640060e-01 5.355997610388409935e-01 1.577133616833334973e-01
9.518357990353654152e-01 4.803981076546973150e-02 2.620000447879687333e-01 4.610030413449586750e-02
6.594947216692864655e-02 -1.301671155153982795e-01 2.036478872582951349e-01 -1.477949398081074284e-02
4.218596168929070189e-02 4.564470718239194147e-02 -2.045100029509860917e-03 -6.233097626205752473e-02
-1.202859775191872371e-02 -3.098716083997340998e-02 -7.591834782627930600e-02 -1.277175269620955955e-02
1.173933253885582895e-01 -4.350148913786006100e-02 2.592530686376792737e-02 -2.067475733037066332e-02
2.904031463786099776e-01 -2.484047699149722344e-01 -1.835547177732566038e-01 -2.806469536810989873e-01
2.213413689265034817e-02 1.104591237822656960e-02 2.132087092211399151e-02 1.090155586086910718e-02
