-1.656249223916431701e+00 2.468271811338982769e+00 7.792261771418866889e-01 0.000000000000000000e+00
-1.938294374719423674e-01 7.035725285172125254e-01 3.844791113739052801e-01 0.000000000000000000e+00
1.037743774993786505e-01 4.916027656671012602e-01 5.322137278539902372e-01 0.000000000000000000e+00
-6.445856118718724936e-02 3.796841463655132448e-02 6.310918028579433070e-01 0.000000000000000000e+00
2.027122709773263032e-01 -4.882826156120945171e-01 8.630928679007685012e-02 0.000000000000000000e+00
5.124702825036276943e-01 1.492440084632243202e+00 3.007636629627892799e-01 0.000000000000000000e+00
-5.067125890566108737e-01 1.062965236724754847e+00 2.839771967865982738e-01 0.000000000000000000e+00
3.292363748195625273e-01 -2.351036310674839980e-01 2.360903721290766658e-02 0.000000000000000000e+00
3.383138686016719521e-01 5.150252895350686255e-02 -1.207508237593062500e-01 0.000000000000000000e+00
-4.399954661836472103e-01 -3.773870257640163373e-02 -7.739594344201723708e-02 0.000000000000000000e+00
2.238974091020048129e-01 -5.963515705376608578e-01 -3.421221312092267292e-02 0.000000000000000000e+00
3.195073825234338583e-01 -3.321968673835926089e-01 -1.593691967559321410e-01 0.000000000000000000e+00
2.709686222145745171e-01 7.390121628414314525e-02 -2.014847192666602005e-01 0.000000000000000000e+00
1.057738126329987427e+00 -5.090563925255757738e-01 -3.604114331114294800e-01 0.000000000000000000e+00
2.562088524424316338e-01 -6.096238506990507844e-01 -3.467238554583805810e-01 0.000000000000000000e+00
3.645097738184794323e-01 -5.911459035662752770e-02 -5.002466218848815593e-01 0.000000000000000000e+00
-3.158977140387193017e-01 4.866834042054778986e-01 8.078113761022698291e-01 0.000000000000000000e+00
1.595215238326679330e-01 -8.336639105420796669e-01 1.123177578046788749e+00 0.000000000000000000e+00
-3.502814914446592681e-02 1.741112496100951923e-01 3.711128933071805580e-01 0.000000000000000000e+00
2.666259417326800191e-02 -2.979010827987327859e-01 6.608432598428345406e-01 0.000000000000000000e+00
9.133382212175290837e-02 -2.646595093750268024e-01 -5.258899030720681766e-02 0.000000000000000000e+00
1.580474813104731924e-01 -2.053809574269320204e-01 -9.799249584360239518e-02 0.000000000000000000e+00
7.609069925154697545e-02 2.142385103641255076e-02 -8.321009205221606420e-02 0.000000000000000000e+00
4.822836826876676919e-01 -8.226175870892361575e-01 -2.054430767413738257e-01 0.000000000000000000e+00
2.549152319486789331e-01 -4.098626357281368593e-01 -3.337303572607303592e-01 0.000000000000000000e+00
1.267907045797464494e-01 -2.750385038108846825e-01 -2.706202237554164447e-01 0.000000000000000000e+00
-6.177637885317613931e-01 1.017732983663719892e+00 -1.310003246444980674e-01 0.000000000000000000e+00
-1.082022695488354114e-01 4.221051776490801211e-01 -3.574308514035663409e-01 0.000000000000000000e+00
-2.488458048580416762e-02 -5.753531167257412704e-02 4.900567581016147117e-02 0.000000000000000000e+00
7.878286818201640784e-02 -2.725037266116758783e-01 1.900368407630293188e-01 0.000000000000000000e+00
6.389836757630548147e-01 1.133560350266274996e+00 -5.264665443080807083e-01 0.000000000000000000e+00
5.306759322672192081e-01 -1.724405169707047492e+00 -9.395519307415009513e-02 0.000000000000000000e+00
-7.922493722840311114e-02 -1.549946692246048086e+00 -2.928420047965946682e-01 0.000000000000000000e+00
7.672821321625117319e-01 -1.225865017316954741e+00 -6.991804093751653459e-01 0.000000000000000000e+00
-4.801786216298926102e-01 8.484250658777271470e-01 -4.713748541912861356e-02 0.000000000000000000e+00
-8.935568471574295568e-02 2.189328677392559930e-01 -2.861522049008004276e-03 0.000000000000000000e+00
-3.190506633689978166e-02 1.260579077080941843e-02 9.131514656103925653e-02 0.000000000000000000e+00
-9.426026373429491345e-02 -6.330634517063941924e-02 9.068502818449786229e-02 0.000000000000000000e+00
-2.195554469937373854e-01 -2.267009633271704627e-01 1.724110140650636502e-01 0.000000000000000000e+00
-1.442897799815996973e-01 1.833441498061711139e-01 2.595704029184631167e-01 0.000000000000000000e+00
-7.002226892412931336e-02 -1.260586595687392120e-02 -5.415894127031097710e-02 0.000000000000000000e+00
-9.872122078908672771e-01 1.595804529958235962e+00 -4.237108962996677386e-01 0.000000000000000000e+00
-6.268763629186129283e-01 8.044492431675436261e-01 -4.190363011611553112e-01 0.000000000000000000e+00
-3.384085710113534096e-01 8.253243103762604449e-02 3.049969420037181855e-01 0.000000000000000000e+00
-9.546946012331469777e-02 -1.456449431588477568e-02 7.170783997686842881e-02 0.000000000000000000e+00
1.398738504000295868e-01 4.512030670532578454e-03 -1.119877728497746361e+00 0.000000000000000000e+00
-3.349037508882545672e-02 -7.998466819623373247e-01 1.875485044325976847e-01 0.000000000000000000e+00
-2.255775882922647080e-01 -1.866165640599350084e+00 4.117769295324989476e-01 0.000000000000000000e+00
1.062567788932213819e+00 -4.098097003951188255e-01 -1.046721342220923390e+00 0.000000000000000000e+00
-1.350807095201087826e-01 -2.706590020572845201e-02 1.072473730700384820e-01 0.000000000000000000e+00
3.942108799238021044e-01 -1.286284709041793706e+00 3.662424176323407776e-01 0.000000000000000000e+00
1.473824154641814710e+00 -1.776005461001724850e+00 -1.619006810321737821e-01 0.000000000000000000e+00
6.687107719437157538e-01 -8.184726459248022890e-01 -3.222945489910529759e-01 0.000000000000000000e+00
4.488739495567023452e-01 6.145730926599451971e-01 3.092721458242065902e-01 0.000000000000000000e+00
5.917862161141964616e-01 7.974356506184536730e-01 -1.124986313741342281e+00 0.000000000000000000e+00
1.710113145670279222e-01 -7.029939515466552269e-01 6.617135970392962196e-01 0.000000000000000000e+00
