6.272289380667706027e-03 -6.675270729488147481e-04 8.188461955622311494e-04 4.817445336631998032e-02
-2.432837386156283532e-01 -2.545514818832917969e-01 -2.463785299345615798e-01 -2.386002037780197149e-01
-2.478592932707748275e-01 -2.489367586280908373e-01 -2.463874023673169322e-01 -2.336941310919542492e-01
1.193957763313768794e-02 9.813077644915679798e-03 8.775289197288482779e-03 -5.095574462613861044e-02
8.934862581031488560e-03 1.070071461488186770e-02 -1.040561447051002730e-04 3.880117839688890236e-02
-1.189345529452934258e-03 3.653503851671624503e-03 2.389548099154259475e-03 5.713057329153059527e-03
-1.422564653898861220e-01 -1.322460832211409532e-01 -1.641000741274796781e-01 -1.668277945274221352e-01
1.717502932875234478e-01 1.675479277796015909e-01 1.585746121757274363e-01 1.237371992927496223e-01
1.141648393567251674e-02 9.026076673274041617e-03 3.337145066347441125e-03 -5.928511136500613787e-03
-8.391839878689300036e-03 6.513617741843447106e-03 6.106424066918469951e-03 4.261338617628496195e-02
-1.071961020036333867e-01 -1.000898493070603301e-01 -5.732528266616698787e-02 -6.838068197153646111e-02
-8.083240634344113218e-02 -7.070466412188336491e-02 -5.930140027298702599e-02 -2.664398577227533593e-02
-5.634492868330154280e-02 -3.758130122595249034e-02 -5.870948953787369362e-03 -1.076566136843641885e-01
-2.107938900655348391e-02 -1.269990741072613005e-02 2.164910455483559648e-03 1.100387446659700785e-02
5.119873103779370993e-03 -3.014928526170912448e-03 1.416581171621938973e-03 -4.476527300199428794e-03
-2.622822793782564332e-02 7.451953384711718087e-04 8.168370367261368337e-04 -3.504330133052979690e-02
-1.450649300332906844e-02 5.831743908592201819e-03 3.228667227675535711e-03 2.517014424074925927e-04
2.664427964888360645e-03 5.566864907342150559e-03 4.227661566711199415e-03 4.136890745298105188e-03
4.127957393259329422e-03 2.287868226799272264e-03 1.075171679227496929e-03 1.660784865428199808e-03
1.110393670998233162e-02 6.599978897319225268e-04 1.357896458361124159e-03 -9.763961841481316739e-03
1.321907948771050556e-02 4.807585767733879578e-03 -1.938825965600583789e-02 -9.267227524412557926e-03
2.425036642879996318e-02 1.907851803826332571e-02 1.288478129216769075e-02 7.359942299411947886e-05
4.840785638999212104e-02 2.572691417272654490e-02 -1.508440001666083718e-03 7.824036279565271812e-02
-4.449323297174956338e-03 1.234768376032091552e-03 -2.836742991299101568e-03 1.316020681803697912e-03
1.248515838524166810e-02 6.852250663548442589e-03 -4.619709223276230459e-03 -5.447816006549643930e-03
3.394158282465831178e-02 -2.202118752789417044e-03 5.118143780618589211e-04 4.162278352135206916e-02
2.446258619300856196e-02 -4.599734134359323434e-03 3.126657664329776654e-03 6.424264750778174715e-03
-4.452884589331018717e-04 -3.916944739393191099e-03 -1.297274887730293091e-03 -1.706335568011807524e-03
2.006151513938014830e-04 -2.248786262210256126e-03 -9.924624330762688018e-04 -1.069252432458256408e-03
1.042939790761199248e-02 3.872959463895320198e-04 1.098831990813842197e-03 4.096592582541136451e-03
8.405479674003513146e-03 9.746984573727468515e-04 1.468881374322994482e-03 2.644828370697016595e-03
9.562607586710569763e-03 4.007194266843594477e-03 1.461202223896007624e-03 3.467257344404783836e-03
9.432268576081703770e-04 1.243268994774560099e-03 1.063432490924220986e-04 1.377320739946452655e-04
8.913860025278885768e-04 8.666954848168817449e-05 -1.124385629304724965e-04 -2.229925375542451960e-03
-1.042053007007520682e-03 1.059740763432667765e-03 8.615170922371302720e-04 2.246886335333486695e-03
-7.944104581430772027e-03 -6.134860962142524299e-03 -1.280120559513441697e-03 -3.680237712622769219e-03
-3.066037791714049110e-03 -2.375008625078167679e-03 -1.170622227334348897e-03 6.346571389886646042e-04
-2.203505993419008213e-02 -1.518919936577578511e-02 -8.081425990402194004e-03 -2.743308416471301747e-02
-2.577085458344230418e-03 -1.410973412191540710e-03 1.263145976660932923e-03 6.203238378489350779e-04
1.132245995288494456e-03 -2.287415287703931099e-04 8.756145796302849948e-04 -1.795323832983197754e-04
-1.268156693448041494e-02 -2.284027466897819991e-04 -9.904655818257918076e-04 -1.342447138868596568e-02
-6.831019522982595404e-03 2.877333139172377763e-03 -2.507071317934886356e-04 -1.308725816757616567e-03
-3.112038067904498995e-04 9.567289355387753602e-04 7.979108211988994448e-05 7.399027317267492521e-05
-4.976478458135202843e-04 5.968416819283062225e-04 2.437970257337142288e-04 1.201517323408951565e-04
-3.516550576289745322e-03 -5.100824863207842341e-04 -4.262396385021627321e-04 -2.700712715769659766e-03
-1.043087084338478743e-03 1.435494552963240134e-03 1.779980536481262643e-03 9.803673903404641621e-04
-4.097608490758353206e-03 -1.710179446893111965e-03 2.923110688398955492e-04 -1.183048965036292977e-03
-4.496293781099947040e-04 -7.888158718125648505e-04 9.541363273712910598e-05 -1.905806988453107031e-05
-3.152980952183248586e-04 -1.681915704874192841e-04 -1.149139958199832390e-05 1.096605632772917893e-03
7.199443211854061886e-03 3.248355340414621484e-03 4.499889862089045955e-04 2.464973657202884638e-03
6.068068384844638175e-03 5.220561905338511055e-03 1.683296329602512742e-03 2.524996509270266420e-03
2.368470012306778116e-03 2.154920476225841153e-03 9.999410799789720805e-04 8.433082643603539985e-04
-2.952188942442646180e-03 -5.275542260239629577e-04 -1.307033231884302538e-04 -2.981854957393448302e-04
-2.593509677584204809e-05 -2.771052361091319582e-04 -1.394344325028051834e-04 3.622260075044347882e-04
-9.072270892232503492e-04 -1.493912382409534612e-04 6.571944990568789891e-06 1.522325398150559117e-04
-7.549437951272355840e-02 -7.326461321377961133e-02 -7.382338859553275179e-02 -8.782613538794614705e-02
1.283432783050168910e-04 6.494949780067976438e-05 3.993339737391525220e-05 1.051652718140866198e-04
