1.619489177629162002e-01 1.285147229907830646e-02 6.129274958784769467e-02 -1.296964704504462162e-02
2.049019213155250929e-02 -1.624867814183192927e-01 -1.174678792802527627e-01 -1.620151129768565845e-01
-3.452093096331358968e-01 -1.739332410666288020e-01 -1.337097664441567468e-01 -1.803873298624739385e-01
-2.505444819641695631e-01 1.109577920069507173e-03 -6.286617564575469608e-02 5.084648748890402414e-02
-6.960551271313222266e-01 -1.389015868941322895e-01 -2.285137879856163901e-02 -1.583170483858430400e-01
-1.566495385527574280e-01 -9.626190566033623885e-02 -1.253407178034728342e-01 -9.949114783633344894e-02
-3.099120100179941772e-01 -2.421790130305375432e-01 -1.914944812552449305e-01 -2.097307370212343480e-01
3.935553655541144114e-01 1.566233153320805149e-01 1.401001615706878867e-01 1.644635719534577323e-01
-5.262467796736012282e-01 -2.063683632362984521e-01 -2.944879999966923401e-01 -2.407349013397328263e-01
1.432110265580393005e-01 7.456504894414606177e-02 1.293299642073905131e-01 1.704422649376979848e-02
-8.327354079177728963e-03 1.013011314797203494e-01 -8.228693835870304341e-02 1.775084323395947905e-02
-7.867581513789190240e-02 -1.724754107145093363e-04 -6.608042329366337064e-02 6.819181791278161597e-03
-2.774127426083001779e-01 -1.527345852591306674e-01 -3.554564447418808726e-01 -1.072480981874219808e-01
1.910526919971775595e-01 -3.203646566595841350e-02 1.488097629620138695e-01 4.876980021888110972e-02
2.035518644992089232e-01 1.151639983860746203e-01 1.846828685801298331e-01 1.359908201811696471e-01
-7.230618403312605302e-01 -4.022641830172096755e-02 -2.901900179861037765e-01 -7.381959488191938701e-02
1.206207543443102992e-01 -1.203796108500301831e-02 -1.225973034708666143e-01 -2.690826920498834429e-02
6.906750769921365940e-02 1.167539623913588231e-02 -2.014146388832127599e-02 1.200592309184073114e-02
1.566829588996201394e-01 5.901396600297786899e-03 3.067837823395369590e-03 9.168948690060518825e-03
-1.127430714319377358e-02 -2.512162104083661557e-02 -4.949261941563093403e-02 9.063148713446822491e-03
6.356423380616899044e-02 -3.307218284100978123e-02 9.709587947501163718e-02 3.103981530362126540e-02
-1.670332334199042812e-02 -1.540430879107206052e-02 4.549085508536276912e-02 -3.113329535252284952e-02
3.760075808601897052e-01 -1.485635165586906004e-01 7.321372620931021480e-03 -1.927982670754188055e-01
-8.989116544173114676e-02 -5.323862267154061412e-02 -1.011238479089149322e-01 -6.832300546435482458e-02
1.882621661277394942e-02 3.018437647932230294e-02 -7.704280960438625314e-02 -3.564235966838524838e-02
4.699473148014707835e-01 7.090458022974299723e-02 2.575644821379087235e-01 9.630267193263178371e-02
-3.286720889844174653e-01 -1.209550319937141571e-02 1.347727082081340289e-02 3.479291828192515590e-02
-1.200670473155163176e-01 -3.604176306175266298e-03 1.314897650485091773e-03 2.316369053872671668e-02
-1.800187868784610679e-01 -8.435347702929881994e-03 -1.072363845315349451e-02 -5.035891019906590937e-03
7.837595339358979230e-01 3.773742938188145990e-02 -4.978547236821817545e-02 2.889542790101906622e-02
5.048175121143696487e-01 2.869095254691997332e-02 6.465026653207725515e-02 4.043268073882283486e-02
1.800849971615252620e-01 3.740371944746329058e-02 8.473559852802786674e-02 2.473239975963403836e-02
8.620713577385075155e-02 9.117634992877210465e-03 3.539705650512586788e-02 1.668236876378034750e-02
-1.345484804367624854e-02 1.845150419992558355e-03 -4.371891231234326103e-04 1.510695562116665114e-03
-4.527879945465274059e-03 5.151719150484719220e-04 4.664663066865221142e-03 -6.842821502176139881e-03
2.322255833169879768e-02 4.417111468835554361e-02 1.704341502484818527e-02 2.780580730300442893e-02
4.921761998652351977e-03 3.036107396021935426e-03 -1.113146488834140801e-02 7.830263585361429968e-03
-1.869763526206245086e-01 -3.159018945380825255e-02 -7.297533722721513683e-02 -2.469307748377508327e-02
-1.172124020959947055e-02 -2.797159130016593429e-03 1.717251839622788157e-02 1.053705281238245806e-02
1.346766030039461826e-02 9.075033102849341601e-03 1.945150152426625145e-02 1.081157277380313808e-02
-2.149996951978934145e-01 -1.100193651307125875e-01 -1.714827359281537178e-01 -1.072753561787357923e-01
1.040749222168704247e-01 3.674448863681567534e-03 5.896794008291142419e-03 -9.786847055183955923e-03
3.919727867797062615e-02 -2.557340773116367760e-04 1.418450003517757185e-03 -1.248696964286646893e-02
5.241384430777029646e-02 2.043118029919362144e-03 4.324547215365320829e-03 8.364800243280678949e-04
-4.254736871107684948e-01 -2.940052103313242626e-02 1.758298639341296377e-02 1.987174037860282849e-02
-2.393939363109538476e-01 1.298007570825435164e-02 -9.868434807256167007e-03 3.736217333002664343e-02
-1.056136939621566961e-01 -7.819352249231525942e-03 -4.947482034924477468e-02 6.109388128293841147e-03
-4.711484179964531283e-02 -2.942001652311926341e-03 -2.282601495046199247e-02 -1.875538572566205764e-03
9.470379609719914438e-03 -1.278453705643500804e-03 1.354635938488009395e-03 -1.433872045973338949e-04
4.520123593877816148e-01 2.634769846250134551e-02 2.036982873039633324e-01 6.029677042013112387e-02
2.432435886700574645e-01 4.546827208439047779e-02 1.725151703460270358e-01 4.963606775935237858e-02
9.657005986519795471e-02 2.423176321089669238e-02 7.547235092385307098e-02 9.835878078246540479e-03
1.757149469741209336e-02 9.566844543882846441e-03 3.363183873433095439e-03 1.111981076611473496e-02
-7.356703825232124849e-03 -1.584910497862274115e-04 -8.114501706858456842e-04 -1.393398815470792140e-03
-1.236014671366969520e-02 3.001534837556260604e-03 5.375914889904298555e-03 -1.171965146167297522e-03
1.283915425252151188e-01 3.908478717097945559e-02 1.639403406274454744e-02 4.516879184735704544e-02
2.046592193641558807e-03 8.832945716149833912e-04 1.507812322205406971e-03 6.278563718511406865e-04
