-1.043087900691118397e-02 -4.214296965446351351e-01 -4.291371423694686493e-01 5.063599802227659180e-02
6.089927279970581281e-02 1.263276222552862094e-01 4.696553660605576885e-01 -1.189129119613479696e-01
-1.230606685155910540e-01 -4.743376091227164415e-01 -2.914239407017593653e-01 -9.619545999664977365e-02
-8.708664113410735652e-02 7.335634914823505603e-01 6.898780732041154273e-01 -1.515149352756736678e-01
2.822627527466966546e-01 3.013423609267390502e-02 6.399476490004576412e-01 2.460100281823702772e-01
8.270496514557018619e-02 -3.001793199666810130e-01 -1.095463435365288674e-01 9.325602136414465337e-02
-8.709965090398585907e-01 -1.186888536769467040e+00 -2.011043409300778517e+00 -2.496676201821629026e-01
1.885825860252547670e-01 1.088534077552861801e+00 9.875176715844273811e-01 6.771915501249867186e-02
2.536101009910264326e-01 -3.577222768820349508e-01 -9.935232822145074749e-01 2.574213696424904052e-01
-6.246929631334030564e-02 -7.534022721665608602e-01 -6.849456023049383946e-01 -4.643247326345240067e-02
1.164881851946142799e+00 1.724058093218188814e+00 2.551028630361926286e+00 3.916312204166033650e-01
-8.136972226866412417e-02 -8.174444420998909777e-01 -1.078882681822438405e+00 1.154388245040097738e-01
-4.748393399179581253e-01 -7.249659306154276894e-02 -8.988116448312426510e-01 -2.525640956087077393e-01
-4.862794277401774612e-02 9.644955862682007552e-01 1.567427404374939215e+00 -7.418107636089021906e-03
-1.028295733089928943e-01 6.816777809991783066e-01 -1.638497659534423612e-01 -1.645163844833003042e-01
-3.218252270097952117e-01 -7.277349574051856784e-01 -1.274446736013215009e+00 1.020014574929771489e-01
1.524287815948493774e-01 1.815662403578380824e-01 -7.126588591767701875e-01 1.317146667622894063e-01
1.683290694750784189e-01 5.437710272565221548e-02 5.324494387743152757e-01 2.342038336320252934e-01
3.513439595620344857e-02 1.401776704747922375e-01 4.358661532642499892e-01 1.980364232225670373e-02
7.756331423369862421e-02 3.420299128614011086e-01 2.996669014912381468e-01 8.958887928819292412e-02
-7.024833352085033678e-01 -1.107409195459566620e+00 -1.416879774688699634e+00 -3.125153682837538693e-01
9.305446706038000837e-03 2.556464544856629773e-01 5.058518836658099094e-01 -1.140698167285118386e-01
7.840166146955943605e-01 2.558731557950723046e-01 9.221387015117630259e-01 3.932212344567216356e-01
3.010976919460163492e-02 -4.961985142484821587e-01 2.242604964329967254e-01 7.913712647151410762e-02
-8.990791303622069908e-02 -7.104078070280673840e-01 -9.545244001153516678e-01 -1.610532335406195670e-01
6.228855379733542197e-01 9.394995936860566221e-01 9.848160980175664214e-01 5.399801509689532153e-02
1.883144833711432875e-01 1.277997597752801862e-01 1.129974214322413850e+00 2.316526466832805609e-01
-1.238377138572870351e-01 2.071403956474084929e-01 -3.395967666081430303e-01 -2.097672132517275356e-01
-2.246479450142227496e-02 -2.822823111838755894e-01 -5.954386094745479641e-01 -5.215024132630097925e-02
-1.911972624521306452e-01 -1.382029024428992336e-01 -1.056714770263015524e+00 -1.987623961918969506e-01
1.182766669921370140e-02 2.762185102316589980e-01 1.700745501786210756e+00 -7.535508888006553496e-03
-1.824846743686503459e-02 9.007681208802544859e-01 1.819383840672718633e-01 2.730581122813592609e-02
2.191080205504169348e-02 2.018561265978053298e-01 4.472271778581146107e-01 8.915905590267600433e-03
3.317149851323211718e-03 -1.652068661936225147e-01 1.262722336861220596e-01 1.924551020064629164e-02
-1.075398430689445545e-02 -4.934616607378801423e-02 -3.970140168409149600e-02 -1.629546912727741770e-02
1.357880761051427909e-01 2.307574840688950135e-01 2.667937196055019666e-01 6.168096626184950415e-02
2.104318081461491186e-03 -2.620790381792945101e-02 -8.522211702310848735e-02 2.685283120385859382e-02
-3.785552187499431342e-01 -2.197746156446047927e-01 -4.133733357876698822e-01 -2.374076987935642147e-01
1.265341102918456778e-02 1.346776668770616192e-01 1.988185034815760366e-01 3.178547907512957460e-02
-1.441573137956231321e-03 1.162547450086415801e-01 -5.552716129640769549e-02 -1.253217413172304923e-02
2.345961880821336581e-02 -4.951582820371341898e-02 -7.430973287250106085e-02 2.992501113973387028e-01
-7.135661107406678083e-02 -9.202156840876360433e-02 -3.294057618245901931e-01 -7.390498529970371266e-02
2.645968063617069183e-02 -1.017255719261165037e-01 7.011906772141993094e-02 6.703121498179112625e-02
3.154778260927103284e-03 8.979546892187534324e-02 1.743543034538467540e-01 2.312999694323203057e-02
4.827923064431394184e-01 7.579103147694230547e-01 1.170453170344968541e+00 5.571213154514947918e-01
1.171962644257103087e-01 4.750259457944416841e-02 -7.021031310273092574e-01 1.904715495603289122e-01
4.346929499351541437e-02 -4.512618360681515117e-01 -9.207965940638707103e-02 3.184327474473860192e-02
-5.572577895681538052e-03 -4.497330396750628956e-02 -2.632728734765652501e-01 3.677023273225971112e-04
6.051645275436184739e-03 7.021031319721479647e-02 -7.443757638259274056e-02 8.348665603450877715e-03
3.025397809576425567e-01 6.830317429125423168e-01 1.328422880876050538e+00 1.751209854049665116e-02
1.222808964548754984e-01 3.547456244453929264e-01 3.678477902277744738e-01 1.198328790827900836e-01
8.641968282674815371e-02 -1.529502392670500921e-01 -3.592945331052921354e-02 2.436354149989251872e-03
3.968897194415868523e-02 1.828350078460355410e-01 -2.534890722110885730e-01 7.497322381774390587e-02
-3.059658265942364827e-02 1.045522165616794286e-01 -1.464581532810213249e-01 -9.922971271411062943e-04
-1.418166689910168102e-02 3.516221874048264251e-02 1.340680111855778178e-01 7.418899020871894123e-03
1.966482424369033616e-02 9.215789973313406880e-02 9.675973070351920335e-02 5.174977785490718352e-03
1.096738354385323223e-02 1.672557587738992407e-02 2.325280980523290394e-02 6.432714086621677679e-03
