-8.728230823387583825e-03 -4.575385840658184877e-01 1.078214404181847552e+00 2.676210988561875115e-02
2.774111288048080048e+00 -1.818314301696527524e-01 7.501147478827083770e-01 -4.371887522687958882e-01
-8.735281662617744303e-02 -1.294917471171652679e+00 2.532950939066931362e-01 -4.491758914271036796e-01
-2.203692970533518647e+00 4.480084938867883171e-01 -1.229651137675907613e+00 -1.372594391180746443e-01
-4.996944395571647490e-01 -1.358100253792304146e+00 2.147031148794606992e-01 -6.951061247505352370e-02
-2.651877846858540000e+00 -2.807862401195770907e-02 -6.516083433560933003e-01 -8.622124227690722287e-03
-8.487415706430645912e+00 -5.197958293664888263e-01 -2.870012355582241881e+00 -3.002157033014014043e-01
-2.980473301625907290e+00 1.635499799442935664e+00 -1.191685865519377385e+00 3.272747738729938627e-01
-2.859679257419164955e+00 -1.180800041918239174e+00 -1.358507791307517643e+00 -2.184864778187059486e-02
1.694591274041794549e+00 -8.750764440625524720e-02 8.302366816137374261e-01 3.002212108182834571e-01
1.159136963154822553e+01 2.639311513361632944e-01 2.231452009460991093e+00 -3.262994129191532089e-02
2.957427763229826034e+00 -8.046009450709856736e-01 1.180546071563123522e+00 4.945040715304557799e-02
8.949265683583149666e-01 1.453151892380379451e+00 -3.213465182331988190e-01 1.561385638858505120e-01
9.212830255177426153e+00 9.693340712553000227e-01 2.193277136131443594e+00 -3.173078634570333789e-02
4.049554438302868320e+00 -1.567113037000091857e-01 9.801521933342658421e-01 2.621033724514354457e-02
-5.911445268728657609e+00 -1.543779850995640857e+00 -2.782955025179942865e+00 -7.553983798369715008e-02
-3.501268706781988982e+00 8.112595986414670168e-01 -6.314572229972910122e-01 7.408018429408358418e-03
-6.445548411645658504e-01 -1.325834345529344760e-01 1.067491703165710293e+00 2.619465011265020155e-02
2.397627553011618673e+00 4.758627894459204200e-01 5.106067273525232153e-01 2.245923638142406642e-02
-1.578146803694742140e-01 -5.195434797575892993e-02 -2.831491800280658833e-01 -1.652071700409428745e-01
-6.816889286744887144e+00 1.322940386009412439e-01 -5.886553541375274534e-01 3.304654501248488474e-01
-4.401093458922513690e-01 2.298681228522190811e-01 -4.208331778660965306e-01 -8.882891153071542645e-02
9.527655444278160246e-02 -1.136053809153328320e+00 -3.306851874053745033e-01 -4.698506780889631917e-01
-2.625649997771827060e+00 1.676346027176147668e-01 -5.006104235066225483e-01 -2.080490144142163600e-02
-8.028996248341423225e+00 -2.902226866972907326e-01 -1.198974510388442383e+00 4.937945018236065964e-02
1.804169392109779224e+00 7.257861475664417750e-01 2.500858602529928199e+00 2.838930296733338521e-02
3.814022024386169107e+00 -8.422459571064395689e-01 4.625162958279878112e-01 -5.258010525412060154e-02
9.819857885405340880e-01 1.966149235556714503e-01 -1.054988000959109495e+00 -4.524289054844088387e-02
-2.602433797369304358e+00 -5.564399582269814459e-01 -4.696376775342328558e-01 -1.950942566516010446e-02
-6.466045893408480794e-01 1.023628586686453179e+00 9.752655586976677338e-01 2.606743635167305118e-02
8.862211535880772928e-01 1.738085535095747591e+00 1.289767260230505252e+00 1.239880870704966748e-01
3.850995759908283134e+00 2.812474927573535011e-01 -5.962718086396456840e-02 8.044737148329977883e-02
3.151327419868188429e-02 9.618886948255175873e-02 -6.159412833128821152e-01 3.477431612090392532e-02
1.494806744556864686e-01 3.823964210545829912e-01 -9.076593467062088472e-02 -4.244688148332675937e-04
-8.564990559084084687e-02 1.148601899801104942e-02 3.133733085762611253e-02 2.201487184974959196e-02
1.412656780707189252e+00 -3.413231536323117071e-02 6.306801862631156164e-02 -7.832263517062545977e-02
-1.411357131471056015e-01 -3.162279230997899065e-02 4.859472560163136112e-02 1.814424041444900187e-02
-1.193790401191012762e-01 3.663578256787912713e-01 2.425434410618382830e-01 2.476197267368354105e-01
2.213809616925417334e+00 4.430231065518026173e-02 2.252390485460126768e-01 -5.585509295780496236e-03
4.868841169436065042e-01 -3.498634886796048171e-02 8.616116339265748880e-02 4.944958534883910767e-03
-1.810442199125192886e-01 -2.596308437532170998e-01 -7.139968629758350893e-01 -7.097210855804987617e-02
-1.517896673076797320e+00 1.077950543638889203e-01 -1.291868281701999965e-01 1.415093879652383480e-02
2.854301254958535594e-01 -6.952205709451932114e-02 2.575283612899308405e-01 1.493558194309997644e-02
5.905352917533517321e-01 1.324090194907053264e-01 1.009619277936701365e-01 5.230823786444113721e-03
1.868209694861944214e-02 1.905624925750259990e-02 -2.117067736554580915e-01 8.738547529733509123e-02
-1.423981571389510314e+00 -6.490386988134533297e-01 -5.039486418374669041e-01 1.531956602942546875e-02
-2.427731400168621434e+00 -1.330102591726947114e-01 5.699854634037193613e-02 -1.424975133664323212e-02
2.298527492254462956e-01 -4.910981934081806721e-02 2.937733307529845073e-01 -1.665518473501089586e-02
4.231041460965356826e-01 -2.165602244931656151e-01 3.493437867417595322e-02 2.410414037400783471e-03
4.914285262834686918e+00 1.419328214865527293e+00 8.603390082689423846e-01 1.136182411591997177e-01
4.067388573492490167e+00 6.335958338714537952e-01 4.915282416700009205e-01 1.171619924750474384e-01
-5.115899375302923602e-02 1.289353193500217820e-01 -1.965991352205920251e-02 7.117757904538968283e-02
-2.150862756562208489e-01 1.274770133683343354e-01 3.615102746543974455e-02 1.232016540888325462e-02
-1.470522139070688183e+00 -5.497656076620183185e-02 9.090164286808832816e-02 1.768277578457461141e-03
2.826456720664157762e-01 3.824452435658587390e-02 4.413202197231649859e-02 -9.210024560746599143e-03
6.216894053648092111e-01 2.109505745367155904e-01 -4.260703900172693182e-01 -5.093033781022930639e-02
1.272896270587807639e-02 7.623170772236550173e-03 7.483522400979832935e-03 4.057976418027014510e-03
