-4.846654816817403955e+00 -4.507852584304526289e+00 -3.663760202384677811e+00 0.000000000000000000e+00
-2.774029126420120228e+00 -1.729702602468854655e+00 -7.949235327089800851e-01 0.000000000000000000e+00
2.235697826644192088e-01 2.774309405239125947e-01 1.654104973412542590e+00 0.000000000000000000e+00
-5.018581885127703091e-01 -2.066480782946144568e-01 2.492148404807662809e-01 0.000000000000000000e+00
-8.444285982200914198e-01 -1.051499557539048030e-01 2.839703782576245006e-01 0.000000000000000000e+00
-4.457997722777685135e-01 -6.144900119014993223e-01 1.008966183040160662e-02 0.000000000000000000e+00
-2.587767757864221085e+00 -3.159533300798465394e+00 -2.667916725130607514e+00 0.000000000000000000e+00
3.546238253509093608e-01 1.166901146106713139e+00 1.626702371561291161e+00 0.000000000000000000e+00
-2.249979235426859125e-01 4.739136217184649058e-01 7.112806017209771792e-01 0.000000000000000000e+00
7.548104782969266013e-01 4.726417209637501227e-01 3.484188726904139943e-01 0.000000000000000000e+00
8.166181050263511890e-03 3.115940466630108818e-01 4.071509917914650223e-01 0.000000000000000000e+00
4.772448883995716318e-01 9.642855621566034374e-01 9.918201946042137784e-01 0.000000000000000000e+00
3.097636175760344335e-01 4.947520478975726554e-01 3.893810388789574750e-01 0.000000000000000000e+00
1.707966793446091147e+00 1.662897102708852604e+00 1.503118267555794141e-01 0.000000000000000000e+00
7.704662858032010897e-01 1.229258930882066503e+00 3.355210315999205273e-01 0.000000000000000000e+00
-3.868820859743998808e-01 -6.495567455686268588e-01 -5.246840765334409573e-01 0.000000000000000000e+00
2.083238959778322741e+00 -2.731882869983873752e-01 2.537073927850231225e+00 0.000000000000000000e+00
2.227403612276513734e+00 -8.609604145928110297e-01 5.689863113362421121e-01 0.000000000000000000e+00
1.248959083481189780e-01 1.836611772779935814e-01 1.951541042071043064e+00 0.000000000000000000e+00
-4.310829933846501150e-01 5.181122160737979820e-01 8.728611970196235859e-02 0.000000000000000000e+00
1.306225285399740810e-01 1.892974865872588397e-01 1.984642042310487131e-01 0.000000000000000000e+00
4.096888350219166641e-01 4.263954710691755245e-01 2.391077994052927536e-01 0.000000000000000000e+00
2.176212842052551999e-01 2.575829907267252472e-01 5.394635928735788677e-02 0.000000000000000000e+00
1.870950592090135478e+00 1.525259473271559862e+00 2.091748230133455289e-01 0.000000000000000000e+00
7.312443662250074361e-01 1.869149334401988272e-01 1.667984444932561205e-01 0.000000000000000000e+00
5.351783127746456703e-01 6.427835131835860638e-01 -2.689593229368695271e-01 0.000000000000000000e+00
1.494962865062692270e+00 4.776946671313471171e-01 3.143461139494118095e-01 0.000000000000000000e+00
2.026329722452217208e+00 -1.088975630273125023e-02 7.732901315186972990e-01 0.000000000000000000e+00
-1.985353026764250794e-01 6.892165362213965585e-01 1.253033230282891486e+00 0.000000000000000000e+00
-1.474476344777473358e+00 -1.729266843376906782e-01 1.104757508597679072e+00 0.000000000000000000e+00
3.288213971008807857e+00 2.370061782960839469e+00 1.866212931098750527e+00 0.000000000000000000e+00
2.273909247439651171e+00 1.547958337984997712e+00 -1.074806193141477184e+00 0.000000000000000000e+00
1.067503780198983954e+00 3.127046703258365312e+00 -4.000957994096969728e-01 0.000000000000000000e+00
1.692260638240365989e-01 1.615568643929628179e+00 -5.592602081909221479e-01 0.000000000000000000e+00
-1.324704524905465863e+00 -9.892947415795336763e-01 -3.437879767466117120e-01 0.000000000000000000e+00
-1.160683809065510969e-01 -1.330330221613741093e-01 -1.165602500354705889e-01 0.000000000000000000e+00
2.128633032267711611e-01 -2.577708793682920163e-01 -3.320371906556544017e-01 0.000000000000000000e+00
-2.257099684003339990e-01 -7.092067635155116512e-02 -2.199220498297254356e-01 0.000000000000000000e+00
1.046190951597430363e+00 8.914864679154933524e-01 3.054288272101031154e-01 0.000000000000000000e+00
-4.147003994942103922e-01 -7.770121404424527034e-01 -3.501658293898428087e-01 0.000000000000000000e+00
5.368038211306085383e-01 1.301226448860348939e-01 1.501141481196391694e-02 0.000000000000000000e+00
1.336842999362330309e+00 1.419989831188017415e-01 -2.002131465156564705e+00 0.000000000000000000e+00
2.137617855380235188e+00 6.702742912315068358e-01 1.050421897573661889e+00 0.000000000000000000e+00
1.533758256510954487e-01 5.404772092852374588e-01 6.520942172429445849e-01 0.000000000000000000e+00
-8.607350834601263934e-01 -1.232566190896044800e+00 2.075751830676540455e-01 0.000000000000000000e+00
3.475697818519089211e+00 2.624576147947226712e+00 2.834233369158101756e-01 0.000000000000000000e+00
2.299891955005622268e+00 1.538251417833097046e+00 -6.715987832908966171e-01 0.000000000000000000e+00
7.351303312090031739e-01 3.464675877488722300e+00 -2.983402030304134200e-01 0.000000000000000000e+00
-7.511986450420468087e-01 1.079498241181372276e+00 7.587916522517650364e-01 0.000000000000000000e+00
-3.556251670453122182e-01 1.031644076167704149e+00 1.725430734218756035e+00 0.000000000000000000e+00
2.968400997551313036e+00 -1.116171408887253413e+00 3.324525195570705360e+00 0.000000000000000000e+00
2.433117171928850908e+00 -1.080118130400790966e+00 -1.704275520537842148e+00 0.000000000000000000e+00
9.199023006852320439e-01 2.631425816560870046e-01 -8.298130411398657591e-02 0.000000000000000000e+00
1.154724944740826320e+00 -8.728146093507778147e-01 -2.693118377022684307e+00 0.000000000000000000e+00
9.683970993099015601e-02 9.626405253957034391e-01 2.004196077479683424e+00 0.000000000000000000e+00
-8.498703963218402768e-02 7.137405851864054851e-01 3.312235747006376241e-01 0.000000000000000000e+00
