1.123187401587478096e+00 8.150263553258110250e-01 5.148731455721051731e-01 -2.456546619929720343e-01
-4.703797034775477615e-01 -4.224153664270976494e-01 -3.542189143143188446e-01 -9.677146244249066331e-01
1.290621760068865198e+00 1.060142536269555458e-01 4.587265751757108601e-01 9.897194204922834526e-01
-2.219079582021915797e+00 -1.048146232110474418e+00 -2.874834115774954624e-01 -7.874116276611555776e-01
1.205015213566370313e+00 2.778414536631977350e-01 9.165033451938362496e-01 -1.802651137291240158e+00
-1.734093201065553869e+00 -8.036258970401026769e-01 -9.919331639195909656e-01 -8.142407282737420537e-01
7.748547252254174289e-01 -6.660592221406195224e-01 2.200236216688242208e-01 -3.843938273627646174e-01
-4.513954336938478917e+00 5.419907430166399642e-01 -7.088746687387756928e-01 -2.250139805583887043e+00
-7.815319536926613742e-01 1.350433764224345801e-02 -1.450435012913340038e-01 -2.001702211225905081e+00
2.058599429091329203e+00 5.218293561968649907e-01 -2.011128629526630629e-01 1.556834625485768786e+00
-1.511018314092024362e+00 8.268534065627720642e-01 -7.960291001639684394e-01 2.747867028022879410e+00
5.205689997901874477e+00 -1.504326090627671864e+00 3.022719659779335433e-02 1.521446973223677723e+00
-1.686379230470684831e+00 -5.269909767741213225e-01 -1.228475287823587392e+00 2.019752989714885150e+00
-2.153536211744132345e+00 -3.646955429273651461e+00 -3.618488443238985219e+00 -5.850463550800661938e-01
2.497381099306229313e+00 4.219252659858234167e-01 7.553179354424920389e-01 1.166080056313261171e+00
1.073838871112606341e+00 1.641419706057902994e+00 1.201788631112167050e+00 1.483765882537779079e+00
-1.533825262215736895e+00 8.137940975955226808e-01 -4.470578264441598670e-01 -2.009610665372216776e+00
-8.286783797987249400e-01 -6.603986237007668514e-01 -1.489718240012658290e+00 -9.266734188335534750e-02
3.825743213513924101e-02 -3.310950573348500070e-01 -4.926420858247706480e-01 4.073941611656870521e-01
-9.355523546024557824e-01 -1.264033728592022510e-01 1.718604242846573649e-01 -9.553911821556746453e-01
8.159776121342858790e-01 -4.378893111063809629e-01 4.736259897783332562e-01 -2.276342427941075108e+00
-2.616637243893547016e+00 1.087090824436246717e+00 2.744428298323940973e-01 -3.081410324939271028e-01
2.010672616692884773e+00 1.207613477027826399e+00 1.267628818230004395e+00 2.120570135586686833e-01
-1.411448571342716507e+00 1.248741374467201570e-01 1.845285457396361739e-02 -7.120380707821034605e-01
2.318370232689737520e+00 2.871884259017873475e+00 3.278314096996230553e+00 1.400170803222049454e+00
-4.434534812992912967e-01 -3.902275183195730301e-02 1.003549630154874084e-01 -1.941819804354846690e+00
2.683695045704673987e+00 -2.184916247541867307e+00 3.692417960060806470e-01 1.814538344381361856e+00
1.202934408845200309e+00 4.044884732757054735e-01 1.568619192869313395e+00 5.165109338170594810e-01
1.925181696736019132e-01 6.350814581550709992e-01 5.061439118061596965e-01 -5.457410427274878018e-02
-4.414952698647067741e-01 1.442668334267142249e+00 2.976815383584149877e-02 2.659814837575911639e+00
1.041290488990650687e+00 7.403515364760906436e-01 5.625327343933509416e-01 2.757418338917720479e+00
1.197980580840317888e+00 6.150072427425923305e-01 1.092720897864935869e+00 2.417347116962750952e+00
2.239307532028763092e-01 3.413248965206255314e-01 5.131748865531553516e-01 4.105904001723633123e-01
3.313156373174963032e-01 -3.232029613159920212e-02 1.084186819563137949e-01 -7.552193185414728394e-01
1.592497483227075517e-01 1.188612354692492393e-02 -3.424031401432037908e-02 1.865632477352311414e-01
-1.256610464389657511e-01 9.592098515438574058e-02 -7.526499360080220191e-02 5.347454950890844216e-01
4.827932967672581288e-01 -2.396640580536909537e-01 -8.160735219680462227e-02 -2.049340906198418577e-03
-6.296532049908283302e-01 -4.085055343368261260e-01 -3.429095327062093301e-01 -2.232841435194964919e-01
-5.714860786049926755e-01 -5.906837680070603502e-01 -7.588194116569680903e-01 -3.420539231983875661e-01
2.917040257504068812e-01 -7.908780972318277258e-02 -6.681784893320728835e-02 1.636709279600147560e-01
4.061409401718470980e-01 1.209157629273687196e-01 1.663179590118788742e-01 8.554356405821020859e-01
-9.197662486121838121e-01 8.211503670304143299e-01 -1.540801530250703877e-01 -4.794172073207312312e-01
-4.300538494028411374e-01 -4.391624186016318543e-02 -4.389706195857470683e-01 -2.471160264993301214e-01
-7.116562002442330948e-02 -2.169923831138823034e-01 -1.522943592282962610e-01 -4.844864459452963290e-02
-9.191218191448186081e-02 -1.015467949405259196e+00 -1.487385440946769333e-01 -2.076328025792894216e+00
-4.385411019727269988e-02 7.603369227426229338e-02 3.329623668947441217e-01 -1.101317682659160413e+00
-4.566061074320493796e-01 -1.229754138176794159e-01 -5.733047118552918597e-01 -9.556627764764888955e-01
-4.243547980938780495e-02 -1.147137735079474530e-01 -2.575386755458445309e-01 -1.937876306733248288e-01
-1.936694773431767713e-01 1.091819835902845259e-01 -8.320185439089711199e-02 2.155462715278869124e-01
-2.563206714414234533e-01 -4.923819951420454477e-01 -9.138791235588199502e-01 3.729833085160213502e-01
3.409853192857512649e-01 5.944031149141066894e-01 2.649743386455987171e-01 8.265080949418595058e-01
3.321053295308422082e-01 -6.976615604937758119e-02 4.852833986452447235e-01 8.145697912248688333e-01
-2.181987043792421588e-01 9.107567128435273274e-03 2.972370864096066656e-01 3.841713531631605338e-01
2.340272379930052882e-02 2.568194929767272927e-01 2.040343944960161804e-01 -4.583682369717585470e-01
-8.375588339002473792e-02 -1.471496206278092300e-01 8.862536839311391246e-02 -1.912482925687452595e-01
-1.826931579359100666e-01 -1.551928245172806697e-01 -1.340689623233128902e-01 2.889444621668236235e-01
1.993784343757346381e-02 5.767993209844785030e-02 1.704210137732778407e-02 4.398613794131153720e-02
