6.516742467014575713e-01 4.099511731109546919e-01 3.553403709754665019e-01 3.175866239856289797e-01
-5.860827127590613195e-01 -5.063137717985701780e-01 -4.968201693784353168e-01 -4.940245801999865738e-01
4.021813211956257739e-01 4.635027982977776850e-01 4.598230052805742929e-01 4.763903684437595931e-01
-4.644319103422053230e-01 -4.492228654902646889e-02 5.519046156863072206e-02 2.020877668194617227e-01
5.918758879566643483e-02 -1.073871830656077109e-01 -1.306064220443779733e-01 -1.310341363242093771e-01
3.610323255609925175e-01 1.358049590315052457e-01 1.353529573237148009e-01 9.000924964515366611e-02
6.706783662148182446e-01 4.091453879935229576e-01 3.327720672049657713e-01 2.624011513430596354e-01
6.573551437879440185e-01 4.590214992470474376e-01 4.356522510965817330e-01 3.795049678499282653e-01
2.757101755169175661e-01 -1.634665384279344880e-03 5.919125003031600052e-05 1.535028372776028882e-02
2.990616008703631534e-01 -2.827706807140023537e-02 -1.042274649428577282e-01 -3.078953068817427696e-01
-3.004624581904427050e-01 6.195922248520546738e-02 1.755524892616550092e-01 3.262017558321584354e-01
-9.837018434863413763e-01 -7.547692898752239588e-01 -6.991752795106024321e-01 -6.233261725598159275e-01
-1.924713022034936216e-01 -1.234224078272083691e-02 2.624168605971255452e-02 -1.640023711951806712e-02
-1.574671584386266865e-02 3.629468393820996508e-01 3.649541991062943413e-01 3.212290599832122728e-01
-4.675314975262396811e-01 -1.336416343752273028e-01 -1.161957010951126801e-01 -4.110527194178409394e-02
2.890037966217887111e-01 1.750326229428653124e-03 1.395310270262911656e-02 4.580851147220720010e-02
2.406922385534182585e-01 -1.833773896278745319e-02 4.508449551880092110e-02 8.926753645948248828e-03
-4.740428610845703883e-02 -1.145825189686439094e-02 5.773244598964855090e-02 -4.704398861231307016e-03
-7.887277172486728549e-02 -1.077391312792526368e-02 1.509230674416822682e-02 2.061301180852462278e-02
-1.265470508964153806e-01 -1.157961085802082513e-02 1.302386527794358040e-02 1.270951327827384014e-01
7.952982427420879352e-02 -1.103962396111192595e-01 -1.722279997344330627e-01 -2.840208736879917817e-01
4.029220971170826560e-01 3.041914222416810532e-01 2.673306502870250734e-01 2.250089840445527456e-01
1.079907337344567786e-01 5.290092662929196665e-02 3.436579247520563096e-02 8.757440111776856884e-02
2.250158870410897682e-01 4.487859574790784012e-02 3.152612411036581630e-02 -2.471358155645009269e-02
-5.300464068325783096e-02 -2.549480235894225899e-01 -2.525231068161387649e-01 -2.120943148114057819e-01
-1.314698619777175670e-01 -5.310436344592303626e-02 -3.947981365634056772e-02 -4.371889690243702109e-02
-5.390950985019948849e-02 4.995004298210481419e-02 -4.485447431954614483e-03 1.458105469986348268e-02
1.043389379863052246e-01 2.277491922612148723e-02 -4.947848350851755117e-02 8.473961721326639385e-03
1.672725356586972634e-01 1.303675472243127909e-02 -7.706699591042087683e-03 -3.270119741797256063e-02
-1.418477634343341676e-01 -2.613135994331994283e-02 3.199910601813715783e-02 4.504685084679571627e-02
-3.965132787627014821e-01 -4.173927439892996527e-02 -6.128926731299166875e-04 -2.585736724945925102e-02
-2.268517212314141718e-01 -3.732533576961405419e-02 -5.396531732635767575e-02 1.532788518144750922e-02
-7.874839960107277159e-02 -1.899953514737200144e-02 -4.017348644465076890e-02 -2.272403955851395874e-02
-1.610250336937508742e-01 -4.500929073224579913e-03 -3.764596974131118046e-03 3.260317213045656193e-02
1.973508085086112668e-02 4.967206675236089317e-03 2.250438839644389177e-03 -1.970115886705773450e-02
-9.403314887194383354e-03 2.292630202336682840e-02 3.474570346011033456e-02 5.954905006049392158e-02
-5.356271548949392836e-02 -4.025680585812478618e-02 -3.224561583397633074e-02 -2.497259184539183524e-02
-2.263647716960331957e-02 -1.371363076349454979e-02 -9.460562852816711832e-03 -2.277847596818078496e-02
2.726006019735494057e-03 4.800266431896885178e-02 4.920228812489017833e-02 3.708417832756126520e-02
-3.915414160393779208e-02 -5.095494543280971317e-03 -7.479961549211322502e-04 1.028144918605014557e-02
2.026535372950279829e-02 2.163410238618014916e-02 8.217989582611495702e-03 1.613816954334344744e-02
-2.158196736120998604e-03 -1.239703572679566601e-02 -2.833984279679332974e-03 2.138891424713573741e-03
-4.463935570375449080e-02 -6.907424576433429317e-03 1.335686401445984606e-02 1.731756254885030710e-03
-6.341610690219690039e-02 -3.631751051934362096e-03 3.349912773725483017e-04 1.609422206213578788e-02
9.012920224736804820e-02 -1.548363585347212190e-03 -4.660671664136945003e-02 -6.473522606932005652e-02
2.455715217531203032e-01 1.253746089011439913e-02 -3.088020805139979341e-02 -1.526017671398022246e-02
1.582229860325897741e-01 1.266916194454338618e-02 -4.989083194693100243e-03 -1.914229635145525688e-02
6.866447233797257077e-02 7.431298296870371412e-03 -5.578722737964975087e-03 9.310680007110355705e-03
7.317987815616197600e-02 1.419530973385763062e-03 -1.197593751861486533e-02 -5.202122789487187426e-03
-2.351774290834585113e-01 -1.310799803593899748e-02 -1.184266970283363168e-02 -5.193516305455248006e-02
-2.649103353185752741e-01 -2.479070028258541919e-02 -4.687801722243872815e-02 -6.073311403805181641e-03
-1.138268830400270271e-01 -2.139967081506194413e-02 -6.002076485342933143e-02 5.255542979484606469e-03
-7.425289861870959518e-02 -1.297138159109549604e-02 -5.063421421108482007e-02 -3.582312008587484886e-02
-7.696634776171412673e-03 -8.227533883695355155e-03 -4.130124314640185035e-02 5.088021944948284414e-03
3.763595709147693480e-03 -9.155271716775326141e-04 -1.717080869081911987e-02 -2.719248367714120762e-02
-3.948604611526903563e-01 -3.406303649223384467e-01 -3.318278849686995269e-01 -3.291956187976550763e-01
1.614616150745427350e-03 7.276796216170704906e-04 5.519197010652297395e-04 1.473281295013088724e-03
