6.667374283846903005e-01 -2.614601228863278615e-01 -3.326123317122593737e-02 -1.483479266499530547e-01
-8.963412849856263742e-01 -4.428304365817485322e-01 -4.554663658313433672e-01 -4.779439604797658947e-01
4.312197208327378517e-01 3.970312219423457467e-01 3.918464368197438485e-01 3.957605618867922614e-01
-1.398991252923567963e+00 2.321059392576579339e-01 -3.796791782576207086e-01 -6.161940915931901630e-02
2.956031376936633093e-01 -8.050194902126246721e-02 -5.894745429034792261e-02 -1.250332579929022414e-01
3.461952982413771807e-01 6.799099091315874421e-02 6.039183803232650583e-02 1.119180384483259016e-01
1.817552623219257590e+00 2.329212506823992168e-01 3.103907955896405557e-01 4.497276339349073337e-01
3.898208311788269320e-01 3.678879444272988852e-01 3.334714672347121045e-01 3.211326695339408177e-01
6.534061263070134462e-01 2.526311223852106824e-02 -8.491111645776000527e-02 3.433136419004775841e-02
8.961796056355759710e-01 -4.319674861476586747e-01 2.303160529413321722e-01 -1.244069368025347566e-01
-1.997882955228338142e+00 4.551681765033305238e-02 -8.380660565997422040e-02 -2.729374628172058781e-01
-1.184540430603636008e+00 -1.059545449827457686e+00 -9.483294097720154081e-01 -9.663040670286986433e-01
-9.268306432669493056e-01 -2.048689404870460140e-02 -1.409402153871769370e-01 1.512888134837853116e-02
-1.161880413310874660e+00 3.237084951061897087e-03 2.909689636641473731e-01 5.825611368760041930e-02
-6.455431102474098459e-01 -1.682504291133981034e-01 -1.050119558558330612e-01 -1.951128748117103573e-01
1.018269514499394734e+00 1.171933796902341063e-01 1.322671230435115697e-01 8.226763014974897148e-02
1.508597879233328776e-01 6.238628157232695148e-02 8.333580088568937061e-04 1.301178441304477462e-01
-6.724569020695159161e-01 -1.090215284536513451e-01 -1.502425184104389244e-01 -5.365182787371019363e-02
-2.329021844102849848e-01 -6.997147338925094329e-02 -3.254658329544957152e-02 -7.866236480279981125e-03
-2.607511883924549245e-01 2.485845332249226602e-01 -6.063784805666906641e-02 1.113870118677086352e-01
8.939323957485703076e-01 -1.975480384015530499e-01 -1.145581521933548563e-01 -3.508596392839125055e-03
6.723080309016572498e-01 5.875272799703714632e-01 5.027353037179430606e-01 5.365321866954970709e-01
6.332023702137510313e-01 -2.691584550246986507e-02 1.127115580577757181e-01 -1.151118659905026043e-03
4.284269762594306030e-01 1.214594970382532335e-01 4.950363974482474561e-02 1.224349454646110336e-01
6.573942702832130669e-01 -9.193604851734750449e-02 -3.298342507090704645e-01 -1.345202653518742797e-01
-1.025477694787771288e+00 -5.975208059707751151e-02 -1.382425839028103565e-01 -2.178697710548620492e-01
-1.993229182769825081e-01 -1.922169486852307596e-01 -1.790052902081342157e-01 -2.567329582218504935e-01
6.648618699822133049e-01 7.785685641061873552e-02 1.087564393694793047e-01 5.734180340332212245e-03
2.587111567053539396e-01 9.149771611676119076e-02 3.695196175179227271e-02 1.906580291622447798e-02
3.075880567762533935e-01 4.801512859124262844e-02 4.208523260872004679e-02 1.686461204325254426e-01
-3.237399854620433004e-01 2.810229365344901753e-02 8.900103978745710354e-02 -2.105253034096779552e-02
-3.566647692910760448e-01 -5.896487277642734059e-03 -3.316167275934278624e-02 -7.924061575839078109e-02
-6.719527677638287289e-02 -5.887770797067315431e-03 -1.793688860821540665e-03 -3.857231696156468437e-02
-4.522896167817669344e-02 1.099834897979254378e-02 8.859891819838289218e-03 -5.081965732016940906e-02
3.091818317435793273e-02 -4.369026816965730642e-02 8.293207796477346239e-03 -2.176651016625650789e-02
-1.440110194023202228e-01 5.998174957223122161e-02 4.289933663748954351e-02 1.998405221374364299e-02
-1.174214771664347373e-01 -1.007848276306829022e-01 -8.154558961787601590e-02 -9.236460825249168116e-02
-1.386021955599534283e-01 7.203671043079187819e-03 -3.484544065548782210e-02 -2.520508344131672240e-03
-1.237765957078416496e-01 3.370019676616889392e-02 9.234557676653354363e-02 4.452373469305814790e-02
-9.708204209101867210e-02 -2.624783085217233941e-02 -7.081534059084675092e-03 -2.580234809843202914e-02
3.058750039295936030e-01 2.616865312734807658e-02 5.537505540954201777e-02 7.656475479770230574e-02
6.628475028848765382e-02 6.743895869147184530e-02 6.384124216886705172e-02 8.464366721189578446e-02
-1.671886030671263512e-01 -8.401805993493723090e-03 -2.566959355992138106e-02 1.296995398299194413e-02
-6.259380971489289514e-02 -2.686624153162397999e-02 -1.175633090648325885e-02 -2.511589414741555171e-03
-1.945033395815130572e-01 -2.709598984164178492e-02 -2.282965223852101433e-02 -1.519481132684471769e-01
1.183163710746048258e-01 -4.012355109920641427e-02 -4.626104325695717945e-02 -4.709975533835596140e-02
1.700545084275039143e-01 8.929431848029439900e-05 1.569925211817588262e-02 4.163130547624027678e-02
2.725654457210610615e-02 5.104895975216627857e-03 6.029174471549408887e-03 1.705389121557557286e-02
3.738155068179319085e-02 -1.150343773892831267e-02 -5.538306285827715447e-03 1.794236519850297973e-02
-1.767749739539427045e-01 -4.390655420636943584e-02 -3.082382345783069022e-02 1.370126885350041457e-01
-1.560295459030051624e-01 -3.870511932604286942e-02 8.380210386337311190e-02 -1.209020379893900599e-01
-5.444918412566729371e-02 -4.826195669194643934e-02 3.609177468006838363e-02 -7.438738527775784481e-02
-6.524998024200379110e-02 -1.515344964319940979e-02 1.684695049880469142e-02 2.207673631076029208e-02
6.201900870900553531e-02 -1.533641060061446959e-02 -8.206177304469486344e-03 -1.020946272529069110e-02
-3.284799378606374776e-02 -8.067473321703433342e-03 4.989325273531686200e-04 -3.579757152757898075e-02
2.083255895547710956e-01 4.025657447301148606e-01 3.783053687887256156e-01 3.887598957275956724e-01
8.493996726145902273e-03 2.350544056996394134e-03 3.785046026272197769e-03 3.724790216447597217e-03
