-6.317936531620722551e-01 -3.580763573446753556e-01 -4.525470830464703997e-01 -1.442371015911009469e+00
1.067741700273581729e-01 6.190529507018954769e-02 7.450877126965246844e-02 3.992531974881713963e-01
1.823080596863509983e-01 -6.285543735096292550e-02 -1.531177066540841125e-01 -3.879487604984444005e-02
5.472896197798992057e-01 -3.576559922512823064e-02 2.237262450381091172e-01 2.549866069130956259e+00
-8.977252599136614775e-02 -4.691908594316372971e-01 -3.947221144647519164e-01 -5.152028159682656150e-02
4.451883535149925297e-01 3.605381409089251643e-01 5.414636984368129680e-01 8.352926173999991599e-01
-1.973728401551348433e-01 1.529273608592832678e-01 -2.387618670346335348e-01 -7.730226874520229607e-01
-6.250473711753758987e-01 9.042795397379990718e-02 4.279062609874709211e-01 6.306175324998930520e-01
3.432952068827430647e-01 1.087317447070254295e-01 -6.282845453300663074e-02 -1.618662527726993094e-01
-3.524703947429795869e-01 1.768724939360079018e-01 -1.378753786388786651e-01 -2.307306034026606056e+00
8.703063714341625623e-01 1.932702808436517761e-01 1.048003445054372040e+00 1.308828537614577403e+00
1.317305046723632245e+00 6.656368468379663117e-01 2.116066966760786761e-01 -3.973350154564709857e-01
3.832203982124089969e-01 4.402478366670653509e-01 4.936729569716055699e-01 8.963917581095657283e-01
1.413158264282663890e+00 1.359147173095366368e+00 2.125707308223031333e+00 1.843536089684739032e+00
2.433185109392440038e-01 -1.324735301754242922e-02 -2.804044640976821046e-01 -1.194763398145525679e+00
-1.879768943800782521e-01 -4.306092343865719485e-01 -2.762878785321013497e-01 -1.174451739771206427e+00
-3.347176002983114351e-01 -4.757865643012726409e-02 2.780326857644337402e-01 -2.612639632593848349e-01
3.562929885107506967e-01 5.400454880644784961e-01 5.423253022245274613e-01 8.651999553561829925e-01
-2.605140211856654675e-01 2.368102773324892996e-01 1.754757217895560883e-01 -2.325219407592997722e-01
7.898036001758093616e-02 -1.481883455184898613e-01 2.446120980383414967e-02 9.082963619028063817e-01
-4.365118584025877158e-01 3.001460392225446805e-02 -5.497958727026927006e-01 -6.332216274758619701e-01
-8.490299794381291898e-01 -6.408187835843111024e-01 -3.527579554702061082e-01 1.104590596084248366e-02
-3.542336705780461670e-01 -1.325118256460754984e-01 -3.050019020334379105e-01 -8.564908707449362391e-01
-5.371074531297238552e-01 -2.523605990797628262e-01 -1.077396601465419601e-01 6.578258234032132723e-01
-9.211532218831033347e-01 -8.329767802675089872e-01 -1.603555974640284765e+00 -1.226024070515675302e+00
-1.638899488489123923e-01 9.780821520888949294e-02 -1.340163405721226941e-01 1.631290267432063956e+00
1.046979060683594476e+00 6.632349480162972322e-01 1.557960393675298372e-01 6.353891743530990510e-01
-2.180712186838379418e-01 -3.955426189263174797e-01 -5.244716913187548180e-01 -9.638433847170602142e-01
2.574710025913622413e-01 -2.147955071815822736e-01 -2.759768982821491079e-01 2.791497036596262138e-01
-7.833713888369351341e-01 6.667691468528121057e-02 -1.619283751593948439e-01 -1.490776699428162377e+00
-9.741179552722933899e-01 -1.376152976850452681e-01 -3.699919587655269293e-01 -3.949573230603101170e-01
-3.059186226018754673e-01 1.731086286342675695e-02 -3.977678883785462638e-01 -4.029995077754647825e-01
-1.658982648540139881e-01 -1.807763462714768732e-01 3.708263906439440705e-03 3.086196267520383008e-01
-1.736310557811093225e-01 -3.577118872647178094e-02 -3.622307491504524191e-02 -7.773659374777502906e-03
-2.039934642703904177e-03 3.597880838094805189e-02 1.942458547270438374e-03 -1.294270052439188690e-01
5.305482752461869456e-02 -4.759471265837596221e-02 7.811283313430719688e-02 9.398224822140367751e-02
1.678057167946956085e-01 1.505519443866839280e-01 8.548546941616864958e-02 2.277100852689892263e-02
1.125530246962446468e-01 4.240144491624778245e-02 8.674912318606761708e-02 2.118780112922329373e-01
1.187077384247957057e-01 1.222920273225645837e-01 3.298154353947917450e-01 2.244498356878105172e-01
1.636996171006260548e-01 8.445838004035259583e-02 5.579884608550999409e-02 -1.308027399045794403e-01
1.122270164857927521e-02 -1.104708721469674915e-01 -5.044338883750675018e-02 -5.483326031982111992e-01
-3.755733206459860307e-01 -2.437751937615567077e-01 -5.204590660504329613e-02 -1.980246545288628091e-01
8.665552727889386242e-02 9.816446378047322119e-02 1.350503037702974196e-01 2.820461223530909001e-01
-7.206353977138749145e-02 6.939688145298238131e-02 8.841059692361158406e-02 -1.015970048458079145e-01
3.189877936130420810e-01 -1.758132789087564762e-01 6.632882442735393846e-02 7.757475387795378374e-01
4.428132114860515722e-01 -3.616628597357184061e-02 7.316039478040317623e-02 1.375292058213848367e-01
3.211471561348094861e-02 -9.640615326805918039e-02 1.942715231620013028e-01 2.110097258707762935e-01
1.248695268017329246e-01 8.813740671782488434e-02 -1.984813167948033807e-02 -1.848265567724639014e-01
3.500958657440876587e-02 4.608003017763383224e-02 2.958792672402961454e-02 7.196906792747786996e-03
-2.180352502613912002e-01 9.788758500024810627e-02 6.145013384711216220e-02 -6.365059535975213789e-01
-4.628498124221308574e-03 -1.388023183926693771e-01 -2.337291225473746570e-01 -1.231964075704025663e-01
-7.236410604144272174e-02 -6.336193617742008621e-02 -3.753909841831983007e-02 -1.059309134972152011e-01
-1.871736245713276348e-01 -1.106809417169229981e-01 2.190666648672345840e-04 2.229858166253697038e-01
-2.345858469418219405e-01 -5.394137711984647865e-02 -2.046720759515741062e-02 -9.197397876608989775e-02
1.722725695395805334e-01 -5.349927207456367517e-02 -3.898874849222744299e-03 6.198078654032540546e-02
5.325083167580961785e-01 5.082570814079614419e-01 5.179341469995690783e-01 5.923275483392509422e-01
1.985483225175080010e-02 5.315230426220070303e-03 1.044712176835590513e-02 1.928817414292227639e-02
