-1.596346774755022846e+00 1.967036289767477575e+00 1.080245882511472244e+00 0.000000000000000000e+00
-1.793424740601890222e-01 7.798282857904927923e-01 2.724814429141892980e-01 0.000000000000000000e+00
-6.498536494615101411e-01 1.623229533435981642e+00 -1.230227389170061914e+00 0.000000000000000000e+00
1.106892184543756263e+00 -1.669845587233841425e-02 -6.825133345343786795e-01 0.000000000000000000e+00
2.555247492792820929e-01 -4.658040480478416873e-02 8.054660143019240492e-03 0.000000000000000000e+00
-7.004782479254534344e-01 6.439208641995841642e-01 7.887954880854641804e-01 0.000000000000000000e+00
-4.587931258076056174e-01 -7.082082636911533058e-01 1.163212454203349955e+00 0.000000000000000000e+00
7.136533023748570237e-01 -1.327261122357713818e-01 -1.751029165739572957e-01 0.000000000000000000e+00
8.476717107295843601e-01 -8.410980943344520400e-01 2.601398386311130073e-01 0.000000000000000000e+00
-1.203343847183947352e-01 -1.349512084957656122e-01 1.475097517658689794e+00 0.000000000000000000e+00
2.736654700482074043e-01 -2.719745497744763263e-01 -5.529935622813938328e-02 0.000000000000000000e+00
6.094611532429061729e-01 -3.752056673262643693e-01 -4.773430193492311790e-02 0.000000000000000000e+00
5.840125730788060521e-01 -5.321194725043323359e-01 7.163592429359853971e-03 0.000000000000000000e+00
6.009553972957630830e-01 -7.311427503852151455e-01 -2.603330805991839192e-01 0.000000000000000000e+00
1.041429897560687490e+00 -5.301516372934215182e-01 -6.895779228463712329e-02 0.000000000000000000e+00
1.931484350499307612e-01 1.246452220217747764e-01 -2.620552056919639439e-01 0.000000000000000000e+00
-5.839574300658542105e-01 1.034702323328770657e+00 -6.032019692216216145e-01 0.000000000000000000e+00
-4.238472775117990143e-01 -3.907276460069023516e-01 1.056834052924024325e+00 0.000000000000000000e+00
-8.509947728071447504e-01 -4.693777194835387356e-01 -4.332095224842845149e-01 0.000000000000000000e+00
1.626716278078505218e-01 -3.729760292844917086e-02 -6.470935357716317560e-01 0.000000000000000000e+00
1.124780544847704122e-01 -1.656723781948584995e-01 -3.642646569394138167e-02 0.000000000000000000e+00
2.347459737331661356e-01 -1.841223775410055774e-01 -1.881555674023040886e-02 0.000000000000000000e+00
2.201331080550923414e-01 -7.492156402498804935e-02 -1.487465636140640479e-02 0.000000000000000000e+00
4.556610061663359246e-01 -6.059493215253591858e-01 -4.331657624802902617e-01 0.000000000000000000e+00
6.462742355674507000e-02 1.534776878259093147e-01 -3.588715566800090295e-01 0.000000000000000000e+00
5.194357680805699040e-01 -3.288248966032987775e-01 -3.166561943997842632e-01 0.000000000000000000e+00
-6.708308621317090603e-01 9.997283419984341613e-02 2.173558458911243885e-01 0.000000000000000000e+00
-1.764321338616847701e-02 -3.763995332462069521e-01 8.553462480178816163e-01 0.000000000000000000e+00
-6.731791751288223463e-03 -2.557439338413075580e-01 6.737791161317027711e-02 0.000000000000000000e+00
-1.399817810059864609e-01 -6.387504021948666733e-01 2.058071434501199948e-01 0.000000000000000000e+00
-1.413823530815303542e-01 4.851183888029545616e-02 -6.714899439649083535e-01 0.000000000000000000e+00
1.633914184542722969e+00 -7.330590145733117957e-01 4.166607417131154567e-01 0.000000000000000000e+00
-1.006806810419270448e+00 -1.462573215777537017e-01 2.188798027693831805e-01 0.000000000000000000e+00
-1.207172642526483930e+00 -1.250872494119830147e-01 1.313991827226806519e+00 0.000000000000000000e+00
-1.509743628254077985e-01 -1.254120689071471340e+00 1.642009655935629253e-01 0.000000000000000000e+00
-1.060730434886275192e-01 6.867952809211501364e-02 2.557476001401945767e-02 0.000000000000000000e+00
-1.522242774214168370e-01 1.634857657264431607e-01 -1.439421229850743403e-02 0.000000000000000000e+00
-1.512972436977836621e-01 2.818430122246552982e-01 9.013950796858917480e-02 0.000000000000000000e+00
4.679750134746340703e-03 -1.446710147169849581e-01 -3.688092205852124827e-01 0.000000000000000000e+00
-6.164545418857836356e-01 2.698186841557038140e-01 7.247367794751558012e-02 0.000000000000000000e+00
-2.603236028539707148e-01 1.033896445616550308e-01 -3.375936921496678483e-02 0.000000000000000000e+00
-1.136147967680657622e+00 8.234767400819967276e-02 5.201573920813772345e-01 0.000000000000000000e+00
-6.740996005446116268e-02 8.114365598286001902e-01 -4.322103910941526572e-01 0.000000000000000000e+00
-4.868487385505509968e-01 3.970349491484250204e-01 -2.292647783851289311e-01 0.000000000000000000e+00
-3.969492296844834844e-01 -3.861166118323599017e-01 -1.528709802121032760e-02 0.000000000000000000e+00
1.499961094409748841e-01 -7.374769275587849116e-01 -4.564053925043262683e-01 0.000000000000000000e+00
1.205473936617845299e+00 -5.714143602748891215e-01 8.300826449467918478e-02 0.000000000000000000e+00
-7.610697577860793261e-01 1.290688886194191864e+00 -4.505353325858351132e-01 0.000000000000000000e+00
3.641915311187362003e-01 3.336298994881575775e-01 -2.553046520277949538e-01 0.000000000000000000e+00
-2.472735741004983556e-01 -7.059469651389324585e-02 -6.812252102345528471e-01 0.000000000000000000e+00
1.678743305228588278e+00 -8.868002086924955396e-01 -1.018049719738804759e+00 0.000000000000000000e+00
3.418394765492771548e-01 -1.237371560719962682e+00 -5.967261069649028027e-01 0.000000000000000000e+00
1.440559799472755254e+00 -1.397412820192951655e+00 -5.295358124141222866e-01 0.000000000000000000e+00
-1.220142138728909975e+00 1.019277138788004855e+00 3.493975813243314077e-01 0.000000000000000000e+00
-1.509481728459671102e+00 -1.167280416697801471e+00 5.485026277394497995e-01 0.000000000000000000e+00
-5.411096557529462281e-01 1.756001452285962383e-01 -7.706891739842300915e-01 0.000000000000000000e+00
