1.197512194411313180e-01 3.820072643167351512e-01 1.366144102339182306e-02 1.238307427234003888e-01
-6.788734914138122578e-02 1.706417153313843915e-01 -1.326878868248258236e-01 -1.058812671438726649e-01
-1.599623834014236856e-01 -1.364687851763863868e-01 -1.349792434343644598e-01 -1.580479256677024824e-01
-2.525624633449066181e-01 -5.543630653348037285e-01 -7.246491339815550048e-02 -2.781463451658947039e-01
-1.534999832586809720e-01 -3.349010090864922295e-01 -1.382470276990850899e-01 -9.181744345031202237e-02
-9.745827684776742217e-02 -2.292420781728969903e-01 -9.857084596028450885e-02 -9.665677814927446654e-02
-1.749181394444396798e-01 -5.571214919968084933e-01 -1.667190806888497190e-01 -2.034567708167999145e-01
1.537752410072301679e-01 6.775407255458043565e-02 1.212561478907103890e-01 1.974625458258482680e-01
-2.545019265096261640e-01 -3.516574671560404042e-01 -2.196061641609786119e-01 -1.996488097759602232e-01
2.080666980252789955e-01 3.481686361953515441e-01 1.013406253025641857e-01 2.738829861913534280e-01
-1.153368860397030460e-01 1.257681573454377810e-01 5.720951400065260595e-03 7.083008671529167355e-03
-1.925308237900202890e-02 1.004114714779511530e-01 5.430087540061967477e-03 -8.571715199540241859e-02
-2.206159383683668485e-01 -5.605201161864155068e-01 -1.265789537776890739e-01 -2.799282719520901908e-01
-5.941154014766358848e-03 5.284753377840489819e-02 8.561983836064879227e-03 -6.736410990332875048e-02
1.295439205228586799e-01 2.857453880472782259e-01 1.229524090648833057e-01 1.020929237715167970e-01
-2.605570424942623697e-01 -7.440109131226466666e-01 -2.000672711535603915e-02 -1.293542939820232496e-01
-1.425910934196894519e-02 -1.365029114890792261e-01 -1.941970114671022138e-02 -1.277802915267978179e-02
4.710520311053234543e-02 7.956568381203066309e-02 7.713266264552549878e-04 9.585879550577602881e-03
-9.996428942896151693e-03 1.022423924170661746e-01 6.131096124778356860e-03 1.323074454023856483e-02
-3.412475652390362102e-02 -7.309492748670148865e-02 -1.574414212493661924e-02 -8.374643176479673601e-02
1.209654409177067791e-01 2.846584561553044956e-02 7.131936891218049190e-03 2.016635591738077937e-02
-8.405770392418965287e-04 -6.501247507558116645e-02 -1.449648546979073749e-02 3.254274807642676404e-02
-6.842315370501872440e-02 3.764348780059777466e-01 -1.629926291207919875e-01 -2.270674234477720876e-02
-7.076411458353459860e-02 -1.250197597338981170e-01 -5.942955314066322714e-02 -3.776859597545706437e-02
3.403034472168994795e-02 4.311653707566431848e-02 3.527415489194662968e-03 6.865513649120733031e-02
1.837682522008634578e-01 7.982814650514464816e-01 2.350146969273075870e-02 1.586620219667913279e-01
-2.442801497848523518e-02 7.970072478828205131e-02 -1.229230234358794083e-03 -4.254719077510593639e-02
-4.075508248024573010e-02 -1.003280062936589001e-01 7.986871446221885384e-03 -1.572045137443621454e-02
1.295631463483337686e-02 -1.107425737935970045e-01 -4.570053636567261712e-03 -1.069120410546010869e-02
1.579083914931023180e-02 5.500005309212057103e-01 1.681589356088958320e-02 -1.577761031573823858e-03
7.308340056120576911e-02 2.518901996810735122e-01 1.463485751928673279e-02 2.789415145148288477e-02
6.645004428553957787e-02 1.868588730009468346e-01 1.825577771765672652e-02 6.056284655398963546e-02
1.132226254107082664e-02 4.595444115144098340e-02 1.308603401641718345e-02 2.215846105437214997e-02
2.076792460334875301e-04 -3.689333584836829161e-02 2.461813790235523047e-03 2.182977653218981517e-03
-3.612891583673998042e-03 2.773919607665022158e-03 -2.649149025055301532e-03 7.662638067378442497e-03
7.569255747217396024e-03 2.673351850471877844e-02 3.618743972029472844e-02 3.297743742761401198e-02
-4.449102702954454980e-04 1.155739585657800106e-02 3.092303405723112464e-03 -5.728135785413812631e-03
-5.876735218641551683e-02 -1.640037720906249163e-01 -2.583608893700514719e-02 -6.374823815524477411e-02
-7.813933071438156075e-03 -1.205610760657593872e-02 2.946490923773067983e-03 -1.297161479924901356e-02
1.414943784503083779e-02 1.917233323624510655e-02 1.063226765424641479e-02 4.742875458883411000e-03
-1.320671837749868294e-01 -3.247853381717952792e-01 -8.478150958218294564e-02 -1.384244597890982309e-01
1.152047622297786011e-02 -2.178541787241050631e-02 1.024882459672325774e-03 1.786419905135012282e-02
8.298123593384290619e-03 2.672105617171038894e-02 -2.254773577182733746e-03 2.338895360209047175e-03
-5.632672700883578631e-03 2.810681358379164829e-02 2.744713850733188076e-04 2.652032889605145105e-03
4.264251833349352871e-02 -2.739396313776530922e-01 -2.801779091834057100e-02 -1.046471082472080760e-02
1.760042349512491722e-02 -9.422859241809689035e-02 1.047484538099032608e-02 7.682634505060376151e-03
-2.686868838949185712e-02 -8.663551082328102559e-02 2.621148290000999137e-03 -2.866873754480459002e-02
-5.694978888178214849e-03 -2.164943940506902642e-02 -8.248878283660564942e-03 -1.215052297167344697e-02
7.687040168562753184e-04 1.748077713892720597e-02 -1.600362209897100707e-03 -1.133604611681562901e-03
1.705204090472848266e-01 1.932151876432159354e-01 2.857104889745207266e-03 7.235036327213140162e-02
7.071064824399436732e-02 1.364477400798936868e-01 2.162795820656412960e-02 5.685471437458930466e-02
1.170574287497028187e-02 5.010914393002807721e-02 1.518036127546598668e-02 3.047240590276313610e-02
1.325561487108362080e-02 3.314406361066335460e-03 2.066213208077108399e-04 4.697251070491709202e-03
7.140410787762119238e-03 2.931860206358549714e-03 1.557169948119413450e-05 1.379915301755518797e-02
1.895150417277946531e-03 9.397977220228642681e-03 -1.148731417564691215e-04 -3.156107356803716790e-03
5.763998827286473392e-02 2.504750773439623490e-02 6.524699754406262930e-02 4.584143910732706162e-02
1.393485858247559906e-03 1.797716308682492312e-03 6.706306076188098351e-04 1.078571592335981003e-03
