6.454504523948630113e-02 -3.747315408338086407e+00 1.302760534667457559e+00 1.160770195882657452e-01
-3.003535286528120629e-01 3.658041526169051760e+00 1.896567392355320014e-01 -2.851531770599328719e-01
-3.033478178556325844e-01 -6.382167681487309618e-01 3.113282698187744835e-01 -3.015649580989870349e-01
-5.204661091673127293e-01 4.169872238262403386e+00 -2.473127505942088966e+00 -6.965082986517628916e-01
-1.289100787773257983e-01 -3.414827104515012479e+00 1.118609447549470781e+00 -1.590469860286151393e-01
-7.271720011458285282e-02 -9.606407197122281971e-01 -5.405358186390289976e-01 -6.734548849678675952e-02
-1.623561216659139550e-01 -6.668221625843321121e+00 -1.632052821720653801e+00 -1.104028900809491398e-01
1.692049372951889286e-01 1.833270176742734847e+00 -1.140934849012366303e+00 1.323087014209988477e-01
-1.624650364752684151e-01 -5.594838072785702110e+00 -8.563705203208509253e-01 -2.333562135522270209e-01
4.074547997561334123e-01 -2.979211823824976957e+00 1.873291912507228707e+00 6.171508241081018475e-01
-4.040787475357061065e-01 6.179118662636654769e+00 1.454868503922891465e+00 -5.997127895948672904e-01
6.429378093567934827e-02 -8.090966635738432444e-01 1.185227761778943734e+00 1.160843134412788968e-01
-2.486695115803377876e-03 5.770392860230732168e+00 -1.740761684760399497e+00 6.330953831917057739e-02
5.742629917835007092e-02 5.448602608256692292e+00 1.100385572676906065e+00 7.594903118794135710e-02
1.307776172265944781e-01 1.816161216294283065e-01 7.076509811751654500e-01 8.453630889988617003e-02
-1.937294474667612398e-01 -1.020618564937830897e+01 -1.852635693068110712e+00 -2.891448798927962471e-01
-1.703838650984764724e-01 -3.901642801245285952e+00 -1.288274398693918910e+00 -2.464329234570168392e-01
-5.645454181363336599e-02 1.717544993338671055e+00 1.357323149352908098e-01 -4.117750308465933928e-02
-1.413102610798969150e-02 2.647394231559394129e+00 -2.977279468777830895e-01 -9.202979726348592404e-03
-1.018621201708030111e-01 1.149097659154393769e+00 -6.239418712337702067e-01 -2.051725900141256331e-01
5.166250564641017284e-01 -2.594713664441706147e+00 -4.931754958215979756e-01 6.533387920731078546e-01
-5.340546745393782990e-02 -2.751119381579236745e-03 -4.896333069491696222e-01 -7.710498694277295728e-02
-3.380831912577209053e-01 -3.280351850269220826e+00 5.359657477582080443e-01 -4.463005200333071687e-01
-7.819424681600772864e-02 6.999857105388594958e-01 -3.588972843721208728e-01 -2.855273572215577538e-02
3.532090534121219705e-02 -1.920469072770751850e+00 -5.913281248462129991e-01 8.383571827366062545e-02
1.470586328321299430e-02 4.620649557793250040e+00 1.391766860477333001e+00 1.577229494547923438e-01
9.879227668077888991e-03 2.402666752718491949e-01 1.248794154582234306e+00 1.761247794789312093e-01
5.716804200951192128e-03 -2.674819044004306701e+00 -2.071939306003985903e-01 8.359433891738554667e-02
1.490318025788478495e-02 -2.264351349320772755e+00 2.433982076056836474e-01 9.967784099031096190e-03
1.388805231840506416e-02 1.380402277811397127e+00 -1.374599027526803630e+00 -4.947275798130867930e-02
8.504596449786222534e-02 9.343837908006834780e+00 1.024600581074100347e+00 1.964072785296949730e-01
8.462246137581491690e-02 2.127588469469836152e+00 4.462032934384767557e-01 1.910207109336727327e-01
2.737927832470712919e-02 -1.529729674180337007e+00 4.574643447638181426e-01 5.259163955631079856e-02
-4.500820599642463282e-03 -4.550420411760507378e-01 4.117011397422700170e-01 -1.015384540161434757e-02
3.031741912286275292e-03 -1.784147201610188360e-01 7.379090225165123307e-02 2.087633273487006502e-02
-1.035426903362454965e-01 4.310946217498642929e-01 9.351218234467088830e-02 -1.331973837116077475e-01
7.878669395958212002e-03 1.109384177311178998e-02 7.098365683150997807e-02 1.041363227513328327e-02
2.116974534189027812e-01 8.146266996704349950e-01 4.737839514925869244e-02 2.520872529694307418e-01
-7.649376608054113402e-03 3.728877042227380922e-01 1.353067243007044784e-01 -2.996663343888516726e-02
1.503738159758371412e-02 -2.079050496464030506e-01 6.949760888680686644e-02 -1.614773195354482493e-03
-8.160762757180900495e-02 -1.112431840105484460e+00 -5.593405031833820207e-01 -5.360263841115797678e-02
6.980536485152857851e-03 5.588665743714025247e-01 -3.706772316834735514e-01 -1.912042767195885895e-02
4.965360204960675428e-03 7.350895227090958883e-01 8.030386282662682618e-02 -3.313698409345244844e-02
-5.395788932231387891e-03 4.984456521621019598e-01 -3.034820900718618319e-02 -2.085732615774271714e-03
1.235880258396496734e-01 -1.110952234182659204e+00 9.293537288574056365e-01 2.946323771915356771e-01
6.097753482909103878e-02 -5.001364429595808403e+00 -3.794408228666857896e-01 1.411478375849967160e-01
-1.584045652678876814e-02 -1.636917675997771493e+00 -2.576527845774601033e-01 -1.502679340570084454e-02
-4.473336994339244255e-03 4.595271709299093565e-01 -2.713780789396549320e-01 -2.010728432409014665e-03
4.351091052635230882e-03 1.100689907399141632e-01 -1.840601881421770059e-01 2.143456959959932906e-02
2.454127084926948643e-01 6.363814192625084409e+00 1.773922740660073050e+00 2.242059007999156750e-01
2.699835071110083806e-01 2.426164892943103002e+00 4.524441942414568762e-01 3.252956233284715060e-01
1.433507332337009277e-01 1.601079835057991563e+00 2.121694510090768870e-01 1.664704668977525781e-01
4.638726663948042339e-02 5.236319785891555556e-01 1.925801668506555986e-01 5.980234870750680831e-02
2.259431790941486551e-02 3.325066600145474283e-01 -1.509029098522811085e-01 1.505579512725663260e-02
5.423192157400683056e-03 8.611290603706067692e-02 -1.176636073724438292e-01 1.266438094680108484e-02
1.538336792381516660e-01 1.559429416785840239e+00 -1.509350918283576537e-01 1.538568216503222452e-01
4.295264829286539639e-03 1.518062383174544061e-02 9.857470997851967842e-03 4.622879350044010148e-03
