-2.219533719267604344e+00 -3.436270366351097394e+00 2.758446447961177217e+00 0.000000000000000000e+00
-1.061989499885679367e+00 -1.370561633918672140e+00 3.860927972734689018e-01 0.000000000000000000e+00
-1.734062345422713980e+00 -6.428828451881036798e-01 -1.644678499198482191e+00 0.000000000000000000e+00
2.970208669517979128e-01 -3.732359292178434873e-01 -1.750873154587917924e+00 0.000000000000000000e+00
-4.707525078017862352e-01 -3.284377452793657559e-01 -1.365333397937413817e-01 0.000000000000000000e+00
2.387533504871579115e+00 9.583416256033095992e-01 -1.204826605084209357e+00 0.000000000000000000e+00
6.064735962052321128e-01 -1.179804540313564853e+00 8.444206590593766881e-02 0.000000000000000000e+00
-2.654351674485564416e-01 -2.489479301231459912e-02 -1.086819727743706165e+00 0.000000000000000000e+00
2.093614225632924319e-01 2.734473781214525889e-01 8.002085460554779484e-02 0.000000000000000000e+00
2.481819732390240674e+00 1.365776276768718267e+00 -2.799827804039361823e+00 0.000000000000000000e+00
-1.980224895124030327e-01 9.849943416386713196e-03 -1.071589408099521828e-01 0.000000000000000000e+00
1.228386569462628225e-01 1.167727149768520156e-01 -4.126146106612922360e-01 0.000000000000000000e+00
2.843096628594732334e-01 4.687813327356215032e-01 3.531138466032252565e-01 0.000000000000000000e+00
1.840107834637119577e+00 2.041758502876891423e+00 -1.450100269448967083e+00 0.000000000000000000e+00
1.824688463515614367e-01 1.296632763074248240e+00 -1.608445335888405436e+00 0.000000000000000000e+00
3.302125627232140315e-01 4.727171080664461233e-01 -7.465428917859550095e-01 0.000000000000000000e+00
-1.913771663134892664e+00 -1.741254594056030891e-01 -8.561792781470410896e-01 0.000000000000000000e+00
-1.352864824400366262e+00 1.308661261598149439e+00 -2.316574427639452871e+00 0.000000000000000000e+00
1.117473204654443469e-01 -1.030314189079598819e+00 -1.550035637177756165e+00 0.000000000000000000e+00
1.119824147868662356e+00 -5.504914336141694120e-01 -1.423354842152389610e+00 0.000000000000000000e+00
-4.782445308135004070e-02 9.788632940366850943e-02 -3.690632070332388465e-02 0.000000000000000000e+00
7.550995017409700694e-02 1.302992027814628140e-01 -7.275091944735655181e-03 0.000000000000000000e+00
1.284506362419164383e-01 1.897160207144432675e-01 2.395878185456635778e-01 0.000000000000000000e+00
1.173663418917490819e+00 1.009341644124046145e+00 -4.501500543686494660e-01 0.000000000000000000e+00
2.197049415661296301e-01 4.250525157264447018e-01 -4.201025198495749180e-01 0.000000000000000000e+00
-1.931757665098338961e-01 2.740616556678326932e-01 4.415901170223886507e-01 0.000000000000000000e+00
1.180389069851548900e+00 -7.209613630982139587e-02 -6.364635856362166333e-01 0.000000000000000000e+00
-5.228081617373419032e-01 6.481185739567022486e-01 -1.398289237037467769e+00 0.000000000000000000e+00
-2.073756424818333222e-01 -3.549759780358958117e-01 -6.128686120140610649e-01 0.000000000000000000e+00
-2.887542580333125608e-01 -1.049966073493009827e-01 2.633303671910005583e-01 0.000000000000000000e+00
2.887038036046446265e+00 2.767398404459514349e+00 -1.420865939204301043e+00 0.000000000000000000e+00
5.083927149726066297e-01 1.765505955795734661e+00 -2.473236589276037289e+00 0.000000000000000000e+00
1.126298056761820598e+00 1.913382622505749753e+00 -1.985199906690801486e+00 0.000000000000000000e+00
2.503532907228868343e+00 1.054477117540810971e+00 -2.400809885746084227e+00 0.000000000000000000e+00
1.511231236164976011e+00 -1.641089645337719671e-01 -2.753634138734246672e-01 0.000000000000000000e+00
4.605300824571582213e-02 7.295470037812656905e-02 -4.533042181011789906e-02 0.000000000000000000e+00
-6.745723004840616099e-02 1.750884629086109090e-01 9.016367368537622773e-02 0.000000000000000000e+00
-5.101281616906318261e-02 -1.969331800534175059e-01 -3.657983427458427750e-02 0.000000000000000000e+00
6.200743386364887533e-01 -4.193905134908566534e-01 4.119830713929355515e-01 0.000000000000000000e+00
-3.180717574155123625e-03 -7.499047827279617939e-01 1.016615225956477575e+00 0.000000000000000000e+00
-8.931517951075677864e-02 -3.154221715971212703e-01 1.841372452578637353e-01 0.000000000000000000e+00
2.086793509463874763e+00 -3.269122167925093692e-01 9.449477206732089310e-03 0.000000000000000000e+00
4.852912169169838474e-01 -4.818727579571439601e-01 -7.157261318310801368e-01 0.000000000000000000e+00
-4.255863442500069094e-01 -6.387768925959226574e-02 5.136113161293723861e-01 0.000000000000000000e+00
-9.436768774201588217e-01 -4.165123678506280069e-02 1.808811203158656733e-01 0.000000000000000000e+00
1.295220672529699968e+00 2.059470320242142716e+00 -8.120125369943644866e-01 0.000000000000000000e+00
-1.524511482510541693e+00 -7.016608657969463092e-01 -5.866450112606272915e-01 0.000000000000000000e+00
-9.912466346111635795e-01 9.346829673699929009e-01 -5.777474041515482384e-01 0.000000000000000000e+00
2.400314183690307468e-01 1.646208765098447380e+00 -4.552791622321367138e-01 0.000000000000000000e+00
2.006730986235621128e-01 8.368781026277039015e-01 -4.979201133900259743e-03 0.000000000000000000e+00
-1.518891500494679248e+00 1.665433440708046664e+00 -1.256244528352344236e+00 0.000000000000000000e+00
-2.426054735828190090e+00 2.336080376034325834e+00 -1.606942510646895528e+00 0.000000000000000000e+00
-6.680468520514264430e-01 6.693122820397118256e-01 4.438553346556576296e-01 0.000000000000000000e+00
-2.446755046381977536e-02 1.239993294955347825e+00 -1.491192081509824297e+00 0.000000000000000000e+00
1.332724451536946075e+00 -1.129798539034388316e+00 -2.481566388255907363e+00 0.000000000000000000e+00
1.075889973567206948e+00 -4.125318326047116013e-01 -1.331422420071971313e+00 0.000000000000000000e+00
