1.801190805568889219e+00 1.887475010911319195e+00 9.745028925844840817e-01 0.000000000000000000e+00
2.679884503939465867e-01 6.798582044510563804e-01 6.744563705268294962e-01 0.000000000000000000e+00
-1.464289845164346460e+00 -1.629843206132650935e-01 3.138278693480305304e-01 0.000000000000000000e+00
-1.651652650429303870e-01 2.355965263318324787e-01 7.073883220914860270e-02 0.000000000000000000e+00
-2.180296408057480831e-02 1.308589101062665461e-01 3.736678603775844820e-01 0.000000000000000000e+00
2.959706589644818808e-01 1.507399020823396496e+00 -2.963208303570604579e-02 0.000000000000000000e+00
1.130383088178108064e+00 8.985895426428425203e-01 8.397540012559717715e-01 0.000000000000000000e+00
-5.487597553138888751e-01 -5.958020999942086338e-01 -9.658119807475812335e-01 0.000000000000000000e+00
-1.605661635957176259e-01 -4.873033697046506574e-01 8.060772674459304454e-02 0.000000000000000000e+00
-5.874404037134674239e-02 -5.693332445525728369e-01 -1.040185793353713556e-01 0.000000000000000000e+00
-3.247220918536208867e-02 -5.349909265281423132e-02 1.603444254264571878e-01 0.000000000000000000e+00
-1.535015018093639494e-01 -5.606962071166408101e-01 -7.890774085626675038e-01 0.000000000000000000e+00
-8.659021259724496156e-02 -3.167210703508960279e-01 -9.066009593489157692e-02 0.000000000000000000e+00
-6.176018246991088478e-01 -6.787317805522692649e-02 -2.358085399771092383e-01 0.000000000000000000e+00
-3.008477401434502818e-01 -6.865785404184234775e-01 -5.783247312241055482e-01 0.000000000000000000e+00
-1.099332690627206899e-01 -1.381644446437555185e-01 1.648066674444737534e-01 0.000000000000000000e+00
-1.478134345221686408e+00 1.825314864004627669e-01 1.954883554727924744e-01 0.000000000000000000e+00
-1.101393615321962505e-01 -1.852271571987723076e-01 1.183689384255214527e+00 0.000000000000000000e+00
-6.592616541772735594e-01 -6.081072754628982224e-01 9.950332756644908461e-01 0.000000000000000000e+00
-2.052939326996337244e-01 -1.968964770769765504e-01 5.654727798853820264e-02 0.000000000000000000e+00
-6.472420803855799196e-03 -7.179686426844268665e-02 1.418041976633111108e-02 0.000000000000000000e+00
3.734428934462469957e-02 -2.433992977475598896e-01 -2.703781996861441272e-01 0.000000000000000000e+00
-4.293245986026155911e-03 -6.053812122976970356e-02 -4.907553141985793871e-02 0.000000000000000000e+00
-5.023721905749957140e-01 -5.963612371105655452e-01 -3.367775026863928378e-01 0.000000000000000000e+00
-2.797321313320270675e-01 -2.789811402265307549e-01 -9.214325289037689215e-02 0.000000000000000000e+00
-4.591877599314452690e-02 -1.165549028449712338e-01 -4.815598575529712044e-01 0.000000000000000000e+00
-6.820842972420821937e-01 -3.912209171651476192e-01 -6.894054485044548430e-01 0.000000000000000000e+00
-4.188387339135914156e-02 -1.733069942156388876e-01 4.053927230625245515e-02 0.000000000000000000e+00
8.842136807423210676e-02 -2.259546681417753944e-01 -4.578446930145428362e-01 0.000000000000000000e+00
-3.950130831281068455e-01 -7.824104220458463210e-01 -2.537895686205935419e-01 0.000000000000000000e+00
2.482407025318758842e-01 9.336346517519329424e-01 -9.751112591133740404e-01 0.000000000000000000e+00
-6.888979138498232402e-01 -1.101950864104589423e+00 1.095190555648068997e+00 0.000000000000000000e+00
1.250141067423288899e+00 2.153114097354952017e-01 -6.711613649906634782e-01 0.000000000000000000e+00
5.752669257228988364e-01 5.058727189710423566e-01 -4.659540288193825819e-01 0.000000000000000000e+00
6.747470612989587835e-01 5.878917976992950045e-01 5.929385858214327731e-01 0.000000000000000000e+00
-2.171855945199784726e-02 -8.671434848028933967e-03 -6.751748463163370628e-02 0.000000000000000000e+00
1.411119406484696026e-01 2.104518881224245186e-01 3.116928940107463464e-01 0.000000000000000000e+00
5.071851899432423816e-02 1.942573982145978095e-01 9.912591473676975184e-02 0.000000000000000000e+00
-1.024714286692039560e-02 -6.268030327396406642e-01 -4.384642244539029843e-01 0.000000000000000000e+00
1.392684600006488527e-01 4.907946598462171739e-01 3.702711211601795727e-01 0.000000000000000000e+00
-1.138872581242646037e-01 -1.855473905146567681e-01 -1.743458372174550575e-01 0.000000000000000000e+00
-2.014509237066043901e-01 -4.097904785078938517e-01 -1.689943138564233560e-01 0.000000000000000000e+00
3.995762046562833514e-01 3.959797290609261000e-01 -5.453360542638187036e-01 0.000000000000000000e+00
1.551093339876155053e-01 4.733837640901342736e-01 -2.584873102036643333e-01 0.000000000000000000e+00
-3.159227710160640301e-01 -6.656367687825411883e-01 -6.245210059235816180e-01 0.000000000000000000e+00
-5.475020215204802199e-01 -4.700898784586464152e-01 -8.207667627871789717e-01 0.000000000000000000e+00
-7.773053461942742715e-01 -2.651546447145101681e-01 1.603304839358623002e-01 0.000000000000000000e+00
5.553766167424194489e-01 -3.146164852680351509e-01 -1.076801167994814845e+00 0.000000000000000000e+00
7.883130657400301278e-01 -4.727018870709554649e-02 -9.510846149542779848e-01 0.000000000000000000e+00
-4.732954327361668656e-02 -6.381623585114985786e-02 -1.434473429915252007e-01 0.000000000000000000e+00
-1.586140869835731548e+00 -2.454389737823763074e-01 2.674990198136429909e-01 0.000000000000000000e+00
4.409733133146994111e-01 -2.947331979104121924e-01 1.326378858572233366e+00 0.000000000000000000e+00
-8.325033616966470706e-01 -1.869670583710850709e+00 1.791724544307030431e+00 0.000000000000000000e+00
-8.993438646985671969e-01 -1.803439796821159902e-01 1.069834343925603948e+00 0.000000000000000000e+00
1.564045187993990393e-01 -4.532545494925646068e-01 6.556804465943059101e-01 0.000000000000000000e+00
-4.589045223238542026e-01 -2.318409526538556253e-03 9.445989369742027741e-02 0.000000000000000000e+00
