-1.368489229896689308e+00 -1.432591402005806591e+00 -1.381390460299534606e+00 -1.343921950215234862e+00
-3.538336122477281354e-02 -3.222982627602673233e-02 -2.620891811026648810e-02 1.008910010239509603e-02
4.022384454199708081e-02 3.143750884524909583e-02 4.080756670030291633e-02 1.088798455674080679e-01
-1.487473491186162011e-01 -3.475151307987700555e-02 -1.389166041554690256e-01 -1.838771493368852594e-01
-1.642163187774325905e-02 -6.335985931324683573e-02 -1.353851271141365276e-02 4.882678656747746482e-02
1.460275682665987396e-02 -1.738616689180849662e-04 8.036034332438268812e-03 5.618149200849881231e-02
-5.930253733951207362e-02 -6.605847211877033387e-02 -7.914423430350919775e-02 -2.118864564664574290e-01
-4.791030200158008512e-02 -5.110101909049014068e-02 -5.974916847024680511e-02 -2.322546305002926581e-01
-5.424240451450193512e-03 -2.132793683549516484e-02 -9.489757283666577781e-03 7.243718833263010359e-02
7.229475578252320123e-01 6.270026474424696961e-01 7.272398647972443397e-01 7.270422093156811982e-01
1.946741646699723383e-02 2.114049488718150460e-02 2.995864532564951332e-02 2.905328348672904237e-01
1.611335083032594540e-02 3.331264508501519117e-02 3.913459344488745550e-02 1.957892736968800396e-01
2.308685577963842661e-02 1.273525761372371612e-01 1.705771261033031672e-02 -1.422659293206884057e-01
1.067502143974217999e-01 1.089533016109125452e-01 9.823757154897899690e-02 4.496523870003810153e-02
1.253638817741736800e-03 1.318323530411424915e-02 6.951337593947212734e-03 -8.306294847733697306e-02
-2.937832846485935456e-02 -5.507465202190486853e-02 -3.506314865102483358e-02 -2.097353615124966375e-01
-1.231822121573422635e-02 3.404761399640743313e-02 -1.044752019834555012e-02 -2.470776741002236043e-01
6.792035729384207632e-03 7.205448744244058457e-03 2.016120431990037210e-04 2.596391696889399636e-02
4.905119154278575477e-03 1.065022904234991241e-02 -3.007451438195238302e-04 -1.735621723401410688e-02
-2.920847384408887804e-01 -2.540013927979402064e-01 -2.983788944263402465e-01 -2.781475256545397068e-01
-8.494676497193764941e-03 -8.439597112647023724e-03 -5.624295417653635276e-03 -2.107341177352227701e-01
-1.573277378457749176e-03 -1.231689955907444567e-02 -1.505881233493000515e-02 -7.701555948227423176e-02
3.552293722702659640e-02 -4.508675991183352938e-02 3.451779267511062566e-02 2.135742428598831621e-01
-1.244441508629340332e-02 -1.084236378023561986e-02 -9.522492904205925868e-03 2.512857892719999597e-02
-8.082270247600778501e-02 -7.227799123170353113e-02 -6.174387528656910540e-02 -1.178460028527517633e-01
5.189465437002754866e-02 1.007447050905461716e-01 5.070825704172585158e-02 1.788099597202112423e-01
6.140092720490000766e-02 1.365868221090987822e-02 5.466993695530703024e-02 4.412262918678955259e-01
5.332008777362257090e-03 8.711529355165448241e-03 1.766143656101537562e-02 4.559175108998136938e-02
-5.330251767855676004e-03 -4.422025608624591264e-03 2.908392010000371286e-04 3.178590609125324373e-02
6.973889000027599927e-04 2.223499194942724078e-02 -1.510253725604027153e-02 -1.078426624395790456e-01
6.143859460841255560e-03 5.955803336014728333e-02 1.024598665990578139e-02 -1.006385661933174441e-01
5.853386238939051189e-03 3.055593639582676602e-02 1.361157643354526936e-02 -6.085303576865147557e-02
3.199066779109638325e-03 1.419223888780656029e-02 3.382815763221302952e-03 -1.514989868201782608e-02
9.016639616309662930e-04 3.740729018195429467e-03 2.050624712068183086e-03 -2.537205502126334278e-03
3.737191615446729814e-02 3.164348703343141528e-02 3.883074092626231932e-02 3.196643495043073602e-02
2.357748198100861892e-03 2.395282341618593103e-03 -2.597068056422180415e-04 5.386421586247927551e-02
1.124903885176588292e-04 2.074294039108665055e-03 2.365482956217912491e-03 1.052030000770096466e-02
-1.552211595338170991e-02 3.934238720133230449e-03 -1.372853695219210246e-02 -6.814933971241957100e-02
1.631168110088498935e-02 1.347774293544828916e-02 8.521657209603183958e-03 5.320433691843787227e-02
4.273119078853162417e-03 2.289572263249398110e-03 1.998804383692431852e-03 4.460267385557131758e-03
-5.384104610211243314e-03 -2.283035531093542680e-02 2.464714860373390382e-03 -5.117662220187310651e-02
-2.472143912208131511e-02 -1.007879336169968665e-02 -1.914306207110566538e-02 -1.827193688480335254e-01
-4.574253412479883929e-03 -5.346871480388440401e-03 -8.643250911559430261e-03 -4.424316426587607265e-02
1.834157627084651021e-03 2.067110849815478879e-05 -2.189462264019503834e-04 -1.117777327494420825e-02
2.492436503876094278e-02 2.306354511065866753e-02 3.996584934475239104e-02 5.219038486351715300e-02
8.616624845835210711e-03 -1.900379774735666549e-02 1.114524021494672779e-02 5.483140173753786595e-03
-1.934037178638423060e-03 -1.335178665485617366e-02 -2.741620631393826280e-03 1.947434572419762255e-02
-2.237848826996485796e-03 -6.120280423840919470e-03 2.164515542009470828e-03 2.870865910694408996e-03
-7.044117266839372560e-04 -1.717218135409315227e-03 -2.490038109947967371e-04 1.090824721698904765e-02
2.826993266427091367e-02 3.561441551241134595e-02 1.738795402928172695e-02 2.029219091176831524e-01
1.452329321411441332e-02 8.844973729744250168e-03 1.215570183778028057e-02 1.748217630119648647e-01
5.513493582306530638e-03 1.182140654761854037e-03 6.775640507148739111e-03 7.785171629339382449e-02
1.074360418600497913e-03 6.166262992858446979e-04 5.806663880212559192e-03 1.655239499452543228e-02
-8.094357529881690549e-04 1.258452747599989041e-03 2.477857580166095697e-03 -2.265066219095959732e-02
-9.509386842095346459e-04 -1.040799412596368767e-03 3.356401736399297620e-03 -5.162840128127541700e-03
9.706628026957686561e-01 9.844767965433949275e-01 9.747446047542542846e-01 9.678896414785144175e-01
4.169053555868345207e-04 3.148661477047898227e-04 3.483196989567753079e-04 1.014051026566041005e-03
