-1.622853579151808612e+00 -2.140497169953953893e+00 1.608164814403809428e+00 0.000000000000000000e+00
-8.206991561508918398e-01 -8.178816009773953732e-01 2.381050142730207764e-01 0.000000000000000000e+00
-4.073246813230598229e-01 -1.517199503918106596e-01 8.996555061098221451e-01 0.000000000000000000e+00
-1.084535264549792100e+00 -8.989604685517058602e-01 8.061837192185298262e-01 0.000000000000000000e+00
-2.453046676611565224e-01 -8.399457543084445921e-02 -4.013445723267053955e-01 0.000000000000000000e+00
9.841944562329357771e-01 -5.706853711784439787e-01 3.962241444456813810e-01 0.000000000000000000e+00
-4.373149353545053436e-02 -9.008430817629663467e-01 4.464825523485811409e-01 0.000000000000000000e+00
2.607149164010313380e-01 -1.656123285345432461e-01 -8.662507831938743852e-01 0.000000000000000000e+00
-1.408100616899244373e-01 -8.120056138056061523e-02 -1.130446988279485386e-02 0.000000000000000000e+00
1.492242098927650140e+00 -2.115210776504423962e-01 8.027817600851675506e-01 0.000000000000000000e+00
-4.952318738733261366e-02 1.098216545475513978e-01 -3.714975544323466661e-01 0.000000000000000000e+00
1.880601187778800643e-02 -2.191806796970205418e-01 -5.075707592916629540e-01 0.000000000000000000e+00
-4.715579459870671009e-02 4.010104535877578175e-02 -8.252878225789048172e-02 0.000000000000000000e+00
1.160736961086767494e+00 5.415941219201845236e-01 -3.009942214922162740e-01 0.000000000000000000e+00
-3.352263264172579416e-02 -7.244822963026256168e-01 1.092897105552645298e+00 0.000000000000000000e+00
5.276724082591526255e-01 3.468002148395709083e-01 -1.617302755588082008e-01 0.000000000000000000e+00
6.117314689712272102e-01 -5.670436685992876757e-01 1.517894768754966872e+00 0.000000000000000000e+00
-8.732802867185990303e-01 -1.289293595774774648e+00 1.176440735471942611e+00 0.000000000000000000e+00
1.148317048300800947e-01 7.674825612912300477e-02 7.965792106646846227e-01 0.000000000000000000e+00
-2.417863878656414944e-01 -1.836657525763893128e-01 6.668356038025944343e-01 0.000000000000000000e+00
2.433746172650776834e-02 1.003517047439913962e-01 -1.402138592036824838e-01 0.000000000000000000e+00
-9.541152814786683922e-02 -9.747998910196738198e-02 -1.175841463865999192e-01 0.000000000000000000e+00
-3.535243115954862791e-02 4.501528184225608159e-02 -7.263645357502962474e-02 0.000000000000000000e+00
6.069999038632237776e-01 5.045122025809651856e-01 -2.686988034362573496e-01 0.000000000000000000e+00
3.412770814844966472e-01 3.754379143603469582e-01 -1.997220394263823640e-01 0.000000000000000000e+00
-2.029683531903942462e-01 -3.449627818434956583e-01 3.036177952953502124e-01 0.000000000000000000e+00
6.347840511358621152e-01 -2.999145276336274146e-01 1.387797461772007246e+00 0.000000000000000000e+00
6.296746256388219276e-01 9.792543675643090861e-02 6.678339317471683190e-01 0.000000000000000000e+00
7.599361391493203444e-01 4.608231356573586623e-01 -5.064703975196643837e-01 0.000000000000000000e+00
5.225683438742386722e-01 3.245012654186629208e-01 -1.198715195757847907e-01 0.000000000000000000e+00
1.996957031022324580e+00 7.016816223494191929e-02 5.524155510072821240e-01 0.000000000000000000e+00
1.169855622970317199e+00 1.081718828831773838e+00 -1.384215829354573435e+00 0.000000000000000000e+00
2.021113281403900785e+00 1.556724681219889161e+00 -1.154390160906695995e+00 0.000000000000000000e+00
9.934454871510157714e-01 3.052057399264477763e-02 -2.748604352615865443e-01 0.000000000000000000e+00
6.988980754412876806e-01 6.263553560718354563e-02 -1.046019717321323428e-01 0.000000000000000000e+00
3.227203728315325426e-02 -2.315089987737144889e-02 1.274970272424051088e-01 0.000000000000000000e+00
-7.914679755242730319e-02 1.153797666088383633e-01 1.540454313551637977e-01 0.000000000000000000e+00
-2.246299482345109899e-02 -5.151676323782197059e-02 -3.084641287969298526e-02 0.000000000000000000e+00
-1.639912372317730849e-01 -8.902884473151996547e-03 1.327873159361685484e-01 0.000000000000000000e+00
-1.719952088141868951e-01 1.860087961996716999e-01 -3.889011149972546044e-01 0.000000000000000000e+00
-1.391958841359523247e-01 -1.033513605363267501e-01 1.011753566081290273e-01 0.000000000000000000e+00
2.124159239352008122e-01 -3.955609884820486255e-01 1.894360013527361941e+00 0.000000000000000000e+00
3.651503916201686573e-01 4.514585161845699468e-01 3.240996258705679534e-01 0.000000000000000000e+00
5.735114149740081491e-01 4.815150563295039765e-01 1.279626190550702813e-01 0.000000000000000000e+00
3.367265430019386052e-01 2.445990197264415744e-01 -3.576301667198788503e-01 0.000000000000000000e+00
1.577683522041911868e+00 7.472289403748192393e-01 7.349024801754751035e-01 0.000000000000000000e+00
8.334932753131412131e-01 1.150875131109884153e+00 -1.679308734030557693e+00 0.000000000000000000e+00
-1.574201782916801167e-03 1.008800447263753730e+00 3.720152165067452388e-01 0.000000000000000000e+00
-4.716368982440471980e-01 7.681224671458490583e-02 1.011766848517954703e-01 0.000000000000000000e+00
7.466071144849210084e-01 9.393749019465599259e-01 -2.423715825660603396e-01 0.000000000000000000e+00
1.552947119644004559e+00 -1.420312264888158593e-01 4.199672340653449742e-01 0.000000000000000000e+00
1.391998115968978933e+00 -3.569333522630048772e-01 -5.844822046896900325e-01 0.000000000000000000e+00
1.082242181068987064e+00 -1.187451784255890042e+00 1.239314056041561196e+00 0.000000000000000000e+00
3.905982547242178859e-01 4.142563489687266232e-02 4.199149689195245672e-01 0.000000000000000000e+00
-8.276149578842497689e-01 5.273514296084729630e-02 9.105574987470421711e-01 0.000000000000000000e+00
3.673769274350154324e-01 5.172855498150928932e-01 7.964820123733179491e-01 0.000000000000000000e+00
