-2.302927627157032919e+00 -9.702295745781885916e-01 -2.225680725371054880e+00 -1.342505589405726507e+00
-1.489962308288995119e-01 -1.641466117846191453e-01 8.452672967165844597e-02 -1.767942085595571589e-01
2.016734550314365215e-01 1.972352239781747230e-01 2.776628743150634238e-01 1.923239331776787076e-01
2.311324204856937570e+00 -2.267607458066144277e-01 1.913192954196425655e+00 6.829670986135600863e-01
-5.917375963461151134e-01 -5.997162306076835037e-02 -6.210147981090836655e-01 -2.312875464989595786e-01
1.246577185904782503e-01 9.179764816393007343e-02 -8.041141524508468863e-02 1.208853999673155655e-01
3.043778869848889901e-02 1.522910375429317037e-02 -6.089713093463654525e-01 2.547418340025874306e-01
1.187568937898572097e-01 2.971076009751498215e-01 1.922680200460362698e-01 3.092778640419095448e-01
9.586236220905708372e-02 1.442630822815058056e-02 9.876598888913457053e-02 -5.981312065748770057e-04
-1.065265435320368770e+00 1.162784121447792973e+00 -5.532275324894901924e-01 2.327010141023738432e-01
8.652429464232093137e-01 1.083030849221609193e+00 1.663217644348843116e+00 5.929427573659554751e-01
-1.725731977062014977e-01 -4.307144350725282678e-01 -3.859854533240427155e-01 -4.702184279914655152e-01
2.031685204842534898e+00 3.631962391034899706e-01 1.668060047090600406e+00 9.119809289009043196e-01
5.550914197919556425e-01 8.747395974706640986e-01 5.250722300972523460e-01 8.811034399010341245e-01
-5.644105175655345086e-02 4.888054030255427340e-02 3.447986127490218489e-01 -1.086511465483276373e-01
-2.451647861485792834e-01 -7.287481226020139924e-02 -7.024076996428523234e-01 -2.204656899285916682e-01
3.333888818169361556e-02 -3.655112018632073606e-02 2.282954752180732516e-02 1.252316556549101789e-02
1.657083481124448920e-01 2.331437885049857106e-02 2.678097061080120245e-02 3.393382481251949745e-02
1.768023321382477253e-01 1.255353785794417754e-02 -1.933666963638325242e-01 4.015435497852665181e-02
2.790138233911108046e-01 -6.302422090008651390e-01 1.740310707723979888e-02 -2.081146872952686910e-01
-5.769285005662142529e-01 -7.336133098826014276e-01 -9.801543631807358992e-01 -3.803223977716597703e-01
2.208858514149145136e-02 1.421233814407531770e-01 1.332469653859156555e-01 1.859757535998106115e-01
-1.281951768140250580e+00 2.322787731103417852e-01 -7.812811172978655350e-01 -3.622669893088854010e-01
-6.944146135232087680e-04 -1.272308626520016750e-01 -3.118784302343861059e-01 1.866389169568022366e-02
-4.719900043765462017e-01 -7.618515222639414830e-01 -4.745546451197252269e-01 -7.465359960629496250e-01
9.676167943819780071e-01 2.666263848424196836e-01 1.154810064786332191e+00 3.982640089441208398e-01
2.760897635420346274e-01 2.478676390279490604e-01 1.891719317720910176e-01 1.820277436605840793e-01
-1.039353925340233964e-01 1.802149913975126250e-02 -5.168231063302922146e-02 -7.632484774529518790e-02
-2.110891337177288052e-01 -1.005549138746922311e-02 1.713579238949868855e-01 -2.037326623453394880e-02
-1.597758662817491127e-01 -7.134276497788347160e-02 -9.533108697449343971e-02 3.254577303085370854e-03
-2.223680025560947904e-02 -7.149593853141215927e-02 2.616521427821856816e-01 -1.928224558152988322e-03
2.341710159369775057e-01 -1.634201792902985340e-02 1.356011511990641294e-01 4.161714720848438964e-02
7.932771684176498361e-03 -1.579958383344548523e-02 -5.984804308805635742e-02 -7.025535323785914166e-03
-1.550870089866273061e-01 5.780917369257190797e-03 4.469677179388109600e-02 2.970503992025000373e-02
-3.428735616405426123e-02 1.050951115890510212e-01 1.221888173270840872e-02 3.490679790094982499e-02
1.050849697906887648e-01 1.347919980667530160e-01 1.756318380532660983e-01 5.435229518957636341e-02
6.786629184519478442e-03 -1.055571093395490587e-02 -7.668998095365711642e-03 -2.337008565558746156e-02
2.598408618018590577e-01 -1.246237130048807040e-01 1.131269379005462317e-01 4.813238378486709573e-02
9.636160826956136072e-02 1.672216532515036491e-01 1.043048068007953189e-01 1.654592431900731575e-01
-1.427046488898436882e-03 4.022340205684706016e-02 8.541597124132510599e-02 3.707968244367823574e-03
-3.320371276224363677e-01 -7.428119772143215727e-02 -3.793131989391336223e-01 -1.438725492678221696e-01
-1.079105562754715808e-01 -1.042004555368586938e-01 -1.058107466909608135e-01 -8.086095651411820406e-02
1.075335418568292012e-02 -2.171605762062892714e-02 7.289723977420767276e-03 2.170050900991359055e-02
6.219573740113083782e-02 4.789205198669981012e-03 -5.517034615808891207e-02 9.147685418433124105e-03
2.674054867902547761e-01 9.586956617550024262e-02 2.138352409081361594e-01 1.077670682617985209e-01
4.223980980407959773e-02 9.238696350081404551e-02 -9.719070712154817548e-02 1.247399045476552462e-02
-1.099128040186068134e-01 1.746411593899022119e-02 -1.172541106942221051e-01 -2.063386199049559860e-02
-3.914201475295642219e-03 2.184932544473540406e-02 3.410534952560886901e-02 -3.597300555675794764e-03
8.872628538962754052e-02 -1.452393580410171747e-02 -3.486143715247988495e-02 -2.277928782769891858e-02
-1.669843441345144619e-01 4.256780282414035499e-02 1.225663170834934146e-01 1.635539179777089069e-01
-9.567024585105221579e-02 5.931449043356343959e-02 1.038612261601290221e-01 3.026570968886560520e-03
-1.265399592733756906e-02 -5.692323981326921634e-03 4.291382487288325498e-02 6.414117749621489617e-02
-9.426143489445057422e-02 -1.485083259177408244e-02 1.198452077562449369e-02 -1.415153949805042499e-03
3.981723555720559360e-03 1.737774438923461728e-02 6.090363081267095857e-02 3.790017731000300261e-02
2.275570253842951890e-02 -1.292388837745250124e-03 8.818860873052941640e-02 -3.722780018570154281e-02
4.940235403768939437e-01 2.403342187930511686e-01 5.234050469903230862e-01 2.892514971273529856e-01
9.567975468387817511e-03 5.825187487463932834e-03 1.279903929598931629e-02 7.289441277449667210e-03
