-2.326595683153813265e+00 1.435277714515684755e+00 -2.196818491776515003e+00 0.000000000000000000e+00
-6.874176837665719741e-01 -2.388460375564654403e-01 -8.851524841803051769e-02 0.000000000000000000e+00
6.371108388674491252e-01 1.802291878583701656e+00 9.537164770835473426e-01 0.000000000000000000e+00
-5.210418885339449524e-01 4.217226981108880834e-01 -9.026938676363942260e-02 0.000000000000000000e+00
6.084653981736795614e-02 -3.204721520971399729e-01 3.211560228247661297e-01 0.000000000000000000e+00
-1.290182579515752437e+00 4.995725543899975363e-01 -4.924200901734603897e-01 0.000000000000000000e+00
-1.386039650807068702e+00 8.011107590786420429e-01 -1.652426425844686353e+00 0.000000000000000000e+00
6.830061004868933638e-01 -4.075318710045681136e-01 1.041423573805108305e+00 0.000000000000000000e+00
7.685838384294259307e-02 -8.993321340930704455e-02 7.896650325732090803e-02 0.000000000000000000e+00
1.748233662747098460e-01 -9.300040227626363842e-01 1.015864729269771338e+00 0.000000000000000000e+00
2.160764538400682944e-01 -1.999992983639797550e-01 2.850382578253966015e-01 0.000000000000000000e+00
3.845878370266256341e-01 -5.737703920181309591e-01 6.205720582229884430e-01 0.000000000000000000e+00
9.942936059913627667e-02 2.540829488719218224e-02 2.246124645429976776e-03 0.000000000000000000e+00
5.809209647591093706e-01 -4.468602920452854899e-01 7.594195838750096295e-01 0.000000000000000000e+00
-2.884160683568328110e-01 3.448390288737523263e-02 3.590847414222547163e-01 0.000000000000000000e+00
2.918098724019045354e-01 -3.383408692461890022e-01 -2.617855708751626320e-01 0.000000000000000000e+00
-3.343702952878220280e-01 1.928252663385084276e+00 5.078795080599664002e-01 0.000000000000000000e+00
4.418503038291593521e-01 -5.025576942056712015e-01 1.718831480577378557e+00 0.000000000000000000e+00
4.566701159168378155e-01 3.485353359171808885e-01 9.965431045977112268e-01 0.000000000000000000e+00
-5.009943366006652105e-02 -5.082873640800646825e-02 -3.704348487493978048e-01 0.000000000000000000e+00
1.271512194215744518e-01 -5.870254671123090184e-02 9.825398810493293777e-02 0.000000000000000000e+00
6.592502189660409684e-02 -2.560376743141852818e-01 1.303498657197187660e-01 0.000000000000000000e+00
4.335680727204678508e-02 3.866127468201512041e-02 -4.992941580200475210e-02 0.000000000000000000e+00
7.552135749782693530e-01 -1.150072184834681766e-01 5.388510308731427889e-01 0.000000000000000000e+00
4.485886871394810793e-01 -1.562537019034875851e-01 4.801588041773886817e-02 0.000000000000000000e+00
-1.157358494313045494e-01 4.190813234571653112e-01 -5.583569080744112123e-02 0.000000000000000000e+00
-3.608059182491156203e-01 3.031531059654713478e-01 -5.351746431209718491e-01 0.000000000000000000e+00
-1.181912653541875441e-01 -2.669976660001758817e-01 4.084184493323191889e-01 0.000000000000000000e+00
3.386402985695826651e-01 -1.620709649203972147e-01 3.150242918464700725e-01 0.000000000000000000e+00
-1.482862245467065840e-02 -3.001070453005981742e-01 -2.845313182852329259e-01 0.000000000000000000e+00
-6.183323251760535931e-04 -5.631748473333925142e-01 7.669129796664443388e-01 0.000000000000000000e+00
-4.395791854919516295e-01 -1.761358364943087951e+00 1.219896409919192015e+00 0.000000000000000000e+00
2.521352114873167682e-01 1.436760148488692990e-01 1.377530308827448202e+00 0.000000000000000000e+00
-1.828058663413111018e-01 -1.073866825753112320e+00 -2.751064902673911461e-01 0.000000000000000000e+00
-4.694165371498752459e-01 8.608127194418940809e-01 -1.066550096214547327e+00 0.000000000000000000e+00
-8.278062906816911759e-02 6.492983263846967279e-02 -1.240520744599844516e-01 0.000000000000000000e+00
-1.733028975824875972e-01 1.510452765640744877e-01 -2.460765418266503968e-01 0.000000000000000000e+00
-1.520893035773951234e-02 -6.731515741378950313e-02 -4.710477969014419120e-02 0.000000000000000000e+00
2.535145322428811743e-01 3.230017904885882363e-01 8.804609951020173075e-02 0.000000000000000000e+00
2.745615329574557228e-01 8.652288822490775133e-02 -5.507278289947512701e-02 0.000000000000000000e+00
3.436714566397228166e-02 3.749401645986766979e-02 3.062811215246284344e-02 0.000000000000000000e+00
-6.764854500578365570e-01 5.423150527914670782e-01 -1.385486757265210755e+00 0.000000000000000000e+00
-8.773500627630960169e-01 3.952302695299146906e-01 -7.938812676808659763e-01 0.000000000000000000e+00
5.863490032277055702e-02 8.085463858929321790e-02 -3.604464641783870493e-01 0.000000000000000000e+00
-2.489874168613847305e-01 -1.047513599918293431e-01 -2.606379916532077790e-01 0.000000000000000000e+00
1.359615808078065147e+00 -9.496830175161967702e-01 8.397973845451527364e-01 0.000000000000000000e+00
-1.502161728903029569e+00 5.499681840735635291e-02 -7.341074630325964412e-01 0.000000000000000000e+00
4.203293383845603248e-01 1.715989930718698209e-01 1.331609568205203820e+00 0.000000000000000000e+00
-3.436132751688235620e-01 -8.799733639623182058e-02 -1.146235764890498388e+00 0.000000000000000000e+00
7.841062340208021508e-01 -9.843733581454371107e-02 1.673758043716816468e-01 0.000000000000000000e+00
6.837543740570417583e-01 9.697798039961110783e-01 1.765966902028555774e+00 0.000000000000000000e+00
1.559925734433721400e+00 -6.647784894115990051e-01 2.304232010370478090e+00 0.000000000000000000e+00
4.836480209036668754e-01 -5.772992918710762034e-01 1.449762210972027399e+00 0.000000000000000000e+00
8.499166105866826637e-01 -5.752819958473495143e-01 1.959080551305428797e+00 0.000000000000000000e+00
-6.098645084308601527e-02 -4.236609313547468614e-01 3.769138732657512092e-01 0.000000000000000000e+00
6.105368067675980281e-01 -5.696571973921078502e-01 -5.034055047431541530e-01 0.000000000000000000e+00
