-1.445706251109787205e-02 -2.031451050465713504e-01 3.207743727090361929e-02 -2.205972402506376634e-02
1.390973258739955642e-01 -9.269511900281190986e-02 1.168286857221168262e-01 1.490584158980824969e-01
1.553105018410972649e-01 1.349199126364639678e-01 1.606605935679239205e-01 1.579391752194343745e-01
-1.539835590416416267e-02 3.207792748590292398e-01 -7.677422519075327578e-02 -3.956315362037200745e-03
1.502330612703999257e-01 5.834524324326855194e-01 2.442505039315936988e-01 1.099970114934024218e-01
8.831010208965986430e-02 1.739311414624387098e-01 1.163672381964990787e-01 8.876003194379859795e-02
1.713192049787003457e-01 3.798071805288454339e-01 3.320435547767952023e-01 1.939311021249710831e-01
-1.325374752525303457e-01 -1.147917519227689143e-01 -1.217412578418322067e-01 -1.533180549128091985e-01
2.120832472469163787e-01 5.022983344601459343e-01 2.551520450540635809e-01 1.954099529447015926e-01
-3.545521962224992829e-02 -2.341525429946504921e-01 7.284222802417250620e-05 -6.229302761358260915e-02
1.636528332011402687e-02 -2.136832881309835841e-02 -1.846505309795584415e-01 -5.593461005745298253e-02
-2.100193211804088356e-02 -4.054277209214696143e-02 -2.101716565659994540e-02 2.280534285856272020e-02
1.162700984371497770e-01 1.642139768657169263e-01 8.709182798296058459e-02 1.875462351605705902e-01
-9.112102618578324376e-03 -2.599204880358239045e-01 -1.147758733249848451e-03 1.542533681123220424e-02
-1.145160492690174558e-01 -2.740681584700284112e-01 -1.455646695411306202e-01 -1.088386633025493211e-01
1.038958959729618103e-01 7.443436066744262281e-01 1.182825340082183097e-01 5.329666055295065319e-02
3.345079178493340355e-02 1.028568121295645454e-01 4.948987136979821067e-02 1.469508314619313860e-02
-4.607554664135593558e-03 -6.394187226662118029e-02 5.990047298276568455e-04 -7.847125424402745519e-03
-3.203142098512801184e-03 4.694384881451085789e-02 -2.821704146913009414e-02 -4.492869121127007759e-03
-2.131729326487225018e-03 5.762378625947947586e-02 -6.644132573413008558e-03 2.117608292993245628e-02
-4.819923401830639165e-02 -6.384603235777530639e-02 5.080369531268577599e-02 1.218211124737446360e-02
3.123260443181540003e-02 3.417529632757487779e-02 1.875082403198546910e-02 6.712387754566687126e-05
1.496315972732056854e-01 -2.134030374835116373e-01 8.319384992112816013e-02 8.950398260328955302e-02
5.797631429916403484e-02 1.446864773143159422e-01 6.281939300977351648e-02 5.251041291664278188e-02
4.467995899496979284e-03 5.421520858376149832e-02 -5.088612718595394990e-02 -1.739809991071339379e-02
-8.395296485629834271e-02 -5.476209411443078157e-01 -1.973516378263555637e-01 -8.651200184738572219e-02
8.305664242157700938e-03 9.231004878380777434e-02 -5.176743453118839988e-02 5.985592074814805041e-03
-2.515660931727226046e-03 9.316346930673602422e-02 -2.805633625375561491e-02 4.803034591030985734e-03
-1.851879433334396863e-03 -2.615913361912336477e-02 1.471435196815890079e-02 1.363115081395402384e-03
-3.468854296318021890e-02 -6.554511544828032221e-01 -1.878133770627259391e-01 -3.216006613309431439e-02
-5.099919588731427478e-02 -4.659646242149304562e-01 -1.147479538555864487e-01 -4.186171177564045054e-02
-2.975213488991411415e-02 -2.739446432720131774e-01 -7.457306839167979207e-02 -4.096227438438033996e-02
-1.214908104208378692e-02 -1.076754451941462909e-01 -3.922460678477511509e-02 -1.779859928447481698e-02
-1.233931003248305014e-03 8.366606763700779048e-02 1.047121823096272553e-02 -6.788055165680845215e-04
5.383374843477142097e-03 -3.198970765452592568e-03 4.243871776037341781e-03 -3.907403366295459507e-04
-2.091880599714065342e-02 -1.740770814533888766e-02 -3.938713105317379060e-02 -3.637471904558510494e-02
-7.135648873802830083e-03 -5.159455021802594743e-03 -2.602781609273040198e-03 -3.339563324846004516e-05
3.082234377539459780e-02 1.351739776618197664e-01 5.327173196286627554e-02 4.089465623098036129e-02
-5.195437509738866366e-03 -5.720326274746001527e-03 1.365217732141413981e-02 -3.374102742576927383e-04
-9.909672395600324646e-03 -2.484068970723835035e-02 -8.439075036354562465e-03 -9.321017613884053851e-03
9.989824116691028988e-02 2.228568981615697275e-01 1.575061729536303967e-01 1.080011369189560755e-01
-3.882231637949984382e-03 -4.543335575074292088e-02 2.031088434186152647e-02 -6.240436943886346066e-04
4.062021215617907938e-03 -3.138949945302094147e-02 1.402580611925977744e-02 7.555242953233287651e-06
2.913801547356681398e-03 1.619754845517462627e-03 -8.979644785377105531e-04 6.467085843833431102e-04
-1.241969619950100689e-02 3.598371894164831275e-01 1.014292734188471379e-01 2.879804889706087667e-02
-1.784225979747092183e-02 2.148631382523171762e-01 2.653892631318838236e-02 4.025764911529464141e-03
-2.738912654452835271e-03 1.300717168792187572e-01 2.650049193257102143e-02 1.256829703095835304e-02
6.397987619605915999e-03 5.106819051717431668e-02 1.751614272535296363e-02 7.804709817986511811e-03
3.394828765466137432e-03 -4.212434612801452261e-02 -7.288872379186669970e-03 -8.944855534044615641e-05
-8.816276317777475835e-02 -3.626550847039755610e-01 -7.779361092301323444e-02 -2.383938444586287952e-02
-7.948294750067269598e-02 -1.997734953935628166e-01 -6.161193581661850160e-02 -4.052408413381652919e-02
-3.720988243228734449e-02 -1.805218054711155151e-02 -2.432155176868742996e-02 -3.641017004685179193e-02
-1.162300300432356215e-02 -7.578709815906192748e-03 -1.036119015347636285e-02 -9.231567741838961338e-03
5.357745112697515077e-04 6.610706593467102765e-03 -1.868940359415025010e-03 -1.778922516544836907e-03
2.251171741618568367e-03 2.863120891739692753e-03 5.374782714585718546e-03 7.311857583606265476e-04
-2.741589494949305678e-02 -7.088715331473904868e-02 -4.246879446377010286e-02 -2.160037766243448967e-02
1.162638666652345215e-03 2.281512228075555267e-03 9.217409424726939575e-04 9.176716334722925285e-04
