-1.801243055247584213e+00 -3.875075693570596780e+00 -3.080658367559576227e+00 0.000000000000000000e+00
-1.435855776090113833e+00 -2.267570506966622990e+00 -1.207845439837229362e+00 0.000000000000000000e+00
-1.715183505307815715e+00 -7.231022827360904515e-01 -1.589437716415473600e+00 0.000000000000000000e+00
1.261547632973364363e+00 6.930227511417156316e-01 1.415319009164053732e+00 0.000000000000000000e+00
-2.643060927555251349e-01 -6.651101287243856852e-01 -3.853971198558815980e-01 0.000000000000000000e+00
2.344298559997811893e+00 6.922178979140626576e-02 1.587707021477575253e+00 0.000000000000000000e+00
-2.453206991345325549e-01 -1.962856054892300195e+00 -2.209296217502135118e+00 0.000000000000000000e+00
1.264982988127906660e+00 9.765859157335104795e-05 -1.007740752726931976e+00 0.000000000000000000e+00
1.045346712218188090e+00 8.600075354376692793e-01 4.524176785487212249e-01 0.000000000000000000e+00
2.624364915833508061e+00 1.795383487112198306e+00 6.470133685081348451e-01 0.000000000000000000e+00
2.939649903172824111e-02 1.737217175957250087e-02 -1.145369135702760111e-01 0.000000000000000000e+00
9.883098262998126771e-01 2.793534303588858236e-01 -6.810386425608606908e-02 0.000000000000000000e+00
8.222474990372731218e-01 6.412757930023822439e-01 4.217644634651414037e-01 0.000000000000000000e+00
1.336422298954618393e+00 1.554864971848991306e+00 1.786828608829464482e+00 0.000000000000000000e+00
9.895086033661960601e-01 1.671063870931355499e-01 -8.976805052313244215e-02 0.000000000000000000e+00
-2.844810049558774145e-01 4.598866360059932629e-02 -1.696130222168872881e-01 0.000000000000000000e+00
-2.855630779622205129e+00 -1.499830100248792653e-01 -1.600988615542095816e+00 0.000000000000000000e+00
9.051150820752820736e-02 1.408801196356648910e+00 1.175080380404635472e+00 0.000000000000000000e+00
-8.604937705001750592e-01 3.617982577523743727e-03 -2.362536600558301780e-01 0.000000000000000000e+00
-9.088025512082522628e-01 7.432322019396366830e-01 -3.218741561079908053e-01 0.000000000000000000e+00
3.114422454362100051e-02 1.789993273088444636e-01 3.336420243421671372e-02 0.000000000000000000e+00
3.138876848629044702e-01 2.545914112586417088e-01 2.418003762606944218e-01 0.000000000000000000e+00
1.250754470527165874e-01 1.679881382969038717e-01 1.312449145001370054e-01 0.000000000000000000e+00
1.085578993599108699e+00 1.350360177458669320e+00 9.394397435090144910e-01 0.000000000000000000e+00
2.121932173400837285e-01 5.900457451511920137e-01 1.579557522848742401e-01 0.000000000000000000e+00
3.788715006590807621e-01 -1.411639392138010485e-01 1.524232834053175153e-02 0.000000000000000000e+00
2.835207791723188264e-01 7.598819277567997466e-01 -4.565829521362361754e-01 0.000000000000000000e+00
-2.846620498557975165e-01 3.583122465937328971e-01 4.584651823569489970e-01 0.000000000000000000e+00
7.429277242798977277e-01 -3.858922209275484350e-01 -7.883257985844500659e-01 0.000000000000000000e+00
3.075630178307253160e-01 2.222377590760911126e-01 -9.376580758268628912e-01 0.000000000000000000e+00
2.905861662914669630e+00 3.413960262022116776e+00 3.634468476496646616e+00 0.000000000000000000e+00
-2.466212972647298773e+00 9.673123786333230889e-01 8.704895009877310352e-01 0.000000000000000000e+00
2.181649244623622863e+00 9.271327491478684735e-01 2.444800029146769749e+00 0.000000000000000000e+00
2.522941103246723049e+00 1.963866894614023417e+00 7.783999326738649804e-01 0.000000000000000000e+00
-4.579866683924112558e-01 -9.110222622944330606e-01 -2.444998694787512972e-01 0.000000000000000000e+00
-2.359291906796292387e-02 6.806031490469122147e-02 1.179082539719050610e-01 0.000000000000000000e+00
-2.812736512043478299e-01 1.452814246356884942e-01 2.403393871478944066e-01 0.000000000000000000e+00
-4.592660832708447272e-01 -2.998445070902274745e-01 -3.107107187032794871e-01 0.000000000000000000e+00
6.523732139494702320e-01 8.538688000445979198e-02 -8.018211156255926342e-02 0.000000000000000000e+00
-5.469639828092595080e-01 -4.201562501999516752e-01 -1.284872768150266964e-01 0.000000000000000000e+00
1.419691857406701896e-01 1.548940166356405912e-01 6.087183242986535757e-03 0.000000000000000000e+00
9.675608667216643033e-01 8.102883965571251457e-01 5.837871884225942498e-01 0.000000000000000000e+00
9.942921992320167268e-01 -8.573182682669421018e-02 3.929301793404173515e-01 0.000000000000000000e+00
-6.165840315243197312e-01 -6.375093532313290678e-01 -4.658696969401953658e-01 0.000000000000000000e+00
-1.972607366703955645e-01 -5.943451037417595284e-01 3.014643913271195519e-01 0.000000000000000000e+00
9.234091243606701305e-01 3.587836486743324560e+00 2.860341301085914445e+00 0.000000000000000000e+00
-3.156011539082793416e+00 -7.988765554640870903e-01 -3.241727633288942756e-01 0.000000000000000000e+00
3.054471229142028399e-01 -6.503295149113437201e-01 1.894582008691553687e+00 0.000000000000000000e+00
1.128502063382065712e+00 4.185320961058724420e-01 5.711413385279301425e-01 0.000000000000000000e+00
-8.480316275437009832e-01 4.994469356336821431e-01 1.480678988491741066e+00 0.000000000000000000e+00
-3.502073775343442552e+00 1.848308253128629453e+00 -1.350735074819720216e+00 0.000000000000000000e+00
-2.844383293890986319e+00 2.716015124755538412e+00 1.869554285808648908e+00 0.000000000000000000e+00
-2.555614993757103104e+00 -3.895731885170624631e-01 1.130047738214056796e+00 0.000000000000000000e+00
8.649911111401165087e-01 3.835088977810057753e-01 -2.958971270398214504e+00 0.000000000000000000e+00
-1.873599871867637434e+00 -1.589450323885038263e-01 1.200006428410470116e+00 0.000000000000000000e+00
-2.135831515953041215e+00 -6.957056434920473320e-01 -1.347888203225714898e+00 0.000000000000000000e+00
