-3.253924930496713275e-01 -3.985493616277582252e+00 -1.040696266716477414e+00 0.000000000000000000e+00
-2.655209850278517525e+00 -2.498302530383754938e+00 9.810125062988088729e-01 0.000000000000000000e+00
-8.512157846883700030e-01 -5.576362841853931274e-01 -3.027966590522346291e+00 0.000000000000000000e+00
-9.770328205808090916e-01 1.296471248662776521e+00 -1.681684779764875071e+00 0.000000000000000000e+00
-6.795789809879563270e-01 -6.421312948899819961e-01 7.434944624629513665e-02 0.000000000000000000e+00
3.399765146844135444e+00 3.014669841962819952e+00 -6.472098961226856462e-01 0.000000000000000000e+00
8.047538080589874410e-01 -1.339411420035779177e+00 -6.327289222263021706e-01 0.000000000000000000e+00
1.069695957808389997e+00 -1.211512734347052422e+00 -1.526325790438444185e+00 0.000000000000000000e+00
1.495362204549908425e+00 -4.873288705783114794e-01 -1.510830631211937392e-01 0.000000000000000000e+00
2.979163360823828377e+00 3.400800597201801612e+00 -4.553587408084130983e-02 0.000000000000000000e+00
3.321729847025878812e-01 1.296032965995621566e-01 -2.216681692583239438e-01 0.000000000000000000e+00
4.778242343854167684e-01 -6.379932839740406481e-01 3.790640230474149330e-01 0.000000000000000000e+00
3.337038805096480543e-01 -2.874794251994314820e-01 8.194133909130900673e-01 0.000000000000000000e+00
2.304968720853980191e+00 2.323937504180636715e+00 -7.051270371456443975e-01 0.000000000000000000e+00
1.226572810611035402e+00 1.443657064083496255e+00 -6.046475610553014857e-01 0.000000000000000000e+00
-2.413829851352590428e+00 2.893230468031697811e-01 9.022713400808688444e-01 0.000000000000000000e+00
6.002855343182086356e-01 1.596305313393832748e+00 -4.044343413733845871e+00 0.000000000000000000e+00
3.288304747466517242e+00 3.513539181241044584e+00 -1.985164919831233332e+00 0.000000000000000000e+00
-1.557712458842199998e+00 2.176516039594441898e-01 -2.157852158882499261e+00 0.000000000000000000e+00
-1.793711194432862754e+00 8.976315900080500398e-01 -3.470237808153582848e-01 0.000000000000000000e+00
3.049581947678984828e-01 2.531090604353716245e-01 -1.304407056525010433e-01 0.000000000000000000e+00
-7.125858084833373851e-02 -9.789587546022565645e-02 5.759716703024666540e-01 0.000000000000000000e+00
-1.399091783496700103e-01 -8.956455526956444424e-02 4.766811101125923433e-01 0.000000000000000000e+00
1.664962630720441261e+00 1.794905297045539694e+00 -8.405686627927688725e-01 0.000000000000000000e+00
-4.313300220605047475e-01 6.133324025626252229e-01 -2.147713540831453286e-03 0.000000000000000000e+00
3.887815023407944354e-02 -1.125984342820764705e-01 -5.160400913138624146e-01 0.000000000000000000e+00
7.587194297874189086e-01 1.835918435240189717e-01 -2.751641152183268435e+00 0.000000000000000000e+00
1.253341282909956611e+00 -1.467538845652279988e+00 -1.081844970134455908e+00 0.000000000000000000e+00
1.016374192263904686e+00 -6.854854969439810874e-01 -5.393340462882971753e-01 0.000000000000000000e+00
1.139817665430335802e+00 5.213002007101495000e-02 -6.615170613693491797e-01 0.000000000000000000e+00
2.485945812698044044e+00 4.847567443409205978e+00 5.185678656782926055e-01 0.000000000000000000e+00
-3.139234746964238099e+00 2.982536530062604552e+00 3.006302868387518146e+00 0.000000000000000000e+00
3.758513564259628570e+00 3.497369481381387590e+00 -1.190886313930354490e+00 0.000000000000000000e+00
3.644984109208897038e+00 2.834933633543126330e+00 -1.280225201670340152e+00 0.000000000000000000e+00
1.509424025754524390e+00 -1.485521357496614181e+00 2.766503878508921321e-01 0.000000000000000000e+00
-1.462085641743340603e-01 3.525885458000181660e-02 1.030154680195496802e-01 0.000000000000000000e+00
-1.283489859310786574e-01 3.829587226330768979e-01 -2.008768444523532648e-01 0.000000000000000000e+00
-2.035056787863764038e-01 2.022238596964668345e-01 -2.882829073238973305e-01 0.000000000000000000e+00
9.275416469169487366e-01 5.042720342607368567e-01 -4.528942862844336642e-02 0.000000000000000000e+00
-2.388287446032034134e-01 -8.478797723240185658e-01 -1.990859596455043234e-01 0.000000000000000000e+00
6.356996335584946811e-01 -1.089292599135592565e-01 -1.046196303666948046e-01 0.000000000000000000e+00
-1.194987370658367354e+00 4.197758570045356796e-01 -1.464652639124209843e+00 0.000000000000000000e+00
-1.068456146512100524e+00 -2.566526892336126409e+00 -6.719125800968762663e-01 0.000000000000000000e+00
1.023441612444415449e+00 -3.973115782724055411e-01 1.012780653981464107e+00 0.000000000000000000e+00
-6.294746981405712205e-01 1.214022708647788523e-01 3.892343142400220279e-01 0.000000000000000000e+00
1.690376811030749049e-01 4.513414830466406791e+00 -3.805718720909992414e-01 0.000000000000000000e+00
-2.480491891859435860e+00 1.137880519942534363e+00 3.544915391689832385e-01 0.000000000000000000e+00
1.088599225312892882e+00 8.080697637088545271e-01 6.395342157536877403e-01 0.000000000000000000e+00
2.895060049158952875e-01 9.734264519189284037e-01 2.341564627057866499e+00 0.000000000000000000e+00
-1.481212589951545144e+00 -9.153749036138673079e-01 5.522893836315868887e-02 0.000000000000000000e+00
2.994085263872006686e-01 2.913031406261761269e+00 -3.367135547314561439e+00 0.000000000000000000e+00
2.120367959593733254e+00 3.797333426403426859e+00 6.187441665001072733e-02 0.000000000000000000e+00
-3.026547911752262898e+00 1.496804821859957890e+00 -1.192041660936558056e+00 0.000000000000000000e+00
2.117799136387195524e+00 2.011502766631216854e+00 -1.659334996350805003e-01 0.000000000000000000e+00
-3.840311665908032746e-01 -5.412277914965833714e-02 -2.295396894119440923e+00 0.000000000000000000e+00
-1.201210650954249504e+00 -9.118666922368431349e-01 8.694304579446688885e-01 0.000000000000000000e+00
