-2.627042346180350041e+00 -1.338132237774247502e+00 5.684296942546210873e-01 0.000000000000000000e+00
-2.756289980957010721e-01 -1.892290147151864943e+00 1.798197524783399004e+00 0.000000000000000000e+00
-1.835851696334623862e+00 -3.869290927720822726e+00 -2.716102070361006149e+00 0.000000000000000000e+00
-2.542029192640230528e-01 -4.126438105746488283e-01 -1.136687641266309057e-01 0.000000000000000000e+00
2.560972123769297282e-01 -4.236968440945088066e-01 2.980641553777729769e-01 0.000000000000000000e+00
-1.997890845870524457e+00 2.109634791045518654e+00 -2.522709905512121153e+00 0.000000000000000000e+00
-1.597291474601040928e+00 -3.816315096225691428e-01 -2.921541295822806528e-01 0.000000000000000000e+00
-1.921123345564821339e+00 6.535674462136230600e-01 -2.387765884486930279e+00 0.000000000000000000e+00
-6.200625187299660945e-01 -1.563976604809855786e-01 -8.672218586803075446e-01 0.000000000000000000e+00
7.164112126841295503e-01 1.415487338030847475e+00 -1.522146858692717153e+00 0.000000000000000000e+00
2.774442000416582066e-01 1.752344237256032722e-01 -1.535506948633875990e-01 0.000000000000000000e+00
-1.202549314114908174e+00 3.980556087465157433e-01 -9.659065370491650704e-01 0.000000000000000000e+00
-4.344791869945873741e-01 3.636210370642908862e-01 -5.560120643444895622e-02 0.000000000000000000e+00
1.048279466479792033e-01 -1.922058481648190875e-01 -9.048841499458633031e-01 0.000000000000000000e+00
-8.242459577007245353e-02 -1.566341567482571473e-01 -1.434361924394960797e+00 0.000000000000000000e+00
2.733761894193356135e-01 -9.945547541630328503e-01 1.228764873764919052e+00 0.000000000000000000e+00
-5.777900545401464250e-01 -2.495231847835811756e+00 -2.336238043462852243e+00 0.000000000000000000e+00
-4.218896677399391892e-01 -1.977874061228797886e-01 -3.435548773435662451e+00 0.000000000000000000e+00
-2.006157941381224497e+00 -2.621379198781654818e+00 -2.031888291499630572e+00 0.000000000000000000e+00
1.734936468559703515e-01 -3.246602597133286805e-01 8.235602574982120450e-01 0.000000000000000000e+00
1.666924557652238459e-01 2.283885417469838086e-01 -1.095916691298409185e-01 0.000000000000000000e+00
-3.238451692271860360e-01 1.055340340123749610e-01 -5.368075778150468991e-02 0.000000000000000000e+00
-4.819168208874206188e-02 2.527317078170268627e-01 2.371063550596522740e-01 0.000000000000000000e+00
1.877035709586198087e-01 5.084891756648418637e-01 -1.143841774967450764e+00 0.000000000000000000e+00
4.102619588016190311e-01 6.937320900524943101e-02 1.895575827945768232e-01 0.000000000000000000e+00
-3.043292242640787126e-01 -4.663668599476465948e-01 -4.428560616694061924e-02 0.000000000000000000e+00
-1.819395035065085320e-01 1.054518800591479177e+00 -2.526058547629867590e+00 0.000000000000000000e+00
-6.687167338717062703e-01 -1.128282320133042305e+00 -6.849181855048734890e-01 0.000000000000000000e+00
-1.192980117040222554e+00 4.870835849887314439e-01 -1.285738812680679688e+00 0.000000000000000000e+00
-1.121870936750238718e-01 1.762812981855481353e-01 -6.235118613043108549e-02 0.000000000000000000e+00
6.684749428021896644e-01 1.674667477972900054e+00 -3.257706819950378474e+00 0.000000000000000000e+00
1.787721777916216448e+00 2.283744114027804972e+00 7.725529168723181961e-01 0.000000000000000000e+00
2.539430519545117781e-01 1.382865810020865283e+00 -3.547948527253853346e+00 0.000000000000000000e+00
7.763675451697636953e-01 1.541991438653170565e+00 -4.791501123834165932e-02 0.000000000000000000e+00
-1.310797963900796947e+00 3.770794009964819615e-01 -9.018652578569485989e-01 0.000000000000000000e+00
4.942795686145143308e-02 3.639850961082410907e-02 8.101056592385146027e-02 0.000000000000000000e+00
4.307143041579973852e-01 -1.114600882340777005e-01 2.902085405459887135e-01 0.000000000000000000e+00
4.038787507101830321e-01 7.261343898917205220e-02 1.015018124732951915e-01 0.000000000000000000e+00
-1.320325610606563060e-01 4.908150710412508277e-01 -6.912139013506017893e-01 0.000000000000000000e+00
-3.263570602257735986e-01 -1.409949260081540812e-01 4.088224231064146452e-01 0.000000000000000000e+00
1.552127310275215888e-01 3.965009726346757080e-01 -4.381697476278903947e-04 0.000000000000000000e+00
1.301116475534080053e+00 3.578837767571112494e-01 -8.020087795465810077e-01 0.000000000000000000e+00
-1.078037173565931761e+00 -5.861620960239826150e-01 7.415338446809945916e-01 0.000000000000000000e+00
5.690416853047338686e-01 1.514882874351624054e-01 -2.162476791440361978e-01 0.000000000000000000e+00
7.018290063789947575e-02 6.640581081020975329e-01 8.307980841589397425e-01 0.000000000000000000e+00
2.661888781285374428e+00 -5.646827705956448673e-01 -2.027495604691153641e+00 0.000000000000000000e+00
1.728902509250634045e+00 5.587293313996552491e-02 2.213183591063004052e-01 0.000000000000000000e+00
1.478074087827502936e+00 -9.757316779377599447e-01 -1.408929171514438972e+00 0.000000000000000000e+00
5.601170853126153926e-01 -1.472728707989852337e+00 5.902432639336392395e-01 0.000000000000000000e+00
1.691022431764901413e-01 4.783460394693406781e-01 4.785275212777670983e-01 0.000000000000000000e+00
-4.311464825983447186e-02 -1.282342614372905976e+00 -1.382533381515472781e+00 0.000000000000000000e+00
1.812066651075751489e+00 -1.546197880122059054e+00 -2.581693932003510827e+00 0.000000000000000000e+00
-8.572005945491669721e-01 -8.117287010782928691e-01 -4.082637910311338048e-01 0.000000000000000000e+00
1.631896207300992385e+00 -1.153036882874842961e+00 -2.821963676532706078e+00 0.000000000000000000e+00
-9.009364345490310511e-01 -1.003996695147296725e+00 -2.080224666605668737e+00 0.000000000000000000e+00
6.030262672084610864e-01 -3.493821192841620737e-01 1.476919558226119866e+00 0.000000000000000000e+00
