8.784843223021597813e-01 3.652829257554389919e+00 -2.103884621300682323e+00 0.000000000000000000e+00
7.508058955724703498e-01 7.107167353424050926e-01 -2.737083401306026897e-01 0.000000000000000000e+00
-9.746102150940546549e-01 1.839312045703196397e+00 -4.830865423946782006e-02 0.000000000000000000e+00
-3.332247396455312871e-01 -1.421570189602771282e-02 -1.862507588285851889e-01 0.000000000000000000e+00
1.459743080978957996e-01 -4.719338446727881498e-01 2.441856401441961921e-01 0.000000000000000000e+00
1.119177138862506471e+00 2.795775943127449814e+00 3.356655111600632679e-01 0.000000000000000000e+00
1.488332498839937401e-01 2.087078690109466006e+00 -1.052407725274272954e+00 0.000000000000000000e+00
2.056984220989619416e-01 -2.890993875767788879e-01 4.946157721716117339e-01 0.000000000000000000e+00
-7.335990938011857643e-02 -2.873385847373970403e-01 1.515898513883947307e-01 0.000000000000000000e+00
1.263531899265597058e+00 -7.790563975749624781e-01 9.443138522133660839e-02 0.000000000000000000e+00
-9.891699107185579487e-02 -5.773600063375244895e-01 2.131049652234169034e-01 0.000000000000000000e+00
-8.440373167868490956e-02 -3.839003006329501089e-01 2.541837395384773379e-01 0.000000000000000000e+00
4.107810201238787373e-02 -1.239236163412996139e-01 8.763941712370591774e-02 0.000000000000000000e+00
3.893745520276407912e-02 -1.681210043930217779e+00 1.272945088950230952e+00 0.000000000000000000e+00
-7.933923039244090702e-01 -1.754947703387228497e-01 2.863265586024822396e-01 0.000000000000000000e+00
4.964387041697281705e-02 -5.327444881845335711e-01 -6.278525225677517030e-02 0.000000000000000000e+00
1.712554219769374941e-01 6.019784575482018951e-01 1.182658887977665829e+00 0.000000000000000000e+00
3.322249172731419065e-01 -1.640008883021585873e-01 6.323208907313773164e-01 0.000000000000000000e+00
3.914815101716027090e-01 -7.996515548716764954e-01 4.568345676780500852e-01 0.000000000000000000e+00
-9.676768450648004505e-02 -4.004259791134215929e-01 -3.594060754570956723e-02 0.000000000000000000e+00
-1.034537540200124450e-01 -2.817536111642569008e-01 4.760008896334975287e-02 0.000000000000000000e+00
-1.733206850367064733e-01 -1.692324932867234621e-01 -2.818311687697712051e-02 0.000000000000000000e+00
2.854245844116991976e-02 -1.525371409283205176e-03 -2.236802093925350978e-03 0.000000000000000000e+00
-7.178717481689778079e-01 -1.409591837137695203e+00 8.884462332869456080e-01 0.000000000000000000e+00
-1.475222538859080612e-01 -7.441831957654009289e-01 -5.122640464939409027e-02 0.000000000000000000e+00
-7.195266311955099692e-01 1.270602676943827225e-02 -2.177898915262380941e-01 0.000000000000000000e+00
1.832396200018298948e+00 1.012600508274571487e-01 8.139505494356013005e-01 0.000000000000000000e+00
5.394861341064768334e-01 3.293898870206550533e-02 2.314567551107696297e-01 0.000000000000000000e+00
2.838347140620894882e-01 -5.011398572382878003e-01 -2.736662940393879695e-01 0.000000000000000000e+00
1.381027287998072284e-01 -1.107638297298730173e-01 1.894460176967506793e-01 0.000000000000000000e+00
1.833849533993936909e+00 -1.649886294360260741e-01 1.020323247457935789e+00 0.000000000000000000e+00
6.963881595038724504e-01 -1.611883704341872114e+00 1.792564428255478903e+00 0.000000000000000000e+00
-1.497261168759702055e-01 -4.622633031172153073e-01 8.698877504659510151e-01 0.000000000000000000e+00
6.113645895202935998e-01 -1.363917084224811171e+00 1.104877846534982333e-01 0.000000000000000000e+00
3.225017188879854002e-01 1.899760695449041581e+00 -1.286448069599847310e-01 0.000000000000000000e+00
1.413568977127612793e-02 1.839936755305057181e-01 -1.115457350923368951e-01 0.000000000000000000e+00
-1.509125370144538160e-02 7.910396831384040872e-02 -1.161028715488161694e-01 0.000000000000000000e+00
-8.876124013586886297e-02 1.449273623099810171e-02 -7.578364350586654086e-02 0.000000000000000000e+00
-6.152472127726503759e-01 -6.515005123440596735e-02 2.993343418411723023e-01 0.000000000000000000e+00
3.441311638633466896e-01 -4.124984746015102760e-02 -2.818135869999063847e-01 0.000000000000000000e+00
-1.144736102479343015e-01 1.719539052296029796e-02 -2.802743100406414611e-01 0.000000000000000000e+00
2.129758443116805733e+00 1.698808280296348894e+00 -6.126587064303752328e-01 0.000000000000000000e+00
6.935765584002386852e-01 1.065909245219691881e+00 -3.032545045438751474e-01 0.000000000000000000e+00
-7.622353983842115877e-02 5.813321487611549099e-01 -9.395680639612451479e-01 0.000000000000000000e+00
1.828170752979614011e-01 6.325104850055137673e-01 1.152945849816372492e-01 0.000000000000000000e+00
2.283800359258929269e-01 -2.452573318293022275e+00 1.240783981079850218e+00 0.000000000000000000e+00
-1.113156652231177102e+00 1.614082622953895596e+00 1.892930869576737063e+00 0.000000000000000000e+00
-6.495531461348951208e-01 -1.275342871111821097e+00 7.712354574137868513e-01 0.000000000000000000e+00
-6.825270384240624821e-01 -1.499710469921015088e+00 1.101114216068279195e+00 0.000000000000000000e+00
4.084502706368284275e-01 4.657918189322902136e-01 6.081773404703132435e-01 0.000000000000000000e+00
-1.998922339391023373e+00 -2.791514160349169327e+00 3.137642073238683604e+00 0.000000000000000000e+00
-1.482069568300696361e+00 -2.393873273852495931e+00 1.819208071516229541e+00 0.000000000000000000e+00
-3.127131192803702664e-01 -1.214130074120158831e+00 8.170485314226625384e-01 0.000000000000000000e+00
1.166415136861184587e+00 -1.104975051583169332e+00 -2.657216981763896313e-02 0.000000000000000000e+00
-4.387354509643301426e-01 -1.672302878650499258e-01 6.840486777060542645e-01 0.000000000000000000e+00
-8.290657338079854277e-01 4.394967107269991125e-02 1.095404201890121554e+00 0.000000000000000000e+00
