2.412767011647964477e+00 -3.144550936051153212e+00 -3.389206827515456766e+00 0.000000000000000000e+00
2.627078458830263141e-01 -1.297164044706069053e+00 -1.345355744174501655e+00 0.000000000000000000e+00
-8.940088260132814657e-01 -4.986028063078735695e-01 -5.032985082568659507e-01 0.000000000000000000e+00
3.835892497178469140e-01 -4.215220034281367267e-01 -3.971943743915815617e-01 0.000000000000000000e+00
-5.739224608862129040e-01 -1.340041378504932545e-01 -7.775692399132930199e-02 0.000000000000000000e+00
-1.235881848627130797e+00 -2.422118403136587439e+00 -1.981099670444573357e+00 0.000000000000000000e+00
1.017017701748679670e+00 -1.672664696225963255e+00 -1.844923644463257739e+00 0.000000000000000000e+00
6.985527942261487988e-01 -6.194579994452327210e-01 -9.601295099025493052e-01 0.000000000000000000e+00
-8.589648929843647363e-01 -2.709471019400530589e-01 7.743158867643817889e-01 0.000000000000000000e+00
1.421890740458587210e+00 8.176839609226850270e-01 -1.858099629931003749e-02 0.000000000000000000e+00
-5.307940361481590097e-01 2.938200432268156526e-01 2.327745641384484920e-01 0.000000000000000000e+00
3.426258812550727617e-01 -5.702206596916719050e-01 -9.059312940125519020e-01 0.000000000000000000e+00
-3.141265935387512198e-01 -2.689775722082642373e-01 3.839455498453681059e-01 0.000000000000000000e+00
-1.114540596760122293e+00 9.889087744381214184e-01 9.434443614688275970e-01 0.000000000000000000e+00
-4.756367547176283406e-01 1.370367305261406266e+00 1.013099884476563739e+00 0.000000000000000000e+00
-1.635651392936163517e-01 6.976991555366798825e-02 7.336265225166629933e-02 0.000000000000000000e+00
-9.638431816350957471e-01 2.480786555547732086e-01 1.479557398233542820e+00 0.000000000000000000e+00
4.223485050245227024e-01 1.497652441973285065e+00 1.083852849471189650e+00 0.000000000000000000e+00
-5.793768931086282770e-01 2.113048337176649250e-01 1.293146183354712819e-01 0.000000000000000000e+00
6.425744128739484529e-01 1.085437266134210883e-03 6.678725862294318527e-02 0.000000000000000000e+00
-1.956233945815014641e-01 2.877437761413638162e-01 1.525308459705332353e-01 0.000000000000000000e+00
2.418674686403635751e-03 -3.425710420721903016e-01 -5.324347645854566879e-01 0.000000000000000000e+00
1.132162004773606089e-02 -8.829365408690631467e-02 1.561886505751627907e-02 0.000000000000000000e+00
-5.003440671258226891e-01 1.260752217803194686e+00 1.180898905879443461e+00 0.000000000000000000e+00
-2.859907254834314072e-01 4.610354655202603125e-01 4.381701783865016853e-01 0.000000000000000000e+00
5.263064988100262659e-02 8.374574379605566055e-01 2.377854698848988202e-01 0.000000000000000000e+00
1.725179954059834930e+00 -3.543460298331348457e-01 8.499408192678427065e-01 0.000000000000000000e+00
2.483108125281970613e-01 4.297432951869670226e-01 9.683085938969272499e-01 0.000000000000000000e+00
7.248138592254185220e-01 -1.409792448231566853e-01 -7.736565167914425389e-01 0.000000000000000000e+00
-6.909278318989957590e-01 1.007963445728129182e-01 6.726221335883314500e-01 0.000000000000000000e+00
-3.085641339819486628e+00 -1.336629175537860315e+00 1.975405997254038537e+00 0.000000000000000000e+00
-1.946410821884011488e+00 -1.533970437190266711e+00 1.850547720113899786e+00 0.000000000000000000e+00
-1.536769699981848758e+00 -1.178588850213750788e-01 2.887891862147118904e-01 0.000000000000000000e+00
-4.792939299272005321e-02 -7.214210416816280169e-02 7.378418641479285167e-01 0.000000000000000000e+00
4.299186778866883052e-01 -1.717791398253350810e+00 -1.238238439641577537e+00 0.000000000000000000e+00
2.077001169176730666e-01 -9.616057715733841715e-02 -7.884073006721342702e-02 0.000000000000000000e+00
-2.605110914731845195e-01 -4.043734650006192838e-02 5.505044861936581047e-02 0.000000000000000000e+00
1.012326839338943130e-01 1.658378984705587145e-01 -2.012350209677299107e-01 0.000000000000000000e+00
4.316279553942443115e-01 3.908185652022640455e-01 8.704726907858130192e-01 0.000000000000000000e+00
1.318199597259004374e-01 -1.619409364168097332e-01 -4.216583415204242513e-01 0.000000000000000000e+00
1.402651909992740642e-01 1.068733378214448415e-01 1.173316015820921321e-01 0.000000000000000000e+00
2.077122077597308714e+00 -8.139352800267551924e-01 8.358224428193812283e-01 0.000000000000000000e+00
1.251329604334321166e+00 -7.710931657730173416e-01 -5.114201868981740340e-01 0.000000000000000000e+00
3.816741242793146305e-01 -3.487519952240721310e-01 -8.057484321837032892e-01 0.000000000000000000e+00
3.049841105865669366e-01 -4.257800566338480058e-02 2.445291949615882865e-01 0.000000000000000000e+00
-2.201443939693053409e+00 1.363404320938597314e+00 2.844709221668212606e+00 0.000000000000000000e+00
-1.874774636095252189e+00 -1.911162153503905836e+00 2.040608488179572966e+00 0.000000000000000000e+00
8.448224941828573475e-02 8.324359011003894526e-01 3.315853975800676645e-01 0.000000000000000000e+00
-1.049794695629145291e+00 -1.426362168804700958e-01 1.270294580744149471e+00 0.000000000000000000e+00
-5.123153497140286311e-02 -5.085026836241294257e-01 -2.719390606154494239e-01 0.000000000000000000e+00
-3.352106085220459164e+00 2.555203786612751937e+00 3.031172129586273467e+00 0.000000000000000000e+00
-1.572592124988090534e+00 3.527551510260308554e+00 2.961762208698430765e+00 0.000000000000000000e+00
7.333220172132348669e-01 9.434741472052073086e-02 1.834080685083764095e+00 0.000000000000000000e+00
-1.049166075024601907e+00 1.619509083684077755e+00 1.127420669726155511e+00 0.000000000000000000e+00
-8.079257476418435502e-01 8.339244553132602045e-01 1.103434971442594170e+00 0.000000000000000000e+00
2.328095549593307279e-01 1.287535127983556293e+00 7.965010307973498238e-02 0.000000000000000000e+00
