-8.381067461220456094e-01 2.660431460970041684e+00 2.914945458995649386e+00 0.000000000000000000e+00
3.787409820549888506e-01 8.212424451292165140e-01 8.754044259192793609e-01 0.000000000000000000e+00
-9.415791241594192312e-03 3.296792858078947952e-01 -4.442463861436337647e-01 0.000000000000000000e+00
-2.738590602959722897e-01 4.217534865470871641e-01 -4.137481081548828876e-01 0.000000000000000000e+00
5.288296025712070358e-01 -2.075462998664113004e-02 -4.150965455081838396e-02 0.000000000000000000e+00
2.350534793741495820e-01 9.867473684919594312e-01 1.963178757054639512e+00 0.000000000000000000e+00
-4.084524391463325022e-01 1.461295703687357950e+00 1.963092660561495562e+00 0.000000000000000000e+00
6.247456571378283696e-01 -5.119810976884130449e-01 4.058388385830141720e-03 0.000000000000000000e+00
-3.474192577764324552e-01 -3.806645779870038160e-01 -5.993778113616071712e-02 0.000000000000000000e+00
-2.440861162811781282e-01 -7.521947760655777193e-01 6.104621549545108383e-01 0.000000000000000000e+00
3.654316463210318666e-01 -2.089324198381524722e-01 -2.136481283564069522e-01 0.000000000000000000e+00
4.650509347033499052e-01 -3.320993957223064008e-01 -6.750282157642310821e-02 0.000000000000000000e+00
-2.618275111393598142e-01 -2.934279351664091373e-01 -3.734443828629643164e-02 0.000000000000000000e+00
5.982223632930208090e-01 -7.251554687357743001e-01 -1.510134451232155284e+00 0.000000000000000000e+00
-1.440445584533987244e-01 -6.913936397301687631e-01 -2.928449221617168696e-01 0.000000000000000000e+00
1.999154830996121568e-01 -1.203587924461188147e-01 2.302545915230217732e-01 0.000000000000000000e+00
2.968060497740475645e-01 8.871342212868412735e-01 1.478989389970105872e+00 0.000000000000000000e+00
5.428923414697754968e-01 -1.055561545162029755e-02 4.940216683117895635e-01 0.000000000000000000e+00
-1.388495072883312587e-01 2.893831527309164708e-01 -8.732647946756405544e-01 0.000000000000000000e+00
-1.765976896642201532e-01 8.404220270911637314e-02 -2.361096719481740325e-01 0.000000000000000000e+00
1.198993061357823547e-01 -1.381700986626597516e-01 -1.174176510530721002e-01 0.000000000000000000e+00
1.431366673066818140e-01 -7.227175011592140708e-02 -1.172302562911251844e-01 0.000000000000000000e+00
-1.125785906455096519e-01 -1.102558791575726921e-01 -6.561020577432657985e-02 0.000000000000000000e+00
-3.972112425988381240e-02 -7.105259474751204340e-01 -1.536143310725718303e+00 0.000000000000000000e+00
1.008425190047044090e-01 -3.514654147177884713e-01 -3.894567982462165401e-01 0.000000000000000000e+00
-1.373817425381663737e-01 -3.121465667493398821e-01 -6.095428027757000544e-01 0.000000000000000000e+00
2.623598914911682289e-01 8.034314750636798452e-01 2.232238140012726912e+00 0.000000000000000000e+00
4.562939390590377009e-01 1.704067774662062773e-01 9.644404136974417119e-01 0.000000000000000000e+00
1.334530476687187939e-01 -3.246715031859737088e-01 -4.339628596319574649e-01 0.000000000000000000e+00
-2.136469032797431722e-01 -1.838814800958079587e-01 1.051747637413440878e-01 0.000000000000000000e+00
9.980832429938642225e-02 -3.143859197096594144e-02 1.390504755722792529e+00 0.000000000000000000e+00
1.500401293410266623e+00 1.110782596708880465e+00 1.325239527874521483e+00 0.000000000000000000e+00
1.000768930226992648e+00 -8.198706059862850282e-01 6.247522628845709747e-01 0.000000000000000000e+00
3.744080617498649066e-01 -7.216416430801136928e-02 -5.661883994617836757e-01 0.000000000000000000e+00
-5.467564348569780019e-01 1.327673999963623563e+00 1.360536654979006999e+00 0.000000000000000000e+00
-1.334181908093996505e-01 3.072624362362215075e-02 5.985973368929627114e-02 0.000000000000000000e+00
-1.798669291649599711e-01 1.526244895723613548e-01 -7.868467633253382887e-02 0.000000000000000000e+00
4.763919177476677591e-02 8.046897181389425779e-02 -1.058128129249770732e-01 0.000000000000000000e+00
-7.410932777615399925e-01 -2.940691505389437244e-01 -7.904216026567413289e-01 0.000000000000000000e+00
-1.048960217015640489e-01 3.964579252523066366e-02 -3.095977718768809783e-01 0.000000000000000000e+00
-1.686079617581318080e-01 -5.030144223068215570e-02 -3.761446478858018749e-01 0.000000000000000000e+00
-3.527764485523650073e-01 1.276198794872920983e+00 2.511272126562508422e+00 0.000000000000000000e+00
5.625264018967451873e-01 9.042863028653971291e-01 8.666643247510210646e-01 0.000000000000000000e+00
-4.654434851660240423e-03 -1.814549989638029881e-01 -6.465943188225220517e-01 0.000000000000000000e+00
-9.290580330295894473e-02 3.255431064665295637e-01 1.895182129450142250e-01 0.000000000000000000e+00
2.657180017379697640e-02 -1.004613676836601854e+00 -1.826379146852841195e+00 0.000000000000000000e+00
1.162146136692384868e+00 2.508453715051809585e+00 -1.161243019768421203e-01 0.000000000000000000e+00
5.361590860082231513e-01 -8.641819040509153282e-01 -1.365218451859450566e+00 0.000000000000000000e+00
1.272850556147452072e-01 -6.238345263404003749e-01 -6.859745158979194679e-01 0.000000000000000000e+00
-3.201672433051418465e-01 6.295239461247548185e-02 2.934682879279801315e-01 0.000000000000000000e+00
2.411026769907307354e+00 -4.266308994394441001e-01 -5.523718012592981896e-01 0.000000000000000000e+00
2.730613569393294693e+00 -1.813135341310569304e+00 -2.059555328428820165e+00 0.000000000000000000e+00
3.978797274856210597e-01 1.655271764455070516e+00 -4.472267354756351843e-01 0.000000000000000000e+00
1.147200930525521745e+00 -4.639961136088768257e-01 -6.595069446681687264e-01 0.000000000000000000e+00
-4.828248912570972107e-01 -2.080276398072832267e-01 -8.208607259888116570e-01 0.000000000000000000e+00
7.095248435371098727e-01 -4.386489357972391256e-01 -7.696226749555754587e-01 0.000000000000000000e+00
