-7.917597379965902737e-01 -2.943186004418327784e-01 -3.637789127861469907e-01 -3.490018723272174661e+00
2.066613563205516868e-01 -7.034322788312476205e-02 -5.083948127878223922e-02 8.490861873010977501e-01
-2.402012476550373365e-01 9.272406212231629197e-02 9.675356325545859948e-02 1.547628510441770300e-01
7.458095138780301836e-01 -6.210310359930173996e-02 2.694646693788615432e-01 4.595639726329291186e+00
-1.479588810989730108e-01 -1.610733185892046782e-01 -1.709028755022164725e-01 -1.536480157797068147e+00
4.749298845952532599e-01 2.209923350510427931e-01 2.394532960088877060e-01 -2.139763575498228487e+00
5.112740673686125836e-01 3.330937203671888169e-01 3.406496992311611183e-02 -1.553876944308125452e-01
1.577615282848795042e+00 2.595399476097989266e-01 1.372001379424629131e-01 -7.918260710858723295e-01
-1.054371349378657952e+00 4.424400243309093567e-03 2.672815997929124665e-02 -5.246048633354691848e-01
-3.959363651304742548e-02 5.610944650091469477e-01 8.040577705833168443e-02 -2.886446056399354809e+00
-7.008566951499352049e-01 -1.240555167776386802e-01 5.780830395834721802e-01 -9.055325665735614038e-01
-1.855013638671697773e+00 -2.652444404136613532e-01 -5.090358330667156539e-03 1.358677985042695768e+00
1.673704185055027605e+00 5.193324649619887046e-01 1.154553171533912043e-01 6.943401429764256783e+00
1.987082680997414919e+00 6.191462980288715556e-01 5.403158270341518188e-01 1.509265702864337699e+00
-6.240259585608800563e-01 -2.086437976721618737e-01 -2.695515274452954246e-01 3.946409922886354504e+00
-2.108850464473293052e+00 -2.743468889167451352e-01 -1.147088083589285490e-01 -4.477756919465503138e+00
-7.036668939359340680e-01 -1.707799208598958229e-01 -1.765887685817100344e-02 -1.582636131293534976e-01
-6.625296474670491209e-01 8.780799505580035025e-02 4.102655488476077833e-02 -1.148718132838228545e+00
5.336265991612174631e-01 2.025397283061632775e-02 3.394618421219369048e-02 7.367077941421182885e-01
-1.162398713085900925e-01 -3.318314443469418951e-01 -7.325437133595719130e-02 9.786473756764950682e-01
6.121368899132140218e-01 4.970001388011202614e-01 -1.306604885627041801e-01 9.168521632442850899e-01
8.589106096856546912e-01 1.147770773912800552e-01 -8.942431184338940631e-02 -7.878566803542962349e-01
-2.082812870043394771e+00 -1.156554817814241964e+00 -4.738301402714238386e-01 -6.555922530292185968e+00
2.186725564338621863e-01 3.250788398393125722e-02 1.047180629969256399e-01 -2.469215120117226991e+00
-1.090929942401016595e+00 -5.593127427915266514e-01 -4.754556033192958719e-01 -1.035062163711932826e+00
2.722931906989273898e+00 -6.121799195640426072e-02 7.506965614090421735e-02 6.585440284431509639e+00
7.697178716723820369e-01 -3.947587745107331014e-02 -3.658529949472621827e-03 3.517522934462593565e-01
7.401613530355760640e-01 -1.075009957615219724e-01 3.696086251648404708e-02 1.445397270225953434e+00
-7.872600395706181864e-01 -1.386673872721103096e-02 1.230186209720385629e-02 -4.913647770349401367e-01
-2.215344136269230546e+00 -3.699677886538000338e-01 -1.034743227479731631e-01 -4.072589704534065547e+00
7.595029604988258187e-01 -6.513948429009235042e-02 -6.724022132012301423e-02 -2.763487359695931955e-01
5.183369762649165935e-01 -9.400270326879617278e-02 -9.279383858554859921e-02 -5.622734622114834435e-01
-1.278156856507794287e-02 -6.216374533671167879e-02 -7.419604267555865440e-02 1.096118540463472124e-01
-9.741501278140021758e-02 -1.376111689983604280e-03 -1.526517813373595017e-02 1.554102856953299083e+00
2.985138301628241508e-02 6.061205951374292605e-02 1.381377730763098943e-02 -1.402773976323479499e-01
-1.346229826058390477e-01 -1.747932675086386611e-01 -4.862231752929530200e-03 -1.977024048814820523e-01
-1.410071852666409109e-01 -1.978930682370704311e-02 2.864183489589714610e-02 1.501283061177481337e-01
5.493538937150604928e-01 3.840507115706122132e-01 1.740192410600171491e-01 1.581522039454253958e+00
1.949809075268931768e-01 1.357719387711183723e-01 1.078420200475767449e-01 2.106892167015573525e-01
-8.046804921231581753e-03 3.668759976653293564e-03 -1.762583186264593538e-02 5.162647805377340582e-01
-1.102937898679332562e+00 -1.690904642822512183e-01 -2.143273155368228544e-01 -2.231238918837854968e+00
-2.325297339785062367e-01 7.409273623359968752e-06 -7.555881908564744676e-04 -1.362465483239991004e-01
-1.808263309699167098e-01 1.973809834637447330e-02 -5.275579481754611583e-02 -3.700295226644060298e-01
2.548004706771931915e-01 -1.129848085137261787e-02 -1.594767238682220228e-02 7.724750388183899974e-02
1.596372519631816145e+00 5.022347664291207936e-01 1.213758842790999132e-01 2.801484849413605538e+00
-3.858114217354434716e-01 6.013791454147609378e-02 5.369375930735342806e-02 2.508206340218702701e-01
-3.163185092343608895e-01 1.111760637437257254e-01 8.579605515626938239e-02 1.796174754828671338e-01
6.208695818716253312e-02 5.149935761186946043e-02 4.767309680804425465e-02 -3.686568145703987553e-02
1.972447937199513224e-02 2.700748175806115536e-03 9.394487397980117588e-03 -7.378306666260311397e-01
3.906847368907220286e-01 3.553160454519951883e-01 1.414344951610357545e-02 -6.462035611157872506e-01
1.914509982357127382e-01 3.237947144561469925e-01 -4.641108012320908915e-02 -2.041636080276382215e-01
-4.278290911365497523e-02 1.151490933384499010e-01 -5.147504318503869081e-02 -2.645885542268898716e-01
-4.836993724022166374e-02 3.305273770517686005e-02 -2.865433101813663619e-02 6.038848202842126561e-02
-2.024899005755785575e-02 -5.585596267126924364e-02 9.176001164208150152e-04 -2.491892214010822393e-01
2.969622906477997412e-02 -1.023222665381753882e-03 -2.596772064594329160e-02 -1.728809762484246892e-01
1.563129785048142373e-02 -6.055095742527458885e-02 -5.712001542069886084e-02 7.607071409984642596e-01
3.666854012197109242e-02 1.407341740663024809e-02 1.265313742914193212e-02 4.653587851870740616e-02
