-5.816736203778065661e-01 -5.598472515520820370e-01 -9.341727460941514627e-01 -5.819920609191043814e-01
1.954577815024723941e-01 1.830955945785159855e-01 2.849917206144925164e-01 1.989326439701754046e-01
-1.830898065858787283e-01 -1.827981509096149870e-01 -8.556388569371997654e-02 -1.898610876639225120e-01
2.642868685571561627e-02 -2.097155942684529595e-02 4.847903273053228990e-01 3.017873982462745269e-02
6.828192874652451450e-03 -2.803755458580239543e-03 -1.323004032363514493e-01 -1.350232880682551706e-02
2.917605330747422704e-03 4.363600671359896960e-03 -1.017266448613412533e-01 5.370446375194369570e-03
3.750532068995444945e-02 8.125357012447365079e-02 -1.167128457195684144e-01 6.401730839014457830e-02
7.793916944220834198e-02 7.614746847619892345e-02 -1.649081656219320569e-01 1.024109907785958340e-01
2.005665583734043966e-03 1.421307266492345678e-04 -4.255782820477176792e-02 -3.457457303428712603e-02
1.810458118265823035e-02 6.191763016573424705e-02 -2.687778323089194954e-01 1.254106655880325022e-02
5.582436600679205330e-02 5.038105205402987341e-05 1.578654967621660743e-01 4.731248345997030036e-03
8.432160117315019854e-04 3.548209540928831326e-03 2.351742003379891366e-01 -2.947737662192133345e-02
-1.352206129019628555e-02 5.436123508561898493e-03 2.874056458447625806e-01 2.236044858447408523e-02
1.447435926137008444e-02 2.496158945397736889e-02 6.439850544131550669e-02 8.411098649886986078e-02
3.854568487700035795e-03 -4.899376139761713045e-04 1.671074424078902720e-01 -9.441650097070472536e-03
-1.883795495849134236e-02 -5.886661859111894102e-03 -1.771206126659300439e-01 -8.404119533305734469e-02
-5.488367752225054019e-03 -6.470131908978391314e-03 -4.724186246019296265e-02 -2.780040410832684827e-02
5.813475914954624457e-03 6.773693219830330056e-03 2.157827860792024821e-02 -1.641420762671076672e-03
5.289468699646252686e-03 4.670908480778078464e-03 -2.152557893406012446e-02 1.493428112789116358e-02
-7.610914427682330397e-03 -2.547967688834170547e-02 8.189046548549033799e-02 -4.511777713646140248e-03
-2.776771457793157649e-02 2.417109017827753781e-03 -5.934737466437086523e-02 -4.940625542252247149e-04
-8.247075396802135833e-03 -8.774135139246838633e-03 -1.055886006008193156e-01 7.909597401460525395e-03
1.186629254976231604e-02 2.479467676915939056e-03 -2.180415887224941285e-01 -1.476113754068128503e-02
-6.658527414418531631e-03 -3.359716896142866949e-03 -9.935297137994997252e-02 5.995469217721177690e-03
-9.287367461872766961e-03 -1.845799015003513066e-02 -3.557691391736959863e-02 -5.252091280524456146e-02
6.004840039263947132e-03 -8.637459693646284617e-03 1.591845999281816804e-01 8.659316615287859786e-02
1.276265935079859415e-02 1.208335497023898045e-02 3.217324796862051917e-02 2.940243433016458130e-02
-1.205513273864200485e-03 -7.897818652926220928e-04 -1.380090375431354890e-02 5.774872828356564236e-03
-5.040884179302734802e-04 -5.017633053880025951e-03 8.646972142113296123e-03 -1.168959787011261686e-02
-1.932721590752958102e-02 -4.369587296306376434e-03 -4.461510885807026816e-02 1.510558830313285528e-03
5.003373247893425600e-03 -3.385198798871369517e-03 5.724457674713306909e-02 3.000261554746565251e-02
-1.415141164721370193e-03 4.458667244288776199e-04 3.725285678881090634e-02 2.723281115803388719e-02
-6.765846834613804123e-03 1.410569932493773576e-04 4.816235272412372481e-04 1.200997264383399377e-03
1.544396465571501453e-03 5.546189815572623305e-04 3.560738273830578449e-02 -6.740911120371173570e-04
9.136235020613774072e-04 3.578311210065236291e-03 -1.046803240282155600e-02 3.378343153238277767e-04
2.953194859132020431e-03 -2.681479431203526078e-03 7.273248598046750529e-03 -1.141527772134179330e-03
1.763107648119829809e-03 1.611133454034031562e-03 1.671949534009584473e-02 -1.281133821018708586e-03
-1.138294567274340113e-03 1.043282408453134573e-03 5.077795021714030799e-02 5.114257721524941014e-03
9.899064282721681957e-04 3.739217539549808886e-03 6.591384836865545223e-03 9.992828062339309536e-03
1.985053583355425241e-03 1.293363748684126478e-03 2.046183370072995542e-02 -1.272682075451709791e-03
-3.149734178362012180e-03 -1.280072250409667114e-03 -5.101893455804198951e-02 -3.564681289394069919e-02
-2.842972983209856447e-03 -2.819644249840130845e-03 -1.305429033725375582e-02 -1.028774587077548042e-02
-1.182276264601378468e-03 -1.177655880613357083e-03 2.762839873636748454e-03 -2.681428175257211111e-03
-5.824972461299961213e-05 1.601930039814292378e-03 -2.218231315776447721e-03 3.418443453972477841e-03
1.973639067112686885e-02 5.176061118438504693e-04 6.229519226000644616e-02 1.344667787914996526e-02
4.165215918198353177e-03 4.970787054848825950e-03 -1.341573784236479994e-02 -8.938503554180174393e-03
3.177072980771874708e-03 1.933212243059705300e-03 -1.669913728199728942e-02 -1.294243823207748972e-02
5.667992443155519394e-03 -5.781653110512346332e-04 5.960529036773271061e-04 -1.786081019276714033e-04
-7.725752196581937153e-04 -7.892494837194244384e-04 -1.842981487940820173e-02 -2.644750684678218167e-04
2.697044202577440070e-03 8.905270094472714226e-04 6.225183624860100573e-02 4.286483539016534838e-02
4.636246771562987229e-03 9.406106899692637247e-04 5.660000481338269690e-02 3.273494788524462795e-02
3.790893080351415666e-03 -1.532134798337794410e-03 7.448202646726555243e-03 6.329295080358648962e-03
-4.119556778398706515e-03 -8.707610753785205437e-05 1.472475800086209263e-02 1.384036183184368662e-02
-2.356425328706453215e-03 3.832298537582504161e-04 -1.226190616430665806e-02 5.009363806033850092e-03
-4.776364744913566551e-03 -6.047225908851969201e-04 9.328901285357883710e-03 -1.052482955632358386e-02
7.890240077578696276e-01 7.857763626945571955e-01 8.939485235492757864e-01 7.891657514128401774e-01
5.242836822705809145e-04 2.925104273570636399e-04 1.211690742109980965e-03 9.353703769082698238e-04
