8.007665782491619755e-01 7.513531692641424176e-01 -6.859040202313884116e-01 7.285285270317212181e-01
-4.361235525863206286e-01 -4.461761469467906971e-01 -2.104192643646066507e+00 -4.537887278619546216e-01
4.430986981151722182e-01 4.431161148022791929e-01 -1.365671764029687818e+00 4.340133830591473285e-01
1.041932041163537437e-02 1.522125923554260019e-01 2.506198835335430530e+00 2.123671567534138604e-01
4.990279687642864420e-02 -4.473468103053379608e-03 -1.681399805131236769e-01 -1.221917468544765108e-02
-1.784627810640602302e-02 -2.040029567565119009e-02 1.300125184222422625e+00 -1.006568054238851997e-02
-3.778003334883492381e-02 -1.072949911263571532e-01 4.051068392071552005e+00 -1.064657374038152637e-01
-1.020295124710093732e-01 -9.402567680925937033e-02 2.709497070463532165e+00 -4.192149644132300151e-02
1.804957970200810752e-02 8.057865796491092691e-04 2.261875310810020245e+00 -1.823114768975531153e-02
-2.636595968462964179e-01 -4.134288982140340574e-01 -1.771389268422648877e+00 -4.761428525119783539e-01
-2.505093713560539032e-02 1.284925077486547551e-01 -4.694291964792944860e+00 1.487389456977106228e-01
-1.198260909185536044e-01 -1.419018587644319540e-01 -2.115526316892202274e+00 -2.261522503460584588e-01
1.279909082141110765e-01 8.172604823259940754e-02 -2.033197941264891284e+00 1.077183401375818445e-01
-1.053813009359194919e-01 -7.265413843106065250e-02 -3.251968300480331919e+00 -2.548644067251465417e-02
2.792086768774549449e-02 9.480289673273543938e-03 -1.561507430507542482e+00 -2.054149743192542829e-02
-3.317447136381339312e-02 2.135593819012462924e-02 1.860758427584259689e+00 8.709296430088164787e-02
3.306551926320113605e-02 7.245108192424015714e-02 1.880318287182654480e+00 1.045431736564452208e-01
-7.978209719811536760e-02 -4.089323624894045800e-02 -3.433041002956132015e-01 -1.886349399730169810e-02
-1.686160235415977426e-03 -2.831671653687441517e-02 -1.720156053720657552e-01 -3.499960940829652256e-02
7.090179438177818261e-02 1.370789147936142816e-01 4.105038047183323657e-01 1.653241460109748373e-01
1.517364648594474175e-01 5.716239833165235457e-02 2.254337589030598110e+00 3.465999507787422690e-02
5.739650739866297702e-02 7.524140221080084789e-02 7.215592060658987394e-01 1.245279856100172527e-01
-2.110513219755036918e-01 -1.245561781138860152e-01 1.440041574614418618e+00 -1.662743574510827382e-01
-1.506200703526967832e-02 2.809666679909089693e-03 7.164538059517618906e-01 2.872741728319834834e-02
6.384244008347413069e-02 5.727261371514884292e-02 1.680147122174746377e+00 -1.278617243284145555e-03
1.684322484041635704e-01 9.785867895341875122e-02 8.702093069510674628e-01 1.403038894020807587e-02
-9.103866673452892799e-02 -1.108162936151540767e-01 -9.183413235286931320e-01 -1.384484378707347141e-01
7.163846608961363382e-02 1.008192046835243091e-02 3.615755034568409743e-01 -3.029909516820862916e-02
-6.624943130828425675e-03 2.732613379564647477e-02 2.416303984508624825e-01 2.602533425669813563e-02
-2.283459953253587915e-01 3.653183445259913092e-02 2.128570587649816215e+00 4.619749672678864078e-02
-1.089471062922156425e-01 3.763139766517238638e-02 -7.335621929322251322e-01 7.292231979518673524e-02
-7.959331869396463199e-02 -2.377624784726055374e-02 -1.201300626100680891e+00 -1.466584951211594677e-02
2.790186594892278549e-02 -5.701450971279394854e-03 -2.015860533046767156e-01 -1.222816747952324562e-02
-2.596092434313976294e-02 -4.574808579366896992e-03 7.536960573503795335e-04 -1.254169916344170105e-02
-7.735714494244772151e-03 -1.809374630950904422e-02 -2.772659947663712321e-02 -2.272601125123164395e-02
-2.824109340630002671e-02 -9.172689190677974641e-03 -3.528266149191033874e-01 -3.536112925000443104e-03
-7.141750946188608895e-03 -1.118373004362100548e-02 -9.589681112857623146e-02 -2.096836594671899062e-02
6.936386610504367833e-02 4.299847039746831912e-02 -1.978799433031691868e-01 6.038606086919932892e-02
-1.009728956488308189e-02 -1.293310450913564766e-02 -2.936151497453035053e-01 7.468760918563660534e-03
2.829649446835971055e-03 -2.007342463214197535e-03 -1.307583542804304777e-01 -8.517231188156853053e-03
-3.209806599376884007e-02 -4.518096028733833980e-02 -3.210791544702545908e-01 7.496865779916996562e-03
2.677916460948334340e-02 4.494814586902741438e-03 2.632674912849299886e-01 3.812590612143051255e-02
-1.427701507686400355e-02 -2.885339456915887724e-03 -7.654655391334519443e-02 2.018216262553525209e-02
4.564844916517117601e-03 -8.674432323676067869e-03 -6.998287832312580226e-02 -5.736145286888182267e-03
1.329559494550714704e-01 -1.212234934894353827e-02 -1.145145697354105208e+00 -1.484554949946581721e-02
1.752011322121314538e-02 -9.751489864353757309e-02 1.692826135643915597e-01 -8.955136100820075551e-02
2.711441607518929459e-02 -2.214097860293903763e-02 5.750814734521202398e-01 -3.079681304112814703e-03
-1.494685418924525389e-02 -6.984701315924734567e-03 9.912892516859710124e-02 1.138505351508703467e-02
1.367838775766029233e-02 3.916293575024341889e-03 9.210263830108849498e-03 9.026356572591960961e-03
-1.288707590475842157e-01 1.870948225357839390e-02 -2.318217595118341023e+00 -5.759582566170588780e-02
-1.058479215693876596e-01 -3.259177225095014757e-02 -1.306055031766534924e+00 -1.104568155970007126e-01
-1.396772569853687793e-02 -3.026379171650329589e-02 -1.366403806248822628e-01 -6.920617317121066647e-02
3.467520137865758023e-02 -1.130804227251981653e-02 -8.373356764201711488e-02 -3.420046161576281718e-02
-3.093322777867363316e-02 -4.333439203515723065e-03 -3.774862869003779015e-02 4.026634060506899260e-03
-1.367860931010310074e-02 3.758451039498643398e-03 2.265920168835361750e-02 1.618775829753717893e-02
-4.603925291410096432e-01 -4.558256255733950102e-01 -1.243314580738972830e-01 -4.536254199955284672e-01
2.331445669106637416e-03 1.306362483073098164e-03 3.593826772133325645e-03 2.018573522005380396e-03
