2.130853662546065147e-04 1.013664211645098900e-01 2.593542702516841471e-04 -2.407718402960945525e-03
-2.471421761944931905e-01 -2.409336347699927439e-01 -2.475159475485320670e-01 -2.411157295655767530e-01
-2.472533367740928911e-01 -2.420229450931014603e-01 -2.473244242291121608e-01 -2.463241511644541915e-01
1.133572985304185515e-02 -8.931586063830321276e-02 1.051815347919798048e-02 1.284379437803195856e-02
-1.706149405103635219e-04 8.814464786041442679e-02 3.130131970102293174e-04 4.214570165976788685e-03
2.511196486478295409e-03 -5.586848300720863303e-03 2.493969162048987470e-03 3.649892511749477930e-03
-1.627244836443285658e-01 -1.433611886760709497e-01 -1.565303094477281942e-01 -1.879716788610787948e-01
1.610008868620386446e-01 1.405666128381586333e-01 1.623198255373765053e-01 1.563725118923464663e-01
2.710239321744781563e-03 2.436832209941619531e-03 3.291563459511112275e-03 4.229090423989195768e-03
-8.775954217003778535e-05 5.074007510508993235e-02 2.151248592330377157e-03 3.039515892718336332e-03
-6.142100965756210063e-02 -1.041928841291227537e-01 -7.619553716038614255e-02 -2.766824568818943009e-02
-6.433488510250738590e-02 -4.244525365349727242e-02 -6.658873422810673848e-02 -5.652902130954885751e-02
-7.120082458277561532e-03 -2.072029566207536089e-01 -3.289394711550978900e-03 -2.358762435393732537e-02
1.901944428321006297e-03 -4.019783019012623804e-03 5.993099784440847344e-03 -1.613393839949184283e-03
2.018248795212507218e-04 1.035406196281568603e-02 1.841507350221570100e-03 -2.678394823217924992e-03
8.354100001676870169e-04 -5.154550789091102980e-02 -1.231828914412617590e-03 -9.996552113799572759e-04
2.894847801071009745e-03 1.453197193759420136e-02 2.824066626369269029e-03 2.407099339025497997e-03
5.085785556078137315e-03 1.483840342493565959e-02 4.433655881731320657e-03 4.485241750483093259e-03
1.452336609992074465e-03 -3.573776460863764548e-03 1.664448669580879253e-03 1.140485783497534322e-03
5.117766239496349123e-03 -8.959368668134293223e-03 3.319414895927032781e-03 1.614934496419390131e-03
-1.586407075064601851e-02 9.330458657541285117e-03 -3.774972013714010532e-03 -3.399365452650454644e-02
1.699204954924839889e-02 7.132796680402397893e-03 1.837716424617037367e-02 1.159179578502153585e-02
1.451021656011491912e-03 1.393976097534269654e-01 -7.064782824048409723e-03 1.804653786891136091e-02
-9.209331561857887760e-04 -5.638440422081857084e-03 -3.973573043515222017e-03 7.578617946534804695e-04
-3.426084178787411338e-03 3.049214295627100668e-03 -1.130211722348548053e-02 -5.557886540282774845e-04
-9.916452257648245699e-04 5.829880302817211368e-02 4.886469882901912226e-03 4.231745347978516092e-03
7.701418249606087341e-04 -7.875527821542105400e-03 4.513777389326314310e-03 3.514970894087254827e-03
-3.851103921224036108e-03 -1.217957653628272408e-02 -1.082200420674542252e-03 -2.505097235306064096e-03
-1.628538658946430961e-03 4.246810606471987382e-03 -2.286511453083128059e-03 -8.889622114110901085e-04
1.614942244974063024e-03 1.862354139968072642e-02 -1.157758224038778899e-04 2.593987779135095706e-03
3.133422668151031321e-03 5.397427086753892045e-03 3.908728599610108295e-04 1.365391290735054608e-03
4.256330318773100807e-03 5.394728740133358791e-03 2.687023124785195387e-03 5.988417117715749693e-04
2.830710131618119352e-03 2.195277681639878908e-03 1.626337540263508028e-03 4.580069336175343619e-04
4.870331683143325208e-04 7.392667133068499263e-04 1.347297576357372323e-04 2.962959210077338590e-04
6.982745247172215258e-05 1.878955341544745472e-03 5.136044786311893401e-04 9.961512968969347959e-04
-2.370771103411406858e-03 -7.014772214090657376e-03 -5.548043201023061810e-03 1.037133574520773815e-03
-2.220363856874612435e-03 -5.477185717771317075e-04 -2.587315742970394596e-03 -9.695927319420365176e-04
-8.947520211898762899e-03 -3.908502785418840886e-02 -5.083630665081752265e-03 -1.385077351654838938e-02
9.952752311892885256e-04 -9.075845492500234091e-04 4.221543040186605256e-03 9.449194202960919942e-05
2.795470104445833479e-04 1.002748129894639670e-03 1.380644871168953264e-03 -8.408300690066188715e-05
-1.797929348497460250e-04 -1.791148793515213306e-02 -4.332277882912898004e-03 -2.316309421296229576e-03
6.970776336012538682e-04 2.119619218178464548e-03 -2.553521784982675218e-03 -2.300117025926112779e-04
8.492485186234570438e-04 2.567540064359399854e-03 -6.046010453988580335e-04 4.473245951544246868e-04
3.107625003180326806e-04 -1.202391183185491652e-03 1.043642704738264714e-03 2.012415359694506856e-04
-1.473161906214312533e-03 -9.413548023089163275e-03 6.168307126458664330e-04 -6.502003737047373777e-04
2.234017283020833800e-04 -2.238848074244403907e-05 2.926068342287129614e-03 1.929665357095468325e-03
-2.794394881159531149e-03 -2.063659162308717487e-03 -1.298044601344111593e-03 -1.309472269490907781e-04
-2.730200212508920518e-03 -1.112387554501118037e-03 -1.390969206335866942e-03 -6.371611385083686407e-05
-6.994854860772059535e-04 -3.678550064215441173e-04 -3.011654247370198004e-05 -1.616623678779224860e-04
7.352522092337332449e-04 5.105231854676650638e-03 1.040760964728635468e-03 1.613724266332022816e-03
3.556935989443087143e-03 3.842702567563333060e-03 2.177819582893581601e-03 2.159380922349116161e-03
2.735548072517170193e-03 1.168835115852018963e-03 2.999296091020875986e-03 -2.488304867837992651e-04
1.317108441644940231e-03 -3.098287504473551390e-04 1.679352919642609736e-03 1.375819434121100526e-04
5.784482819699843237e-04 6.694479396893854295e-04 9.986918360313512544e-05 2.127024619244660686e-04
3.578471260416576927e-04 1.737478318409729772e-04 -2.831759349076704707e-04 -1.156566746349577124e-04
-7.527177369955384556e-02 -1.141717606591362011e-01 -7.528161411421413485e-02 -7.459858408078993974e-02
4.645803422215855565e-05 1.515983495602892103e-04 4.398990618088219877e-05 5.792521038733504081e-05
