1.866283857876377406e-03 -2.233108280747658769e-05 -2.298353288157639618e-05 2.810741005019410516e-04
-4.810985559500040309e-02 -4.690519846271211379e-02 -4.709716418005581440e-02 -4.683452118476209847e-02
-4.625916020293444064e-02 -4.685248925402717840e-02 -4.687558572492793452e-02 -4.682001077014637247e-02
-3.143206401822082330e-01 -3.122940222582057945e-01 -3.125463366097351314e-01 -3.134293443227317844e-01
4.351509101038699909e-03 1.453296233576982163e-03 1.768243199441354996e-03 1.704392408166471862e-03
1.356501714811622628e-03 1.694251128560786065e-03 1.781118040901995270e-03 1.728909039345256915e-03
-2.336785376272518255e-02 -2.867396030031157950e-02 -2.800953575257286721e-02 -2.952291955349925501e-02
2.734274478616238735e-02 2.939387623644933861e-02 2.933484250457678300e-02 2.902869310633993116e-02
3.064390243810943826e-03 3.410959057956844051e-03 3.467172898863370156e-03 3.406086911054080277e-03
4.802533240660378233e-04 -7.934155865160774646e-04 -1.848917918608194988e-04 8.364448976272576691e-04
-2.073236229013541987e-02 -1.388756404863869531e-02 -1.484999559939348401e-02 -1.234365791674457702e-02
-9.764314668703200084e-03 -1.199067685254660842e-02 -1.180595797369760058e-02 -1.127618402545128851e-02
-6.844389052484065039e-03 1.465864213446795711e-03 7.573135763844218715e-04 7.391705548046023644e-04
2.227714143680781245e-04 8.415220233545794848e-05 -7.594290494350453002e-06 1.007826584683430005e-04
-1.004672797260561246e-03 -1.485210944192509597e-03 -1.598339843343399291e-03 -1.509501705029767105e-03
-1.169140183636369068e-03 2.162747789103552920e-05 1.606013309708165249e-04 7.565194003087555297e-05
1.082096649335595115e-03 3.460766041926653658e-04 3.757083480847023260e-04 4.205483131004689179e-04
1.311949323952496527e-03 3.567322752729834567e-04 4.328545821731255572e-04 4.418508895538721115e-04
-1.879821963298999865e-04 5.942192518307992666e-05 1.131645373885423189e-04 7.366579604202450060e-05
-9.635280231047871347e-04 -4.062798954192897716e-04 -8.564020456827969863e-04 -1.368450633232983632e-03
2.102784185540620965e-03 -1.410463090265712260e-03 -8.230014129190776906e-04 -2.359008672654462624e-03
2.023126263705071759e-03 3.069456462378227640e-03 2.905883381045332170e-03 2.563815594486214267e-03
7.160325367855376738e-03 6.037614080695065388e-04 1.214045921788198257e-03 1.519323452196727486e-03
2.289122252035081378e-04 4.772649729756356374e-04 5.277547236388624441e-04 5.010657211561228563e-04
-2.519906967077718829e-04 -4.771199903588485558e-04 -3.923232904896878370e-04 -3.793928305269034240e-04
1.070650509429879604e-03 -2.153252372256858616e-04 -1.752504561469692135e-04 1.307186777713964521e-04
-4.065455720201789636e-04 8.165636300126039027e-05 2.073460254131687108e-04 3.179113497607521932e-04
-1.098580005593124964e-03 -1.113910310480970001e-04 -1.637066171319145891e-04 -1.704578229433442726e-04
2.465002214968453620e-04 -1.171526283669007545e-04 -1.264011979931548013e-04 -9.153460445674495988e-05
7.021466969448462991e-04 2.471088324137206416e-04 -4.909762664741246230e-05 -4.708067039199681503e-06
1.193608429162773543e-04 4.911107169127543193e-05 -3.519806968435568173e-05 9.508130207169784853e-05
3.524115088522350447e-04 2.221413553455120482e-04 1.240587163244821767e-04 9.029263482029231680e-05
7.649979107782894916e-05 1.383170976033114979e-04 1.305398078343348450e-06 -2.263810453201342554e-05
1.933724605548969855e-05 2.360178233017096172e-05 -1.107828745965794282e-05 1.029279650384060107e-05
-1.861336799314182444e-04 -3.008614902851244888e-04 -1.953198570079674179e-04 -1.023948016811992989e-04
-1.948844867607553433e-03 -1.314453333032730015e-03 -1.439064446586202362e-03 -1.129480507086661270e-03
-1.860852902648701956e-04 -3.718335436014349321e-04 -3.271309495605292939e-04 -2.535201678000899295e-04
-1.788702063151671046e-03 -2.107492502597899803e-04 -3.965653482284059450e-04 -5.502686187053157374e-04
9.229537993166864185e-06 1.169407078128181787e-04 8.834294195901593039e-05 6.545487622474852052e-05
-8.828405334401680932e-06 -4.548620867798544576e-05 -5.916855445435575955e-05 -6.248356354935855062e-05
-5.899378591550652473e-06 3.298781064317093947e-04 2.731987013481484983e-04 1.509214911103728962e-04
1.498077339889668930e-04 7.091250523295899999e-05 1.109736961944773892e-05 -4.146528421047901425e-05
2.481523755691258937e-04 -2.024033994500740175e-05 6.231733076039747132e-06 1.019492791005938148e-05
-6.954944805798515817e-05 5.016764788051252671e-05 3.630451420316878341e-05 1.998110719235186156e-05
-3.765060038083273275e-04 -1.984107118910682227e-04 2.766348772414994883e-06 -2.218837954731656126e-05
5.806659266876373904e-05 8.441110988161720785e-05 1.054512983456601383e-04 3.616003838625980737e-05
-1.416635506944971534e-04 -1.382213770643285489e-04 -4.971325453625996538e-05 6.167787681282677070e-06
-3.758158383487114618e-05 -8.614754310473302090e-05 1.820426128933214788e-05 -3.023341335586099410e-05
-2.495692592738296689e-06 -2.122862017611693020e-05 3.111731721870680811e-06 -1.375966738869846551e-05
8.271721388375397055e-05 1.093356508229392787e-04 6.715939800144843375e-06 -5.858826927592625244e-05
1.284817429774527328e-04 2.136456191986491060e-04 9.978089653278621185e-05 3.537354357423250217e-05
2.808205857775247782e-05 1.157056727159669340e-04 3.340523546593865412e-05 4.220229639828598778e-05
-4.378559907578655208e-05 3.827521220116369971e-05 6.256290954982299257e-05 -6.528418302628735681e-05
1.011271071502117813e-05 3.018125733147969392e-05 -1.963123914672237902e-05 -1.339855430662617586e-05
-7.319945276119087241e-06 6.280266663119538073e-06 -2.092225866917596377e-06 1.901457665694911148e-05
8.744923312400973980e-01 8.750881527710338004e-01 8.750784175874363191e-01 8.750513714749892369e-01
9.520478428045624415e-06 5.439038864779671262e-06 4.771751250293591543e-06 4.475853762105741457e-06
