1.139222703540138992e+00 -2.969917691027528228e+00 2.747010329748919677e+00 0.000000000000000000e+00
-2.031203020579002594e+00 -1.132535292668891191e+00 9.658825968198971046e-02 0.000000000000000000e+00
-9.927324193197776259e-01 2.928918352855083285e+00 4.304490290337752434e+00 0.000000000000000000e+00
-4.446681092556712400e-01 1.311557905633952581e+00 1.682643038836247884e+00 0.000000000000000000e+00
-3.978700995238148574e-01 -2.317566180120011476e-01 -1.102234373579064064e+00 0.000000000000000000e+00
2.813978216043825586e+00 8.823848353509367026e-01 2.149250669301489558e-01 0.000000000000000000e+00
2.063170783663730024e-01 -2.026084670248925246e+00 -1.670923298607535634e-01 0.000000000000000000e+00
2.772314675861348832e+00 1.405877535543703205e+00 1.995995699305630700e+00 0.000000000000000000e+00
3.353646708483619121e-01 9.409642151454297165e-01 3.507456540839715142e-01 0.000000000000000000e+00
-1.669121976592167211e+00 2.814621716100388138e+00 -5.631264688628552229e-01 0.000000000000000000e+00
3.076537873780468280e-01 1.488564820956467250e-01 -8.045657734147981799e-01 0.000000000000000000e+00
1.152053802090004408e+00 3.205786255449500910e-01 2.134464700189360464e-01 0.000000000000000000e+00
-1.484230610279630158e-01 1.543016236758230075e-01 1.359424436912358425e-01 0.000000000000000000e+00
8.145081938441655067e-01 1.987060654512696090e+00 -8.650457329686656038e-01 0.000000000000000000e+00
5.067431530251622629e-01 9.229079513852995742e-01 -1.249464369556804844e+00 0.000000000000000000e+00
-1.021732845682436830e+00 6.915841370458465642e-02 -1.788512681348442657e+00 0.000000000000000000e+00
-1.157107176662028891e+00 1.455053610176422207e+00 2.888710307595079296e+00 0.000000000000000000e+00
7.434530855485924628e-01 5.801140751038863508e-01 -1.932119544042921300e+00 0.000000000000000000e+00
2.261829532673434784e+00 1.502162618286139617e+00 2.686941956463877013e+00 0.000000000000000000e+00
8.188853811532421645e-01 -3.129122819027973512e-01 -6.619836414451879536e-02 0.000000000000000000e+00
2.529791417779451157e-01 2.005167391851520320e-01 -2.584964240280314685e-01 0.000000000000000000e+00
-3.110990481331768823e-02 -1.519346598444184550e-02 -4.496673695305885426e-02 0.000000000000000000e+00
-1.531485611948102954e-01 -6.909331906013886637e-02 1.448731178160124755e-01 0.000000000000000000e+00
1.341794413063348346e+00 1.590196568991726345e+00 -4.811058132070511473e-01 0.000000000000000000e+00
-1.545935090522752020e-01 3.772411699449163547e-01 -3.803676458162339458e-01 0.000000000000000000e+00
1.388107656008610080e+00 -3.605566005715959976e-01 -2.617150425886668463e-01 0.000000000000000000e+00
1.206494424587783110e+00 -4.006832530336403853e-01 8.415065331237031598e-01 0.000000000000000000e+00
4.877845123494705115e-01 -4.768709370537155823e-01 4.847760194792637978e-01 0.000000000000000000e+00
2.475548270946116958e+00 2.695079482725983855e-01 5.479644831473063915e-01 0.000000000000000000e+00
-2.522820872588915631e-01 -2.626204653546004297e-01 -3.806066575364837057e-01 0.000000000000000000e+00
-1.074077631940483668e+00 2.039638208337040570e+00 -5.993561925075940877e-01 0.000000000000000000e+00
-3.513441163662614386e+00 6.856888560510057129e-01 -2.303283988015107919e-01 0.000000000000000000e+00
9.588336118920406381e-01 3.201148441275322831e+00 -8.199371176437666442e-01 0.000000000000000000e+00
-1.941742189513641303e+00 2.636760479620398723e+00 1.280571202254701113e+00 0.000000000000000000e+00
1.355025587730540049e-01 -7.445399333652475971e-01 -8.089492569183520665e-02 0.000000000000000000e+00
-1.905296814693437923e-01 -2.734125871405137728e-02 1.804921335262170967e-01 0.000000000000000000e+00
-2.798893136261835224e-01 1.711186367866943114e-01 4.178183525577660040e-01 0.000000000000000000e+00
7.348590203409727240e-02 -4.188235407820956047e-03 -7.461960978673834455e-02 0.000000000000000000e+00
1.120375403750163867e+00 8.187337601212716365e-01 8.202192566050424682e-01 0.000000000000000000e+00
8.977449320344245143e-01 -5.778900177168060787e-02 1.789393538720302212e-01 0.000000000000000000e+00
1.058835088540248104e-01 -2.779814124534681075e-02 1.055754124024835594e+00 0.000000000000000000e+00
-3.145658981300507029e-01 -1.082715303330181289e+00 -2.554762869427462668e-01 0.000000000000000000e+00
8.253270792182263449e-01 -1.361277544421455987e+00 1.546104106482600438e+00 0.000000000000000000e+00
8.448859177895255979e-01 -5.408100696535735885e-01 8.304072428654247773e-01 0.000000000000000000e+00
-7.812823275019364910e-01 -6.218368964552070111e-01 -2.680553941440655952e-01 0.000000000000000000e+00
-2.735181088219108769e+00 2.562899867752505667e+00 -1.420260318778945541e+00 0.000000000000000000e+00
-3.595715873181734690e+00 -1.375178538964501929e+00 -1.170496318012191450e+00 0.000000000000000000e+00
5.201774394469648177e-01 2.589039290164304230e+00 -1.587279609632948008e+00 0.000000000000000000e+00
-5.028551604733192404e-01 1.282115107083843519e-01 -4.851105434590643473e-01 0.000000000000000000e+00
-6.245886603461626718e-01 6.518913722253821819e-01 -8.560089187864682314e-01 0.000000000000000000e+00
7.796779045993528223e-01 1.656131272958657474e+00 -1.411938874651414433e-01 0.000000000000000000e+00
3.100091566687635414e+00 8.690584763540615265e-01 -3.397932796035890490e+00 0.000000000000000000e+00
7.468482124078587581e-02 9.360425846034223785e-01 -1.721546029169489067e+00 0.000000000000000000e+00
-1.694124454234562149e+00 3.265804759568027849e-01 -3.249388036844107042e+00 0.000000000000000000e+00
2.322833219849845143e+00 1.135926573650212212e+00 7.697127927406345327e-01 0.000000000000000000e+00
1.793484794521841952e+00 1.280026904843227342e+00 -9.512342548808487841e-01 0.000000000000000000e+00
