1.709896234071410559e+00 -2.275142894170785191e+00 1.066615673841651013e+00 0.000000000000000000e+00
1.569375723699321934e-01 -5.068999193813870097e-01 2.679713238583515400e-01 0.000000000000000000e+00
-2.009233253285903853e+00 -7.557424462081008265e-02 8.116803264605804147e-01 0.000000000000000000e+00
-1.991714133183319357e-01 1.527321367894980408e-01 4.779089061478597467e-01 0.000000000000000000e+00
-4.017227285218235577e-01 1.296669379123514820e-01 -3.725723209610822678e-02 0.000000000000000000e+00
4.230865030300289820e-01 -2.728943886787351669e-01 4.820200168069921909e-01 0.000000000000000000e+00
1.633055408183957891e+00 -1.159485512886059277e+00 3.624866880576441130e-01 0.000000000000000000e+00
-7.124370723539515948e-01 7.337321729364643108e-01 -9.087254869202920915e-01 0.000000000000000000e+00
3.174859600457046738e-01 1.565170987701675342e-01 -5.005058869387851717e-02 0.000000000000000000e+00
-1.821262857827179449e-01 -2.089637077190514280e-01 -1.005084670838852334e+00 0.000000000000000000e+00
-3.236372546251309879e-01 2.556764743721364197e-01 -1.309427419052452413e-01 0.000000000000000000e+00
-7.729582689773285831e-02 5.746087093437183269e-01 -8.021014000309287795e-01 0.000000000000000000e+00
2.496143823553718943e-01 5.441058002801015675e-02 -5.791272752163453136e-02 0.000000000000000000e+00
-1.115352455781566388e+00 1.379883150253117474e+00 1.172609634170757448e-01 0.000000000000000000e+00
-1.021682885174288180e-01 -6.646850993544645148e-02 -5.951040560935819679e-01 0.000000000000000000e+00
1.578399053716214862e-01 5.138082319298460654e-02 -1.539098414822270000e-01 0.000000000000000000e+00
-1.969994138822113161e+00 -8.746621508388914279e-01 2.212248257228486281e-01 0.000000000000000000e+00
5.296432427325892256e-01 3.899987640244929610e-01 3.245678958378027668e-01 0.000000000000000000e+00
-5.910806811942884709e-01 8.326966643002406965e-01 2.114572507735679729e-01 0.000000000000000000e+00
-6.288273862932952651e-02 -4.840186490467519170e-02 3.400153693150288481e-01 0.000000000000000000e+00
-1.165226603883215278e-01 1.427296398338748773e-01 -8.991751112365510556e-02 0.000000000000000000e+00
7.492913771552159319e-02 2.041370970994016432e-01 -2.596637652807939900e-01 0.000000000000000000e+00
5.387787343661083750e-02 -2.834362095932192738e-02 -5.018799093871467026e-03 0.000000000000000000e+00
-5.342961205225837951e-01 7.269612538474603536e-01 4.751298177480678397e-02 0.000000000000000000e+00
-2.703688158918594597e-01 1.744527687664006732e-01 -1.411786370420449743e-01 0.000000000000000000e+00
-1.984973806772932226e-01 -1.053389851581538889e-01 -1.215274986316355194e-01 0.000000000000000000e+00
-4.514441017040428106e-01 -3.305669093922541379e-01 -7.854484115461922711e-01 0.000000000000000000e+00
5.731151577723012647e-01 3.455884735821745379e-01 9.273063281835750016e-02 0.000000000000000000e+00
1.455719297802509915e-01 4.689366907680560526e-01 -3.644284344828592204e-01 0.000000000000000000e+00
1.862586378037297541e-01 -2.308283074589161654e-01 -6.319291724690789813e-02 0.000000000000000000e+00
1.953945255057294994e-01 6.416605485501349904e-01 -4.016894638528919481e-01 0.000000000000000000e+00
7.834374490464166563e-01 1.053112662473484784e+00 -2.864194593090220731e-01 0.000000000000000000e+00
9.781481432935279496e-01 7.915963567273995860e-01 -1.661383383279399772e-01 0.000000000000000000e+00
-4.373346355157946563e-01 7.385161104213985306e-01 -2.271682872121022212e-01 0.000000000000000000e+00
1.430116824772274642e+00 -1.151120571004948356e+00 2.819142304321038406e-01 0.000000000000000000e+00
1.022066108890567759e-01 -9.187156019022019171e-02 1.168402873872683920e-02 0.000000000000000000e+00
3.306966647365807560e-02 -1.434802665485166995e-01 3.892546873247537120e-01 0.000000000000000000e+00
-1.447268432251382630e-01 -6.272607276159158918e-02 5.812381704678502153e-02 0.000000000000000000e+00
3.789159839309073630e-01 -1.661225057473312838e-01 1.766170870028651863e-01 0.000000000000000000e+00
-2.219829321650827192e-01 -2.138260399224860622e-02 7.372993219617774915e-03 0.000000000000000000e+00
-1.981307979324647139e-01 -1.068413955484488753e-01 -6.112454393576106926e-02 0.000000000000000000e+00
2.998598672801808251e-01 -6.247199713463835735e-01 -1.431878265346017420e-01 0.000000000000000000e+00
9.987732031322925363e-02 2.833931997014811910e-01 -5.389818816143666924e-02 0.000000000000000000e+00
2.836541280878489002e-01 -4.349482842345617772e-01 -4.974898521373995880e-02 0.000000000000000000e+00
1.431684179181131333e-01 -4.114174823192651154e-01 -2.856792301144787591e-02 0.000000000000000000e+00
-6.402165681386929874e-01 8.003756150116360102e-01 -2.554443531300435444e-01 0.000000000000000000e+00
8.990483991195490354e-01 1.822701221029016105e-01 1.186566961058417080e+00 0.000000000000000000e+00
4.641122538106675632e-01 1.305784681686789073e-01 2.025144646885261579e-01 0.000000000000000000e+00
2.172475787938907832e-01 1.455915590373555168e-01 -2.192619570845670551e-02 0.000000000000000000e+00
2.603507188486299806e-01 -3.549428990285584673e-01 2.011114520418262608e-01 0.000000000000000000e+00
-2.245859891067348180e+00 3.527419986352070547e-01 -1.244947118043590484e+00 0.000000000000000000e+00
-1.050931923672516310e+00 2.562805639487757414e+00 -1.118204574970241283e-01 0.000000000000000000e+00
-1.430819410816216664e+00 1.418866160599667747e+00 7.240417591683658838e-01 0.000000000000000000e+00
-1.817130457920764774e-01 1.532109604619344534e+00 -2.963045277102075992e-01 0.000000000000000000e+00
-2.651405017296964428e-01 9.314082331844705798e-02 -7.117887348561816041e-02 0.000000000000000000e+00
-2.572175304057369161e-01 1.381119153195186966e+00 7.208248376660618406e-02 0.000000000000000000e+00
