-3.288468439420673128e+00 -6.421101409395651993e-01 1.285525364769714574e-01 0.000000000000000000e+00
-1.111946252082372855e+00 -1.518791504712655893e+00 5.790393949413593644e-01 0.000000000000000000e+00
9.937921681791144213e-01 1.591566345876731736e+00 4.098252138082481011e+00 0.000000000000000000e+00
4.597840863684717894e-01 -1.899786144875236893e+00 6.933476712896781136e-01 0.000000000000000000e+00
-1.972621715047893076e-01 -1.290248470702483885e-01 1.659331823055535671e-01 0.000000000000000000e+00
-1.045647903408494894e+00 1.759965415027892499e+00 -2.106221999911367160e+00 0.000000000000000000e+00
-1.709900665350104099e+00 -2.069206967584287515e-01 1.983440158070604586e-01 0.000000000000000000e+00
1.018650618703045296e+00 2.862722025670674686e+00 1.778508358914970833e+00 0.000000000000000000e+00
2.734103094810856893e-01 6.987479088360165624e-01 2.691145443944142346e-01 0.000000000000000000e+00
1.320564134318868765e+00 3.858816631863236424e+00 1.314080267754202280e+00 0.000000000000000000e+00
1.495497077663322794e-01 9.590979272804783795e-02 5.650243999171662701e-02 0.000000000000000000e+00
7.018871591380244634e-01 1.624784810186637563e+00 -9.407725453450234421e-02 0.000000000000000000e+00
4.170852146008369524e-03 3.524626003021482656e-01 -1.804610495459403885e-01 0.000000000000000000e+00
1.674623644126635336e+00 2.236871821963882123e+00 -1.073024245886621708e+00 0.000000000000000000e+00
9.114074779587404418e-01 3.871514269010262743e-01 -1.226175543731185202e+00 0.000000000000000000e+00
3.818793427584162847e-01 2.386568243064745437e-02 -3.999772924141023478e-01 0.000000000000000000e+00
1.229318899256636843e+00 1.584225574054947128e+00 3.011688633640666968e+00 0.000000000000000000e+00
-2.257667449264068593e-01 2.622171303858928493e+00 3.301436288468475588e+00 0.000000000000000000e+00
7.642664541884788276e-01 2.048537594732848799e+00 2.646721674989948703e+00 0.000000000000000000e+00
4.405007063626276836e-02 1.357931650130204781e+00 -1.418393920174438660e+00 0.000000000000000000e+00
1.724958583641552079e-01 3.524678548932956568e-02 -3.074505875449692286e-03 0.000000000000000000e+00
1.995098433249655190e-01 2.425196034904363307e-01 -3.691061511716111632e-01 0.000000000000000000e+00
-7.231172175228456345e-02 -9.263114662999473448e-02 -8.677712258099441744e-02 0.000000000000000000e+00
1.699380345032954542e+00 1.558343330162532236e+00 2.667175709822759422e-01 0.000000000000000000e+00
4.355675553256297405e-01 3.319520250208792267e-01 -1.842142637727120225e-01 0.000000000000000000e+00
2.503416722808202155e-01 1.818666349669677829e-01 -7.160441792556877516e-01 0.000000000000000000e+00
2.153026730915700071e+00 1.927428613517811140e+00 -3.756126542948054481e-01 0.000000000000000000e+00
-4.535827727782122398e-01 6.072890790998541899e-01 -7.454765462099269269e-02 0.000000000000000000e+00
9.419386752086699177e-01 1.523501231871090322e+00 3.389692354432474186e-01 0.000000000000000000e+00
3.881152730676573626e-01 -3.403289597406837230e-01 2.254340508513142105e-01 0.000000000000000000e+00
1.757375937533175891e+00 -1.095563697801327091e-01 -2.748231067877252798e+00 0.000000000000000000e+00
2.518548512749782642e+00 1.255342754728129007e-01 1.413391038219288021e+00 0.000000000000000000e+00
1.516792240913468870e+00 8.932578145470766451e-01 -2.213454466091821171e+00 0.000000000000000000e+00
1.297817055150774834e+00 4.153895232947262817e-01 1.389636591763914741e-01 0.000000000000000000e+00
-8.775667169214727004e-01 -3.207429226924527477e-01 1.753062995621573359e-03 0.000000000000000000e+00
2.693618463375562627e-02 -8.553586796379282486e-02 -9.030001535866025164e-02 0.000000000000000000e+00
-3.237666691994758872e-01 -3.390526853103271732e-01 -1.457500831470491878e-02 0.000000000000000000e+00
1.933540019731340778e-02 -8.651423546285583188e-02 -6.125104892369492675e-03 0.000000000000000000e+00
1.001620955531715706e+00 8.819330321229938985e-01 1.418542468921483835e+00 0.000000000000000000e+00
-6.018955957581416660e-01 -2.783662360922768697e-02 4.355296122526514102e-01 0.000000000000000000e+00
-1.487783080091945598e-01 2.254383019511255470e-01 3.250001066016888207e-01 0.000000000000000000e+00
2.429137627036043856e+00 -1.895989499129078659e+00 -7.757422087451343318e-01 0.000000000000000000e+00
-2.488412301068801402e-01 -4.078065076225858010e-01 -1.059877224128038392e-01 0.000000000000000000e+00
4.083158959222996653e-01 -5.150536666779711448e-01 2.400520557084120377e-01 0.000000000000000000e+00
-1.060800753302315602e-01 -4.184398529264699573e-01 3.829442877395964340e-01 0.000000000000000000e+00
3.432499045810673000e+00 5.780447773395767097e-01 -2.889662613916274658e+00 0.000000000000000000e+00
2.293044946319626742e+00 -3.638177511682748833e+00 -1.206782309532605124e+00 0.000000000000000000e+00
1.860419044190628757e+00 4.203228894549081995e-01 1.514945811490371330e-01 0.000000000000000000e+00
1.641421630480278671e-01 -8.854500617350793412e-01 -1.143579798495083732e+00 0.000000000000000000e+00
3.120716855694962155e-01 6.075538393779551516e-01 -1.474297455298013426e-01 0.000000000000000000e+00
-5.968182070886429713e-01 -7.017306319270433246e-02 2.419647703015305407e+00 0.000000000000000000e+00
6.998716987881394846e-01 1.415553534636464939e+00 7.179379439812969554e-01 0.000000000000000000e+00
2.072935317953501944e+00 5.839662364787595594e-02 -9.580985437211811950e-01 0.000000000000000000e+00
-2.575768287634329079e-01 1.952425754671337721e+00 1.975649419823862774e+00 0.000000000000000000e+00
1.702342006448036127e+00 2.039044241576234651e+00 1.712303492322576393e+00 0.000000000000000000e+00
6.979883134402565803e-01 1.188983347357652987e+00 -1.103374705720095106e+00 0.000000000000000000e+00
