-8.294505323029822685e-01 2.196510159656723804e+00 2.776890807407933259e+00 0.000000000000000000e+00
5.876603569491843926e-01 7.228717569353421135e-01 1.171493638853335906e+00 0.000000000000000000e+00
-1.717891820157072535e+00 -2.557217704376134049e-01 -8.547364564058321790e-01 0.000000000000000000e+00
-6.601564554578863708e-01 2.427041293407991296e-01 -1.272915043339990282e+00 0.000000000000000000e+00
6.669295412652798127e-01 4.057342058091768788e-02 1.196988254674918178e-02 0.000000000000000000e+00
-9.905183616781326750e-01 5.678191228794198242e-01 2.075847441279526917e-01 0.000000000000000000e+00
-3.449578341384949010e-01 1.089425901980853206e+00 6.580777509488454635e-01 0.000000000000000000e+00
-1.359397811158038039e+00 -1.249325225858361789e-02 -8.798826196208034967e-01 0.000000000000000000e+00
-4.106563766562432161e-01 -9.346479921572793670e-02 -6.260333581884867937e-02 0.000000000000000000e+00
-1.195123133760849665e+00 -8.814391793990189461e-01 -2.486854314994643822e+00 0.000000000000000000e+00
4.399191198471369413e-01 -1.450983891478541954e-01 -2.466549436737265344e-01 0.000000000000000000e+00
-6.471813274526412307e-01 -6.382585269702047981e-01 -6.606318721568903429e-01 0.000000000000000000e+00
-1.462705630694101089e-01 -5.824621872100974734e-02 2.012783289611767487e-02 0.000000000000000000e+00
-3.771075191856059217e-01 3.011050233431229461e-01 -3.308787694566535098e-01 0.000000000000000000e+00
-1.118873795432943519e+00 4.191269567877859981e-01 -1.034140146906404656e+00 0.000000000000000000e+00
3.155538661106560006e-01 3.840171721630439294e-02 -5.992397430749604736e-02 0.000000000000000000e+00
-1.315583278036898118e+00 -4.592808231258857510e-01 -5.058174660401913991e-01 0.000000000000000000e+00
-1.223735253280936686e+00 -1.144337687435685202e+00 -8.018297490539213479e-01 0.000000000000000000e+00
-9.628770661904287875e-01 -1.424815205701980059e+00 -2.422218496507941299e-01 0.000000000000000000e+00
-3.098345673377477794e-01 -4.885351390297825169e-01 -8.633727349445307064e-01 0.000000000000000000e+00
1.451808070692376385e-01 -1.225922039769698213e-01 -1.690440996258865680e-01 0.000000000000000000e+00
-1.482534754263787335e-01 -4.759938447659241567e-01 -3.331256583425215023e-01 0.000000000000000000e+00
2.165768181584108026e-02 6.367373664458789162e-02 6.117853957165314549e-02 0.000000000000000000e+00
-2.135838221486237865e-01 1.512948191671497633e-01 -4.106484463204080337e-01 0.000000000000000000e+00
5.259503985704146178e-02 -4.658590347750988375e-02 -1.030106349250765330e-01 0.000000000000000000e+00
-4.730910101278796298e-01 6.090166444123413791e-01 5.288595473849594386e-01 0.000000000000000000e+00
-4.120603580973657976e-01 -4.826952582835912497e-02 -4.938406198435232319e-01 0.000000000000000000e+00
-4.392430566711280626e-01 -1.138672094990865080e+00 -3.202683741251359240e-01 0.000000000000000000e+00
-6.931045340809967037e-01 5.867034543936691104e-01 -5.127848187669290514e-01 0.000000000000000000e+00
-1.966775399884820585e-01 -4.434167097997947504e-01 -4.582872778986832318e-02 0.000000000000000000e+00
-3.141936570842385201e-01 -2.266481928657162470e+00 -1.390552993011024308e+00 0.000000000000000000e+00
7.853967946410057577e-01 -2.975331707114769575e+00 -2.437038792176144497e+00 0.000000000000000000e+00
-2.870380368812632255e-01 -1.188557158357713028e+00 -1.486894868500391764e+00 0.000000000000000000e+00
-1.036263593312199749e+00 -2.580303666537365981e+00 -2.374254506584593472e+00 0.000000000000000000e+00
9.556372266550956784e-02 5.368792954453173172e-01 -2.358503566407156582e-01 0.000000000000000000e+00
-1.539086792934868109e-01 -2.243408944703199903e-02 6.176868842369007302e-03 0.000000000000000000e+00
1.377586434413289596e-01 -8.955888555765537107e-02 -4.747173305262657184e-02 0.000000000000000000e+00
1.230935233073020413e-01 1.115121757563119487e-01 6.883043634454252824e-02 0.000000000000000000e+00
-1.426117727999368645e-01 9.383518073445887286e-02 -2.822113105384721488e-02 0.000000000000000000e+00
6.962316540009713117e-01 5.690242653863434308e-01 1.026671147850201304e+00 0.000000000000000000e+00
-2.243643079345133962e-01 1.175245924661978691e-01 1.490411413321729439e-01 0.000000000000000000e+00
2.428655306576193995e-01 -6.691616842722711289e-02 -2.243657030634124416e-01 0.000000000000000000e+00
-8.046357109671812280e-01 -4.517969206720517383e-01 -1.312211474806287137e-01 0.000000000000000000e+00
9.488197216545204982e-02 6.029859725968438333e-01 -2.003110617810473226e-01 0.000000000000000000e+00
-7.036997460490684864e-02 -9.770964537433358705e-04 -4.536612008130194024e-02 0.000000000000000000e+00
-2.182554460843076638e-01 -1.496663123711417409e+00 -1.106230367370002465e+00 0.000000000000000000e+00
7.876911491018248057e-01 -2.294152350476715618e+00 -7.376122312987304364e-01 0.000000000000000000e+00
8.715575876220410523e-02 -7.147717155158394009e-01 -3.735370555699386030e-01 0.000000000000000000e+00
-3.876725573331455954e-01 5.133000640527756592e-02 -6.878778935451532739e-01 0.000000000000000000e+00
7.285563189528104777e-01 -5.361908631230961619e-01 -1.160375415491953638e-02 0.000000000000000000e+00
-1.330406085998684373e+00 -1.252083781556561748e+00 -8.054770579587103851e-01 0.000000000000000000e+00
3.965147147536473571e-01 -1.962423117566500785e+00 8.276048804136848513e-01 0.000000000000000000e+00
-6.207874862144151518e-01 -1.308109444406411637e+00 5.824506143169791983e-01 0.000000000000000000e+00
-6.291661674896333878e-01 2.635384662849666326e-01 -5.145280163534745599e-01 0.000000000000000000e+00
8.744790731119447269e-01 -2.329706109877807574e+00 -2.755110365485031743e-01 0.000000000000000000e+00
2.053363747613518586e-01 -8.766486383025414719e-01 -7.699230420701665967e-01 0.000000000000000000e+00
