-8.971273020446756119e-01 -3.528028924455426929e-01 -3.721735676674597926e-01 0.000000000000000000e+00
-4.825932619737453577e-01 -1.798974844839989207e-01 -1.877927942846101539e-01 0.000000000000000000e+00
-6.695498293482116114e-02 5.686074569624298414e-02 2.582758596972490883e-01 0.000000000000000000e+00
9.003838337479333487e-02 -2.212969568490203709e-01 -8.693277585826868215e-02 0.000000000000000000e+00
-1.969121133174763782e-01 -1.217468091257676854e-01 -1.208099302535824981e-01 0.000000000000000000e+00
7.550646817092433738e-02 -1.409892903749782045e-01 -1.996990394329201390e-01 0.000000000000000000e+00
-1.210154422206938529e-01 1.366308619844153471e-01 8.200805887170725672e-02 0.000000000000000000e+00
-1.240585256435350614e-01 -1.348409994840040205e-01 2.772006125976729241e-01 0.000000000000000000e+00
2.101471273764609904e-01 -2.274722322387633389e-01 1.090760775559793949e-01 0.000000000000000000e+00
1.726161820371356626e-01 -7.098055593314313017e-01 -7.495181819058396311e-01 0.000000000000000000e+00
-5.594194817893656524e-02 -7.552889437250656646e-02 -7.135046047611898201e-02 0.000000000000000000e+00
-4.264208018593729221e-02 -1.337813002788589278e-01 1.926598230486697150e-01 0.000000000000000000e+00
1.476382989648025168e-01 -1.605364207897220230e-01 1.162045413596091703e-01 0.000000000000000000e+00
4.075363881339866268e-01 -2.571347209026706923e-02 -2.710749549688617685e-02 0.000000000000000000e+00
1.914150380758859460e-01 -5.500103042332837866e-01 -5.771681116921119070e-01 0.000000000000000000e+00
2.515215243837308212e-01 1.427972405437643588e-01 1.134885312140184455e-01 0.000000000000000000e+00
3.438038540356733730e-01 6.722668118884027322e-02 4.292213285436129871e-02 0.000000000000000000e+00
-5.485484585294362336e-01 -3.130181833614831821e-01 -4.538838427644198426e-02 0.000000000000000000e+00
2.191807262436485104e-01 3.164198863797495487e-01 3.728466536911395068e-01 0.000000000000000000e+00
-3.029526576060042609e-01 -1.110735270436944838e-01 -1.748043947264613651e-01 0.000000000000000000e+00
1.060267208222289911e-02 -3.023210217482492912e-02 -2.670256597447744767e-02 0.000000000000000000e+00
2.194571233187277842e-03 -7.412592653359847961e-02 8.067164904353216204e-02 0.000000000000000000e+00
5.587788905629790387e-02 -6.824488310489311427e-02 6.362580675299071842e-02 0.000000000000000000e+00
2.724759080320023896e-01 5.171891110811800696e-02 5.291556059592972261e-02 0.000000000000000000e+00
2.044716251692239861e-01 1.250002330533683259e-01 1.005148482828469580e-01 0.000000000000000000e+00
8.013297092005015887e-02 -2.728877666193850193e-01 -2.892036342251663728e-01 0.000000000000000000e+00
2.065958409257624417e-01 1.363540906684668486e-01 -1.086659108132463913e-01 0.000000000000000000e+00
-3.295378207111225310e-01 -1.209695884795080473e-01 -1.138332718453348991e-01 0.000000000000000000e+00
2.295694786654759734e-01 2.852146319394979201e-01 1.582132119719340257e-01 0.000000000000000000e+00
-2.237891777932566328e-01 9.783335614581896433e-02 -1.935143635535066520e-01 0.000000000000000000e+00
5.411271190962518851e-01 2.702537847281747951e-01 2.859311736842718443e-01 0.000000000000000000e+00
-4.362302513794336645e-01 1.768866834306331015e-01 2.365528000403352149e-01 0.000000000000000000e+00
6.884985040588632588e-01 4.373479251733986550e-01 4.827380821189923288e-01 0.000000000000000000e+00
-5.808441013595133651e-01 3.542190322491498011e-02 1.882255212641194275e-02 0.000000000000000000e+00
5.272194757118615627e-01 2.200505990905295417e-01 2.602837311963201450e-01 0.000000000000000000e+00
2.742641197637631090e-02 1.785891294934013884e-02 1.855999415806063729e-02 0.000000000000000000e+00
2.299580492940184184e-03 1.082688576891943991e-02 -3.540027562894346863e-02 0.000000000000000000e+00
-4.001186630034902353e-02 2.984356525405228514e-02 -1.689654759810470253e-02 0.000000000000000000e+00
3.881561690424696620e-02 1.223786213446972360e-01 1.160235505307606052e-01 0.000000000000000000e+00
-8.215995300082395980e-02 4.169129375755074168e-02 4.894483214612225380e-02 0.000000000000000000e+00
3.752136092046792076e-02 1.180975977700766399e-01 9.968069577158002181e-02 0.000000000000000000e+00
1.236624206996215225e-01 2.782593513590598255e-01 -2.393862325633741017e-01 0.000000000000000000e+00
-2.172906487753966664e-01 2.312461501783138074e-03 -2.459558005139791670e-01 0.000000000000000000e+00
1.893272470139741870e-01 3.805446463966561388e-01 -4.983304790538678475e-02 0.000000000000000000e+00
-1.619891421288885969e-01 2.430507881692554051e-01 -2.970469934800566425e-01 0.000000000000000000e+00
4.063492090161708870e-01 3.511605278212380776e-01 3.987251538311029075e-01 0.000000000000000000e+00
-3.552978314419991124e-01 4.434028435721786288e-01 4.797749365428104484e-01 0.000000000000000000e+00
1.360444223180977685e-01 4.031862987961997713e-01 4.772337255154132096e-01 0.000000000000000000e+00
-5.348445842923449378e-01 3.950180792961481280e-01 3.901745162174251047e-01 0.000000000000000000e+00
5.704751285567319918e-01 1.685894823545121823e-01 2.288042350534059688e-01 0.000000000000000000e+00
1.152239292580429786e-01 1.215984692060120310e-02 -1.765955881703649699e-01 0.000000000000000000e+00
1.481857196269608934e-01 3.189476214907602247e-01 -2.072142508421563889e-01 0.000000000000000000e+00
-3.843102395686575634e-01 -1.862174301502472484e-01 3.680054179302102435e-01 0.000000000000000000e+00
1.126598148016583062e-01 -4.224951258866128656e-01 -9.320319291090502223e-02 0.000000000000000000e+00
6.950207341452655507e-01 3.184298700941493587e-01 -2.334002957695010400e-02 0.000000000000000000e+00
-4.019581515920857551e-01 -4.769000800134027412e-02 -3.107661334095040626e-02 0.000000000000000000e+00
