4.377802212646303426e-04 2.955350242107912528e-03 -4.372089267144385616e-03 -2.735791027646594653e-03
2.491712334971308285e-01 2.500765294184224552e-01 2.450196992581871180e-01 2.482165562023306848e-01
2.496204859821808120e-01 2.447783705825115341e-01 2.477821007842264944e-01 2.460712156648712789e-01
-1.990642682790721985e-02 -2.134793819489749778e-02 -1.080518601835289694e-02 -1.287224799651809359e-02
1.291949259104026304e-02 2.674792909666126595e-02 1.084760110311364101e-02 1.386317385315691264e-02
6.376043379285892265e-03 1.324342295216496268e-03 7.508693687414724413e-03 3.839368834314155210e-03
1.578373807189073497e-01 1.433460773875420979e-01 1.624280027199762055e-01 1.539177481228474198e-01
-1.667686638420017298e-01 -1.551484685673893416e-01 -1.627177433187339262e-01 -1.577354377478234482e-01
1.938365347588696941e-02 1.487051108660747412e-02 1.900738729683963679e-02 1.400208010371462031e-02
7.943113479356445072e-03 6.940905217790616089e-03 3.987565595366948656e-04 1.317027167269113619e-03
7.110671899929899009e-02 9.032926330677265581e-02 7.079524585469992859e-02 8.129297258187995201e-02
6.753961391877374987e-02 5.739894989068233810e-02 6.324351356265631163e-02 5.841149663824601879e-02
3.559585756401761891e-02 4.839429210531376313e-03 4.234048937045573058e-02 3.108681041195410222e-02
-3.881737242591470904e-02 -2.597692047948457761e-02 -3.159856339193445329e-02 -2.068117564715271639e-02
-2.125704916274179235e-02 -7.518481684022360056e-03 -2.279441180286596869e-02 -1.460215869533319777e-02
-7.853444053061722774e-03 -4.381198232242256019e-05 1.568000947970984993e-02 -3.533213460924722327e-03
-1.707700526130309648e-02 5.951823144354051465e-03 1.001070021577649127e-03 -6.300083170319714654e-04
-1.465012639005393302e-02 -6.881887570536204812e-04 -9.843194568232960240e-03 -5.116472257338734037e-03
-1.854647680522208963e-03 -2.040179913852080418e-03 -1.319342734545828066e-03 -2.203066116157836873e-03
-6.979900165424407499e-03 -5.879755389292029566e-03 -3.965287992842347897e-03 -4.108134464255119855e-03
8.595719255721168128e-03 -1.148838382846434358e-03 7.782269652764517431e-03 7.471084339115419137e-04
-1.727475082137072682e-02 -1.330411683463991745e-02 -1.494213891332432653e-02 -1.259034101878489520e-02
-2.826409980347510675e-02 -5.239890260151966461e-03 -3.631643640550934193e-02 -2.953387764019815842e-02
1.656132076895231592e-02 4.924036360908323751e-03 1.722440272747809142e-02 1.172577497588839224e-02
2.704754329600406182e-02 1.757457327104008926e-02 2.185161548962374911e-02 1.375928594739492250e-02
-2.811463225534077681e-03 1.012126118050754586e-02 -2.370014035194778490e-02 -1.761250697430438716e-03
3.235536054442142428e-03 -1.458492528231497554e-02 -1.564106025889167029e-02 -1.309054984420421341e-02
1.265208374903473154e-02 -6.259508219680132157e-03 7.407278911769482610e-03 2.418838534504752502e-04
2.338448284165010882e-03 -2.442712464983398668e-04 2.999984401258704025e-03 2.180811258955667187e-03
-1.037987187861881544e-02 -3.141238583946615037e-02 -1.567113199069714025e-02 -1.618882990399614363e-02
-1.717958860784424280e-02 -1.962524667106183007e-02 -2.612788475622301876e-02 -1.707533833553215308e-02
-1.250395186199773634e-02 -3.372319189120537297e-03 -1.189192040964306973e-02 -9.072961165488641067e-03
-2.001987048252121260e-03 7.349846110568658553e-04 -3.749430186615582139e-03 -6.331545928298099035e-03
-2.174205989199651246e-04 -2.086233563640127464e-04 -8.763820811114042542e-04 -1.373987653954883426e-03
4.404625424183836180e-05 -1.988102955574055919e-04 -4.317074178130583806e-04 -4.155983787851244560e-04
2.953547794779132207e-03 4.629425546060300656e-03 3.049678184757556587e-03 4.794118291504084750e-03
2.010795899595609060e-03 1.413702467218492381e-03 1.519465587181738353e-03 1.066203007792546065e-03
1.766114797220522115e-02 1.148426964400103487e-02 1.966610663606510948e-02 1.800415421589608711e-02
-5.247724275134979521e-03 -3.232205634950184592e-03 -4.453119482618381197e-03 -2.683235090345646723e-03
-3.789206190209996883e-03 -8.425463626693940888e-04 -3.870180623668745962e-03 -2.873385359447692966e-03
3.000812999824013783e-03 -1.192322790631666907e-03 1.030788369856712461e-02 2.715851128003779480e-03
-1.692513810333876045e-05 5.329029401241386354e-03 6.628046255474806525e-03 4.838481920615825271e-03
-3.477452037466577384e-03 2.924159540304560601e-03 -1.319883818202777226e-03 4.206657957402937242e-04
-7.529126917370614069e-04 1.760025373864215759e-04 -1.009856126535021992e-03 -6.152969147380088488e-04
-3.783839444223890958e-03 1.399470528489088483e-02 5.111870612493900345e-03 1.064890477990665385e-02
3.919275145419037765e-03 5.288102017540166622e-03 9.260629110673268549e-03 6.352350217508767605e-03
5.388607617411209083e-03 1.847363433331153382e-03 5.401156152184956316e-03 4.044619467264420898e-03
9.701428703386139052e-04 -3.273069828939115244e-04 2.172594407060107757e-03 3.222436221697405623e-03
8.794869314227016233e-05 -1.600453016114555815e-04 -8.688029050157169975e-05 1.540296480873351581e-03
1.769428698380334786e-02 -7.793691862899659872e-03 -7.769704171554786543e-04 1.068151077649834302e-02
1.293584706572140086e-02 -1.204838775873076639e-02 -1.761404652787401659e-03 1.546519825538605897e-03
4.938066390562573238e-03 2.644337132316071370e-03 -5.204538799518210190e-03 -6.431599265081799910e-04
6.027241135161398589e-04 1.711763134314758794e-03 -1.934421257341445433e-03 7.467338337556195249e-04
1.182237734273505758e-04 -1.576005790832418763e-03 1.382640051293321237e-03 2.958205895642440630e-03
3.847515191892914022e-04 1.996993441249983459e-03 -1.323438298097168175e-03 8.239307975321796818e-05
6.429964446263362887e-02 6.346632286871659034e-02 6.514977796962924395e-02 6.491729559503560398e-02
3.853320521392350983e-04 3.018396386964477618e-04 3.643342752620866280e-04 3.092967388649803489e-04
