2.753162315944912564e-04 6.132410122505760341e-05 3.387275220115615326e-03 1.833902877971249623e-04
-2.128618674342191985e-02 -2.137473784438603808e-02 -2.181833900177465591e-02 -2.113430478945077517e-02
-2.098396244983167375e-02 -2.095916789042229222e-02 -2.103358009607070311e-02 -2.109868640683276730e-02
-1.838153950072345943e-01 -1.835659269617235800e-01 -1.884025787707623856e-01 -1.834364768618430563e-01
1.365180068067795016e-03 1.581620398854788334e-03 1.399932494956068751e-03 1.057948709302314327e-03
8.515741201127191573e-04 6.101031676750690025e-04 8.559124974740761616e-04 7.235871312256669796e-04
-1.132131968769045649e-02 -1.132265420312084103e-02 -9.206834830715049378e-03 -1.202860695841301286e-02
1.285553533006811300e-02 1.280474674845843985e-02 1.261913176648610246e-02 1.289660789534785579e-02
1.455722115335511546e-03 1.892384688979453777e-03 1.555026039008478023e-03 1.559694030599412251e-03
1.632061718254695926e-04 8.733394204707423114e-06 3.199610845492362188e-03 -1.706048788827629892e-04
-8.262011687799608595e-03 -7.886658857537032219e-03 -1.062680730730169998e-02 -7.021610947369527622e-03
-4.921045114142597043e-03 -4.874405346620980239e-03 -4.523871895162123735e-03 -4.878784204501496191e-03
-1.884796295841706382e-03 -2.493867098814134264e-03 -2.233928098851478694e-03 -5.352903583801804643e-04
7.987427590609996741e-04 -2.705755382135244247e-04 2.163124249165981894e-04 3.211513074052874117e-05
-7.897087578384587303e-04 -3.271861740636317073e-04 -7.038662300544729078e-04 -4.303352923237246941e-04
-5.250847423514115597e-04 -5.313548142802382301e-04 -3.925102827329052246e-04 4.018134886818458540e-05
3.960323900999984659e-04 -5.332196003509093174e-04 1.353967307341497062e-04 3.505630746336585446e-04
1.546160430215826054e-04 2.405882061815578510e-04 1.038210942110318058e-04 2.934771581382111805e-04
2.491638944357443819e-05 -2.912929151815957241e-05 6.759282644869246681e-05 1.035087438676640659e-04
-7.135596349777950653e-04 -6.547577256088565889e-04 -1.640316803179109328e-03 -4.981059053366654332e-04
6.893927387846554566e-04 3.314271897625897800e-04 1.676396604026741954e-03 1.159597260047551259e-05
1.097438956868423965e-03 1.071099178003687147e-03 8.980382309491941051e-04 1.010376910426824537e-03
2.548869472656534185e-03 3.011513987772218570e-03 2.791357990340359585e-03 2.991820241380338530e-04
2.823875700943001554e-04 1.843111788896178993e-05 2.072008336941877360e-04 1.104428724626460578e-04
-7.534034891030216841e-04 -1.248238750930497076e-04 -2.684159049961554189e-04 -3.474551277893311862e-05
3.196680049086797482e-04 6.890482401082920205e-04 5.729410823785974216e-04 -9.024043174608031848e-04
-2.620558969941289007e-04 8.524552939315199751e-04 1.612447279637496678e-04 -2.017474234969895974e-04
-1.439883348379744632e-04 -1.883719881339285251e-04 -7.530259183630150233e-05 -3.789062310182167437e-04
-7.788380248041626430e-05 3.718043719480590426e-05 -5.563685873732904241e-05 1.491703468654015374e-04
-7.899545655807305167e-04 -5.267925515894944510e-04 6.084012258600335343e-04 -6.261007664238871229e-04
5.770784388412497634e-04 6.755189421304708119e-04 3.087376017218979030e-05 5.127047736404044542e-04
-1.241915187049080771e-04 7.221831079148866017e-05 -1.446334972428076071e-04 2.815950091250574161e-04
6.116215983664741174e-05 6.008952877512019342e-05 9.894805299281994593e-06 -8.159382969785688999e-05
-4.036054438771863317e-05 5.009662609523068966e-05 1.919078882250957463e-05 3.391073565439661763e-05
-1.107492312492387720e-04 -1.200991128250325501e-04 -3.973166159576546619e-06 -1.407242933134170149e-04
-8.590827082624596933e-04 -7.864362404780000926e-04 -1.012504619029547248e-03 -8.708960112940034026e-04
-1.035701090606189201e-04 -1.008183901083266332e-04 -7.372734555750881658e-05 -7.872481404769260394e-05
-6.471137987804076452e-04 -6.859889979613509325e-04 -6.260432228839540869e-04 -2.674392791479629494e-05
1.074248347803230530e-04 3.679976107096027960e-05 3.624899000734260746e-05 -5.221218874129629484e-05
-4.040220366294255960e-05 1.185326360868960149e-05 -2.126429638669991018e-05 -5.268309282990824016e-06
-9.720053254616556337e-05 -2.358863986842152372e-04 -2.209099194527830434e-05 1.048878960739629829e-03
1.976253902205016288e-04 -1.965798217713476959e-04 -4.059494459165979841e-05 1.342326165746365874e-04
4.494729932158492147e-05 2.014007810369200513e-05 1.636923418735225511e-05 7.197782912538031042e-05
2.266495275261848352e-05 -9.739713147216555456e-06 1.045558322333717260e-05 -2.195185846026737053e-05
1.061061413935138198e-03 6.369255937559437086e-04 -1.019705823728511707e-04 1.405251537004437168e-03
-2.287690310733836441e-04 -4.957968295544734616e-04 -9.827443373057465070e-06 -2.130531345924113751e-04
1.543567934858547375e-05 3.015253706772913489e-05 4.946111626646931825e-05 -2.234807905283631158e-04
-8.065965544490349970e-05 -4.027206799436799933e-05 -5.713775995397352148e-06 -7.570924862809746969e-06
5.432015881878804464e-05 -3.455680651404113846e-05 -6.588092977183324095e-06 -1.844902719672081304e-05
9.959056704142987826e-04 6.893338122612169272e-04 2.694973615611218065e-04 1.235139781972094397e-04
-3.963049356384695798e-04 2.742044043719804591e-04 -3.444751289416458917e-05 2.687187020840031693e-04
2.136110400762780692e-04 -3.205840670938986392e-05 -2.780813695392458929e-05 2.506102816961508495e-04
2.161294438436378584e-04 9.038152104778873763e-05 -5.937380571419126341e-06 -5.971377299660574067e-04
-1.174862963210232536e-04 9.156895899786743342e-05 1.174153211994100054e-05 6.164365494948365054e-05
6.077739373810953083e-05 -5.511858646334300005e-06 4.930310588874275979e-06 6.935571591570877104e-05
9.735192076285995588e-01 9.735825712630992168e-01 9.728069153365100918e-01 9.735150284107811913e-01
5.027161838187448148e-06 4.589502270119794849e-06 3.885599794091261453e-06 2.065187153740589309e-05
