8.920475808602612577e-03 -9.770496660935107380e-02 4.046246430832260710e-02 1.246028216002864619e-02
-1.837247099312193377e-01 -2.035205189586027363e-01 1.596958653805753692e-02 -1.986734243280820766e-01
-2.122309219213766029e-01 -1.622425521369655066e-01 -2.475318681367911500e-01 -1.794267217601255293e-01
9.422443149194922873e-02 2.009683570054295321e-01 -1.035752486359314828e-02 7.846309380097826747e-02
-2.094856892479034505e-01 -3.967607838621828864e-01 -5.118797653676908643e-01 -9.183753871470265451e-02
-4.757234955701236667e-02 -7.983613404523839940e-02 6.660633813458119445e-03 -8.495664958224806440e-02
-1.865011473932580432e-01 -1.616640610197625505e-01 -5.161551284319227939e-01 -2.467028223856567726e-01
2.507410605409619575e-01 1.275150949669333900e-01 3.128528702405071193e-01 1.405839409585230848e-01
-9.551384838257917509e-02 -6.474700920493053902e-02 -2.120414546459473970e-01 -1.851447845413739524e-01
-3.956887100183548167e-02 -8.820375546017134027e-02 5.420900214841689602e-02 -2.637105958356200652e-02
2.567097378458521595e-02 4.903506852178483866e-02 2.758910659659737918e-01 2.016108317050623322e-01
-1.252555746847134888e-01 -1.488957263625173555e-02 -1.754478159033999174e-01 -4.901880043974554679e-02
2.175364157112780195e-02 3.299241624751582669e-01 3.370586260019056701e-01 -3.665160476311013493e-02
-2.218697609301670259e-02 -1.042371236905381832e-01 1.158754821266977098e-01 2.909802128619694006e-01
7.793772372448215524e-02 8.863710571899569013e-02 -1.979340476667740267e-02 4.472175692012878012e-02
-1.557645246657425875e-01 -1.051555531168712754e-01 -7.383520482560304021e-01 -1.044134553254344455e-02
4.575595066313820070e-02 -7.549874867127709388e-02 2.144674211517680895e-01 -5.346420150145375638e-02
-1.138986780602849191e-02 -2.667756569740756256e-02 -2.932727095839592069e-02 2.260168317939986737e-03
-2.030014308763716108e-02 -1.265894533590938842e-02 -3.726294523307215056e-02 -2.515564149595608812e-02
1.686921718972749992e-02 2.654843059134891908e-02 -1.788190373596933169e-02 1.264091183077298286e-02
-6.583708066942528525e-03 -3.591599198353317979e-02 -1.042806738178265191e-01 -9.524272968156259622e-02
3.600934212721305233e-02 -5.015632070475048443e-03 5.738398927128868926e-02 4.201417126520626266e-02
-9.106189188587064665e-02 -2.729537363920859216e-01 -2.199177156099761388e-01 -1.358564360966973972e-01
-4.120400937595564139e-02 -3.516257623618634920e-02 1.242353276629425129e-02 -2.453755317120526191e-02
1.705664041805748932e-03 5.883266794078841067e-02 -5.892539082447062482e-02 -3.144016867766016299e-01
2.587132603731654434e-01 2.237021634137919546e-01 7.598049978179668429e-01 -3.263183825025439688e-02
-7.786255427302354870e-02 2.431474988500323398e-02 -2.322314969581232291e-01 1.050644604427274365e-01
9.546377478332979116e-03 2.100263430454626934e-02 9.971049447242502639e-03 1.117997727500444349e-01
2.127691068421266873e-02 1.315209253539129097e-02 2.697295938122418191e-02 3.055826121837246223e-02
1.678546647791347157e-01 3.514895267764602260e-01 5.498315328560364756e-01 -4.587214810183043445e-02
2.238461377495174626e-02 5.527835986256757206e-02 2.159811736849839570e-01 4.613380289920562816e-02
2.214621255606619155e-02 1.653140687195522179e-02 -5.391417258970732096e-02 5.956764035230775051e-02
3.578603679886660505e-02 -1.121329319878242026e-02 1.516965843856776797e-02 -6.099192103316580793e-03
-3.139900970401796748e-02 6.289138399612315133e-03 -5.637585982248012606e-03 4.131454533639414284e-02
-3.562886061573074248e-03 -4.188398344941257276e-03 1.038468822240435317e-03 -1.949373145411246316e-03
1.755960413050864505e-02 2.447177494392325722e-02 3.331802955531892874e-02 2.073269907614691543e-02
-4.223262358935068496e-03 1.145220796168142444e-03 -7.733470415109041859e-03 -1.345994209938412844e-02
-2.186047350371682352e-02 1.397268533596571910e-02 -1.929343038295505686e-03 -5.918719040560127542e-03
3.276140650937771001e-03 -8.432956625993810740e-03 1.304927161070640156e-02 9.495220468888154741e-02
6.526319581412766933e-03 4.974144644910701019e-03 -2.049164848414310180e-03 1.085510459164343300e-02
-1.466941384238178714e-01 -1.421479626301954680e-01 -2.934766519331080681e-01 3.923974033598065514e-03
2.068702939875587815e-02 -7.416697348799759781e-03 5.147652162944867105e-02 -7.693126056753701869e-02
-2.998334393519302282e-03 -4.366848470202994159e-03 -2.498257120533961539e-03 -6.185417284169478225e-02
-7.126430018631526447e-03 -2.347382940114370320e-03 -6.108936891214639120e-03 -9.835239761426611826e-03
-7.031618036350587020e-02 -1.597727866043422151e-01 -2.222149770021258908e-01 8.582781074265892485e-02
-1.298924646056237586e-02 -2.478922836469866012e-02 -9.598940749227349856e-02 6.763956071715870877e-03
-5.346869412142980088e-03 -7.822228426959390232e-03 2.081969544573074316e-02 3.862014745085601275e-04
-1.216046710782524298e-02 5.936407100834525941e-03 -1.018217347664431005e-02 1.452892906000841089e-03
1.622888731625863473e-02 -3.696222339959127565e-03 -2.068347946653920078e-04 -3.481579663534378755e-03
1.122924506498166886e-01 8.715834320237611510e-02 4.674532261344845896e-01 2.314543164649829343e-02
-3.961980592682837199e-02 3.458115521178156682e-02 -6.335651272825795766e-02 2.463364523701183639e-02
9.455369202914676308e-03 5.500780192340043451e-03 -2.370103245445093210e-03 6.887728337484549934e-03
4.956321117110584762e-03 9.985003102750744652e-03 2.848270934325852766e-02 4.743798667325382912e-02
1.438026202367445605e-02 -2.359120515531658302e-03 3.298419119288237278e-02 -7.268427171745461823e-02
1.860615605327521627e-02 -9.341477058874086969e-03 9.034074943504458166e-03 -7.419702958487872646e-03
-5.103588771398302748e-02 -9.409530530840884421e-03 -3.580044621090454349e-02 -5.172969472635172150e-02
2.149695427534855686e-03 2.554636689941682665e-03 3.153799690373694075e-03 1.370111064546425741e-02
