2.700673363269268656e-01 5.842143704713034236e-01 4.827777569610309238e-01 0.000000000000000000e+00
5.138291507129065794e-01 3.578633962966569215e-01 1.015328472982079538e-01 0.000000000000000000e+00
-9.855129912725925090e-01 2.578473259490548508e-01 -1.545930063958621314e+00 0.000000000000000000e+00
1.450726540044062762e+00 -1.058648092784920669e-01 -4.355271964150794761e-01 0.000000000000000000e+00
2.808248554600233926e-01 2.028849301401147998e-01 8.442854733762601704e-02 0.000000000000000000e+00
-3.831052289841753722e-01 -1.100513896126195323e+00 -1.092653008156989208e-01 0.000000000000000000e+00
-1.601685929890503401e-01 5.237250675011672074e-01 2.177032540615654321e-01 0.000000000000000000e+00
-2.426042245421348720e-01 2.166999284417677751e-01 -7.413937950085377482e-01 0.000000000000000000e+00
-8.541187745029991951e-02 -2.752339214375974508e-01 -2.328115610226266785e-01 0.000000000000000000e+00
-1.143405948128547012e+00 1.310400650387090193e+00 -2.946409355223253979e-01 0.000000000000000000e+00
1.262552429991763980e-01 1.070596956024963270e-01 7.933043231424694031e-02 0.000000000000000000e+00
-6.286387781519563178e-02 4.707980430349684164e-02 -3.806727744117882062e-01 0.000000000000000000e+00
-2.503852207988465639e-01 -1.803120179550820879e-01 -7.867402942730251925e-02 0.000000000000000000e+00
-1.973716196627500197e-01 -4.356536124141736077e-01 -4.529043935180021574e-02 0.000000000000000000e+00
-5.365481863181033040e-01 1.885904911157725017e-01 -3.058729553397073753e-01 0.000000000000000000e+00
2.042314039980584472e-01 2.894844177769474447e-01 1.992285841559124915e-01 0.000000000000000000e+00
-1.683206613358507964e+00 -8.007067985097102714e-01 -1.394790047834186364e+00 0.000000000000000000e+00
4.272103168436549581e-01 -8.890715784397892341e-01 3.632856852320203167e-01 0.000000000000000000e+00
-3.237890903228885509e-01 6.146530023626098904e-01 -6.700772952687962247e-01 0.000000000000000000e+00
-1.824118690403214449e-01 5.685816114496512474e-01 3.949000274070456618e-01 0.000000000000000000e+00
4.539408817003014879e-02 4.212627082208519197e-02 5.011473500480406046e-02 0.000000000000000000e+00
-3.506646103826398936e-02 -3.220328308627268266e-02 -1.726107403423892406e-01 0.000000000000000000e+00
-1.027645811289624317e-01 -5.844040827132638422e-02 -6.396040942164468376e-03 0.000000000000000000e+00
-2.917811042972610625e-01 -2.529032483562481670e-01 -1.593305189794124929e-02 0.000000000000000000e+00
1.073466133513631959e-01 1.450173204032154384e-01 1.874661865282844508e-01 0.000000000000000000e+00
-5.645825114661313232e-02 -1.457206873292515859e-02 -1.303264184632777489e-01 0.000000000000000000e+00
-1.001654179918243681e+00 -3.468462462173282912e-01 -5.277757327806348320e-01 0.000000000000000000e+00
1.352851206120328220e-01 -7.322584844908859303e-01 -8.560654234158941722e-02 0.000000000000000000e+00
1.748009760237410892e-01 3.488177903505630395e-01 -1.127985824724999503e-01 0.000000000000000000e+00
-2.186902348648525896e-01 -6.917560888997868924e-03 -8.657401682384915920e-02 0.000000000000000000e+00
-9.172488287611384461e-01 -2.074452828595662268e+00 1.753344516987181689e-01 0.000000000000000000e+00
9.053065350393671995e-01 -1.581232111770252136e-01 -3.075418425112207421e-01 0.000000000000000000e+00
-3.158721184154409389e-01 -8.025993320240785156e-01 7.605522634399731752e-01 0.000000000000000000e+00
-9.196874107645116592e-01 6.118323773737299742e-01 9.189857635772188393e-01 0.000000000000000000e+00
7.164719304859840099e-02 -4.481372005014248872e-02 3.962167872934685420e-01 0.000000000000000000e+00
1.662994050044273517e-02 3.595251596792220939e-03 -2.205440486242954239e-03 0.000000000000000000e+00
-7.518397592200622148e-02 -4.573365188047244512e-02 -2.747664307130015526e-02 0.000000000000000000e+00
4.536566758516682313e-02 5.549590877535705985e-02 1.509627867351034415e-02 0.000000000000000000e+00
-3.897692835778879816e-01 -1.587346937863365337e-01 1.844419063892446808e-02 0.000000000000000000e+00
1.176975211409384547e-01 1.882164154107492660e-01 8.260733863710192915e-02 0.000000000000000000e+00
3.257167662455085627e-02 5.240394981169569505e-02 1.100727764888321941e-01 0.000000000000000000e+00
-7.815968838150968434e-01 -3.874778582348314959e-01 -1.677891509950829585e-02 0.000000000000000000e+00
2.935716765903327863e-01 -5.881183957187055000e-01 3.739424540298262600e-02 0.000000000000000000e+00
2.179193776790153136e-01 -4.264988553619068062e-02 2.795993885654412536e-01 0.000000000000000000e+00
2.714151359699277788e-01 -1.408393221730621647e-01 -1.117464206850447284e-01 0.000000000000000000e+00
-6.337521564679464703e-01 -1.453789852551969908e+00 4.706029216506366630e-01 0.000000000000000000e+00
5.400281401242381651e-01 -1.755291827742471722e-01 2.453662637046489237e-01 0.000000000000000000e+00
-4.443547647482166268e-02 -4.101935920387345114e-01 4.130587700920496097e-01 0.000000000000000000e+00
-1.030928187076774361e+00 3.761164031171955746e-01 4.193786980613933846e-01 0.000000000000000000e+00
5.189201927197105713e-01 -1.003888602555274567e-01 1.961160945352913854e-01 0.000000000000000000e+00
-1.489276533847748274e+00 -1.901663370292477673e+00 -1.352852729875416493e+00 0.000000000000000000e+00
7.760573905543641793e-01 -3.607319238352049151e-01 5.161137785165259562e-01 0.000000000000000000e+00
-1.283405045605711781e+00 -3.513811213588919347e-01 6.980456242372254927e-01 0.000000000000000000e+00
-9.438222757778930161e-01 -5.897709473519180401e-01 1.031308119162154258e+00 0.000000000000000000e+00
2.389168685835090233e-01 -3.369345355078630644e-01 -5.237817333605911813e-02 0.000000000000000000e+00
-8.969338861915872041e-01 8.118894675853841614e-01 9.396462273573551460e-01 0.000000000000000000e+00
