-1.423519844480417795e+00 -3.709692961099633757e-02 1.360660478973064469e-01 0.000000000000000000e+00
-5.711798396467522299e-01 -4.579458371981023346e-01 2.881139478969848011e-01 0.000000000000000000e+00
1.105124187619262593e-01 5.852887992910510429e-01 -6.758722893552384647e-01 0.000000000000000000e+00
-1.972322954106766613e-01 5.437871811612308148e-01 6.936671039792165205e-02 0.000000000000000000e+00
-1.953891913748146969e-01 -2.794441152214507951e-01 9.018123970632756226e-02 0.000000000000000000e+00
-1.907947348342295402e-01 1.437074916151266299e-02 -5.193126281975571912e-01 0.000000000000000000e+00
-7.782843944107018519e-01 -1.365660821717015749e-01 2.183262315247555541e-01 0.000000000000000000e+00
8.880835512149228006e-02 1.794290317802914037e-01 -1.824293349170286460e-01 0.000000000000000000e+00
-1.202905541868170142e-01 8.958715746407772129e-02 -4.273989554189466106e-02 0.000000000000000000e+00
9.020750898884845326e-02 -1.772267249656392027e-02 6.555458051442724088e-01 0.000000000000000000e+00
-7.646056143915645927e-03 -1.270552537913910152e-01 -6.031909115849394543e-04 0.000000000000000000e+00
6.326883869121871506e-02 1.142751169712231535e-01 1.363542821270344839e-02 0.000000000000000000e+00
-2.489798897843535641e-02 1.000383169388581323e-01 3.051221495675685014e-02 0.000000000000000000e+00
1.227811558625332977e-01 -2.616763668344008198e-01 -5.171722530041524685e-02 0.000000000000000000e+00
7.817319701689480482e-02 -1.589483336452175988e-01 8.234754738383967543e-02 0.000000000000000000e+00
9.981383334201493485e-02 4.297125739613723294e-02 1.037022209842845127e-01 0.000000000000000000e+00
3.322844411827295397e-01 3.932375308841776218e-01 -6.327473590139607307e-01 0.000000000000000000e+00
2.044036279276015555e-01 -1.194804949238130520e+00 -5.267175316891995474e-01 0.000000000000000000e+00
-4.605133885551053186e-01 -1.234994676779077177e-01 -2.435051420701543068e-01 0.000000000000000000e+00
9.625843034371828200e-02 7.833579321370330861e-01 -2.872316921155015912e-01 0.000000000000000000e+00
5.979329221088729163e-02 -2.546553711394927352e-02 -8.450340304386209575e-03 0.000000000000000000e+00
2.240096223303071968e-02 7.942711277719080587e-02 4.726272360897614683e-02 0.000000000000000000e+00
4.662480474419730681e-02 1.038079906185551404e-01 5.318131987950290573e-02 0.000000000000000000e+00
1.687983045115576952e-01 -4.812827285563479190e-02 -1.024212980122422845e-01 0.000000000000000000e+00
2.358499665248746380e-01 1.671881421970461135e-01 2.032176914094347212e-03 0.000000000000000000e+00
-8.980449015111271333e-03 -5.922924781505079644e-02 -1.072170857190798687e-01 0.000000000000000000e+00
-4.436183350932891047e-03 5.104111862239699149e-02 -2.757182564263643276e-01 0.000000000000000000e+00
-1.732091181530577007e-01 -1.050905270127312940e+00 -5.564536839733629225e-01 0.000000000000000000e+00
3.643272799873432943e-02 -1.082181789833603913e-01 -3.521519346573739190e-02 0.000000000000000000e+00
7.039660011791187832e-02 -6.649852320826840635e-02 4.504467203760099264e-02 0.000000000000000000e+00
9.957777682440728251e-01 8.578066266500335990e-01 -1.356779991798794827e+00 0.000000000000000000e+00
-8.070309110962460286e-01 9.932237721216863324e-02 2.703027820131872483e-01 0.000000000000000000e+00
1.127317682894763307e+00 5.130547698362674519e-02 -1.254702550842182962e+00 0.000000000000000000e+00
8.285573972167233903e-01 1.445337273192728755e+00 -2.843230770699617382e-01 0.000000000000000000e+00
-1.576209579211937939e-01 8.176755535716444256e-02 -3.044249489433459854e-01 0.000000000000000000e+00
5.171487106890965135e-02 3.537762614678371248e-02 3.205749552688122450e-02 0.000000000000000000e+00
-4.786937539625013560e-02 5.242483954609248459e-02 4.098590140217620720e-02 0.000000000000000000e+00
9.631884945590489522e-02 7.452675407497506843e-02 4.869741242194523118e-02 0.000000000000000000e+00
-6.408508776242109913e-03 8.568356631189441575e-02 -1.323740291439642058e-01 0.000000000000000000e+00
-1.475419167521979658e-01 -9.405825417789486637e-04 -9.511766634683141430e-02 0.000000000000000000e+00
1.133664401893719476e-01 2.189988465903308368e-01 3.123278242275238925e-02 0.000000000000000000e+00
-1.382111118539852135e-01 -3.642997149766986215e-02 -1.594643563733557368e-01 0.000000000000000000e+00
-5.304457659223936750e-01 -9.789605489210062572e-01 -3.750225116042023576e-01 0.000000000000000000e+00
1.522136303661185408e-01 -4.921025639608191810e-02 -2.015381173084097033e-01 0.000000000000000000e+00
7.881717996236797807e-02 -1.889488891119695257e-01 1.457185836656780253e-01 0.000000000000000000e+00
9.742247112795832109e-01 5.440742011128488764e-01 -7.016541160827149959e-01 0.000000000000000000e+00
-9.355868367718385148e-01 3.170832798065887359e-01 -7.915828762990044509e-02 0.000000000000000000e+00
3.304690681296560961e-01 -1.968963958770645339e-01 -2.121313680608793717e-01 0.000000000000000000e+00
1.016262984679839665e+00 5.810134956845577348e-01 -6.448250362001627378e-01 0.000000000000000000e+00
4.554970525342055820e-01 2.096298458221458882e-01 -2.520141405792273304e-01 0.000000000000000000e+00
6.311989373449221619e-01 4.847569737001998225e-01 -7.610341098315213104e-01 0.000000000000000000e+00
6.044080452732932818e-01 -1.653065416122741826e+00 6.402184866911789785e-01 0.000000000000000000e+00
-8.712493634735635206e-01 -3.185360432351198590e-01 6.368440001949010609e-01 0.000000000000000000e+00
-2.514046917187304220e-01 -8.955579016126072878e-01 -1.152344295556888998e+00 0.000000000000000000e+00
-5.678929726787185217e-01 -4.418741661646705121e-02 -5.441462644278590721e-01 0.000000000000000000e+00
1.982630778473980920e-02 7.588184410404005265e-01 8.451742496632570767e-02 0.000000000000000000e+00
