-1.741292877283747431e-01 6.395139131066102101e-01 -2.258361693211138554e+00 0.000000000000000000e+00
-2.241514132787409685e-01 -4.139695109790204608e-01 -1.318908364345603434e+00 0.000000000000000000e+00
1.909604846291563518e-01 1.629667028433270826e+00 3.664969426990785650e-01 0.000000000000000000e+00
1.582297279983277738e+00 -1.606883994318412112e+00 2.150499663176390630e-01 0.000000000000000000e+00
-1.603622209420405287e-01 -4.558379689021839765e-01 -6.138235398801068499e-01 0.000000000000000000e+00
-4.799736455217153835e-02 9.646672631606810766e-01 1.496934134793381332e+00 0.000000000000000000e+00
-7.491570761883066254e-01 2.389319592389005098e-01 -1.149375816660056948e+00 0.000000000000000000e+00
7.293337177476447719e-01 7.606875034405713443e-01 4.789557667494112048e-01 0.000000000000000000e+00
1.878198210617257058e-01 -3.957348892154953224e-01 -7.209533128013499714e-02 0.000000000000000000e+00
9.918657959329980622e-01 -1.457362014729690403e+00 1.436091987594417529e-01 0.000000000000000000e+00
-1.044875075889001997e-01 -2.905014796743844996e-01 -2.025186867449149386e-01 0.000000000000000000e+00
5.040835358902712171e-01 2.355774534034732817e-02 4.107897423310934437e-01 0.000000000000000000e+00
4.564852179963798523e-02 4.310765002958264619e-02 -2.629763456341033343e-03 0.000000000000000000e+00
1.292362764609210346e-01 -1.652842674803770562e-01 1.140869314574798787e+00 0.000000000000000000e+00
9.037031640864120474e-01 -5.609887600931328100e-01 -1.777832211614152613e-01 0.000000000000000000e+00
-5.425662757496559907e-01 -4.046540264445902188e-03 -5.094835758368199130e-01 0.000000000000000000e+00
2.534432155932101471e-01 6.500538056801010711e-01 9.640474515384908072e-01 0.000000000000000000e+00
-2.830484044109768046e-02 5.909056922968956016e-01 2.896497816685807414e-01 0.000000000000000000e+00
2.875514367552723521e-02 9.298932110313414823e-01 1.515067595629530528e+00 0.000000000000000000e+00
8.925812648057560583e-01 -7.117244326074902150e-02 -2.541325507897469471e-01 0.000000000000000000e+00
-5.025197269191342825e-02 -1.136681052526530844e-01 -1.873785532033167903e-02 0.000000000000000000e+00
1.720327063142083057e-01 -6.401079486301371191e-02 2.484123346512053798e-01 0.000000000000000000e+00
2.833548799531067017e-02 5.120579666618813724e-02 -1.886796079143282902e-03 0.000000000000000000e+00
3.355152492668023179e-01 3.001696834886335985e-01 7.391710666915130012e-01 0.000000000000000000e+00
-1.420665433453127124e-01 -1.037839903348480308e-01 -1.168146427870038334e-01 0.000000000000000000e+00
3.719562866986251826e-01 1.265961544619809698e-01 -5.015332595129590870e-02 0.000000000000000000e+00
6.826885715036401514e-01 4.060964242308128802e-01 9.718481985426133951e-01 0.000000000000000000e+00
-6.418012082480278879e-01 1.485417339141257065e+00 1.662191204595782901e-01 0.000000000000000000e+00
4.601935449167625647e-01 4.042519320029819840e-01 5.518429039338222930e-01 0.000000000000000000e+00
-1.895711718470149687e-01 6.676458981263803938e-02 1.120551385749161966e-01 0.000000000000000000e+00
-1.458313782284463178e+00 1.127676541019672962e+00 2.596405245002197937e+00 0.000000000000000000e+00
-3.356245320784911890e-01 -8.830816601811909416e-01 2.327624997808663554e-01 0.000000000000000000e+00
5.349215017371252712e-01 3.057854993684382960e-01 1.928276169558382991e+00 0.000000000000000000e+00
-8.744734250238904716e-01 -6.019431619001981426e-01 1.488881656410522003e-01 0.000000000000000000e+00
-8.543411091270584068e-01 1.253203558989924582e-01 -4.379077248260427879e-01 0.000000000000000000e+00
1.494633727964640377e-02 4.353970648063406473e-02 2.155792867283442063e-02 0.000000000000000000e+00
-8.483132430827279580e-02 1.059915359432207771e-01 4.458040903144699224e-02 0.000000000000000000e+00
1.766923560877627086e-02 -8.617548353488799218e-02 -1.929846854670016695e-02 0.000000000000000000e+00
4.515923116068022991e-01 7.835163300398958475e-01 2.706588132048761697e-01 0.000000000000000000e+00
-6.661816821932791018e-03 3.409549822036024302e-01 7.350468460050656183e-02 0.000000000000000000e+00
7.860395667233149863e-02 4.639745251439058443e-02 3.868634321262454795e-02 0.000000000000000000e+00
2.757450795092399876e-01 3.345790811107589025e-01 6.162380601685223391e-01 0.000000000000000000e+00
-9.465555229905604495e-01 1.510245492661702160e+00 3.087268402978845527e-01 0.000000000000000000e+00
3.931623818920078062e-01 6.226455731626902995e-02 9.468070160050284789e-02 0.000000000000000000e+00
-2.007070393491424132e-01 7.127448912836004472e-03 5.748785348763578718e-01 0.000000000000000000e+00
-7.337316637287910615e-01 7.747020785798763853e-02 2.050033745683555786e+00 0.000000000000000000e+00
-1.818863960326405627e+00 6.326010786666990127e-01 1.528282598794593848e-02 0.000000000000000000e+00
1.592840433720035476e+00 -1.327208194993902135e-01 6.545217681831692058e-01 0.000000000000000000e+00
-6.106940036856265408e-01 -3.914495917408578746e-02 1.552332191085023794e-01 0.000000000000000000e+00
-1.610684104864737454e-01 -1.201060206181392143e-01 -3.179876786958475976e-01 0.000000000000000000e+00
2.033062092944823082e-02 -3.720332297822590562e-01 1.178004525622622811e+00 0.000000000000000000e+00
-1.402408692108924493e+00 5.647450454066640368e-01 1.180497095621922538e-01 0.000000000000000000e+00
1.088709572543536730e+00 -1.979402479593521225e+00 1.848820996232681590e+00 0.000000000000000000e+00
-1.109470672457440354e+00 1.657250317774056514e+00 -5.595280967500924074e-01 0.000000000000000000e+00
-3.487766622863011090e-01 1.108275643809976563e+00 1.371570412997316302e+00 0.000000000000000000e+00
9.246434562116591094e-01 9.424144097888893512e-01 -7.167687116199655817e-01 0.000000000000000000e+00
