-1.212349040756984131e+00 -1.384526971193118516e+00 -1.960016165957435552e+00 -1.536139676514260755e+00 2.632529472317164831e+00 -2.821502851208008700e+00 -5.963333922577686685e+00 -1.434780089711527928e+00 3.368286730846588917e+00 3.288991547288607542e+00 -7.657062693019927035e-01 -7.856922617085264626e-01 1.034859632325596746e+00 1.191072243716448931e+00 3.840142357985307786e-01
-2.611541334813652915e-01 1.073928703990402328e-01 -3.590616281665180709e-02 -5.084527872669287740e-01 -2.324292772430273324e+00 -8.200252741593837269e-02 2.698379048962131321e+00 1.012897301545721829e-01 -1.346177712011898508e+00 -2.913433364786804702e+00 -4.572806103929712152e-02 -6.132827357748504848e-02 -1.551855783153036850e+00 -1.449938551312766943e+00 -1.470555110400791010e+00
-3.244218375716806380e-01 -1.691501982624253886e-01 -3.741312221988911113e-01 -1.967378999275490314e-01 -6.806815797700800363e-01 -3.294268802017389919e-01 7.866569647072039206e-01 -1.170022985393693454e-01 -1.311553833459212282e+00 -8.492714335303782613e-01 1.812598369165119294e-01 -9.310881430231371381e-02 -7.065505981999467000e-01 -1.319231436630788679e+00 -4.844788861456115203e-01
3.293926820811148293e-01 4.183566166303266387e-01 5.852765362846450437e-01 4.784619019673412299e-01 -8.215669662617033353e-01 8.884562237954815034e-01 1.375818606691054269e+00 4.086562123074770625e-01 -1.010121534823815059e+00 -9.298239012534008641e-01 2.603323826807420471e-01 2.110071614664608131e-01 -3.718097622288142889e-01 -3.343279538650693050e-01 -1.481403123871076200e-01
-5.086022055790682117e-01 5.884699419573465873e-01 -5.048353060751076260e-02 -4.999951164060997266e-01 -7.206564631132167387e-01 -3.311859052346293741e-01 3.423353951326234546e-01 -2.357972693321561397e-01 -3.654188653017935717e-01 -8.207224441502152246e-01 -6.096822838835630476e-01 -3.266880539641396908e-01 -1.013870490382952072e-01 -4.793617547896591446e-01 2.692865853639916929e-02
1.388960382820716155e-01 2.097876859973033803e-01 -2.151022419734827107e-02 -1.284688342536508265e-01 7.005461692417688790e-02 -7.398094443140024179e-02 7.957969826688685022e-03 -2.011886463524263924e-01 -1.201620218156340958e-01 4.945229608451930103e-02 -3.166225192024966772e-01 7.387848111675607288e-02 -2.368623527836953568e-02 -8.139102905903930485e-02 -5.317436014149162782e-02
9.291385374833517619e-02 -8.059970669030219748e-02 -8.127113367711347180e-02 2.731752644103162542e-01 1.446742377788876599e+00 -1.791705628186900101e-01 -1.186447304448490669e+00 -1.034193820214772824e-01 4.671392270142822878e-01 1.743280860466740245e+00 6.818057306628924619e-02 3.366901526007189116e-02 9.566470161718235721e-01 7.632320916642296726e-01 1.079975027745907035e+00
2.532154300983010531e-01 1.353690673128193356e-01 1.955263927727491358e-01 1.544493018815193131e-01 4.680040932267665044e-01 1.498742341601779493e-01 -3.068008819759108774e-01 1.132391433556136362e-01 7.708460093431774851e-01 5.227895657414163288e-01 -2.046423763233395227e-02 9.319719056164690874e-02 3.455379680683166588e-01 8.331498012841269674e-01 2.608057764659768574e-01
-4.651172003731963989e-02 1.217478359500400731e-01 -1.057270964398461244e-01 -3.733663733608347246e-01 -3.998612821254441951e-01 -1.316522731175614469e-01 1.775105968305719095e-01 -1.419580300703174869e-01 -2.003918069493238752e-01 -5.073084310790996199e-01 8.291925504170215289e-02 1.119685619404167387e-01 -3.503489475559417032e-01 -5.633589366032557555e-01 -1.568262269828631095e-01
-5.292954677227407721e-03 -7.949098904859133730e-03 -1.088452969563124054e-02 -9.856959984656615131e-03 1.783141972691522359e-02 -1.842047400080002936e-02 -1.947659444888087676e-02 -7.179612425949111199e-03 1.483343428770309003e-02 1.680888399182808857e-02 -7.609883891699082206e-03 -3.556205860851612433e-03 1.002579835741594649e-02 5.966120622879184966e-03 4.240053376151630381e-03
4.885002160739955468e-03 1.404883582331925736e-02 1.449370495141565421e-02 -8.196502024888672328e-03 -7.017888246097303551e-02 1.176012964573700144e-02 2.688574517160011862e-02 8.678880558554803032e-03 4.495664199597688981e-02 -6.457903415894018784e-02 -6.930985705833013315e-03 9.286212571117493861e-03 -4.534375912380318729e-02 -1.895823515686967040e-02 -4.191353902445238422e-02
-8.285078758219627248e-03 -3.570297718953045589e-03 -4.802217097460980376e-03 -4.008213490384550728e-03 -1.899982108165255978e-02 3.463233879294039079e-03 7.528019627179940304e-03 -3.130065903914481043e-03 6.383176087680453997e-03 -2.027447720642177806e-02 4.329937527982391163e-03 -3.163744149667137642e-03 -9.748751190166727795e-03 -3.197075531874909310e-02 -6.398616879205513280e-03
2.076132652700707782e-03 3.018879407789996916e-02 3.545369014878996250e-02 1.278590972118899896e-02 5.200242612633591832e-02 3.761416680859284815e-03 -8.341724180088393864e-03 -1.468618542261965546e-02 -7.375661996300947321e-02 1.130849893300163722e-01 9.822906967662639599e-02 2.068360049530552219e-02 3.850463841981578705e-02 4.870021393052086089e-03 4.322906423765975753e-02
-2.000360169169488819e-03 -7.021191063655375653e-03 2.529081412168822374e-03 -2.967106142228372479e-04 1.112842934654681600e-02 1.302455944821450870e-02 1.780541601265998863e-04 8.483421286627535612e-03 -8.219036327845352305e-03 1.671613337347828236e-03 4.228075955890491650e-02 -4.221026369339507880e-03 -3.560861395684332322e-04 -6.161122794536413871e-03 1.457212348398786647e-02
-1.034544005566784969e-03 1.232311173638145005e-02 2.291264496104808771e-02 3.485851376253353007e-02 3.350013251448277080e-02 1.749171042669957904e-02 3.576231193156620934e-03 1.045010851341430722e-02 -8.261317390946343320e-02 8.046753715437521270e-02 7.807661563707797049e-03 4.894928624204828230e-03 4.280751378382243594e-02 1.050072527406560596e-01 5.046570097432395013e-02
-2.965616733847721287e-01 -4.620721508986256887e-01 -2.453094147266584035e-01 4.013510331697704714e-02 -1.579943171727417051e-01 3.068481463847211321e-02 5.762074316392449408e-02 -2.608223839083823603e-01 -1.281158392379769806e-01 -1.858855618617714367e-01 1.489108926306925706e-01 -5.261348469156889029e-01 -8.260594427394958583e-02 -2.146308243731133714e-01 -4.004271458451839072e-01
-1.500220082898847118e-01 -1.952888083385571349e-01 -4.263488359349611873e-02 -2.713554524462781503e-02 -2.152724111959450071e-01 -1.291176403923859350e-01 9.107600186280737781e-03 -1.476576483315259480e-01 -1.757922342681759453e-01 -5.295406827727490440e-02 -8.734186347918924953e-02 -8.764176850542883257e-02 -5.110080042264702332e-02 -2.130767912699867705e-01 6.824494598619178232e-02
1.658434705870526216e-02 -4.222752547896586883e-02 8.387127566133328882e-05 -2.473118065762909545e-02 5.104379835219743922e-02 2.252053391860247764e-03 -1.608125603090170431e-04 -2.485943626002833085e-02 -1.230654336447698297e-02 -2.553047736532249035e-02 -3.164955188103962119e-02 -1.621015780179276694e-02 -4.997457188402641866e-03 -6.416374903151494946e-02 2.189306625520385033e-02
2.771872991961470481e-02 -1.042059261540244364e-02 9.821533748437900543e-04 -2.142491030661667489e-02 2.933498226144678339e-02 -2.634248357524484468e-02 -2.040410307392655914e-03 3.159607185315221195e-02 -4.845764157673432271e-02 1.703127400339569941e-02 -6.733912068467476364e-02 3.557445684620297310e-02 9.449087015052891336e-04 -3.451670315919516674e-04 -3.995474063015048982e-02
8.317963488491828539e-01 -1.768208264147000719e+00 -5.152695385258320160e-01 1.168593048498893783e+00 6.421061562190599759e-02 2.557344125831929604e-01 2.135938527624927918e-01 6.912773173324701093e-01 -4.844526079201549873e-03 -2.154250738074725280e-01 3.215685892129179768e-01 -2.708178831438122491e-02 -2.868227577708184484e-01 -2.253424868867129338e-02 -1.082898728297803759e+00
1.636007829723139240e-01 2.173780896890698533e-01 5.705267224876321708e-02 3.045244545350412335e-01 -2.449876004806313956e-01 -2.590657387845723414e-01 7.505283271823942615e-02 6.744770778526647526e-01 -1.349354716446815594e-01 -1.130587469607244322e-02 -7.816210889871366696e-02 2.911275076748436330e-01 -2.487136232565825555e-01 -1.266228916392330150e-01 1.762448586139376827e-01
1.922178121038299325e-01 -6.516629300257373303e-02 9.920462689131948064e-02 3.310972602104044760e-01 -4.818243387423595814e-02 8.506769345194548082e-02 4.614781528932050680e-02 -3.034903253512079013e-01 1.195918447102850557e-02 -4.889808318475091786e-02 -5.959193693408185721e-01 -1.628021756285391586e-01 1.065328743811125023e-01 -1.918774975717473241e-01 1.319736040766898988e-01
2.391983324564126157e-01 -2.062751054724226984e-01 5.134612331109456029e-02 1.372633582800982799e-01 3.982589557357243404e-01 -1.168165305506435603e-01 1.479269483218494108e-02 2.496100785714806813e-02 -1.606059585279980273e-01 9.332899896686984442e-02 3.185249842473251158e-01 1.836717086213778827e-01 3.017579747229116524e-02 -9.863193677641923784e-02 -1.886400799722425803e-01
-1.222347386837571992e-01 -6.512434116864421196e-02 -2.987524896802984387e-03 1.572812385949174385e-01 -1.317134167771657205e-01 -3.267420093687754129e-02 2.163252076895691434e-02 3.722252727025993080e-01 1.111195058450234613e-01 -8.320285719335138164e-02 -2.456817530117154091e-01 1.533808635370356444e-01 1.048829491232169397e-01 2.489861037014259870e-01 -1.161038572892926224e-01
1.043863085322763284e+00 1.076682762300606555e+00 1.544041280232398172e+00 1.223618722063977371e+00 -2.037453210104694268e+00 2.114004335904001941e+00 6.818629898021230318e+00 1.218474451654594448e+00 -2.745810239578664991e+00 -2.814595358761450061e+00 6.241286699431480844e-01 7.358138730711327735e-01 -7.828925896013835262e-01 -1.012420050224371426e+00 -1.937918544305077262e-01
9.911758019191876934e-03 1.848479919836266278e-02 5.434465660558563879e-03 1.358465088634364798e-02 1.173355093305313533e-02 1.412240935548767992e-02 7.595908450386179914e-03 1.001974651348030640e-02 1.750428484519218550e-02 1.684032227858103456e-02 4.123690230983318578e-02 1.415362839286001331e-02 1.376631878457112296e-02 8.009377489547929788e-03 3.759267726651512737e-02
