4.404336977788949170e+00 2.628302817992123508e+00 1.459749428287592110e+01 6.316591138661513227e+00 2.516313566242111222e+00 -2.500270764839484627e+00 -5.048637304732893405e+00 2.399688959419237211e+00 -3.020235506380485901e+01 5.252355951139398016e+00 7.873839534810830543e+00 -1.310662443451519721e+01 4.051901660158086393e+00 1.081921454575851271e+01 2.904883451177328713e+00 -5.985078825754495568e+00 3.475695861582105639e+00 -9.203504173831833501e-02 6.146567252532218362e+00 -9.827555461612590193e+00
-1.338304022643852953e+00 -1.519180613114173184e+00 -8.098724221099493192e+00 -3.198840842900420256e+00 -4.937461270172150307e+00 5.293376008054764270e+00 5.376169134228538482e+00 -1.551282530603228516e-01 2.588746640057524928e+01 -2.597210422995832602e+00 -1.264290326686156796e+01 1.088519232752099697e+01 -2.185167576919980981e+00 -5.711966430927226668e+00 -1.449894856651923192e-02 7.503955656970950017e+00 -1.098994537876383681e+00 4.834890479092618376e-01 -2.689395110366398001e+00 9.576515293890466296e+00
-1.510139273709325547e-01 4.016632378711424423e-01 -1.232035098161630149e-01 -1.310293753809430028e-01 5.748795644699948859e-01 6.249955090055170359e-01 1.172655330006697305e+00 9.629713891569573470e-01 7.542726160498247623e-01 1.946924345226097586e-02 -5.417657582977244424e-01 1.145552037730567463e+00 -4.594586117216703514e-02 5.620154511917441198e-02 -8.929428295755048595e-03 9.522721427953984019e-02 3.912602162876609446e-01 4.820271602755731299e-01 4.341965922324053651e-02 1.036687853927574565e+00
-1.346147967116121613e+00 -1.449224438616791844e-01 -2.366587011598992873e+00 -2.138058671037299519e+00 -2.220885478406504632e-01 4.622398069208344396e-01 9.566933953061349527e-01 -9.663330995187009442e-01 5.569042776400756622e+00 -1.714343583676029015e+00 -1.142722371357459688e+00 2.451632246648188129e+00 -1.507430515167753615e+00 -1.772134542516926814e+00 -7.223793990014608646e-01 1.543429339862861571e+00 -1.322618796075647474e+00 4.758875553964634353e-01 -2.084645749552643146e+00 2.301562339980955940e+00
-5.401330447650094513e-01 -7.461088205595256539e-01 -1.279270316240717076e-01 -4.672814114297573207e-01 -2.331043748215804179e+00 -3.661439682498421888e-01 2.720015127488399465e+00 8.999748252252248726e-01 2.868465011823522204e+00 -8.421747524574153543e-01 -5.262497829730476084e+00 3.217055099942989216e-01 2.438929843379500362e-02 4.555560391381137109e-01 -3.486296054384649956e-01 1.187866133685868242e+00 5.358976312684662346e-01 4.966811273413264394e-02 -2.668649208562444697e-01 2.074331975538881156e+00
9.889513384825465714e-03 5.051779000447020884e-02 5.025927527145257478e-02 8.040462504059447957e-02 1.272402049746222952e-01 1.488310815847211366e-01 1.285566573298377036e-01 1.281415198372125586e-01 9.331105999049815747e-02 6.443671527896721596e-02 2.856608718679209957e-02 6.465826507398020340e-02 6.192064127393931416e-02 4.818483643815152373e-02 3.420524425919979628e-02 5.573446400748549578e-02 1.606875471745360939e-01 6.973332082908123564e-02 9.841798684193987790e-02 2.198857067938899679e-01
1.139270264557945112e+00 -2.555510908416289695e-01 2.589547298276309029e+00 2.595027592752991108e+00 1.030634244203256777e+00 -2.321604002841795023e+00 -2.070443018289390924e+00 8.709881839351782951e-01 -9.881566780368565617e+00 2.108113858560946241e+00 3.836569972335508449e+00 -4.423968219665113111e+00 2.065157369363320505e+00 1.940076359911974357e+00 9.057225561269266478e-02 -3.751173718253433265e+00 1.444157671941775689e+00 -3.018540998313932189e-01 2.297261351046599565e+00 -4.389626927619053376e+00
2.820147161063556451e-01 -1.823402461811327591e-01 2.880960995040460215e-02 2.844456025239782693e-01 -2.178432963317012971e-01 -2.308469037283957803e-01 -5.246695496814879345e-01 -3.559066230310334866e-01 -3.339843463504132970e-01 1.821018212068468145e-01 1.557548187844377541e-01 -4.704098779427425825e-01 2.054179468582734147e-01 -3.121196157642880387e-02 1.718705586837772081e-01 -9.514805631439360312e-02 -4.890315554946861321e-02 -2.742880735027430905e-01 1.796640663641373425e-01 -4.362524289313891579e-01
-1.104917774495199900e-01 3.628055376018908262e-01 2.698320341477702389e-01 4.229969153023230288e-02 -9.001013433305748990e-02 3.483917176674715677e-01 1.077291227134514529e+00 7.964334424714367699e-01 5.531662139230006936e-01 6.216035670502884081e-03 -1.719272880514458035e-01 4.280874746965857014e-01 2.054971740134592384e-01 2.443599149139890070e-01 -7.456387653126150816e-02 2.927441295958639333e-01 4.776274401931363545e-01 1.560603741546172096e-01 1.744351463455910967e-01 7.801249650290020821e-01
2.289235961491503657e-02 -6.007916072860573775e-03 1.586212874737865514e-02 6.133581214338233722e-02 -3.657017276476454831e-03 -6.548364849479459959e-03 -3.776199291743476648e-03 3.333870075384718495e-02 -5.710619554980839174e-02 4.194848530579102508e-02 4.363744948592969061e-03 -2.675328516603037166e-02 4.832637345865629236e-02 1.139606742130366140e-02 -8.324170290250079707e-03 -2.474059473350149335e-02 4.363138344186922452e-02 -5.932886368603199068e-02 5.999883789271475559e-02 -3.356111642126471950e-02
-5.318059333035352054e-02 3.317713346660236540e-02 -3.463993742449816143e-02 -1.836305360831290701e-01 6.705316954024348464e-03 5.964387137464677302e-02 1.335454712270031652e-02 -1.082463931800995011e-01 2.089513019601401123e-01 -1.381811084121903066e-01 -4.776144808802848529e-02 1.026365495037846465e-01 -1.670810795547476024e-01 -2.745371786426160921e-02 4.190337575162528250e-02 1.092258108026077229e-01 -1.379985002194592802e-01 7.167706985335703385e-02 -1.693587776244643295e-01 1.129695769642973247e-01
-2.830316700941733210e-02 3.308968486550229599e-03 -1.382158672137621253e-03 -3.218709876733697600e-02 3.107391019573784580e-03 2.887080742081632456e-03 1.201982055609146852e-02 3.569506620846596423e-04 7.304533734297027903e-03 -2.456767167415421782e-02 -3.085811953749524605e-03 9.340351640085953200e-03 -2.519297718125355565e-02 -3.792967856012241512e-04 -1.914924841722631665e-02 2.492905381848993518e-03 -1.250479066029252725e-02 3.473379203152727329e-02 -2.589281894730162403e-02 8.373156769665573984e-03
2.120438962597008259e-01 2.452176019843152477e-02 3.628726752025608626e-02 2.322332586859633952e-01 1.136243385130548122e-01 1.434705235065658613e-02 -1.973401861474956553e-01 4.026199639397824714e-02 -1.751395237543111882e-01 2.884016231302295452e-01 2.799612335553798848e-01 -2.876093093034759463e-02 1.611878718707087099e-01 2.126630041596899723e-02 1.752114661896606584e-01 -1.054292433444565247e-01 8.807633967863154334e-02 3.127124363267726193e-02 2.012054906109736474e-01 -1.482911496062895851e-01
1.563484369758278564e-02 -2.152559567317122169e-03 -1.895582478087708134e-03 -2.138950040482222315e-04 -6.128196146503409047e-03 -8.165870194761865042e-03 -8.623521368325951647e-03 -7.637451625653796095e-03 -6.507931518416193439e-03 2.912525052870020004e-03 -1.376799290594196007e-03 -1.862787876760974015e-03 2.455546553706363169e-03 -1.789306762669827522e-03 7.753012204298082022e-03 -1.944936349966064348e-03 -1.030242970637782786e-02 -7.313928467818128776e-03 -2.941536746216378423e-03 -1.261440127287413726e-02
1.002335219850539610e-01 -1.762306746398981105e-02 -8.844018237867179444e-03 7.302502419215434193e-02 8.572839438821117097e-03 -1.692982559414601962e-02 -8.193197591077770736e-02 -3.889743145893356790e-02 -3.278315913328047615e-02 7.687812805101915115e-02 1.125528820207894430e-02 -2.565270598463165186e-02 4.033974022903125123e-02 -7.743098919997012941e-03 9.451263632303952278e-02 -1.559340843574309049e-02 8.682375721244389721e-04 1.054819621331050394e-02 4.972303871484928806e-02 -3.763821283945517626e-02
-4.468425353031009462e-02 -9.013365838079537284e-02 5.523376093498411077e-02 6.813758698753050180e-02 -1.584578470709309683e-01 -1.109711844332543218e-01 3.341741822727470335e-01 2.340120397309768674e-01 -2.350475712342325885e-02 -3.822411813384531121e-02 -3.240754103719836743e-01 -9.685269998449941298e-02 1.686652003284817292e-01 1.124164729252495887e-01 -4.205255127185237446e-02 -7.372707240924342154e-03 1.945739281371692830e-01 -8.294526289259706447e-03 9.161711916743942030e-02 1.480523370955243445e-01
-3.041938118372780608e-02 2.688681163236394944e-02 2.819621450861475864e-02 4.540730360026542373e-02 -1.896220380003876826e-02 3.535738946930172544e-02 1.757109207303410026e-01 1.528832672840971796e-01 3.089893025942733185e-02 1.175472278331457510e-02 1.551306300174726260e-02 4.170128945857601299e-02 7.639679832816584359e-02 2.848689100222612236e-02 -6.667276055644100197e-04 2.485897886644131138e-02 1.085009786310231483e-01 -2.162589377007646807e-03 5.919878495446030675e-02 1.006117193290750889e-01
-1.078668570227208495e-02 4.085102557370795529e-03 4.149134123862585621e-03 1.418288322115672517e-02 8.706024080694207967e-03 1.025599161025117501e-02 2.513700154514093149e-02 3.464933465160305315e-02 -1.337389811372913240e-02 7.809209319410780059e-03 1.900181147976437446e-02 1.379741732904538054e-02 9.609000945126199011e-03 4.534495468395571827e-03 9.391777533791445531e-03 3.043127238597745365e-03 2.971083009865827657e-02 -2.169222128942660532e-04 1.435094551402319937e-02 7.524066174975341248e-02
3.023927500727524587e-05 -1.231581405053416844e-07 5.634139421014806165e-04 2.674986372528644074e-03 1.362676433216340570e-03 2.251629977115809922e-03 -1.807515152438259054e-03 5.183601964686999908e-03 -2.664423768118828750e-02 1.239136442886586836e-03 1.253214969546133373e-03 -1.613109190891648392e-02 4.125322122356181453e-03 1.593042999090132916e-04 1.846392552091118133e-03 -7.980805576787378813e-04 3.661117388431625597e-03 -3.234516314939681753e-03 -2.918072101919584604e-03 1.696695373002404805e-02
5.763965488517075464e-02 -1.037926412942080656e-01 5.346227767579470047e-02 6.789076134208016367e-02 -1.272924815830153711e-01 -2.324912279445392471e-01 7.967243686696545701e-01 1.828561527591520131e-01 -2.310090861783897775e-01 1.025197919936794988e-01 -7.916065996054189036e-02 -1.991835496061389321e-01 1.858161806914009340e-01 1.326892639821979358e-01 -1.750155622874776107e-01 -6.517519426936019267e-02 1.496037482324503176e-01 -1.430691119676433254e-02 5.811472783932025710e-02 6.679124480628262361e-02
-3.530712665178781240e-02 5.644296273091931049e-02 4.291434433461649434e-02 2.073494752610324787e-02 -2.727884261473656480e-02 1.374111560032031942e-01 1.864684084002761200e-01 1.447188977765992979e-01 1.271156943978826170e-01 1.164166177372671918e-02 -1.564647187613914525e-01 1.955183371923698843e-01 7.382693047156657640e-02 5.485054972854652711e-02 -2.020754760644507542e-01 3.762521307547919691e-02 8.672885929023410601e-02 -1.917524838092812822e-02 2.727483783705259013e-02 1.288695693397878816e-02
-5.080878780039593812e-02 8.083960059105610441e-03 5.934605153480432271e-03 -2.061275672752545252e-02 -2.622843633884008874e-02 5.419115067192570301e-02 7.508816152137554045e-03 3.072322586636561104e-02 2.140296347896426532e-01 -2.388879525297285533e-02 -1.530837837149561231e-01 6.256884184480782096e-02 -4.239618422914431112e-02 1.369237885846907865e-02 -8.549719883287920652e-02 -4.382065282400815498e-03 6.423174776214207737e-03 -1.385181232365279014e-02 -4.196326375324244129e-03 1.477596329458048530e-01
-1.116891959485688535e-02 4.315883652811658422e-03 2.680012123343816777e-03 -3.641512174256789081e-03 -3.023393184175104942e-03 1.924398974052277111e-02 1.081781892326572070e-02 2.512768384437816249e-02 2.091159166180460716e-01 1.002675753969625716e-02 -1.929982878333735830e-02 6.522899473314858199e-03 -1.712596852288769678e-02 7.349148111944536765e-03 -1.549923847151679634e-02 -2.373146922451108143e-03 1.033340869393345463e-02 -6.940174923518255268e-03 -1.855590805129804510e-02 -7.005498451087555090e-03
-3.581311586634827737e-03 3.779005891062003908e-03 -2.712426883330620875e-05 3.225101277901792907e-04 1.258749544695791922e-02 3.254451940192248927e-03 6.036362058692762433e-03 4.087665275624430272e-03 7.254735858962613193e-02 -6.535678914140585771e-03 2.003534082031396824e-03 -1.111971268693761061e-01 5.809856132868849998e-03 6.028966824929427037e-04 1.823534723682684877e-03 -5.794311654213415985e-03 -1.184254301958116706e-02 2.751559387113335087e-03 -7.332477821147057040e-03 3.854847898331836831e-02
-3.739355455668903705e+00 -6.482984868335107009e+00 -2.432008489478254276e+01 -5.019443059237714166e+00 -5.381145688064769672e+00 4.521919192883615324e+00 6.577312725692263662e+00 -1.479704998599715271e+00 4.651369781111671386e+01 -4.268149160991265845e+00 -1.413818073190630287e+01 2.025963516208798865e+01 -2.790894454294366334e+00 -1.750773347654009626e+01 -2.735198594580211306e+00 5.757600262767912369e+00 -2.330944677865611769e+00 -6.722121035668815470e-01 -4.872442617851675095e+00 1.122807333402852237e+01
7.580712130494526727e-04 7.202892272598294867e-04 4.103300374682482678e-04 5.729836122018376176e-04 3.490481805209769877e-04 3.212829641514079673e-07 2.032298342979110047e-03 7.189183673544671891e-04 4.527380207799403238e-04 8.885606405647232704e-04 8.635912101020482056e-04 1.730816544885725215e-05 1.052172366144455556e-03 4.051875694106710614e-04 7.973108342066849256e-04 2.280556963382735988e-03 6.106041011187878734e-04 2.465592329033753759e-03 5.176786017660633434e-04 3.389714430743443895e-04
