-1.708829665717762936e+01 2.343781954150636082e+01 -4.608364595438875000e+00 -4.253887274075291991e+00 -2.290677869500184816e+00 1.877487495095378378e+01 1.892617555229067960e+01 -2.672842880201002913e-01 -1.539709622137533263e+00 -2.493570497451860213e+00 -1.039072093909388350e+01 1.362171234915204998e+01 -5.115284078720536698e+00 -1.107701112301738533e+01 8.288415595775038724e+00 -2.580564463769675854e+00 -7.908795184356609553e+00 -4.105630284670056085e+00 -2.503582003106742615e+00 -6.789594748684462999e+00
4.313477984833012613e+01 -3.003759715599752056e+01 1.793599216670280772e-01 4.633863177793593024e+00 7.251094791297166831e-01 -1.269178178875836238e+01 -3.009774889318559588e+01 -7.661367745793100426e+00 -7.885820212665014539e-01 6.862003220212145038e-01 8.617820444261257151e+00 -1.218236379535321490e+01 5.647366817711795051e+00 4.376352000464710734e+00 -9.213510684505170190e+00 6.943873977692476274e-01 -4.506426022280926702e+00 8.487163300741897842e-01 1.374946651140771969e+00 5.087937458258724455e+00
2.060100197703262914e+00 -2.767153768431054317e-01 6.207252303342580824e-01 5.208652974935615854e-01 5.056463138771297716e-01 -1.654130609254811368e-01 -1.878237328748908919e+00 1.183130523401211054e+00 -1.134814632892979236e-01 2.374919873889953514e-01 4.849948606176327504e-01 5.926458702495449593e-01 -3.835665397658356568e-01 1.243732124714248544e+00 -8.720824883504496583e-01 2.156851813520344052e-01 7.211499498975033617e-01 2.772632111174484493e-01 2.386841034072184620e-01 3.970638087665312455e-02
4.515004965132264125e+00 -3.984443396038336971e+00 1.258030988085482083e+00 2.175039754736673991e+00 5.915064082112236887e-01 -3.417693470515699605e+00 -3.165136722283366844e+00 -1.389944653698824695e-01 -3.143729360318194832e-01 7.183557103157414137e-01 2.092412517289616414e+00 -2.433803289875957176e+00 1.461419640040116708e+00 4.442735862609706210e+00 -2.516948352142065026e+00 7.360176098880133466e-01 1.144789642700760224e+00 1.139441257524194562e+00 7.216986523037406398e-01 1.665153344764805698e+00
2.324772876633644358e+01 -5.444568043285936909e+00 1.550642789078613970e-01 8.474529248187270269e-01 1.519378941065531730e-01 -3.034118393884220666e+00 -1.200934498059232247e+01 -2.450862044931202632e+00 -1.619522166485866943e-01 -2.693640877297838188e-01 1.922871094293743255e+00 -1.368652099396710398e+00 -1.168145659415128046e+00 9.851176902158264026e-01 -2.290894840995713722e+00 -1.809728389642071278e-01 -1.313316682477712938e+00 9.322186829026115618e-01 -2.393725848447232352e-01 1.160538294321813435e-01
-8.277876704820497089e-03 3.649601477108799230e-03 5.260008670645643925e-02 5.515283525682498911e-02 -1.338207420206221632e-01 1.196799785317020914e-02 -3.168722020866221456e-02 3.560182000793621349e-02 -6.538144966547182468e-02 -2.099755031877068578e-01 -4.082683440338780168e-02 2.901310567741502422e-02 -2.731727781503306973e-02 6.066058219566296261e-02 -9.227999067593066485e-02 -1.890516165437619023e-01 6.721136769770952313e-02 4.299227648922610001e-02 -1.611013493725930168e-01 -3.483551815241081595e-02
-2.147876873872641923e+01 1.052995160393180463e+01 2.227985249856143657e-01 -4.210494013807910996e+00 -5.694484223141053070e-01 4.414026173621560467e+00 1.059015143545423321e+01 2.767038782744995373e+00 1.238906044072103363e+00 -5.977579691003587214e-01 -3.491860229179998498e+00 4.854834921180403384e+00 -3.176400375345413085e+00 -3.810899336993387898e+00 5.462332272434233360e+00 -6.076359440448797500e-01 1.654069938781755233e+00 -7.958302036149076386e-01 -8.872319099941936571e-01 -2.459967381334269731e+00
-1.012928697427949221e+00 1.706110476224171890e-01 -4.948471226858888183e-01 -5.937705155435420989e-01 -9.107077079620148896e-02 1.033322641279790233e-01 7.340252891965899362e-01 -3.344613266583919553e-01 3.220668962435595528e-01 -7.883463470654983318e-02 -1.786723706059824557e-01 -1.082487424607718740e-01 1.325145631310580274e-01 -1.184673200629411172e+00 5.817740811933667100e-01 -9.221951803975958484e-02 -1.727386692532340007e-01 -1.330203798223745792e-01 -1.234411033710398620e-01 5.792838929477586718e-02
2.162526572709995598e+00 -2.264582990675221286e-01 1.863575039842834680e-01 3.525914863593402337e-01 -7.869207867754401953e-01 -1.776543355079384101e-01 -1.596704725373440548e+00 5.245629309528343498e-02 -1.583264127255451237e-01 3.948889216236288746e-01 1.117169273925798234e-01 2.341015310143712558e-01 -4.849514374869180466e-01 5.502049986446759799e-01 -5.929732658839591553e-01 3.756740235190036969e-01 2.754642945509642171e-01 2.452351229523230813e-02 5.732912662938538517e-02 2.705338622552633243e-01
-8.428534263564838036e-02 3.214236335952798396e-02 4.654647662809870134e-02 -1.171990448088102293e-01 -7.673182671527089757e-03 3.312390855379780674e-02 2.409935298573042187e-02 3.215198039994319329e-03 1.569855768134459928e-01 -1.352084828099535396e-02 -2.059789338601762665e-02 2.070966987735228804e-02 -2.628735248867596075e-02 -1.762254167547060990e-01 5.766075924154798193e-02 -1.365169826519824214e-02 -6.483649875856327752e-03 -1.985541522258323088e-02 -1.337217161485697997e-02 -2.638763014312249522e-02
7.602438368687552961e-01 -1.815222451808851112e-01 -2.165121088131909954e-01 4.278041979216686275e-01 2.520782057021613357e-02 -6.832123243518581357e-02 -1.835992741715548604e-01 -4.545066468864206177e-02 -3.712222793088089112e-01 3.424046488622500828e-02 7.067750169423936413e-02 -9.704553329439558063e-02 1.172995845715901486e-01 3.337563352071074574e-01 -2.495840080624194823e-01 3.467347215918747949e-02 -2.343340836248494069e-02 3.778094272320089986e-02 4.068568915801891450e-02 7.794244633418534463e-02
3.605974795939934086e-02 -4.963350847871236815e-03 1.101624990619673450e-02 7.741586081334392300e-02 -4.155871263024558948e-02 -2.373870514495512313e-03 -1.533439535304137111e-02 3.946625706040360337e-03 -1.326184492233529744e-01 1.949579898691551627e-03 3.774521371078499825e-03 -7.524930094370621547e-04 -1.153940591880786570e-03 1.304054640118066100e-01 -2.841696738977864123e-02 3.002255568341924419e-03 1.161639947843101650e-03 4.536301187564498183e-03 3.576831472203528817e-03 -3.778813608469443891e-03
-2.134651072288802354e+00 3.564004281959335385e-01 -2.711239136121654236e-02 -3.407684839354842010e-01 6.077718567183185150e-02 1.600716396522871010e-01 6.957340514896075412e-01 2.026562196185016373e-01 1.413538813917657733e-01 2.862760867258495878e-02 -1.574096305361933346e-01 1.605380694253101259e-01 1.824764099365591696e-02 -3.781511845773566916e-01 3.512262573344356875e-01 2.442606871257085865e-02 1.281293029198375399e-01 -8.577811317745798192e-02 3.208649220614645525e-02 -5.104136808367913669e-02
2.057266004583593530e-02 1.207469417877360396e-03 -1.746299087024898167e-02 -2.062765868897582441e-02 2.768992476793306623e-01 3.397771241889988025e-04 2.740902612966767543e-03 -4.119808290949100726e-04 5.616841428490504384e-02 1.037723270387413965e-02 3.764717326756025773e-03 -5.427891375868508853e-05 2.996994841377494806e-03 -2.968282640157918900e-02 1.420360321401128653e-02 9.938666655626815505e-03 -3.994411853881635333e-04 -5.037947727434266554e-04 3.352152248744411089e-03 3.325684795081801370e-03
-2.100132124641084785e-01 3.064642878668880077e-02 -4.522563693063014201e-02 -1.422803638855064667e-01 1.808440957909079883e-02 2.233832087045267006e-02 1.025108935617812522e-01 1.807355438542455894e-02 1.497731095554858949e-01 -1.323559284964992422e-02 -3.741456439054733317e-03 8.324901605091583612e-03 3.567960697311120533e-02 -2.179815165743547167e-01 9.424612018727106244e-02 -1.016394577866730486e-02 5.756096562117549165e-03 -1.542959422295964167e-02 5.306317109331604165e-03 -1.091387248228484208e-02
7.374562107137032640e-01 -5.965561670365326918e-03 4.408240930605176328e-02 -1.168597065480472125e-01 9.040580032367781516e-03 -4.852969040745774287e-01 -5.982002928046059598e-01 -2.581024788753210619e-01 -1.793469704180382374e-02 -3.023904212334116437e-02 7.247879279463703694e-02 5.275288606693850912e-02 -3.586904382817846515e-01 6.708337348050233406e-02 -1.234950644959079691e-01 -5.408919388499139336e-02 -3.861007561212922989e-01 3.941195122498730719e-02 -5.976336994127184887e-02 -1.676951436112442684e-01
3.401171202062280852e-01 6.388580508933594526e-03 5.822477528985372380e-02 -3.967884122679787851e-02 -3.754840529278468675e-01 -8.937354350394605129e-02 -4.157152321210638712e-02 -3.867314616591324694e-02 -3.509481509037765123e-02 4.830638382989471680e-03 -1.564188134095816779e-02 1.042401331826386945e-02 -1.000547355126325672e-01 6.486277809468238287e-02 -7.394592675036873453e-02 2.838733190608255796e-02 -3.554731399844723860e-02 -1.201344860250271873e-01 6.979136738277613716e-02 -3.382872445591642019e-02
-3.107908832786893116e-01 2.370323024016157687e-04 2.477112982388997645e-02 2.941564127727010203e-03 -8.631777466237700036e-02 -6.480455879923087067e-03 1.082284290774748747e-02 3.081765591115392944e-03 -3.547065316017605774e-02 -5.446485916216192713e-02 -1.036896453042272792e-02 1.620936267276551490e-03 -9.136021364428370539e-03 2.105807994694549462e-02 -3.030225928994978099e-02 -4.223343670195589539e-02 6.376380801540959542e-03 3.328452611860210908e-02 -1.770367000819184078e-02 -2.400834459073200589e-03
-2.474445598067992469e-02 -2.561786770830937199e-04 6.134437103762949151e-03 3.431130915876219600e-03 -3.575184814799310384e-01 2.780043924469458722e-03 1.447081237480218885e-03 5.398978755103422955e-04 -7.445569634230757294e-03 -2.578988865851256085e-03 3.743893656900296185e-04 2.597480123985272671e-04 -1.724016689101976960e-03 5.878247488985896552e-04 -4.888814450985184967e-03 -6.483953596667646480e-04 -8.736963797888186445e-05 1.029161638870990103e-02 -1.150492790931934017e-03 3.240244045820545038e-04
3.167231657111128307e+00 -2.325150720618534450e+00 -1.189972412960654813e-02 -2.473909906950334248e-01 -4.508528979848751006e-01 -8.569430829192830057e-01 -2.057585924710291447e+00 -1.994718492045924663e+00 9.999936313001944743e-03 1.348960611135829879e-01 -6.066698037261206156e-02 5.915422463318542601e-02 -9.047902004570529400e-01 -4.564635157096619961e-02 1.228312638857782524e-01 -1.666307374844748779e-01 -1.551000773547090761e+00 -5.732672762006805200e-01 -5.680039749248448899e-01 -1.870056570053247880e-01
-2.718677979985910653e-01 -5.483729916881696642e-01 1.014111301833573592e-02 -1.713478508437953352e-01 9.772806332890162651e-01 -2.660463835970083846e-01 -1.064709155329735424e+00 -5.494526964595382035e-01 -7.733776168966421949e-03 2.259723250362810631e-01 -6.748402601411573887e-03 -3.813280318929279655e-02 -2.090628983098927751e-01 -3.935021585405856781e-02 6.546666189234698341e-02 2.505434655461584725e-01 -2.965425548365354658e-01 1.543937519450673257e-01 1.694694518018780016e-01 -9.765595181515790424e-02
1.171617401837109718e+00 -1.943831205438443788e-01 6.947781163380170599e-03 -1.072870737752226050e-02 1.072805014292566028e-01 -2.898104298573200843e-02 -2.167555764125213003e-01 -2.407006414071366507e-02 -1.862267381932675159e-02 -3.126697874912913733e-01 1.147906621193950372e-02 -8.977167545327180420e-03 -4.329047705289035264e-02 -1.901517694552595089e-02 -9.190396808852197008e-04 -1.344234429855255541e-01 -4.666057563127345986e-02 2.393367777651747019e-01 3.610776947294169759e-02 2.272065286590030375e-02
1.700871902688071424e-01 1.944920462264521088e-03 -3.829796742728167058e-03 3.340638534129330983e-03 8.863889669925255621e-01 1.319308389758222511e-02 -3.230219976747195076e-02 5.226974389227589946e-03 -1.524228710531122521e-02 -2.300715117870750781e-01 1.855424634430838382e-02 2.302834209605808535e-03 -2.474817218223041015e-04 -1.016046576890219238e-02 -7.606578126107182980e-03 -2.876688197268926217e-01 3.887146423691534292e-03 4.266896799598285384e-02 -1.012835619131138287e-01 1.148473639858860196e-02
3.406717447787810382e-03 -1.684380773145921495e-04 -8.205699920327269581e-03 -1.075669388950997729e-03 -4.949446318419110646e-01 2.928629943475979935e-03 -2.922752288993774039e-03 1.631249575173823740e-02 -4.245529158333698205e-03 5.764621367722622125e-02 1.250014459322414118e-02 2.877554025529215076e-03 -3.868891451447101226e-03 6.682161130247554759e-05 -1.621397732642379519e-02 3.361451424038008895e-02 7.964415873767866083e-03 2.558185528940448705e-02 8.907091215848694787e-02 1.035572153517064220e-02
1.683642244545888644e+01 -3.810324551386280234e+01 3.687408027190894888e+00 1.807991251040649505e+00 1.965030203044445756e+00 -2.869463298631819725e+01 -3.109447279153752675e+01 2.489737110754830063e+00 2.041973343480855796e+00 2.070228736324388308e+00 1.382159774684857290e+01 -2.064385098962992515e+01 3.945961576221645117e+00 7.350723891374738805e+00 -7.110048018348953391e+00 2.163564973674215963e+00 1.490751774937074892e+01 3.380744267703517991e+00 1.991546163151704629e+00 7.379282986111808107e+00
2.823288238084612975e-03 6.204613888355204167e-04 1.436223670523722410e-03 9.001932669126678360e-03 4.077034369601418803e-04 4.978244802491211879e-04 7.000016240688077072e-04 1.030447048684941368e-03 8.941839884714774134e-04 6.729867675574798345e-08 4.117337741039627658e-03 9.952613812359957859e-04 1.636120888992134920e-03 1.459918712803255376e-03 1.113272534900243589e-02 2.092109316645710130e-10 1.586424856447899269e-03 5.198422977886370094e-07 2.736160184599729545e-06 7.569192645284842898e-04
