-1.945469147217046890e+00 -2.156413773350800422e+00 2.412216443297082069e+00 -1.123121065026166487e+00 4.310360207734251325e+00 -2.481598881883269048e+00 -1.062081688021722092e+00 -2.816860158690832172e+00 5.661787856080000125e+00 2.574323672950312947e+00 -1.680752624721579602e+00 -2.097040989937052125e+00 -4.442653342175588160e-01 5.416105430429887235e-01 -2.908581929532940702e+00 2.515258014260773667e+00 -3.001923956884334999e+00 5.201138238256119983e-01 2.579302656585502618e+00 0.000000000000000000e+00
-6.063376565386642270e-01 -1.503792457420632944e+00 5.261539763045629314e+00 2.846835938785592379e+00 2.207774698158369464e+00 -1.241624168429141362e+00 -7.205527489987189060e-01 -2.033726055468070726e+00 5.011302299452440323e+00 -3.452119703708049214e-01 7.272147611343150464e-01 -1.485170212517889832e+00 6.453445264115048596e-02 4.549244045731338559e+00 2.119904874702703612e+00 -3.206055972512736330e-01 -2.168653112883775158e+00 1.025570865154217942e-01 -2.954389511871344243e-01 0.000000000000000000e+00
1.293964033532834623e+00 -2.506757433977784721e+00 -3.748237240527793279e+00 -1.970243175443993966e+00 4.833544409825153210e+00 9.384564878184789016e-01 -8.939211669259241599e-01 1.440359004295740597e+00 2.753106243524426899e-01 5.091183118701097854e+00 -9.142750197219813302e-01 -1.611911773111797563e+00 -2.524540666908273168e-01 -3.324849247781985095e+00 -1.754316183434539544e+00 5.284181548480354706e+00 2.454824299529969167e+00 2.116002129738940418e+00 4.569748179410777489e+00 0.000000000000000000e+00
1.436249316813134724e+00 2.311791202513057975e-01 -2.613128968103683558e+00 -1.418722849223739146e+00 6.131783514199958818e-01 8.661588253935176285e-01 -2.220672043630175230e-01 -5.960469459150217197e-01 -3.672150686650538898e+00 3.575609767601271027e+00 9.750132578370115932e-02 -7.355566207006113411e-01 1.182834962230241427e-01 -2.292898030381504526e+00 -9.491788030677273946e-01 3.027375874700954927e+00 -4.366616120033965376e-01 1.256828575958760075e+00 3.147366085630039390e+00 0.000000000000000000e+00
1.406021188553489287e-01 -8.888168120582392584e-01 4.567999914591949207e+00 4.012967854346252139e+00 -1.343427526067274114e+00 -3.731781184418054842e-01 -3.909876173887175677e-01 -1.202747390322324250e+00 3.940725522781139745e+00 -8.244735292315368280e-01 1.425379028528726222e+00 -8.987380096435214627e-01 3.112802801933168828e-01 4.287357172009107487e+00 2.822624063507514158e+00 -8.112569796970466873e-01 -1.287583166455178230e+00 4.750548255173629025e-02 -8.258886241949346951e-01 0.000000000000000000e+00
-6.435637666527503908e-01 -3.464030355071491041e+00 4.964838455258492544e+00 -9.068134855370855174e-01 5.621143131546088689e+00 -1.010898309009925944e+00 -3.334407386480810143e+00 -2.249157759934559131e+00 1.560704640535176768e+00 5.988667558039220573e+00 -1.776638501022232530e+00 -1.376655594147220940e+00 -1.980980259456780246e+00 -2.130443306437578510e+00 -3.012418994570259301e+00 5.271051746775919256e+00 -1.505203043096743132e+00 2.157729323692032963e+00 5.477096648302569371e+00 0.000000000000000000e+00
-9.116228756594200178e-01 -1.333894947893607519e+00 1.814721338684299745e+00 -3.271687708645779624e-01 3.028989083995322851e+00 -1.586314853903329825e+00 -7.167931289750096857e-01 -1.620449116946677259e+00 5.134844861523315096e+00 3.516278167344356831e+00 -8.032146109366237186e-01 -1.271738177448411555e+00 -1.810043812447497957e-01 3.345023902439243080e-01 -1.656485484587709944e+00 3.434036303525259903e+00 -1.723452364665295278e+00 1.067489148207458466e-01 3.768000158826155577e+00 0.000000000000000000e+00
7.553979440181619598e-01 -1.912034125206146573e+00 -1.152713109170366401e+00 -1.775638643705046871e+00 3.820871839286775984e+00 1.171348331986732383e-01 -6.471778505423187999e-01 8.892909950644626305e-01 -3.158773066698637444e-01 1.497586347492326775e+00 -9.271626212582682047e-01 -1.295033393073320216e+00 -2.839605882390058844e-01 -2.164656950679652692e+00 -1.673141119461840409e+00 1.993118331103331586e+00 1.636310638258448691e+00 1.699775850755970374e+00 7.109899362727538641e-01 0.000000000000000000e+00
1.005638980113970016e+00 2.309845918729705461e-01 1.460401907652830955e+00 -2.654377157831300793e-01 1.119585845574395888e+00 7.574447116369510402e-01 3.563669681083213997e-02 -4.536860572663016233e-01 -3.635132664785006629e+00 3.970721343086764943e-01 -3.659203144891435416e-02 -4.005315109830326903e-01 1.980043964987098781e-01 -5.091750585996431822e-01 -6.347540855278768768e-02 2.263202081869859494e-01 -2.815750256933508000e-01 9.315362738346038007e-01 7.624512269867507186e-01 0.000000000000000000e+00
2.715096605173495381e-01 -3.337835456501741516e-01 -2.165894143900061408e+00 -1.018402848513443537e+00 7.873340807704869437e-01 1.401750064406252827e+00 -1.209268666203642678e-01 6.785087837899681507e-01 -5.020675936690171426e+00 4.622500070818943207e+00 -1.192542421279587234e-01 -7.296127713033758733e-01 -1.682742677038518431e-01 -2.702534228812359274e+00 -1.413126095068776067e+00 4.498469643337646318e+00 -8.271554682926761659e-01 1.766378975422041142e+00 3.698120377504896972e+00 0.000000000000000000e+00
2.920931739994462716e-03 1.000074145744714732e-01 -1.877484600048726193e+00 -6.592501239706579641e-01 -1.253734887961058808e-01 3.503851525156768953e-02 6.277827054159895726e-02 1.111340380825130703e-01 -2.716716188648839569e+00 6.779019770268608636e-02 -9.839442179442692282e-02 9.675122797110304040e-02 7.307914472803754904e-03 -1.113307926761286204e+00 -3.025327038119072220e-01 6.521494648735703947e-02 1.000773535170399742e-01 8.239600242750887669e-04 5.569378034905188984e-02 0.000000000000000000e+00
6.019474584870349726e-02 5.552655970503126565e-02 3.141718327345116801e+00 1.232607263460123281e+00 -9.745240767626508482e-01 -1.310216542544344331e-01 1.284142517117542459e-01 -2.743052635268750650e-01 2.315555368931116575e+00 -1.893230659457035003e-01 3.486634651518024097e-01 -1.521093856700391489e-01 1.145025381857686236e-01 2.620390136408233595e+00 8.085997018392157010e-01 -2.786181890570449404e-01 -2.784446878821292271e-01 -8.714212435968370085e-02 -1.159169541651234453e-01 0.000000000000000000e+00
-8.793671891608710600e-02 1.143271075066240594e-02 2.197842046557614004e-01 2.756033455984838176e-01 7.776164896281274608e-01 -1.012400723487335424e-01 3.201997841951831347e-02 1.680052429226325250e-02 2.972002245326045511e+00 -8.241072753334312273e-02 7.534415827623129787e-03 2.123898195769943417e-02 5.382206582052965343e-03 6.425693303134960566e-01 1.709934088598539514e-01 -8.889722867528603023e-02 -7.568428393383619390e-03 -1.235319008418079567e-01 -2.094021748082914580e-01 0.000000000000000000e+00
8.369293134506235188e-02 -2.673781832172652084e+00 -1.118000385888755915e-01 1.114319948700619456e+00 -1.312344542880961917e+00 7.892665486793647434e-01 -2.698602806425117517e+00 -6.033553972633165507e-01 2.946545801525620512e+00 -2.688459590437989988e+00 -5.772473599865504124e-01 -1.310603552867100730e+00 -1.769323488088969887e+00 8.063630835957994458e-01 2.987474671137720916e-01 -2.797573920115708823e+00 5.609698392631550234e-01 -1.204435472290882769e+00 -1.626256786532043419e+00 0.000000000000000000e+00
1.220336065295827555e-01 3.303097795396447989e-01 -2.678247712147430182e-01 2.506385243582877620e-01 -1.479477437800015283e+00 2.021625264004527356e-01 8.514315162851780749e-02 2.136180168546429614e-01 -1.823250900993872436e+00 -3.559074718861261477e-01 1.450835728696976967e-01 7.067607813888245050e-02 1.222702914172740934e-01 -1.101586460359531561e-01 2.850423932011812433e-01 -3.665201969914334557e-01 8.169383127855350812e-02 1.427304177791437756e-01 -3.824699063724711356e-01 0.000000000000000000e+00
3.547479750061343640e-01 -2.100845762506816372e-01 -3.562473792218478486e-01 -4.251016136912127430e-01 3.004915949883237847e-01 9.411586192397304595e-02 -4.378254654942492774e-01 -3.166991953894818679e-03 2.093083986251214501e+00 -6.341023001366887790e-01 -1.429884141502684169e-01 -6.434576896685828551e-02 -2.045944626431677182e-01 -4.890134882567471197e-01 -2.298493139074546110e-01 -8.690493159262299150e-01 8.208830263683873640e-02 1.502916871703514345e-01 -3.570220541114616508e-01 0.000000000000000000e+00
-2.556278134123168844e+00 8.155833615755356814e-01 1.661467572859034458e+00 2.086035264530197608e+00 5.130974692741385290e+00 1.068938040863351091e+00 -2.505716133201540963e+00 2.574432532918176531e+00 4.125700949388685146e+00 -3.264719713300361786e-02 -3.085423173858078627e+00 1.517398586646125036e+00 -4.485783787221581109e-01 -3.278249853364545441e+00 -1.525460471397850570e+00 4.691253614360234581e-01 3.293941997640586483e-01 2.303500238982568504e+00 -2.719720249365782661e-02 0.000000000000000000e+00
-1.042015895689147181e-01 -7.510845860009874864e-01 -2.064449898178135179e+00 -4.115585619374234061e-01 -5.295924902166543324e-01 1.826234136086359650e+00 3.029685990741122215e-01 9.452087146759429181e-01 1.112419551947071844e-01 3.944320235215368786e+00 -2.454555708755996324e-01 1.078533816168506659e-01 -7.372264667167708341e-01 -2.299199188237658564e+00 -1.409940947588143922e+00 4.171665166109448819e+00 -2.419408155719757481e-01 2.393238612413158162e+00 3.518555553314529849e+00 0.000000000000000000e+00
4.592584372138935334e-01 8.854107143403464053e-02 -2.089876496248804505e-01 -1.575903194272157970e+00 7.737020040372157847e-01 6.407958940958415894e-01 1.471120490338855946e+00 7.753061903143048106e-01 -6.880152196384303753e-01 -6.020189230260510893e-01 -1.123470274353584597e-01 -2.775967545494386068e-01 -5.163764851368187608e-02 -9.522133403545577357e-01 -5.009276981305119669e-01 9.277329379495407036e-01 4.590490798135665740e-01 -1.590340095251133734e-01 -1.098664781826499265e-01 0.000000000000000000e+00
-4.080730193777166726e-01 -6.885548241195856012e-02 -3.317773802570683078e-02 -3.322630088088195932e-01 -9.257210374618567439e-01 -1.960276772901871356e-01 -1.434551160164369565e-01 3.371658583351874183e-01 -5.546316186779436386e-01 -6.603004107790199084e-01 4.043751402159745933e-01 -4.607773103921717905e-01 4.909606293900863061e-02 -4.145619056679976377e-02 -7.248043779176031043e-01 -7.301073243984169681e-01 2.074746515064472552e-01 -1.610854653336487863e-01 1.107389101659646657e+00 0.000000000000000000e+00
-2.012773121518612207e+00 -1.785151284684332262e+00 4.305970698540976249e-01 -4.792351887659938164e-02 5.563722675210995838e+00 -6.002881649190680013e-01 -3.859642350535310129e+00 -3.528241646907692264e+00 3.388366434397214189e+00 5.446929842268000144e+00 -2.354267233965314343e+00 -1.311513044808199080e+00 -4.339788256010010947e+00 -4.000805669812272924e+00 -3.013856134581041624e-01 5.227136547952673240e+00 -1.838179779445856532e+00 3.377561449880432054e+00 5.614870183917553881e+00 0.000000000000000000e+00
-2.845154636761871192e+00 -2.241411360357376648e+00 -2.167755847896711607e+00 -5.301232214807397036e-02 1.945775504428637337e+00 7.740135277724282670e-01 2.862127098791226398e+00 -2.491539125882646921e+00 -3.483114489948161197e+00 4.523907405960533978e+00 2.841867548219534800e+00 -3.967374827028101958e+00 2.589997375571391203e+00 -2.928769228530216373e-01 1.829940947864074630e-01 4.135256892934870088e+00 -4.703214410533168355e+00 2.439814038725701906e+00 5.197607950614545835e+00 0.000000000000000000e+00
6.387938784891357136e-01 -1.727256513398383486e+00 -2.807558599499277996e-01 -2.006499159070062266e+00 3.032492783943212089e+00 -1.416825791495799125e+00 -1.667807539681792184e+00 -1.837211803295278056e-01 -5.118228618526896589e-01 4.373016615398693574e+00 2.724199726013970535e-01 -1.151317676859524797e+00 -1.169334724443349849e+00 -3.121059526085825930e-01 -1.299146545050393176e+00 3.578347364405715325e+00 1.113982352857755265e+00 9.821729754627865905e-01 4.651699891421826827e+00 0.000000000000000000e+00
-9.523686176575769657e-01 -2.857389297757679358e+00 5.105384996648610896e-01 8.291291809304720539e-01 -4.342845165364594417e-01 -2.402079320516211924e-01 1.020675765659646572e+00 1.816539484547440964e+00 -3.851458842264007476e+00 4.476324241637858137e+00 9.877121531896858597e-01 -4.774146601185338956e-01 -1.342215369683660953e+00 -2.060198949002874258e+00 4.717072902772461163e-01 4.518463658405012850e+00 -1.035923227897647791e+00 9.202530168390425924e-01 3.808001903562202362e+00 0.000000000000000000e+00
-1.595362649493684337e+00 -1.062966927067868772e+00 1.536861117280483802e+00 -1.272872614785226952e+00 1.804393181543531899e+00 -1.065873206385042071e-01 -6.385336867431578023e-01 -6.773026948625168187e-01 2.785209486594406592e+00 2.716962219489552410e+00 7.732101091477297516e-02 -9.455560206598957462e-01 -4.619105343899428950e-01 1.082296917360839883e+00 -1.634486444890421719e-01 3.578434164786122196e+00 -2.430550795836037281e+00 -1.032986143777580246e+00 3.924001122241285611e+00 0.000000000000000000e+00
