1.265560068778312619e+00 -1.614219890630210319e+00 -1.738324638807446698e+00 -1.595350354030476314e+00 -2.011418597323632707e+00 -1.688942304683517470e+00 -7.378413230230568276e-01 -7.328579178871593713e-01 -1.814778218222715456e+00 -6.639159445515731006e-01 -1.941111495705077905e+00 -1.447934960471881416e+00 -1.840667019982964892e+00 -2.228635826767118022e+00 1.286500553275486292e+00 -2.328765383805031508e+00 -1.421114615886839516e+00 5.065612355438157799e+00 -1.427631805153513733e+00 0.000000000000000000e+00
3.382019083204608645e+00 -7.386520578085161715e-01 -1.334254067600482818e+00 2.008113432408269450e+00 -1.194210704087403263e+00 -1.213949997199756936e+00 6.048888618164086628e-01 7.219838867822381268e-01 -1.323441515179871741e+00 2.819331154020652264e+00 -1.093354928062310050e+00 -9.560421055098259346e-01 1.149732588549784218e+00 -1.729690370844238601e+00 3.670733827010783656e+00 -1.982076724064059936e-01 6.901333678862728860e-01 4.836945055210597033e+00 1.337702863201013725e+00 0.000000000000000000e+00
-1.466818947524888506e+00 3.549544994403388554e-01 8.737337314579639580e-01 -8.330817815113525926e-01 -3.771695593499675425e-01 5.648142123508449464e-01 -7.453235851470632611e-02 -1.031548118033191352e+00 8.494440478762924074e-02 -2.518870630079923512e+00 1.127557362675326441e-01 3.934050441938743425e-01 1.699153570344014430e-01 1.273756970399969601e+00 1.229787527466304903e-01 -2.537498963500701143e-01 -4.439507563650824662e-01 -8.894557555554126471e-02 -1.982243427398904689e+00 0.000000000000000000e+00
4.431279998394550557e-01 -2.779505147450349600e-01 -3.455294058941457691e-01 -1.360048970568966231e+00 -1.457370084248010567e-01 -6.692577448481721314e-01 1.010009039686075250e+00 1.534124821878515732e+00 4.888873782924380573e-01 -1.018148799247011516e+00 -2.056323270354878108e-01 9.415124372157038790e-01 -8.982642640539454382e-01 5.755286469566843754e-01 1.771389140671794926e-01 -2.595676199741101323e-02 -4.321828686582385171e-01 4.136116070281800061e-01 -4.468519253728708840e-01 0.000000000000000000e+00
3.484259076636599062e+00 -1.717588618754926910e-01 -9.067113721005395366e-01 3.261283886932454745e+00 -5.623674062875047008e-01 -7.571117056466860618e-01 1.253106037309286158e+00 1.463956231267656394e+00 -8.391028274192028347e-01 3.600628050224528032e+00 -4.634223815064886232e-01 -5.599968689904103458e-01 2.682553072499161750e+00 -1.181914400313553326e+00 3.702458274786001091e+00 7.934218412254172570e-01 2.090864555267142766e+00 4.511451186945420133e+00 2.469193831154818497e+00 0.000000000000000000e+00
-1.100129713402357101e+00 -1.934403189670739209e+00 -1.093280554933604432e+00 -9.942473229552098446e-02 -1.956071391938380755e+00 -4.793433402598599180e-01 -3.746249290976552682e-01 -5.503628377528083648e-01 -6.069904147052740395e-01 -2.118292995449023164e-01 -2.069812986378615882e+00 5.625328369594763400e-03 -6.499909595203449963e-02 -1.591435256567011125e+00 6.424512206125407854e-01 -2.650956171578243481e+00 -5.332136286262276759e-01 5.068768200137358626e+00 -4.281560487105884882e-01 0.000000000000000000e+00
1.151278638638309815e+00 -9.604643748988720420e-01 -9.580454524751311762e-01 2.549529898689812946e-01 -1.420835511814035002e+00 -1.055839868529890646e+00 -2.739621858500315699e-01 -4.484865035417091028e-01 -1.169235875782222100e+00 -1.052635988427190084e+00 -1.091362097688011845e+00 -1.234725241007117447e+00 -1.085365258300879043e+00 -1.187240408756595311e+00 1.796570197655129375e+00 -1.037154004364668314e+00 -1.196042603924574621e+00 4.835083085944947179e+00 8.392128917496370910e-01 0.000000000000000000e+00
-2.395402509463439300e-01 -3.765049235461884747e-01 5.282543399144788987e-01 -1.503800395183451988e+00 -8.036092457253138921e-01 2.741288238856265935e-01 2.830847997228406743e-01 -1.015946023703124146e+00 -3.140782700198177513e-02 -1.272461900358222930e+00 -3.344820650024977193e-01 1.454602142123810338e-01 -2.889066417848944468e-01 7.968131600388121960e-01 1.439965538760606067e+00 -1.297448715451990031e+00 -1.309361469472433370e+00 1.059119374652826906e+00 -2.170929779907940560e+00 0.000000000000000000e+00
3.479834290150254361e-01 -1.970729440652823905e-01 -2.469810386606686448e-01 -5.490667571883932618e-01 -8.640367556975019070e-02 -4.590181848694387390e-01 9.836060703852973763e-02 2.411787121919868604e-01 3.326062685736867475e-01 1.149764297855939255e+00 -1.721001028967039381e-01 7.134887554453003267e-01 -5.132185678132659135e-01 3.835334232699529333e-01 3.691175525622937270e-01 8.947941984336352239e-02 -7.276765259186460666e-01 -8.311897057598743865e-02 -3.726233823112410914e-01 0.000000000000000000e+00
-1.891425909899937530e+00 -8.306665308245730905e-01 3.108849046264471339e-01 -1.126350346456296725e+00 9.271252439019850300e-01 -7.150895212025831782e-01 -1.607357370661033791e+00 7.997977766641668484e-01 -5.436069477421837659e-01 1.206066948760536883e-01 -1.160406827345594305e+00 2.189251844286718818e+00 -1.511421002465956676e+00 4.188719187899029306e-01 -1.201538102623840532e+00 1.144989804106617326e+00 -1.411423171804362164e+00 5.307447775029918713e-01 -1.182716607117030971e+00 0.000000000000000000e+00
-7.455033309275784781e-01 5.024143014919247446e-02 9.178800690114181926e-02 -4.466963208829267673e-01 7.600465827617668146e-02 7.151510601033958525e-02 -9.984588290352791606e-02 -1.507773693605006515e-01 7.962925926099423402e-02 -6.174033462146973905e-01 7.157516614466473415e-02 5.939505229907322131e-02 -3.057333551305192465e-01 1.098818532318343033e-01 -9.275120138587055196e-01 -1.392225032162026747e-02 -2.027488602640534487e-01 -1.944041216203026945e+00 -3.856894531399067128e-01 0.000000000000000000e+00
1.396405020301506594e+00 -9.375789368793774337e-02 -2.523698826291798647e-01 1.015256894664040122e+00 -6.298767057738263730e-02 -1.499017424713391666e-01 3.641346711781188183e-01 3.674943447099568439e-01 -8.662007426011737732e-02 1.385096220806616873e+00 4.644400655676372836e-02 -1.110012712857210149e-01 6.269786539004557069e-01 -3.021070084893539009e-01 1.107294005708729268e+00 1.696538274559297454e-01 5.795382472203792767e-01 1.584607661763898223e+00 1.051946849687579677e+00 0.000000000000000000e+00
-2.015992833387524608e-01 6.081979790798733299e-02 5.367858991335409946e-02 1.944012200732692097e-01 1.548292826351686672e-03 8.908620349378587600e-02 1.011625325158445055e-01 -1.354822868253756710e-02 1.705422331486350015e-02 2.323723825457536529e-01 4.196679450321812860e-02 -6.887222603931335285e-02 2.647775600672095941e-01 1.735920118640708887e-02 -1.315907930130689671e-02 5.875584413807991707e-02 1.031950779520456607e-01 -2.830881634823630144e-02 1.824506395082940435e-01 0.000000000000000000e+00
1.752766069822456974e+00 -5.096294670889317535e-01 -6.061981461151963457e-02 7.264763318356814992e-01 -2.435923791472865418e-01 6.155190814601432248e-01 -2.370175502278279167e-01 5.106279607227678374e-01 5.025181608228465047e-01 8.002322072319382196e-01 -9.443274610296948923e-01 4.366429850385685207e-01 6.832115865169799962e-01 -3.478276567016658216e-01 2.699249539795495423e+00 -1.100322920338367289e-01 -1.340670042022734827e-02 3.015147402621854766e+00 1.126778184154340945e+00 0.000000000000000000e+00
-1.237285024385905846e-01 1.848999357874560323e-01 5.493402525741095804e-02 1.109626971516835398e-01 -1.058933421272779951e-02 2.505281019600604300e-02 -1.392806726257340699e-01 3.402620509178794772e-01 -1.688660254218186385e-01 1.043672862666851914e-01 -5.502530116138868756e-03 2.672116948383411461e-02 4.071469412189739345e-01 6.312138476677925381e-02 -4.006862775997942494e-01 5.491727375142357176e-02 2.120513017078939355e-01 -1.652282046211144717e+00 5.339146530438525495e-01 0.000000000000000000e+00
5.399740947878993724e-01 -1.000218672496326761e-01 1.401247356104581565e-01 -3.489533571180595834e-03 1.291999156948970551e-01 2.982689865674245308e-02 -2.415074257713636374e-01 -1.991057091437634444e-02 -1.727200267432748015e-01 -3.176572972750383861e-01 -1.401747025204911068e-01 3.937199471805497009e-02 -1.065749091697918011e-01 9.358740835819766291e-02 2.799208805330603012e-01 -1.626637117959649215e-01 -1.828226918872740137e-01 9.072641170327732096e-01 1.621131781336705158e-01 0.000000000000000000e+00
7.252160162227764273e-01 -1.357972606595359455e+00 8.483564094325760641e-01 -3.780654592153673388e+00 1.424559135922667030e+00 1.993656440481593073e+00 -7.956374672361052891e-01 -1.375407040501817890e-01 1.196418548271429794e+00 8.095868978869627530e-02 -8.608331755671877472e-01 1.634463080262065215e+00 -3.494285730698594161e+00 8.132147531742381918e-01 3.300891491763104035e+00 -1.967790335934957335e+00 -3.750973621114113143e+00 3.457819018042038284e+00 -2.257302996588894661e+00 0.000000000000000000e+00
2.586075914936305065e+00 -4.944657161151788105e-01 1.343531579057664516e+00 8.394238140503647028e-01 6.621679115028077378e-01 -5.280435763961845996e-01 9.159784204493542914e-02 4.702318536603168342e-01 -8.138951018417943384e-02 -1.883745455499648891e+00 4.754815872973935376e-01 3.727667176295782481e-01 2.266570525808080661e-01 -7.657012048934507265e-01 1.774531530231395537e+00 -1.027700670714848830e+00 9.154111222930650937e-01 7.302353602993948423e-01 -1.269913072160674394e+00 0.000000000000000000e+00
-2.933107367968312840e-01 8.981690238458884812e-01 -3.611598926083980365e-01 8.633819533323298101e-01 1.440927058236783909e+00 4.823200888856485902e-01 -1.454106874095847102e-01 4.656077933981708217e-01 -4.278539776137957329e-01 -1.932687404954157029e-01 -1.070988502796161590e-01 1.093776231509942631e+00 -1.178792704644118089e-01 -2.802132427926624092e-01 2.415447103557449016e-01 -9.811465161277046487e-01 -3.696989296017061943e-01 -1.040853544335596625e+00 -1.193558380647141925e+00 0.000000000000000000e+00
1.642811441293975605e+00 -4.321421292946574511e-01 -1.186991186479806198e-01 5.917586874842368783e-01 6.871529057982884714e-01 -1.245274522976996368e+00 -6.664759383620353361e-01 -3.385308888496028623e-01 -4.583154275367210678e-03 -1.651986268192847662e+00 8.535295173985193440e-01 1.037392781533694741e+00 -1.100976371787260932e+00 -3.692968432102334414e-02 2.303752202748273747e-01 -2.582023045855770249e-01 8.127154021406874929e-01 -2.317263314031511867e-01 1.096109599898192011e+00 0.000000000000000000e+00
-7.637151963914499131e-01 -1.493938342681390363e+00 -1.603208431346063056e+00 -2.571084669515077525e+00 -8.259017678048777844e-01 -4.511474748678658830e-01 -2.034028684474241011e+00 -1.891365309547503148e+00 -9.047528092249468301e-02 -3.879138128344357672e-01 -1.008706563343142237e+00 9.637124568049355577e-01 -1.532264225834091276e+00 -1.362812256871281047e+00 1.846759097099009150e-01 -2.181682854158433771e-01 -1.726600318503257014e+00 5.017703388199930892e+00 -3.591497384952539451e-01 0.000000000000000000e+00
-2.580010028056201055e+00 1.061818950030319231e+00 -9.913761495942418067e-01 -1.577100910255318622e+00 1.864216690493571485e-02 -1.321913937696951091e+00 -8.185465208711291130e-01 2.503444781534544195e+00 -2.926746215312221011e+00 1.989537434549480510e+00 3.061149474150295813e+00 9.986610537021251011e-01 -8.761850894893377095e-01 1.691827050550690048e+00 7.577822527521382856e-02 -2.646182662203245606e+00 1.952794949065867369e+00 2.064148237399403563e+00 1.153693534745053872e+00 0.000000000000000000e+00
1.501448516882428752e-01 -2.205725905408677967e+00 8.465340252978419411e-01 -1.888574480263726540e+00 -1.269998358207048872e+00 3.276732106883645801e-01 7.364280978292024882e-01 -1.888501619677232402e+00 9.794903507248873265e-01 2.304151513080899605e+00 -1.972258663141130075e+00 -4.044398616246011047e-01 -9.829617822607188415e-01 -8.122284576058008687e-02 -1.315467991575987039e-01 -6.134025330748150706e-01 -1.525718297605468780e-02 1.076263583082163189e-01 -2.197685948126031352e+00 0.000000000000000000e+00
3.051903067575962858e-01 1.737541380776337074e-01 9.109766356971271684e-01 1.100485823093077409e+00 -1.259374569699353019e+00 -4.130381165688415401e-01 -4.725451076847781984e-01 -2.289735764855490852e-01 -3.272237527455861272e-01 9.331790226510707775e-01 -1.871729988325691041e+00 1.203395034794613183e-01 -1.101716128306382686e-01 -5.471089174515465503e-01 -2.650941491524826166e+00 -1.302297806320180662e+00 1.708785938443927899e+00 6.030966335814124113e-01 3.726935675669958981e-01 0.000000000000000000e+00
-1.270478311133970695e-01 -3.739334280988008685e-01 -6.517853188484523663e-01 1.089476265672184141e+00 -5.183410730636610619e-01 -8.673637087632135589e-01 -5.353055592823858788e-01 -1.992646397011327286e+00 -1.928790315963241575e+00 1.362386112335240318e+00 -4.036245597724124612e-01 -1.255321516743794774e+00 -1.643024268211879857e+00 -4.071343614714549308e-01 2.023038148909276579e+00 -5.869288825642173801e-01 1.228705858657707317e+00 1.479276487578761179e+00 2.272376604344764850e+00 0.000000000000000000e+00
