1.313957042246911122e+00 1.998142066233400627e+00 3.501111515299655252e-01 3.100978478584796250e+00 8.383952745708957988e-01 1.496740398317121468e+00 4.621908885631205166e-01 3.430587181760568427e+00 4.731620333176254078e-01 4.448820402171506316e+00 2.169606141926870180e+00 9.912720864866266801e-01 1.743576434495523131e+00 4.035390272323550187e-01 7.307614339160016792e-01
-1.124950278738926501e-01 -1.003302027963299814e-01 -1.471071753919542813e-01 -9.651522252862454465e-02 -1.221896283065142530e-01 -1.042014483376458855e-01 -1.549901085318245164e-01 -8.567169480978598095e-02 -1.722285610249802978e-01 -6.942963756505804440e-02 -1.047592759210109747e-01 -1.201337938704159503e-01 -1.058500239671560372e-01 -1.556873830345602006e-01 -1.211301715971079274e-01
-1.642267402113444241e-01 -2.061180775902784479e-01 -7.606177537572289538e-02 -2.591967056561437222e-01 -1.309964009093301240e-01 -1.817595072836530878e-01 -9.183956612632410144e-02 -2.727108121760890569e-01 -9.583977738680143910e-02 -3.235642959353342007e-01 -2.205893437582651107e-01 -1.420928824463985607e-01 -1.971726959553281588e-01 -7.989297236470727093e-02 -1.251616882726254432e-01
-2.836486544633589624e-01 -5.451624446108693789e-01 -3.521231641311883820e-02 -1.073786508150751828e+00 -1.400989296653425420e-01 -3.469617843220862419e-01 -5.454419784539521476e-02 -1.257376806381833134e+00 -5.539676764338419268e-02 -1.859421991479734970e+00 -6.196233042503802579e-01 -1.825011351482974109e-01 -4.404279718930421694e-01 -4.399118196262211122e-02 -1.128801013477855331e-01
3.387588703021082726e-03 4.202498092354234327e-03 -1.037946526928790192e-02 4.687022847287725114e-03 -1.161032180496263111e-03 4.162877519352133071e-03 -8.116330817409533882e-03 4.041294610290513400e-03 7.687099072867109584e-02 7.061070337221808657e-03 3.560866132174045351e-03 3.067011789994571191e-04 4.064137519105892604e-03 -3.335595563791975138e-03 -2.094159261056605104e-03
-1.117929093768649240e-04 5.822469720792589065e-05 -8.171978850358696533e-04 4.049441986109791891e-04 -7.508556935410110045e-04 4.961409394302340736e-05 -8.467214241575649059e-04 1.114051575218988344e-03 -3.287054218843558917e-04 6.299297036949424999e-03 6.221998365957270849e-05 -6.411822484989754267e-04 -3.518295142735938796e-04 -9.681165086441873013e-04 -1.378014120609869636e-03
-2.971137590273875695e-02 -3.894596728123289608e-02 -1.189456944615632783e-02 -4.253089354396033528e-02 -2.386062686877085670e-02 -3.538614732797551454e-02 -9.562282195391694217e-03 -5.496561496106666667e-02 -2.745676676112251968e-02 -7.727639770543071052e-02 -3.510990578988959498e-02 -2.515872495087939642e-02 -3.426296436823172975e-02 -8.739473296742739095e-03 -2.371586494091906805e-02
5.588832140758903666e-02 8.763930302024203201e-02 1.289732562632750490e-02 1.380713841452185231e-01 3.593068989586806206e-02 6.813381129271389725e-02 1.824024592661264987e-02 1.525427457382217966e-01 1.883846449542218165e-02 2.155328143673251873e-01 1.001644665662847489e-01 4.217087374736365468e-02 8.006900892751378507e-02 1.413596459819924100e-02 3.272550444910221623e-02
-1.856057228346731647e-03 5.551242233504255497e-04 -7.631011884022043112e-03 2.499261165297292364e-03 -4.145548793708458968e-03 6.094626983777079454e-04 -7.648204168433210548e-03 3.321780590759992879e-03 -1.290894017840216179e-04 1.200739303823672444e-02 3.979987464829692900e-04 -3.610028480128146811e-03 3.229485987586017126e-04 -7.987435205625836865e-03 -4.931676324265527045e-03
5.589807843217289851e-03 1.700547170222330151e-02 1.525124159312690741e-04 5.325816157119045435e-02 1.667171260063635835e-03 7.832859128754393607e-03 3.242459440944396934e-04 6.997107667896451666e-02 -2.264301867620551606e-04 1.314399167706268301e-01 2.113480524517352688e-02 2.632481176148022267e-03 1.177460057924767378e-02 2.246638115857724368e-04 1.149319673559405942e-03
8.949552969354478138e-04 1.653541583536172199e-03 2.236796547482162133e-04 2.070361734094694484e-03 5.986892766048422347e-04 1.275481798727773342e-03 1.908436713757343060e-04 4.435932211909687783e-03 1.205219017851821839e-02 1.002870509983555536e-02 1.204722489804244123e-03 6.645006573439736844e-04 1.178354494185865353e-03 1.718744865731574450e-04 5.597134468297657733e-04
-1.804809517832454968e-03 -4.538303259687015423e-03 -9.179703022745011598e-05 -1.136932854112626678e-02 -7.296799095230536644e-04 -2.687575888542625968e-03 -1.829846762504346329e-04 -1.383785468820430964e-02 -7.402910805240359160e-04 -2.868573123804374347e-02 -5.932941830178742326e-03 -1.020715912318833924e-03 -3.741158027941893227e-03 -1.089963685159426807e-04 -5.912767162277923066e-04
-2.812715889473082348e-03 -3.180849149123185504e-03 -1.321355865113740813e-03 -3.517554137614037346e-03 -2.089046239104901462e-03 -3.036466527124795020e-03 -1.490483906292652816e-03 -3.302558989424053681e-03 -9.318893486286650152e-02 -7.079717003176111412e-03 -3.035417343001944879e-03 -2.284323566085737743e-03 -3.095122768932465074e-03 -1.531345520181226147e-03 -1.959416362787277065e-03
-1.119498628638845861e-04 -1.797889031531565984e-04 5.607056808592907060e-06 -3.028917591218066585e-04 -1.214440903478039568e-06 -1.529911618976011189e-04 6.847583018864127243e-06 -7.007945591109843164e-04 -6.354944538796494791e-04 -6.089166088532271814e-03 -1.994320644660985131e-04 -1.909728430201686200e-05 -6.411285316076931196e-05 1.441014974921332042e-05 5.822308794027663062e-05
-8.474219036478242151e-04 -1.516566030087922179e-03 -1.404170570109275484e-04 -2.353600630564986473e-03 -4.681298008583929110e-04 -1.387162988337783953e-03 -1.543158652784109089e-04 -2.896961872296335838e-03 8.795095067148595014e-03 -1.195203278108580847e-02 -1.519913313976967162e-03 -5.558952100313263589e-04 -1.406034109201322047e-03 -1.150945759175259556e-04 -3.674868049852652793e-04
-6.983285842018308043e-04 -2.531825856179267809e-04 -1.964846396030339726e-03 -7.306958046002232088e-06 -1.058748230056963044e-03 -5.542880721020673751e-04 -1.532888569914982874e-03 1.618434011098068837e-04 3.169955494827521036e-01 1.470002685402871379e-03 -9.820661179579803779e-05 -8.895926758537230604e-04 -3.975100906042916549e-04 -2.467248904746002953e-03 -1.463398870345523385e-03
-3.078589971532248379e-04 -5.348397894707965228e-05 -6.864535723934764300e-04 2.271284803863054397e-04 -4.867943648975826647e-04 -2.839512693675275840e-04 -5.362102382896844974e-04 5.129429967502541210e-04 -5.028026800027207699e-02 3.451093971423312146e-03 -1.732788232714291277e-06 -4.289907741652845830e-04 -1.710464683141454945e-04 -7.901360963080070188e-04 -5.976330238255635674e-04
-3.114144607879731907e-06 7.731656608347785287e-05 -8.588730603314997936e-05 2.647609328335770451e-04 -6.934666915057704009e-05 1.927457931431147964e-06 -7.093296780931544060e-05 4.544451149882181018e-04 6.751071603083969030e-03 3.147224639048679107e-03 2.232114793283834775e-05 -4.896844501498464307e-05 5.748401919643091051e-05 -8.693472119605848494e-05 -7.233609112398432794e-05
1.703695048513396287e-05 2.513377062457466948e-05 2.664374804136823705e-06 7.005840030176180289e-05 -7.013278291508918960e-06 2.257772561662600014e-05 -4.786844353524277729e-06 1.340634108404903380e-04 -2.202026014702651580e-05 1.166914795205420408e-03 4.728775998025236404e-06 6.885677894477408578e-06 2.708669924170875598e-05 -1.463355471591817197e-05 -1.284572883557223363e-05
-1.840293301412825044e-03 -7.906609894246241499e-04 -9.011061073860071602e-03 -4.282097078603247509e-04 -2.351669708348227972e-03 -1.420690578829108403e-03 -3.873164646123340715e-03 -1.637735549114838207e-04 -4.517680730268103240e-01 2.051288099642875618e-03 -4.498953478353495683e-04 -1.966153641293717780e-03 -1.050606353679733873e-03 -1.065454862562184579e-02 -3.727068857603647867e-03
-1.850070877769768862e-03 -1.249977590990575260e-03 -4.850421155252249150e-03 -8.940357487830091765e-04 -1.901707656687904452e-03 -1.944771640047318617e-03 -1.855710417953293501e-03 -5.742909994173317489e-04 8.187062351492180312e-02 4.317210942714172495e-03 -1.007947054533248066e-03 -1.724744335468153533e-03 -1.538276051001763456e-03 -3.571953755496192623e-03 -2.415268196694745489e-03
-7.251373725402909809e-04 -7.049161111941648628e-04 -8.742683835367137668e-04 -7.109389031242363544e-04 -5.306801903598792891e-04 -9.891524855407396455e-04 -3.989707031902024748e-04 -6.176202886543982751e-04 -1.981499884023429914e-02 4.811161683645148734e-03 -9.017354006781164166e-04 -5.065333697254915252e-04 -8.326054930963243395e-04 -4.910261444982383372e-04 -4.936008157598800739e-04
-2.130619602878427998e-04 -1.616986418368632217e-04 1.213642348219697020e-04 -2.673098958395486724e-04 -4.088388315570679055e-05 -1.270024471240471797e-04 -6.094387655900847245e-05 -2.639743424201618227e-04 -1.576740395592413080e-05 3.900872471302437722e-03 -3.410734199039977543e-04 2.026931343060422996e-05 -1.582156787245936336e-04 2.312041324742386550e-05 8.477887236428213735e-06
1.783449007367043926e-05 4.353086213396140103e-06 8.102416858821182011e-06 -4.797738253261435437e-05 -1.587408262527026381e-06 5.834952764608228315e-05 3.978162944562324554e-06 -4.117355814470258224e-05 -1.198586207019902705e-04 1.683711855148262160e-03 -3.199841467894232183e-05 5.250424907520239576e-05 -5.994118573215967416e-06 -7.343078989226203834e-05 -3.711118575929275853e-05
-1.738638733738612885e+00 -2.243406293955203523e+00 -6.413063472321631764e-01 -2.892062439187188083e+00 -1.293737907974307877e+00 -1.886848490831609659e+00 -8.245625573778996298e-01 -3.057856689345697099e+00 -8.358662233854223800e-01 -3.540091123448039667e+00 -2.354151162299624289e+00 -1.448689374631141558e+00 -2.069661977223631766e+00 -7.342015728145572240e-01 -1.173786411147117459e+00
1.410532189351271919e-05 6.785112714610058340e-06 1.178830049529196555e-05 1.585060036309633990e-05 1.054002929868529970e-05 9.063294649248509804e-06 1.719418132715381460e-05 1.347103212980769699e-05 1.242492493164299981e-05 2.458337949758828550e-04 4.082218693967270550e-06 1.135849172703532289e-05 4.666445102732771842e-06 5.678679207564303182e-05 4.710347094305411851e-05
