-1.782335544903060232e+00 -1.089450054648857247e+00 -1.681269602298545607e+00 -5.480185179146177532e-01 5.261506161684823546e-01 -6.873941534081415838e-01 1.059069070006408708e+00 -7.781892189865597942e-01 -1.172016883512706276e+00 1.045411059259100384e-01 2.918153550320760070e-01 4.661318931848716929e-01 3.471758672467712969e-01 -8.813762014180230864e-01 -2.254696989414167518e+00 -7.357175450569966024e-01 -7.142633421438397967e-01 7.747920596944055660e-01 8.493684285976010884e-02 -1.507018393816636159e+00
1.525431503676077050e+00 7.472193419437156425e-01 8.186029703952700798e-01 4.602993698245185783e-01 2.879198510330752137e-02 1.225029672109045009e+00 -1.721130854795529519e-01 8.821961475765700555e-01 1.143241843078905529e+00 5.156392980592405806e-01 8.862601234485432966e-02 -1.654233011461003766e-01 2.004883125498366780e-01 1.058862923754834373e+00 4.913822109073475275e+00 1.320364432385133568e+00 9.975059229160883056e-01 1.464018653241989654e-01 4.314503834931429083e-01 1.058829414156852611e+00
3.508376788060134088e-01 5.189420735807530605e-01 8.083403515589098198e-01 7.844662544730844900e-01 8.009950449404189543e-01 4.250159493117100507e-02 6.126193318162608259e-01 1.097195527602075060e-01 4.387394726935367473e-01 -4.493023124364237120e-02 8.959299994486609187e-01 7.285870593836664133e-01 -1.552258605691125837e-02 1.192902250418836352e-01 3.460591173464370840e+00 -8.996271171665207178e-02 8.249537088926617301e-02 -6.064320449134585900e-02 -1.223396968117276273e-01 5.136351545578513589e-01
4.418322454400498422e-01 2.146266479271710381e-01 3.990321845478482232e-01 -5.250513260372524638e-02 -4.516784540142898541e-01 1.861192672364867240e-01 -8.343570132234345849e-01 1.804033923356567204e-01 2.599594960324586035e-01 3.561211440321276900e-02 -4.732888870816439608e-01 -5.505168325119574879e-01 -6.077248982138461209e-03 2.094558955797452549e-01 1.254399543837517328e+01 1.941585673249150990e-01 1.792817336954953822e-01 -7.470628396799572357e-02 3.942617436617590343e-02 3.335506300961021409e-01
2.721644788385821356e-01 1.527712176011711276e-01 2.384002682710588128e-01 1.600948601634364366e-01 2.529408594567716939e-02 2.156822579648538518e-01 -5.461663398358416327e-02 2.981449334634360682e-01 2.833831996927189123e-01 1.446239974609317969e-01 3.432022524211607306e-02 -2.342479204163323836e-01 4.016548157307171518e-01 4.668171383763550786e-01 6.108925690019013643e+00 2.273679216876203779e-01 2.812958301367409764e-01 1.214454792288323093e-01 6.434271079028119900e-02 4.680311139422808075e-01
1.505481649076478856e-02 9.288071266376862756e-02 6.711798399439830587e-02 1.130219442130186991e-01 8.628276864813871905e-02 1.704973000915094294e-02 1.115952831627178288e-01 -1.772681084297067500e-02 4.406543525558304086e-02 1.317272230824993728e-02 8.220362973933884043e-02 1.154610616138125323e-01 -1.565295441559252931e-02 1.470727204489569173e-03 1.825168404911796216e+00 1.030248241128139952e-02 7.213333337303479142e-03 1.114462871271026945e-02 1.462613119990840982e-02 4.631558610307241752e-02
-7.125117905256765916e-01 -1.988013845196838769e-01 -2.086068743015364046e-01 2.190562734838685799e-02 4.022181715310166883e-01 -5.850938222825942114e-01 6.396482822386193590e-01 -4.129119214362135803e-01 -4.792063786372225964e-01 -3.153469499811472065e-01 3.805873020825829567e-01 7.586559562790158306e-01 -2.817896542379916269e-01 -5.055174928381719335e-01 -1.978226837964195539e+01 -6.294108767257545756e-01 -4.881253946828363333e-01 -1.889489377814559390e-01 -2.982074909578669164e-01 -4.125398013062706037e-01
-1.856472664603633083e-01 -2.338254310924683388e-01 -4.683314953069468434e-01 -4.482213992574701766e-01 -4.279638905369061996e-01 -3.021101405989257138e-02 -2.145339441926128465e-01 -7.728806598553905616e-03 -1.877946410814089750e-01 5.699068784339345051e-03 -5.575920517582036995e-01 -3.447233714778625280e-01 -2.999919480796808813e-03 -6.556644898331781546e-02 -1.303025535240389843e+01 1.701620267253660390e-02 -5.111986723962447243e-02 1.211876296879998982e-02 2.857274089831340902e-02 -2.925789447005042732e-01
1.210189795895972448e-01 1.306505591270799571e-01 2.606427531469017733e-01 5.128027570516113798e-02 2.015249645035305792e-01 9.618003012523596018e-02 8.835621437256829802e-02 -2.494096794471374334e-01 1.769367193224478108e-01 9.581234193976256863e-02 1.593938806003355468e-01 1.153006104343256011e-01 -5.488678379909989191e-02 5.415887992592038902e-02 8.974158729250547140e+00 7.861155254296106620e-03 6.896879973758929250e-02 9.948857696168722509e-02 6.001216495962857778e-02 3.554498591033942723e-01
-6.332596639562081478e-03 1.370153831176377547e-04 -4.557461651998599705e-03 1.388274672816025568e-02 3.112722752163461781e-02 -2.193341340708964207e-03 6.491090628813156460e-02 -1.537844210404147247e-03 -2.477059543994619521e-03 -5.935161683890818538e-04 4.767824706910710891e-02 5.308483515705862688e-02 -2.592280546775110189e-04 -1.911891349568755651e-03 -1.039020603929353115e+01 -2.242532319272657563e-03 -1.810338113140048206e-03 2.830274816002960325e-04 -6.268699058646831287e-04 -2.050815056561377213e-03
1.390654705583537279e-02 -1.454427194688340599e-02 -2.370632766054586033e-02 -3.644629331069970668e-02 -7.862241729860573736e-02 1.085335224598111929e-02 -1.092922400142043449e-01 5.161827752580373796e-03 6.305637107138904740e-03 5.229303120977881608e-03 -7.613922464274579249e-02 -1.660622361008282644e-01 6.593035284119516670e-03 8.174543031952464373e-03 2.586572752842221234e+01 1.213785469649923329e-02 8.423728888515426283e-03 3.136096755449083173e-03 5.370169494642904051e-03 -5.944510468688154331e-03
6.424002294087339388e-03 4.354552378344755947e-03 2.184439737742471799e-02 9.984667760805976400e-03 7.839735686468451981e-03 7.759221602647399171e-04 -3.967876191995700630e-02 -2.280158530518135510e-03 3.714149650390727309e-03 -4.630589320785659380e-05 3.655985815880715556e-02 -6.244457695229105321e-03 9.003722654652747404e-05 1.587313123930865488e-03 9.958095893204301774e+00 -9.010150673418627909e-05 1.463356059458291447e-03 -1.677058533712649097e-04 -3.152273289055325389e-04 1.243374492421851427e-02
-2.202363439477400195e-02 4.147598904388382496e-03 5.384421435491934527e-04 4.037112311792512287e-02 5.219565473912780862e-02 -1.866284673187496024e-02 1.293902970715817280e-01 -1.642573434081928685e-02 -2.451643205781214169e-02 -1.421670034970647784e-02 7.553905829961693463e-02 1.911952292283521648e-01 -2.104878053272537727e-02 -4.136715149912688350e-02 -2.968017996751882492e+01 -2.086633933752144593e-02 -2.248894364921447814e-02 -1.247282560289970227e-02 -9.493957720444090587e-03 -1.217345409385656510e-02
-1.273500178791741287e-03 -7.751491150418378384e-03 -1.293740799833262116e-02 -6.846761474847973261e-03 -2.826334258095016677e-02 -7.254272290151114050e-04 -2.945182239714091987e-02 9.161387040902524426e-03 -7.989213991360682998e-03 -4.722149934943071017e-04 -1.364843390063140774e-02 -3.540388302325377795e-02 7.715709957089277038e-04 -1.228019996176148848e-04 4.559556739907179690e+00 -3.897868676940655086e-04 -2.023601955107173778e-04 -3.080821092147079110e-04 -5.093248875644440510e-04 -3.572729657231502043e-03
-1.066283780996250125e-02 5.204521482839327695e-03 -3.290059192960395618e-02 6.397930570578580500e-03 -1.094884942102133940e-02 -4.896086950906600871e-03 7.458925073112523951e-02 3.058307935663329147e-02 1.081338944613763342e-04 -4.221022103615773569e-03 2.071947393746986082e-02 9.116715648557247031e-03 3.113305425060958892e-03 -7.557872243212776509e-04 -1.176632721106125246e+01 1.212019845208875922e-04 -3.552914825374887259e-03 -3.972628781968825379e-03 -2.137899490465833274e-03 -2.841657010310185208e-02
-5.562876590729117984e-03 -9.311287252193004016e-03 7.247153242018493369e-02 6.151281577054579230e-02 8.482642295254429199e-02 -1.664538958599241086e-02 2.841693458702598124e-02 -5.303990317076445749e-02 -2.704082271164612306e-02 -3.172886756174875256e-02 4.261302701060337011e-02 1.720100318561579300e-02 -4.652833181978915933e-02 -1.072598603187790989e-02 2.212382473761635993e+01 -2.991613919883603923e-02 -3.334570215550747979e-02 -3.868260389115797671e-02 -4.062312605495863732e-02 -2.049811015238904577e-01
-1.076664877405476492e-02 -1.699259261045515945e-02 5.666744798739557776e-02 2.115720661297970651e-02 8.789035253232713174e-02 -1.162640188001051733e-03 6.802373835995531581e-02 -5.660199698095347287e-02 -2.540517209895409856e-02 -6.623736399229446237e-03 6.327972442209113535e-02 1.401377614315952869e-01 -2.600032328118756508e-03 -1.698387698123288159e-02 9.700515630946028978e+00 -1.408133385149775395e-02 -1.259211447876787404e-02 -6.604505245736514568e-03 -9.432448382151056854e-03 -1.516266889186135280e-01
-3.710530219823062609e-03 3.860156805759185072e-03 1.639927858012125636e-02 9.224662871625710636e-03 4.114188364083856686e-02 1.738462775921455206e-03 5.681154799149515378e-02 -9.315886481175184031e-02 6.154791436393747261e-02 -4.634292282022188514e-04 3.980995350407150191e-02 4.567641219792833995e-02 2.150412944502744228e-03 3.385937048583864684e-03 -1.464019395346645069e+01 -5.068224956103735759e-04 -1.468912623242075305e-03 6.327054877703769398e-04 -1.040444970389776957e-03 -3.522520871252114716e-02
-1.473277057686423613e-04 5.105382160696371463e-03 1.300021340108012229e-03 8.913976417321167744e-02 3.025903365572190501e-03 4.702589496093281113e-04 1.583063952189237705e-02 -1.675431711108577026e-02 -3.735645174885515729e-02 -5.882742685731166127e-05 9.422691980232059117e-03 2.386713027464792969e-03 -6.689172076575558568e-05 -9.336338339749339355e-05 -6.673084529469576864e+00 1.127419803503091483e-04 1.616142280623511507e-05 -2.172242617367089318e-04 -8.827309332998592439e-05 -2.735233707405120701e-03
-1.418017993612038369e-02 3.391714080929109087e-02 8.976396685674981057e-02 -2.561609811251663871e-02 1.334200351584823030e-01 -1.522298190406284890e-02 1.804726638234358665e-02 -7.496873320204988644e-02 3.918552912594208681e-02 -7.324056218804253504e-02 2.196697896466712208e-02 1.019049395586184570e-01 -2.120968816009954350e-01 6.188016533585638523e-02 -7.326407639760503798e+00 -1.060530435581008568e-02 -7.948106186338728396e-02 -1.223899559910503754e-01 -1.414342898549741934e-01 7.477799706904909582e-01
-9.037090768283170816e-04 -1.048817038638648613e-01 1.186480485554332609e-01 1.504746030337411611e-01 1.369285493326322378e-01 1.092669055284326007e-02 3.729851943560708039e-02 -1.569472438275099080e-01 -1.073014674160832627e-01 -3.448035117065995081e-02 3.629970416759445428e-02 4.520559156730563632e-02 -1.197802274939653300e-01 -3.334833609855181180e-02 -8.280813526090469168e+00 -8.151307992957379511e-04 -3.922555060623050815e-02 -4.938070830790708410e-02 -7.073594628714818811e-02 5.795526723544073278e-01
4.012863664453365786e-03 1.948045079243232447e-02 7.584141066865683622e-02 -1.242000982194011449e-01 1.051306831526586522e-01 9.420871706445732574e-03 3.720212778881612503e-02 2.478393259607898358e-01 -1.072795460355644437e-01 -7.362082594452645790e-03 3.515450796797923994e-02 8.025590523180969882e-02 -2.932465228534709978e-02 -2.873369503236511413e-02 7.742745677598890097e+00 -2.287153601592312180e-02 -7.566893648383921089e-03 -5.488415301451610162e-03 -8.001153275845551693e-03 1.620994587418231325e-01
2.937992168876052412e-03 3.548720490333168165e-03 2.355459297453826872e-02 9.128458485894341834e-02 3.727633185106724034e-02 3.440215316062839035e-03 1.746124590410198796e-02 1.060621447730873967e-01 1.369803945992863481e-01 -1.460180246097841916e-03 1.943261440720128741e-02 3.614010585393054309e-02 1.291499347104541062e-03 -7.605854383973542632e-04 6.304072515688801559e+00 -8.253225390184637522e-03 -5.484432020062546265e-04 -2.822130037902714772e-03 2.489503450276986385e-04 2.288315870563090160e-02
6.091528082484629070e-04 -1.624255826266447419e-02 3.993062818939133868e-03 6.976560191097053165e-02 2.435525034142556333e-02 2.715344859181133969e-04 3.584791699724643177e-03 5.186828281685595954e-03 -4.768903643626631883e-02 -2.947221047680664840e-04 6.505525753235819053e-03 8.792154827879983259e-03 -7.509145489451723998e-05 -2.694965720179645641e-03 2.134019221212135164e+00 -7.118305594555826565e-04 3.873810819431111607e-04 1.946037192585362008e-04 -1.881503857125640944e-04 -9.163967550211149504e-04
1.717320685477317754e+00 1.152266277604708344e+00 1.660634193448156548e+00 8.575146077416802015e-01 7.705783383469966275e-02 3.991512198335295247e-01 -4.425691430629274947e-02 6.798492192931417932e-01 1.185679836638710682e+00 -7.682010557810148299e-01 3.940747526054121375e-01 2.766934235863784952e-01 -1.147590548457841919e+00 7.470876418232879068e-01 -1.334937794023607793e+00 4.769305203743864352e-01 5.142947320188526739e-01 -1.908922651060791509e+00 -7.433439497114706640e-01 1.538745910361072555e+00
4.632094588953793407e-04 7.645352038307061361e-05 6.674650934589277784e-04 5.612312122580840143e-05 1.014195767089621494e-03 1.955636636354741000e-04 3.057639294271547251e-04 2.317712959274058175e-04 5.901439772386705634e-10 9.673244116415680919e-05 3.081341161861964073e-04 5.562989359287481232e-04 3.837404649815781793e-04 4.914463116540803474e-04 1.345458915792932487e-03 1.899902990932045375e-04 2.581813123220485541e-04 2.318077559565131249e-04 9.808910139550993757e-05 1.369256202591869181e-03
