1.297855825132796959e+00 1.375557419022723771e+00 1.279421045243442911e+00 1.249427383465299579e+00
-4.438547391168484041e-02 -1.544552444939933933e-01 -4.609728899996138468e-02 -5.480046239851454892e-02
4.096098735861025686e-02 -2.586839908069754612e-02 4.002833325058147151e-02 2.534352635992282582e-02
1.234912494451592124e-01 4.871524504195634542e-02 1.592680480041228641e-01 2.199643683303760255e-01
-3.760727857695045362e-03 5.720057315710047607e-02 -3.089416304453544704e-02 -7.545540195754973922e-02
1.144106498211334977e-02 1.661145893396664963e-01 1.067943290865683292e-02 3.020474169199593995e-03
8.320027877505724312e-02 3.235900305788429465e-01 9.683171944021287669e-02 1.146079938623947303e-01
9.793346283060933022e-02 2.979577636989624301e-01 9.548059882783865859e-02 1.461097837991838233e-01
-3.328443597249708397e-04 6.190677518631770848e-02 3.352417541287733282e-04 -1.004693419790297915e-02
-6.226370771018499006e-01 -5.815634945094964037e-01 -6.547417494949233641e-01 -7.150309982739382342e-01
4.063391537695260070e-02 -2.089897950780348346e-01 1.107246022238117522e-02 -4.990667748098642775e-03
-1.033449293072833397e-01 -3.418855905357758296e-01 -9.451660618749713194e-02 -1.598187740673060464e-01
-3.366039253484282012e-02 -9.224684709018959872e-02 2.370071689607150534e-02 8.348140811289841978e-02
1.047835890588012797e-02 -5.560163234903869878e-02 3.890183563305227299e-03 2.475624374323570631e-02
-1.084652601533334093e-02 -3.064711776695868695e-01 -1.037049320558805499e-02 -9.262765682970020009e-03
9.155869510959507851e-03 2.220177233430727370e-01 1.925675642317060954e-02 5.427232162298989415e-02
-4.324493623504836737e-03 1.184608275838554547e-01 1.251300878132766137e-02 4.640949106265113144e-02
2.971308302922970324e-03 9.776582054147064937e-02 -7.673905329676766751e-04 2.057761251132084190e-02
1.818597452266090819e-03 1.116284853212241579e-01 5.581257366735759007e-04 9.104918740379774889e-03
2.398689078662334662e-01 2.265805992307214911e-01 2.532227203996253451e-01 2.813235516434893779e-01
-3.278870804819129792e-02 8.548492354364406465e-02 -1.206043845199972209e-02 -7.629565766091112033e-03
3.218743956079708757e-02 1.540528734239321462e-01 2.567927095708547047e-02 6.203120588426169757e-02
1.233198957954609321e-02 3.932229155144328914e-02 -3.199409688626658754e-02 -6.395703187101253739e-02
3.093812525639658140e-03 1.823169270473644077e-01 4.187829128491582509e-03 1.041063456558544154e-02
-2.990939130151457070e-03 1.503868030731592143e-02 5.525334088796629572e-03 -1.054567928794480913e-02
-3.265288496698594278e-02 -1.706113595534378691e-01 -2.912371259346852037e-02 -4.602999216669623195e-02
-2.221611741701545739e-03 -6.663188975626344046e-02 -2.510787718791807066e-02 -6.960470694785353407e-02
-4.043010753417480840e-03 -6.049601013346173062e-02 3.324125560890123232e-04 -2.779755957544782774e-02
-2.255794317683190719e-03 -1.188788603653732068e-01 -1.405464400327627317e-03 -7.580308737640484296e-03
-3.151198010056505128e-03 -4.746497749334660510e-02 3.683511511868789445e-02 8.574521515404054384e-02
-7.041778290961392406e-03 -8.067905344368164755e-02 -6.478374242778889291e-03 1.966178147288355493e-02
-1.987442337012423899e-03 -8.793499147126526694e-02 -1.823879720103144253e-03 1.765819759179843018e-02
7.805305043051546932e-04 -7.109828811101415180e-02 -1.128447447335478859e-03 4.156466528093094581e-03
4.564685873895482637e-04 -3.570102275050823781e-02 4.112500432448262799e-04 5.949787763428360243e-03
-2.902501622020093111e-02 -2.698360589633022610e-02 -3.110946962940610433e-02 -3.607483933987529201e-02
5.279564711246337479e-03 -1.568944324691830261e-02 6.204486854070323520e-04 4.328133027642552810e-04
-3.234353645106480962e-03 -2.530772135500480857e-02 -1.823075618225505901e-03 -9.365417596201103256e-03
-1.008274095746428123e-04 -7.226523911754934026e-03 1.170596282304417479e-02 2.079747853805735680e-02
-1.068019984117110632e-04 -4.690878057969971593e-03 -2.922661226223449704e-03 1.567057915010827696e-03
-1.786215070377870917e-04 -3.819676249058795436e-02 -6.845842295559040336e-04 -3.839029790517423102e-03
7.092951746077408304e-03 5.066896544469970398e-02 6.946456641714018887e-03 1.191130014231700507e-02
1.774660290572493970e-03 2.286471238275111784e-02 1.036683935413001967e-02 3.117004691732921939e-02
1.258764836448440783e-03 1.092490933170309209e-02 3.325978400815499114e-04 1.421899820817162929e-02
6.107800176930883174e-04 2.454077487652572831e-02 3.110934752743876874e-04 2.755251484437420961e-03
-1.165264760339509986e-02 7.670200160227041986e-03 -3.882156106862866274e-02 -7.818761051193257039e-02
-1.907466935839458033e-04 6.908384504128228798e-02 9.931396929826474818e-04 -1.846595822581426072e-02
6.743308136758496829e-05 8.318424019358205967e-02 2.298197298253312759e-04 -7.470672468537886690e-03
-4.057611443010894492e-04 5.585246561214396444e-02 8.459220957404700592e-04 -1.651763591550503563e-03
-1.737110652130363642e-04 2.410476285623919246e-02 -6.027948861621057475e-04 -2.190674176879181534e-03
-8.791377895219790184e-03 -1.589713079163708187e-01 -3.846069317102052132e-02 -6.790500482562544793e-02
-4.793154150157352689e-03 -1.547482905562875821e-01 -1.476219761996239166e-02 -5.009758624055743459e-02
-1.236214794081785806e-03 -8.833116156140019548e-02 -4.342643126560463696e-03 -3.002940416515537114e-02
3.424834217650302159e-05 -2.218461037987118356e-02 -1.668888678556856853e-03 -6.528069655336060650e-03
-3.351234456505369774e-04 -1.459875161327878201e-02 2.772264504263821649e-04 -7.818761130040208229e-03
2.180385146925145623e-04 1.440981385102124701e-02 6.639471730250368076e-04 -5.323317252778653197e-03
-9.664614454052837811e-01 -1.002232741697705265e+00 -9.628896077685221710e-01 -9.556874155268406668e-01
2.623373476881055936e-04 6.015289461696396445e-04 3.604414948327793800e-04 4.266643924733356163e-04
