3.651385458537445006e-01 3.237396650409009313e-02 3.332023979570822192e+00 -1.402351256887386377e+00
-8.594695206248321728e-01 -5.496804074143267771e-01 -2.189878402288925052e+00 2.099211221082269430e-01
-5.310318416127979280e-01 -5.676660555343153725e-01 -3.961966376800920564e-01 -3.987818618520933001e-02
-4.940032979322002693e-01 -7.543745643400467937e-02 -4.105349973434755384e+00 1.052504203768972690e+00
1.184442819259655666e-01 -4.678067582779987799e-02 1.268328801063169919e+01 -1.335775955168860829e+00
4.167756046481185805e-02 -1.079159957830030936e-02 -3.890500233743701131e-01 -1.015351907069026005e+00
3.778206262206336152e-01 -4.539218841190605369e-01 -7.723182943254659705e+00 -1.707673917714007450e+00
2.495647167191521465e-01 3.908223039495428708e-01 -6.860692489943502892e-01 -1.479195000200141052e+00
3.158982023616105916e-01 1.650145488397120053e-03 2.496510220458599605e+00 3.032476434601624193e-01
5.268637411562613337e-01 2.794841607543365747e-01 2.173055655235261341e+00 2.046198349272874140e-01
-7.671381713481526532e-01 8.129857089806802328e-02 1.205695516765691622e+01 1.509081145636185672e+00
2.612617089701355644e-01 1.188565330618892579e-01 3.046838944630825274e-01 2.397568578030288222e+00
-6.437856938000741103e-02 1.125036240260839371e-01 -1.367860379946351657e+01 1.618842259038003384e+00
-4.912286497926932061e-01 -6.200418824706441234e-02 4.452225442693629631e+00 -8.287467778250008354e-01
-6.451563605090937514e-02 4.727890055364677990e-02 7.963656058941301907e-01 2.100326282473985007e+00
1.284129081675825734e+00 -1.050946738679654213e-01 2.101055498851147618e+00 -2.194493425517956453e+00
9.051305202440773634e-01 -3.969719079318656529e-02 -1.480522100126134077e+01 -1.228096186994362737e+00
2.216336131861017522e-01 1.542473736767485670e-02 -1.106806708541677509e+00 -5.086317471229244713e-01
2.745816785293306306e-02 1.314924762583568815e-02 6.098252074513750287e-01 -7.909751902459807305e-01
-2.421393680190585540e-01 -1.757099996408283682e-01 -4.922427126988613288e-01 -4.327092713897933152e-01
7.185192661731563124e-01 3.504692163584515741e-01 -5.505786561451492922e+00 -3.236082397193926763e-01
-2.077753677345007266e-01 -1.550663392513382255e-01 2.046924803113348013e-01 -1.512378595598865338e+00
-6.389770046419223082e-01 -4.944862125084223958e-01 2.008128414026300490e+00 -1.344495829316131097e+00
2.852245931925700972e-02 -4.968324981023566900e-02 -1.346708669145346704e-01 -1.154447871887920307e+00
2.407139879062943910e-01 6.428480733529373659e-02 -4.419561756043704825e+00 7.759518030633580921e-01
-1.307671801629831432e+00 9.109872206183462773e-02 1.262170712406351747e+01 7.043150075223419959e-01
-7.740453012006179856e-01 2.128307849433583310e-02 8.669151983235316550e+00 1.666786643452566885e+00
-2.535551303136442947e-01 -2.907325439837568637e-02 -1.621102827888814435e+00 3.367291400860361605e-02
-1.649906138033618852e-02 -3.414032415784618024e-02 -6.888559961002189702e-01 2.135222480773034004e+00
1.593985088465546429e+00 -1.791092680470568466e-02 -2.972290411322137871e+01 8.700215362204770653e-01
9.364350398199046133e-01 1.064594140475197404e-01 5.871491922224715054e+00 1.897976214724796939e-01
3.145667619532683812e-01 1.062991590582534895e-01 5.201118679013223556e+00 7.437690703759711752e-01
7.122115481269042370e-02 2.869854472943444978e-02 6.652442496949406703e-02 -6.714446021604392190e-01
-1.578853284127634815e-02 1.145094026651008456e-02 -1.622436623862086869e-01 5.695210922458393554e-04
3.055370757329788425e-02 2.430332471763058805e-02 2.635073745345661855e-02 1.047073573776048927e-01
-1.437404526246459646e-01 -9.022457811359262114e-02 8.232090328836505488e-01 1.588237609539966400e-02
3.913727461869462299e-02 3.257693373260860115e-02 -7.952994279607436545e-02 3.477377231441155514e-01
3.573620799751977550e-01 2.691056413423491556e-01 8.737003299681611601e-01 3.807989127075432911e-01
-2.867181463798998409e-02 -1.152546735026069302e-02 8.917268289881201682e-01 -2.315607244370314621e-01
-3.848907458339934085e-03 1.506873369243444394e-02 -3.363440293025798944e-02 1.839636342451504425e-01
1.589717825753788338e-01 -9.701784772556179548e-02 -4.831479031805733015e+00 -2.169343682810572493e-01
1.309352711311079220e-01 -1.000825908616546911e-02 -5.746157850849553661e-01 -7.611382931617798331e-01
6.204739987306753801e-02 8.733953517213871587e-03 5.949166045061177188e-01 1.401800886289084058e-02
5.125770447124422535e-03 1.715515411696223735e-02 1.581861755654641599e-01 -7.651441288837759203e-01
-5.736552107091741348e-01 1.774971887248965874e-01 3.831103431981000007e+00 4.208440685108718604e-01
-3.365263273364045848e-01 9.460564744183230790e-02 -5.484094867613116264e+00 1.619636743867783890e-01
-1.343187198123732551e-01 4.415080685520128556e-03 -1.112685109409940143e+00 -7.918097565644310887e-02
-3.550370835488159127e-02 1.596976281520576246e-02 1.812835517434464583e-01 3.505311897057741266e-01
1.279847801754074865e-02 -7.900000604531276505e-03 8.351690366745745386e-02 -1.998845832214604101e-01
7.349245898102237939e-01 1.460310887745990271e-01 1.713781653127240645e+01 1.985427615273822166e+00
3.086934666108039904e-01 2.001988190541807711e-01 5.735485002937894095e+00 1.641809846392735306e+00
1.495970343688187709e-01 1.353597838501907069e-01 -1.345662235918857697e+00 3.262164292636324792e-01
5.683849486494579883e-02 6.254417442188978105e-02 -3.333858978597837863e-01 1.283717571856710649e-01
8.105984526006887458e-03 1.997154857973920672e-02 7.731625199507385915e-02 2.550973932120113030e-01
-2.921325371632576412e-02 5.981458352301155523e-03 9.997936291754327964e-03 -7.211155814716698753e-01
-1.807998386826348558e-01 -8.259997911435665308e-02 -6.458959145192173512e-01 4.599621703489628066e-01
7.049112178327843550e-03 4.484206166525616342e-03 1.305289666791945025e-02 1.511089277043207307e-02
