-1.686259078604560813e+00 -2.964431034948499466e+00 2.036756883301183318e+00 0.000000000000000000e+00
-8.762401688263613542e-01 -1.483269899661054048e+00 8.338318992546641661e-01 0.000000000000000000e+00
-1.842483498672668474e-01 -8.220885479105439764e-01 -1.866404999085110594e+00 0.000000000000000000e+00
1.536140602307955128e+00 -8.554770208920543517e-01 -1.630795799538662161e+00 0.000000000000000000e+00
1.373098514218855648e-01 -5.531171536194100513e-01 1.239201695553842353e-01 0.000000000000000000e+00
9.814247709008609710e-02 -5.297889767502361735e-01 3.917674863998186763e-01 0.000000000000000000e+00
-1.595609380526218923e-01 -1.328222285846835771e+00 5.958770957595529438e-01 0.000000000000000000e+00
3.856443375876482393e-02 1.846311887872596758e-01 -1.067641320593694543e+00 0.000000000000000000e+00
-2.581254901298970506e-01 3.508779154906563336e-01 4.450541647826378733e-01 0.000000000000000000e+00
1.527444581168808879e+00 6.779541907435286952e-01 -1.679982216628087777e+00 0.000000000000000000e+00
2.994800649832025097e-01 -2.421884769273615068e-01 -6.711445158551937462e-02 0.000000000000000000e+00
2.102735022576475710e-01 3.227623692242481690e-01 -3.682122952124997073e-01 0.000000000000000000e+00
1.385517432391192294e-01 3.743252568616016185e-01 5.099745394662226206e-01 0.000000000000000000e+00
8.217025407372282597e-01 8.546431642267567907e-01 -5.680862279768922329e-01 0.000000000000000000e+00
-1.574550087420604483e-01 5.944918506450334039e-01 -3.790454689681593825e-01 0.000000000000000000e+00
-8.677323333569771924e-01 1.627057795774833060e-01 -1.767074140381587333e-01 0.000000000000000000e+00
-1.199550901811070158e+00 4.063295685377655286e-01 -1.404186306650931249e+00 0.000000000000000000e+00
6.162592807470960166e-01 1.834590664736735377e+00 7.375065210336225752e-01 0.000000000000000000e+00
4.383086924306616172e-01 -9.861955748900397278e-01 -2.105823598945797404e+00 0.000000000000000000e+00
8.778832140505837822e-01 -5.961333584477194192e-01 -1.318701878604805255e+00 0.000000000000000000e+00
1.181440306753967912e-01 -7.411313776305167300e-02 -7.296918055154980043e-02 0.000000000000000000e+00
1.102484385654565052e-01 1.999881503889924805e-01 -9.526758287830091113e-03 0.000000000000000000e+00
1.551117247663977294e-01 2.631466850062278220e-02 1.681407432274353020e-01 0.000000000000000000e+00
1.005009789753208205e+00 9.208661963312188004e-01 -2.805886549671060548e-01 0.000000000000000000e+00
-8.630568447205809457e-02 2.780573395399998926e-01 -2.281847999187272547e-01 0.000000000000000000e+00
-2.342599125537036253e-01 1.230165916025985351e-02 -1.695400305207520053e-01 0.000000000000000000e+00
-1.703394308137793495e-02 1.030766951274278753e+00 -4.848860701180347510e-01 0.000000000000000000e+00
-7.407650491781832269e-02 1.797942144759435035e+00 -4.749473804744605565e-01 0.000000000000000000e+00
7.297003430900139698e-02 -1.076867775486740064e-01 -1.419678365249860352e+00 0.000000000000000000e+00
-3.887251743580605323e-01 4.438921603550464168e-01 2.111715397896167801e-01 0.000000000000000000e+00
-2.286150018645596582e-01 1.798832498646483868e+00 -5.581358869943745526e-01 0.000000000000000000e+00
-1.594974448248766830e-01 1.370947036911194017e+00 1.885247970388251426e+00 0.000000000000000000e+00
1.338475721979809574e+00 4.850399171739401272e-01 -1.271705011385332540e+00 0.000000000000000000e+00
1.130164522437641539e+00 4.811288075089187322e-01 -2.301578934460990489e+00 0.000000000000000000e+00
-1.492485967189481622e-01 -3.220361939503984527e-01 1.035826469374814818e-01 0.000000000000000000e+00
-1.926787645459637766e-01 1.171376129710931524e-01 -5.754454789002443060e-02 0.000000000000000000e+00
-4.507400197064226344e-02 1.109898778080867648e-01 5.437719647676187568e-02 0.000000000000000000e+00
-3.253541993954439139e-03 -2.130220534829177781e-01 -1.277840933558831438e-01 0.000000000000000000e+00
8.403850573744201524e-01 4.127584674314149771e-01 2.877396242980694852e-01 0.000000000000000000e+00
-2.614580977027246012e-01 -5.803659408582637624e-01 -1.565391849387282042e-01 0.000000000000000000e+00
1.745340392842529287e-01 -1.700530085081572093e-02 -2.736523036714720580e-02 0.000000000000000000e+00
3.549589571691533774e-01 9.955785169032131954e-01 3.179025490717601876e-01 0.000000000000000000e+00
7.924335742548889450e-02 1.367475305349976189e+00 -1.017925585859512649e+00 0.000000000000000000e+00
3.968221130148849585e-01 -3.136737766722225706e-01 -5.458590609394893267e-01 0.000000000000000000e+00
2.394717890691149265e-01 -1.494498382711932361e-01 -6.056147199841746542e-02 0.000000000000000000e+00
5.302538460461643233e-01 2.435900942308233397e+00 -1.476831880693643351e+00 0.000000000000000000e+00
-7.231785984784334931e-02 1.535704752294962505e+00 -4.913150068522262326e-01 0.000000000000000000e+00
6.475310508746012772e-01 5.040248769107540383e-01 -4.065634736061158327e-01 0.000000000000000000e+00
-5.688077577425006970e-01 8.794793130143975235e-01 -1.313621970108300951e+00 0.000000000000000000e+00
-1.028336242560107694e+00 7.540296106558358469e-01 -3.230680846896581970e-01 0.000000000000000000e+00
-1.848370264539261676e+00 1.731592301787660215e+00 -1.250282829508792215e+00 0.000000000000000000e+00
-1.785951828749064108e+00 2.277327889861980648e+00 3.129306689893020188e+00 0.000000000000000000e+00
-1.143575631801345249e+00 -5.612956927836350030e-01 -9.921776997948990040e-01 0.000000000000000000e+00
5.637290743987838360e-01 1.082717910787619253e+00 -5.934736677916436776e-01 0.000000000000000000e+00
4.922610616412427254e-01 -4.692681399099876138e-01 -1.962396913151822186e+00 0.000000000000000000e+00
1.616418880604219566e-01 -2.850063077190269079e-01 -1.064149084467103989e+00 0.000000000000000000e+00
