-5.201871903476323888e-01 -3.561750072532763767e+00 -3.310870708216012037e+00 0.000000000000000000e+00
1.519292793843737943e+00 -1.049899968204284662e+00 -1.412096260930792102e+00 0.000000000000000000e+00
2.074532238775379067e+00 1.586209433917377787e+00 2.915292585460714569e+00 0.000000000000000000e+00
1.642763061322195295e+00 1.117258500767361051e-02 2.574689099943094028e+00 0.000000000000000000e+00
4.826499809231712956e-01 -6.256613931731742906e-02 -9.121034053331750213e-02 0.000000000000000000e+00
-4.375680461440937030e+00 -7.512632337942998229e-01 1.205408503061665915e+00 0.000000000000000000e+00
-7.110794497574665085e-01 -1.509016247185111403e+00 -8.424051539907062569e-01 0.000000000000000000e+00
-1.221471395987902220e+00 1.262352319809125545e+00 1.317433077562861099e+00 0.000000000000000000e+00
-1.191479075898157713e+00 1.523479437264092518e+00 -5.498277070553416745e-01 0.000000000000000000e+00
-5.131396016765796819e-01 2.742183552465998098e+00 4.231281656004124869e+00 0.000000000000000000e+00
1.508423918774506600e-01 1.831932634101913759e-01 3.296148718482331264e-01 0.000000000000000000e+00
-1.857820960936337640e+00 3.458018298559591419e-01 8.340093962123907856e-01 0.000000000000000000e+00
-6.471886658471138754e-01 4.463726279961705012e-01 -1.155063183121423753e+00 0.000000000000000000e+00
-3.263941981605205100e+00 5.030034026650943568e-01 5.404863939847234233e-01 0.000000000000000000e+00
-2.352651719309549083e+00 3.187688822055234072e-01 7.675347558866064679e-01 0.000000000000000000e+00
1.588153831307348995e-01 -5.464089360650445371e-02 1.081374769673335567e-01 0.000000000000000000e+00
1.455459995632831349e+00 -1.109850257920672045e-01 2.322497634569956393e+00 0.000000000000000000e+00
-7.692660381389155866e-01 6.981841144102176600e-01 3.708992391064935834e+00 0.000000000000000000e+00
1.958181563289085769e+00 -5.330328861932845941e-01 2.414846382782564582e+00 0.000000000000000000e+00
9.662809573212777225e-01 -6.188549902497487709e-01 1.851861978614952609e+00 0.000000000000000000e+00
5.512162164557171673e-02 1.777346871483345414e-01 2.429501152671142417e-01 0.000000000000000000e+00
-9.156940588260781277e-01 -9.348881374458622995e-02 2.084594221756801979e-01 0.000000000000000000e+00
-9.357049226995521607e-02 -7.302803002263595633e-02 -4.939476694746041119e-01 0.000000000000000000e+00
-1.565361371829762538e+00 2.214585417002647438e-01 3.937889556463944896e-01 0.000000000000000000e+00
-2.136683802518440090e-01 1.046093964434611084e-01 3.700103019084375333e-01 0.000000000000000000e+00
-1.080735809810479564e+00 -7.620733660113121477e-02 -8.359192128623224027e-01 0.000000000000000000e+00
-7.909208398960212438e-01 -3.111905546584254334e-01 7.967017993382863317e-01 0.000000000000000000e+00
-2.074545176541242597e-01 3.628270642262238499e-01 7.865750334104290031e-01 0.000000000000000000e+00
-4.178219533706595962e-02 5.029732712298341096e-02 3.706067462330735196e-02 0.000000000000000000e+00
-7.844065197560167180e-01 1.184603877753743095e+00 -1.685499365048999942e-01 0.000000000000000000e+00
-4.550568224216160473e+00 1.963259611255741666e+00 1.587644443330584743e+00 0.000000000000000000e+00
4.574132031384590569e+00 1.903057237211638997e+00 3.057373769688986886e+00 0.000000000000000000e+00
-4.316173555141062934e+00 2.255553756302837165e+00 1.666403287136399181e+00 0.000000000000000000e+00
-2.660514575412081140e+00 2.810276073597933522e+00 2.724998004572691812e+00 0.000000000000000000e+00
-7.644477492097410121e-01 -1.505727735534789780e-01 -1.791041106825697504e+00 0.000000000000000000e+00
-1.281726092839188293e-02 1.408796253371804585e-01 -6.625318571611192586e-02 0.000000000000000000e+00
7.665171319013478479e-01 -2.485534066169337308e-01 -5.292472329520084839e-01 0.000000000000000000e+00
2.229372627256891726e-01 -1.635964869034864100e-01 3.964096962650094369e-01 0.000000000000000000e+00
7.162669717479888676e-02 -5.406686039260981680e-01 -4.106348033211171256e-02 0.000000000000000000e+00
6.943882371009661991e-01 -6.120403271699935699e-01 -6.255124056113293696e-01 0.000000000000000000e+00
1.929148432359487630e-01 -2.022524252469495298e-01 1.904463706950186921e-02 0.000000000000000000e+00
-1.234981885980424243e+00 -4.547524922464559749e-01 9.400333596644751266e-02 0.000000000000000000e+00
3.832343220585867627e-01 -1.483444602332336215e+00 -4.870759728689738055e-01 0.000000000000000000e+00
-4.759879184149002351e-01 -3.365279145237685121e-01 -1.055983798528656203e+00 0.000000000000000000e+00
-1.230098757761529521e-01 -1.549558021942282482e-01 -4.078296180070166699e-01 0.000000000000000000e+00
-1.446487526867462847e+00 3.191809770377182165e+00 5.403970946900058525e-01 0.000000000000000000e+00
4.395534614007610585e+00 1.458949996212739908e+00 2.102984627512525517e-01 0.000000000000000000e+00
-2.020818984288353715e+00 1.074570959581308882e+00 5.157547526117871595e-01 0.000000000000000000e+00
-2.793618319362607405e+00 -3.355295153454978530e-01 -4.770708274029648588e-01 0.000000000000000000e+00
8.482749214837015383e-02 -2.122734470237001500e-02 -1.654341002548255002e+00 0.000000000000000000e+00
-1.980308714858492580e+00 -7.880199285806603893e-01 1.943777936183587407e+00 0.000000000000000000e+00
-2.127589916126936931e+00 9.056078286981984471e-01 1.935634740681032584e+00 0.000000000000000000e+00
2.896564500260758734e+00 -2.238037805365334254e+00 1.832515213533358667e+00 0.000000000000000000e+00
2.648068914569036147e-01 1.139402818223711700e+00 1.158499425806792216e+00 0.000000000000000000e+00
2.831383879865291497e+00 -8.472206856067631131e-01 4.093645760604126549e-01 0.000000000000000000e+00
-1.190023407853319171e+00 -4.032752189786950048e-01 2.867260029645120056e-01 0.000000000000000000e+00
