1.124934332434907702e+00 -6.939348772921777320e-01 3.045193721463580694e+00 1.519773817104636660e+00 -3.778220569986222299e-02 9.524949503074010837e-02 2.084482204860303722e-01 3.059980682915876660e+00 2.434469510991976726e+00 -9.761618784135461802e-02 -9.869019370499096389e-02 7.687601358088869130e-01 5.680512439567330096e-01 2.404548857449655852e+00 0.000000000000000000e+00
7.846545308251878792e-01 7.135852297156639046e-02 6.084123295395982289e-01 -3.083780486763212925e-01 5.110080341936260595e-01 6.658066816548464661e-01 -4.465503275395672489e-01 5.956795275195413408e-01 1.034584664399391896e+00 4.158488013187450760e-01 4.173750416086788873e-01 7.133484546610814325e-01 6.941520166920908119e-01 8.578922963326999218e-01 0.000000000000000000e+00
1.286603726823645072e-02 9.498300668037432115e-02 4.489427709263352773e-01 9.315268459634754583e-01 4.846477043937999496e-02 -3.629964035460093042e-04 -9.017564486864866335e-01 4.319553900429701221e-01 -3.151476894135482598e-01 1.472163569306076669e-01 1.552440253234883272e-01 2.592586839804603693e-01 2.635544212355457327e-01 -1.346845776811214979e+00 0.000000000000000000e+00
-5.127188121090277967e-02 4.933651231726654540e-01 -1.326590632943825065e+00 -1.637519316175702677e+00 8.257749084896919278e-01 1.059354931699533653e+00 -2.120805969520769274e+00 -1.370451174280048257e+00 -3.626999525519322143e-01 9.249819222268014229e-01 9.741228924244081933e-01 8.053179895782707209e-01 9.988406760129773243e-01 -1.165955715593686826e+00 0.000000000000000000e+00
3.551933253496937781e-01 2.818827659776466654e-01 -8.115420742490863093e-01 -7.203630202465173271e-01 5.175887247507886535e-01 6.300074814146212621e-01 -5.461162987095655730e-01 -8.179028679531796797e-01 -2.295752591745608973e-01 4.427111324544752424e-01 4.466474117886762851e-01 4.687775519480684716e-01 5.236483351629022120e-01 -2.670372092558554455e-01 0.000000000000000000e+00
2.525885693237273966e+00 -6.792611227083796832e-01 2.044799763888374589e+00 -8.045892792575334296e-01 6.284364461554975412e-01 7.930720271695494983e-01 -1.730309134586716757e+00 2.131325480705455355e+00 2.085547120263660403e+00 4.742239691453584149e-01 4.686724508779354648e-01 2.298149597408167377e+00 1.893807602346815111e+00 2.860672336168148977e+00 0.000000000000000000e+00
-4.634443531522739468e-01 -6.067386875142593006e-01 1.179602185437323314e+00 2.158291290885551383e+00 -4.027720303088825893e-01 -3.233457500696911291e-01 1.917948456261898027e+00 1.105218681036386652e+00 1.828272472234305557e+00 -4.265717444977814021e-01 -4.299872815339343957e-01 -3.085955679380910643e-01 -2.446232292358847815e-01 3.730333000437504598e-01 0.000000000000000000e+00
-3.670921979868744800e-01 1.688156251269410657e-01 -1.564434875927772417e+00 -5.497402709153896838e-01 4.877827585264057908e-02 2.988729105899602945e-01 -1.216034727302472002e-01 -1.503832532346650375e+00 6.356468048808978644e-01 -1.022012998563359872e-02 -5.181292530712801499e-03 -5.254169440235696709e-02 4.115918222135092619e-02 5.087910527480713485e-01 0.000000000000000000e+00
-1.938654767377378241e-01 2.915652882346300712e-01 6.649577683428531394e-01 -8.575793147348402812e-01 3.905007070488588639e-01 2.100265895219077250e-01 -5.422896226872629954e-01 6.128725017426340793e-01 3.732237422311005526e-01 1.843088180893376893e-01 1.751988676193677874e-01 8.343618042631288645e-02 1.271474507738964144e-01 4.605300992369021351e-01 0.000000000000000000e+00
1.213214241001863369e+00 -2.612634575366659662e-01 -2.892329682760910181e+00 -1.124736542018305974e+00 9.044533341116162140e-01 2.063365336662933203e+00 -9.672385867135775417e-01 -2.851714118915226415e+00 -1.221187646496309176e+00 -5.254903926670073666e-01 -4.769949916507555954e-01 2.192472466807412701e+00 2.433215574178749119e+00 -1.541386025332194931e+00 0.000000000000000000e+00
-9.477381207168239508e-02 -1.180050603330044454e-02 1.344188527409406059e-02 1.821879040253346349e-02 -5.809097933997411922e-02 -8.538724634267647051e-02 1.327547322661430662e-02 1.413764231134562524e-02 -5.577920509343176070e-02 -4.383040740453481715e-02 -4.432707636068914520e-02 -9.039438538078593821e-02 -8.827765323974644252e-02 -4.059927305340471637e-02 0.000000000000000000e+00
-1.356930183960594616e-01 1.999843788724066027e-02 2.143735586031695478e-02 5.396891236517328133e-02 -4.694465084626153750e-02 -6.806368982455532346e-02 1.132008136889491728e-02 2.472987534792055880e-02 -4.734315423046257104e-02 -2.348314107569111214e-02 -2.457981627359789520e-02 -1.328754632094802657e-01 -1.002799009724506252e-01 -7.717090941113167665e-03 0.000000000000000000e+00
-1.981855450708581642e-02 -3.859231881022244515e-02 -7.266428117551269883e-02 -4.774457442479924235e-02 -5.126686529244783158e-02 -7.547266605549915464e-02 -1.179692285194219176e-02 -6.820280774639252142e-02 -2.956247189608957604e-01 -1.351762589099652495e-02 -1.443648920531321982e-02 -5.438752013025371229e-02 -5.170432192156470402e-02 -1.740428798019317547e-01 0.000000000000000000e+00
-1.658166867255341792e-01 3.522968725042048832e-01 -2.212581187152856455e+00 -1.037403720904700455e-01 4.835072867683345432e-01 4.536002507995453015e-01 3.727596731294358090e-01 -2.204110960651887829e+00 -2.157432408074031027e+00 5.338474518453093509e-01 5.322769216256731939e-01 2.759257822469764893e-02 1.491945988740635276e-01 -1.808802171693903782e+00 0.000000000000000000e+00
5.057488101137207898e-02 3.141500823749342197e-02 1.516546483583205984e-01 -2.752791480569841687e-01 3.277897557213019925e-02 5.625138355256479455e-02 -5.154177981866283481e-02 1.546972627229743213e-01 -5.288698798747841767e-01 1.456726688280292163e-02 1.284688442067396207e-02 -5.222847915171860422e-02 -4.230273017599398000e-02 -2.374686654172660782e-01 0.000000000000000000e+00
-7.673879433351764590e-01 -4.073523851072313046e-02 -4.124536196841121494e-01 4.250585037473201266e-01 -2.936609068505337539e-01 -4.200844428197814673e-01 1.245511142353101092e-01 -3.906671723116632022e-01 -4.829234246441427292e-01 -9.571792299208674304e-02 -1.047466673648053542e-01 -7.611358698994737937e-01 -6.599406372702725232e-01 -4.003516498446257343e-01 0.000000000000000000e+00
6.055112628028038735e-01 -8.041966647466113338e-01 1.629739189634666907e+00 1.764746322702409831e+00 -2.417636232246258288e-01 -8.254389912489072945e-01 2.499077831322857435e+00 1.560356366489555446e+00 -1.481971579708190045e+00 -3.324372622233198182e-01 -3.366897693717367246e-01 -1.978103332574994155e-01 -7.296942811632080028e-01 2.800676301340774277e-01 0.000000000000000000e+00
-9.536719239768602918e-01 1.244713511056866784e+00 7.237758006372265740e-01 2.810382067593970135e+00 -7.287030339003917716e-03 1.120885119133890190e-01 2.324836655680553310e+00 8.725772136790114208e-01 -7.794505631030945736e-01 -1.520072215464921828e-01 -1.899172572379389523e-01 -1.559953088254669940e+00 -1.512588099355334004e+00 -4.574756072048388744e-01 0.000000000000000000e+00
-1.054211254226380845e+00 -2.491496018490590436e-01 1.010222085254520508e+00 7.294693944791044160e-01 -2.871102379557324835e-01 -1.826964751385093122e-01 1.955761427070340768e-03 1.011041520508183078e+00 4.409342271161563187e-01 -2.723103222927386047e-01 -2.908027297397771660e-01 -9.188246786916879350e-01 -7.681375303852762126e-01 -3.981672469765283884e-01 0.000000000000000000e+00
5.404104234709135313e-02 3.139999723283760924e-02 1.656312562105135555e+00 2.249259669218974245e-01 1.671571970366434734e-01 5.997017511077769036e-01 -5.935281764486113332e-01 1.658265309332696225e+00 2.398907900233174573e+00 -7.525985598786132103e-02 -6.773655995904340199e-02 3.265463842994092425e-01 3.767976886749426213e-01 1.839406377815618221e+00 0.000000000000000000e+00
3.120240271527539022e+00 -1.731163286579683325e+00 2.804407057039057349e+00 2.071792793817192280e+00 -4.231168150508589076e-01 3.078544732898114145e-01 1.990989718087917026e+00 2.931198308068375891e+00 3.596323639304215725e+00 -3.882156593012563994e-01 -4.214089243646622629e-01 2.348663215145702310e+00 1.874230976885632227e+00 3.824404827445742505e+00 0.000000000000000000e+00
-6.264318880774811804e-01 -1.383764708953862943e+00 8.099081217518336318e-02 3.066411904393534282e+00 -2.263721270877470104e+00 -2.295642768234353426e+00 1.276184226296737778e+00 -1.246700569427091898e-01 1.277712120113027927e+00 -1.406969267093489240e+00 -1.503598111263448445e+00 -2.326952020587953474e+00 -2.692110150791608536e+00 2.949219616628305563e+00 0.000000000000000000e+00
9.423260333291180180e-01 -4.030217399362806541e-01 1.406558793298558818e+00 1.045146147075848519e+00 2.749997573628976677e-01 6.706281947970811341e-01 -2.001706297261708123e+00 1.384881622304205973e+00 2.473065993096756898e+00 -1.938592007553149518e-02 -3.839360682382702422e-02 2.221604848595734316e-01 3.244699920913982072e-01 2.994784618589955816e+00 0.000000000000000000e+00
7.117646311175924723e-01 -1.007195824997643152e+00 1.787888186071270091e+00 1.951827247875400073e-01 -6.384376479572065888e-01 -4.083677616085029660e-01 -1.599306080891163884e+00 1.719156262250345346e+00 2.046440698522415502e+00 -1.473018881374681843e+00 -1.455939375635146860e+00 -1.150982690352759102e-01 -7.686450362556045413e-01 2.119185674234061345e+00 0.000000000000000000e+00
9.582706672674966286e-02 -4.539532498822457796e-01 -1.577722637026733321e-01 1.501204928408762740e+00 -5.280361195054342760e-01 -6.062909217905491088e-01 2.237459676382662188e+00 -2.078385746706049308e-01 1.112541735515595320e+00 -6.071138193011254014e-01 -6.012441765754878986e-01 6.512461157844742221e-01 1.504856691976177996e-01 2.305957583499494423e-01 0.000000000000000000e+00
