-3.011198542581869475e+00 -1.920397779109818348e+00 -2.023907178645352190e+00 4.963052660240850678e+00 1.648475888124347977e+00 -9.633724218861582367e-01 6.640716674875821290e+00 -1.548176058646864695e+00 7.132649009893540892e+00 8.230915340875201380e+00 5.308318064992678664e+00 -2.813227148947113676e+00 -1.978132765298417084e+00 -2.292624364393117897e+00 0.000000000000000000e+00
-1.651985516962677147e+00 5.783894620261557096e-01 -4.358045828281092438e-01 1.698303561807214868e+00 2.746140620121022557e+00 1.854738968225871032e+00 4.693564504786693625e+00 -1.188707951589875078e+00 3.822825646968404101e+00 3.589228334508012708e+00 2.743067179648068343e+00 -1.640453102829149801e+00 -6.915141552405732472e-01 1.186835179452614852e+00 0.000000000000000000e+00
3.217274780362440634e+00 -2.352269235026992700e+00 1.177834203422434944e+00 -6.196510367693219834e+00 8.280145149996792631e-01 5.992088319688640974e-01 1.490328660946857120e+00 -1.387710874529007210e+00 -6.546125441207138351e+00 -3.329435941968607260e+00 6.645329192719695577e-01 -1.448322378196722715e+00 -9.308079156691698719e-01 -8.394272028549700781e-01 0.000000000000000000e+00
-1.565609743703089585e+00 -8.941106962163646310e-01 9.985551624065717169e-01 -9.924528689579156238e-01 8.964071750381004122e-01 -2.141675380822554431e-01 1.493860434014826266e+00 2.556568979816788101e+00 2.521799757465927438e+00 -3.068111453474695605e+00 -4.670705701959724010e+00 1.271716466485313335e+00 8.817194084488837458e-01 -2.379283271450704507e-01 0.000000000000000000e+00
-5.961286418848195101e-01 8.719539189609392116e-01 6.453006061887253675e-02 8.559444809053700087e-01 1.828443025786718579e+00 1.856471386731105566e+00 2.243216041905469638e+00 -7.462882100738917890e-01 -3.679471990440314477e-01 -1.292239110516032241e+00 -9.475574339063428386e-01 -7.839045534954819372e-01 -1.449422299612379041e-02 1.684126909138113692e+00 0.000000000000000000e+00
-3.702750833507222783e+00 -4.328535206106927657e-01 9.249708809215332339e-01 -2.388769785730235906e+00 5.172698157839177746e+00 4.411830538652736222e-01 8.022170774830213347e+00 -4.994896127712825651e-01 -8.389481704061093836e+00 7.931419769479834514e+00 2.862238392104424545e+00 -1.049072287240715884e+00 -2.281086764300693126e+00 9.088073521522629372e-01 0.000000000000000000e+00
-1.282294406997398717e+00 -4.467222368657477460e-01 -1.535604477145555924e+00 3.996223438483283985e+00 8.782056858354497786e-01 -8.383105496829315606e-02 -8.560414013053970761e-01 -4.910890409037533405e-02 3.302808115545553758e+00 5.124623429529096441e+00 6.874373994340515770e-01 -2.344840364956143564e+00 -2.367473918451175607e-01 -1.413388138124213267e+00 0.000000000000000000e+00
2.252606290185144466e+00 -3.968531209350868671e+00 7.041965191594233564e-02 3.101112637968151953e-01 1.317128266657530966e-01 -9.464539112355957462e-01 -1.626920534409364238e+00 -4.457884195031801278e-02 -3.919339247483846655e+00 4.235674105768484909e-01 -3.110639726477483880e+00 -1.247068919972299655e-01 -2.362411050451238559e-01 -2.869554856637618112e+00 0.000000000000000000e+00
-1.437293331243286731e+00 -7.395797870478966196e-01 6.337543204238407224e-01 3.096322886891659909e+00 1.865577794201204398e+00 4.417303187725673541e-01 2.146434962907922017e+00 1.310770386366746365e+00 -4.899943406843541016e-01 4.055480323756393446e+00 2.746663162217604981e+00 5.574449083430069729e-01 -7.030921786636294968e-01 -8.308050594273531653e-01 0.000000000000000000e+00
-1.737548728622537730e+00 9.223364587123160652e-01 7.739755237255251386e-01 -5.966158358846915810e+00 8.877990663279913819e-02 -2.787751095749384511e+00 -5.462385474395372142e+00 6.014454179401892420e-01 -9.139664029163864001e+00 3.457212475667232332e-01 -3.481985751403250173e+00 1.384054209290396686e+00 2.598452783583852455e+00 2.820764335949714319e+00 0.000000000000000000e+00
8.603453646935006749e-02 -7.334766481303690855e-02 4.220100269011482080e-02 -2.226103268454788786e-01 -4.787780347972554473e-01 -2.982276414228781647e-01 -2.077038448159282069e+00 1.036080307389732058e-02 -7.949190161959351908e-01 -3.924125951463681150e-01 -6.471449930647163451e-02 4.268847460013238532e-03 4.516917180553915029e-02 -1.944626082023378222e-01 0.000000000000000000e+00
-2.250157680296842322e-01 1.476395921110788267e-01 2.898916751654171189e-02 -3.758680993270083898e-02 -4.642173697762588813e-01 1.605949196810017299e-01 -6.766220417901355200e-01 3.788795230355858079e-01 2.687457152053230658e+00 4.553132663969501892e-01 -3.269863650995553928e-02 4.471836903254678974e-01 3.819969234546657239e-02 9.222485204507571699e-02 0.000000000000000000e+00
8.630038711421954278e-02 3.628099121883445188e-01 -9.061866844079479941e-03 -4.251703851385548738e-01 -5.340428605724933941e-01 -1.632749008309851771e-02 6.333518769049761854e-01 -1.504986790647100947e-01 1.220285522209705320e+00 -2.458118481796933708e-01 -7.442864870607304728e-02 -1.349155397094277953e-01 -1.419081244133313380e-02 2.205979753574453528e-01 0.000000000000000000e+00
1.243178645347353894e+00 2.526591359341325282e-01 8.651678860366063262e-01 -1.006351056717961434e+01 -1.884038302630435258e+00 1.095738446574913372e+00 -6.344301104210188669e+00 9.515144706993519108e-01 -8.252800535462506915e+00 -9.680819046824780116e+00 -5.016247032829279640e+00 1.249089084848681308e+00 1.587420673148112749e-01 1.279509007703420354e+00 0.000000000000000000e+00
1.503797075216160156e-02 -2.645952931223072638e-02 1.961028134375071286e-01 -1.126482643034784070e+00 -4.385375627357332995e-01 2.864095249726225645e-01 -1.262470493982503550e+00 1.960092649943866172e-01 -4.305056550994656450e-01 -2.462512460684580518e+00 4.723861195844794580e-01 3.667375910361899138e-01 6.521908571509411889e-02 2.097416290593642485e-01 0.000000000000000000e+00
1.382707705317212377e-01 -1.798904693707822355e-01 3.598407635685012262e-02 -4.609408989045632232e+00 -3.457723143019006407e-01 7.960336013187373494e-01 2.769585760600766777e-01 -6.355506839934370322e-02 -3.987161627668832864e+00 -1.414940838144792989e+00 -1.659458260914014271e+00 2.276788456576334663e-01 -2.695799370698273023e-01 4.308190305673055831e-01 0.000000000000000000e+00
-2.979026070013983230e+00 6.840230718910566665e+00 -3.672693609531724412e+00 5.859421117232561232e-02 -3.302814497485567546e+00 -5.741145654251283759e+00 1.889642425507985779e+00 1.720006978108129303e+00 9.337731384175430804e+00 -3.984565719833093489e+00 1.064504055698815677e+00 2.183039293115106361e+00 4.174958124300308882e+00 1.579293072704500922e+00 0.000000000000000000e+00
-2.376720840747160945e+00 -3.262775666667233621e-01 -3.869088172719293173e+00 -1.882704570693123580e+00 -2.947479543490656884e+00 -3.123667384425360627e+00 -3.464063923857064520e+00 7.314465203294761020e-01 -2.461819362883629569e+00 3.364561175852162744e+00 7.114237031039199799e+00 6.938073221512859323e-01 2.891944030423675205e+00 -1.891980524892285853e+00 0.000000000000000000e+00
4.155627533504130944e-01 2.110826813594000526e-02 -4.658415091637191363e-01 -3.525105429518437195e+00 7.028666239856532494e-01 -3.928578761490825744e-01 1.665300529725124656e+00 1.642493063425314037e-01 -7.499176662744227784e+00 6.685672945715501747e+00 5.646196902080821367e+00 3.843260015881674874e-02 -6.888732460730618845e-01 -8.835291285427477881e-01 0.000000000000000000e+00
4.391365021851874606e-01 -2.719579550748152386e+00 -4.551308147042202323e-01 -2.028844728640786688e+00 -4.146692565117315321e-01 -6.134051298259081131e-01 -9.575704497894955702e-01 -1.062391539361012383e+00 -5.185803840164245671e+00 8.235077318144361502e-01 -1.185446413618192363e+00 -1.194373139126347461e+00 1.183080772505748501e-01 -1.363445099650698600e+00 0.000000000000000000e+00
6.933361369377973871e-01 1.193284970506290454e+00 -4.898069875625386871e+00 8.917343926308147317e+00 -6.673835032454840110e-01 -5.415091959736391125e+00 -2.417558141337839750e+00 1.168248277631626086e+00 -7.955139769133699801e+00 6.660695395726184742e+00 7.473374503876022423e+00 1.528512231713457625e+00 3.703040117240940621e+00 -5.228152540486756372e+00 0.000000000000000000e+00
9.226973245100635879e+00 -5.985750825781401829e+00 -2.654570784124802074e+00 1.177976300467521398e+01 -8.632428767899684274e+00 -1.104876666554233111e+01 -6.204309180250000111e+00 1.530921186614177865e+00 1.039617686964928644e+01 5.555902526454786106e+00 6.633489992976812744e+00 1.309142441083666730e+00 -5.289105603791517396e+00 -1.075047867304251525e+01 0.000000000000000000e+00
2.924752412824810577e+00 -3.110986810504396960e+00 1.244621274654029053e+00 5.813724771623215659e+00 -3.280970761222840260e+00 1.068283269888502085e+00 -5.118712588152736664e+00 1.548959951605859142e-01 2.818754977281746399e+00 -3.157307241989086410e+00 -4.709296853469464139e+00 -7.542884404300583823e-01 -2.889512599814327398e+00 -2.242674798196576447e+00 0.000000000000000000e+00
4.631684951299483544e+00 7.540045057861310962e-01 1.575573483615348103e+00 4.627234929768066607e+00 5.356484196524498032e+00 5.641130658441901424e+00 4.159148047493123279e+00 -1.979210206320145771e+00 -7.672727017645668113e+00 -1.080915400321039854e+01 2.990097385899657123e-01 -8.086178752483910159e-01 -1.224873907143261498e+00 -1.246106287750564201e+00 0.000000000000000000e+00
-9.202903714088535025e-01 2.181932304403224610e+00 1.069464265751592785e-01 -2.190659319501082170e+00 2.968583232390081150e+00 1.231337559400659809e-01 5.026568229607748073e+00 -6.404661777819502522e-01 -4.143704886687724631e-01 3.425199277092964845e-02 -4.987034596312753365e+00 -2.745646552669902984e+00 -6.665800487749491410e-01 1.922160671038544988e-01 0.000000000000000000e+00
