3.030449205375702892e-02 2.062035444830686015e-01 6.491809338942872154e-01 2.484297645665447807e-01 1.253223453033727730e-01 1.546116226549183181e-01 3.343381996536150952e-02 -6.925076363450038963e-01 5.075631944337232193e-01 1.161675908012105296e-01 4.201795076863401590e-01 6.539814298819598970e-02 1.395055344992774948e-01 1.941182709911497273e-01 3.290232152341522331e-01
8.840832978982983426e-02 -2.274360370149521721e-02 3.362662199436075583e-01 -2.583721777668908648e-01 -2.676215487667540222e-02 -1.201575841460902350e-01 2.760975518345373247e-01 2.385107530185009428e-01 -6.132705519131743666e-01 1.402242188148936641e-01 5.538350182187568027e-03 2.067317982448222125e-01 -5.297184886178868402e-02 -9.943610747257339288e-02 5.496908353738928776e-02
2.756277228571100135e-01 2.611858103630267935e-01 5.368643387713875059e-01 4.549522423579381927e-03 2.906992559473328130e-01 1.649517782960675527e-01 2.709674631789001920e-01 1.225587617547755581e+00 -4.954532003984383204e-01 4.450338370486065509e-01 -1.309630831839014298e-01 1.357092368967228069e+00 9.828350542346769858e-02 -8.194562104136890457e-02 3.704036777221279553e-01
-2.583615877224434976e-02 -8.848438178224390938e-02 -2.188569161420735321e-01 -1.065668789967526980e-01 -5.627446209649973607e-02 -7.491446954597151542e-02 -2.419801828870039861e-02 2.653044917266846325e-01 -1.797047386542162672e-01 -4.947535059880762975e-02 -7.248608738080418445e-02 4.178087319873704381e-02 -4.333545448778632070e-02 -5.996871409125512781e-02 -1.084847370463386529e-01
5.694522078033521506e-01 2.093284947124668394e-01 6.508148262810521389e-01 -6.531980914658410686e-01 2.123281916958121573e-01 -3.833593609503763155e-01 2.407131839328209011e-01 4.887915778552714974e-01 1.062946560492936232e+00 2.930459090206949391e-03 1.859007013587006041e+00 1.151119090369652431e+00 1.078558853192936429e+00 1.177545551804214385e+00 2.926774578889162481e-01
1.927857558979366795e-02 1.246601920199379432e-01 7.522001872955850210e-01 1.694514211688395167e-01 5.033043650058766777e-02 8.004249396790294457e-02 2.313280986712728041e-02 9.206292312405188749e-01 -8.199509646744468361e-02 2.788574896884813414e-01 -5.987766979663897149e-02 6.035781489620888340e-01 5.525172296372871106e-02 1.070576962432079893e-01 2.691400019461924753e-01
1.370111653802436047e-01 1.859168732589443762e-01 3.681451378963136734e-02 4.032665039678959840e-01 1.812208086119955208e-01 2.917693949511345197e-01 5.033041985442539973e-02 3.307062912112416209e-01 9.732628416566874163e-01 1.846997703391004830e-01 2.141891159731751371e-01 4.401887169567812730e-02 2.209494195706807329e-01 2.356204608408827839e-01 1.489671713523417484e-01
-6.576416751577189579e-02 -7.217477415995139645e-02 -4.867251202916928476e-01 -3.111161170457053468e-02 -8.340749282476475623e-02 -9.271250786002363520e-02 -6.197152231450105825e-02 -9.347924828879961012e-01 3.822502059770625515e-01 -2.427817029470477339e-01 -1.804445825386323532e-03 -1.018429697512336807e+00 2.041470585309591856e-02 1.197467756628607383e-01 -2.362075974341476536e-01
1.981656622026129189e-01 2.286756765751512266e-01 1.591101686842896434e+00 7.625631526100707935e-01 2.382966230129792695e-01 6.864447191557040417e-01 1.192157373908360324e-01 1.554122214093385912e+00 9.467170167751475240e-01 5.089137063798140348e-01 1.187891836608633733e+00 1.471402196377107785e+00 3.322832237391009080e-01 4.063837669549075216e-01 6.791490900712193746e-01
3.200534030709876587e-04 1.724484891898969913e-03 4.630093303577352548e-03 2.324589178058580202e-03 8.708311723555255471e-04 1.530180992632788808e-03 1.796168656330469687e-04 -4.650525061340589697e-03 1.114300816778409330e-02 7.912843740642617248e-04 -2.062750413591326573e-04 -8.384867907243763463e-03 4.997134458975066801e-04 8.151094738344166410e-04 1.417250065439906639e-03
-2.008793555243921190e-03 -3.642733543764748502e-03 -1.244074353207986344e-02 -1.955876020283104852e-02 -4.370201594505856643e-03 -1.045634489965621000e-02 -6.870169749679896258e-04 -6.003193361346818163e-02 -1.239167683287898530e-01 -7.387647279430408290e-03 3.471524306291533940e-03 7.810192598217953475e-02 -4.384507764354678670e-03 -4.903795249935781128e-03 -9.419637467090512337e-04
4.590487326216700220e-04 1.148645635293128655e-03 2.541218921937707029e-02 1.822824755997827506e-03 1.149442930548889765e-03 3.488120073998035066e-03 5.567678453511082370e-04 4.673964945400584103e-02 -1.662535836244261392e-02 7.285038500224048572e-03 1.440653187938465384e-02 6.238300061881265485e-02 -1.637527466588278163e-03 -5.122966582299101797e-03 1.001620420050565625e-02
5.034925660994029467e-03 3.296489021571065436e-02 1.029706142904339289e-01 9.618005718042772767e-02 2.105273940051701972e-02 4.661757160583528126e-02 8.486513409540178896e-03 3.616790810457908290e-01 4.491824906307478327e-01 1.244885512034096253e-01 -5.347439470394731165e-02 -1.879008751705271152e-01 -5.316815673891819860e-03 -4.080250301372044183e-03 2.729529738486287035e-02
-1.285318600342058104e-03 -9.902897674278146253e-03 -6.909706371692456162e-02 -6.815930847380430140e-03 -4.627993804396244443e-03 -4.551265365702996182e-03 -1.328129794438415601e-03 -1.062864616256864042e-01 7.555539351221031430e-02 -1.208048954574924075e-02 2.300029291912465690e-02 -1.818984274608346358e-02 -7.500427562549121484e-03 -9.084948214017559559e-03 -4.542913791061014422e-04
-1.009049646672529471e-02 -9.497642207706370049e-03 -2.017593068969739389e-01 -6.255292004015505780e-02 -1.220081881084063985e-02 -5.236149395621278457e-02 -1.679559313512987446e-03 6.182276395815320541e-02 1.874193645062866009e-01 -1.697264373675426430e-02 -1.939735896114746783e-01 -2.654443652999851633e-01 -1.137907750119166242e-02 -3.997123473775095540e-03 -5.397304403597123768e-02
1.005090904869213597e-01 1.389571386736870862e-01 -2.749641496743257182e-02 1.022706843483867506e-01 1.845237035266709125e-01 1.641081328318799715e-01 1.696775274471550299e-01 -1.224361426630485861e+00 -1.020495355986001274e+00 -1.165546297813679077e-01 1.798623657476648707e-02 -4.218137691529630917e-01 8.159458244764318524e-02 1.090922902164354613e-01 6.716605404584659322e-02
3.062458172999470152e-02 7.836162512209807196e-02 9.191688329592542228e-01 3.691301478975722583e-01 6.275515945273807406e-02 2.870264602663434861e-01 3.707764983363423528e-02 -3.784207463433401086e-01 -1.245484755565162471e+00 1.302224981153511374e-01 5.092930476095964831e-01 -2.364774949649822711e-02 3.759205401173697225e-02 4.170850975106726866e-02 2.879161509201289548e-01
8.782127089173617090e-03 -5.738358762392321843e-03 4.106752219465873432e-01 1.307726853315257370e-02 -4.765248413078609219e-03 -8.614474127820565333e-03 2.561360560500690071e-04 2.410914228805685622e-01 -6.264542064484217576e-01 -4.460293072054175023e-02 -3.773690242636761061e-02 1.466981518959119823e-01 1.782460103110511049e-02 2.278596175335016044e-02 8.023748388567553125e-02
4.169054400637903224e-03 -1.455801013909604341e-02 1.743086090672271160e-01 2.968471294354416840e-02 1.350806982457325098e-03 1.933435580840763696e-02 -2.345031630975005776e-03 1.164412728827005777e-01 -2.935801625903001685e-02 2.943988595442339692e-02 1.841270037502159077e-02 -4.707502714930248550e-02 -4.236476569634602812e-03 -5.914137364617787218e-03 2.269464309552036985e-02
-2.145579810091094719e-01 7.076062646887898433e-02 -3.793788992017700368e-01 1.315089446906876791e+00 3.017715702303404579e-01 9.836823805213791294e-01 4.413764201758516581e-01 8.909391539822932859e-01 -6.656945449780569124e-01 1.733885995133910563e-01 -1.983948556580234390e+00 3.080158056040593895e-02 -1.018791200848776501e+00 -1.237039024924579289e+00 6.173969479839740149e-02
8.854486692740873299e-02 1.285936738203065921e-01 -1.403772474156706584e+00 -7.239787628549083642e-01 1.255882963619383563e-01 -4.984616252554889271e-01 1.337680188927997949e-01 -3.184810471172211388e-02 2.489773675846244094e-01 -4.555137705700543771e-01 -1.248799350487175275e+00 -7.488904557386518723e-01 -3.139598125184264177e-01 -6.198170377536258435e-01 -5.002211641179346024e-01
7.450124280162585821e-02 2.123685942890354145e-02 -2.383485394804253588e+00 -1.598966011158968470e-01 5.147158809104433047e-02 4.939467205048167497e-02 3.829184969138738071e-02 -3.139957472641005776e+00 6.265973108047401263e-02 -1.559137370517205134e-01 4.677357570636191120e-02 -1.735397365188835472e+00 -4.459907582886434713e-02 -1.990857786134238305e-01 -4.786753524006459592e-01
4.581731736554473661e-02 -1.014859810116354455e-02 -1.138857846474356839e+00 -2.691278545363670061e-01 2.961774668090755291e-02 -2.074106138328200011e-01 -2.632951291221714146e-02 -1.911852813918255567e+00 7.997514476417849627e-02 -3.782452739342265224e-02 2.504167677728541541e-01 -6.826998593752759970e-01 6.487957330193661054e-02 -1.903319713744965752e-02 -3.193998137489801881e-01
8.362281615834382675e-03 -3.689102614301921490e-02 -5.679299799270092208e-01 -6.789090046442523840e-02 -3.541088701240702186e-03 1.565602186136256721e-02 -5.377244542877523958e-03 -1.246086875793250281e-01 4.773811064679012173e-01 -1.743180719694862602e-01 -3.008299472311581901e-01 -1.942421423996675278e-01 7.202846412008639954e-02 3.173632171878287833e-02 -1.990770784364044310e-01
6.519547435237339761e-03 -6.524167465493942164e-02 -5.299996554076735755e-01 -6.399158561424579672e-02 -2.520575789898967661e-02 1.073661183797635331e-02 1.826654825661259973e-02 3.012002554511524766e-01 -5.947829700554837506e-01 -6.829153550249554561e-02 -6.137912286526935324e-01 -2.202544365211507316e-01 -1.965970629244239987e-01 -2.492838169531800541e-01 -2.420416986389247460e-01
7.561765313366146206e-03 1.043612157376708031e-02 2.290656990096388845e-02 1.817884519343332742e-02 9.404789268608878400e-03 1.341159963836204005e-02 8.151230769382932992e-03 4.442950115795169658e-02 6.806591225677893764e-02 1.591686540629897936e-02 2.601263723410249945e-02 2.362812913618562299e-02 8.774208301884233244e-03 1.186384424909139174e-02 1.431502366747722764e-02
