-1.026232091654082357e+00 -1.313206077317406129e+00 -8.662737715060602195e-01 -1.050444598987986033e+00 4.192200674243921732e+00 -2.681057859146942501e-01 -8.379087103318971774e-01 -6.848519523874183612e-01 -1.148745836798217068e+00 -6.328387667826368412e-01 1.054865499848184340e+00 3.381150243538249445e+00 5.536214364763411000e-01 5.054714188774613870e-01 -9.995700857748057722e-01 -7.859924839636813765e-01 -7.625971237858022445e-01 -9.476471605055374337e-01 3.385988345164006930e+00 0.000000000000000000e+00
-5.268848510097653426e-01 -2.000879236452501042e-01 2.452685847330492996e-01 3.628609349105766935e-01 9.685922696566567902e-02 3.319117737578871075e-01 3.368177784343998060e-01 -9.694558339717349593e-01 3.406238954792673024e-01 1.914654789358541942e-01 4.281959587870718953e-01 -3.792789828418833831e-01 -1.211246317259279337e+00 -5.464304681350348192e-01 3.732601886650943057e-01 3.126950423802404289e-01 3.288042358595680281e-01 2.821398319863320237e-01 1.228053373584954144e+00 0.000000000000000000e+00
5.066700177705896202e-01 3.068825053462444497e-01 -4.582769245049977958e-01 -2.229186584687324890e-01 1.938179926765751127e+00 3.846071245771325864e-01 -1.716196561975812385e+00 -2.656458121950961981e-01 3.612417162958696248e-02 -2.207845726922562646e-01 3.687016095414255568e-01 8.632364371774988721e-01 1.645968502237615150e+00 1.243607163307364205e-01 -1.733118663295911910e+00 -1.428939619075760836e+00 -1.530428670969899096e+00 -6.215910419759839156e-01 1.503639119371296407e-01 0.000000000000000000e+00
-3.367961680647872658e-02 2.011049161806944818e-01 -2.833722002213077129e-01 -7.073255157504708679e-01 1.178018845004788151e+00 -1.596100159826762788e+00 -9.422333870450516624e-01 -5.190942934706992418e-01 -4.990061445107307758e-01 -2.331100532937036562e-01 -1.706346231964753768e+00 6.009695227317863875e-01 1.134245258084213503e+00 1.529614864194892121e+00 -8.316644280826062108e-01 -7.985687986663799753e-01 -9.968420228070922207e-01 -1.938070634916105595e-01 -6.051288255292941454e-01 0.000000000000000000e+00
-2.286979068062704457e-01 1.897317020777257446e-01 4.242187098839279580e-01 4.335650482970854758e-01 -1.582842040961016661e+00 2.152074129861652196e-01 4.674121849735221046e-01 -8.908431044380028530e-01 4.362674006444687835e-01 3.245328452620603321e-01 -2.222056203554121367e-01 -1.234713461213192254e+00 -1.108483645373179671e+00 -6.756137473558030404e-01 5.336779947458250017e-01 4.456158400131956521e-01 4.438932091828519666e-01 4.722889473087737433e-01 -1.393885113431886813e+00 0.000000000000000000e+00
-8.152207268231326243e-01 -1.389356556380153540e+00 -1.992977715985891074e-01 1.393379761716802834e-01 -3.098079275992162152e-01 6.022099410641509332e-01 1.218927773613363907e+00 -9.529913265225125052e-01 9.267303648884117617e-02 -3.405661311519136425e-01 6.127349549461590383e-01 -7.055890410091717468e-01 6.333667360521495482e-01 -1.488748988041090904e+00 1.425239668550335015e+00 8.660437300853108811e-01 1.101520969443144038e+00 2.229626949141439232e-02 1.792762561355497830e+00 0.000000000000000000e+00
-2.993788449855835920e-01 -1.435002756322241391e+00 -1.661245566928225337e+00 -4.522831388467823399e-01 3.667864842120471813e+00 1.082983907078312713e+00 -1.455314004922155569e+00 1.996110095473646595e+00 -4.593812803094605157e-01 -1.298646166835499161e+00 1.316967584154359550e+00 3.495830077372532596e+00 3.092921920455522500e+00 2.503125483602402834e+00 -1.458439588005984389e+00 -1.511936501800365429e+00 -1.436684372420615752e+00 -1.708366542368552565e+00 2.797616180617301662e-01 0.000000000000000000e+00
3.366066774283611451e-01 7.948792640680133470e-01 2.875851631802184838e-01 -4.629430725749530406e-01 -1.341942655714605470e+00 1.517123880857633722e-01 7.186783111431714888e-01 -4.362242847062428597e-01 -5.837563317654315131e-01 -6.298903694836331668e-02 5.193839894893376163e-01 -6.380516817508085081e-01 -2.762412885407117269e-01 -3.559138636505750353e-01 5.817467837086358617e-01 7.329117055474795306e-01 8.764815953128779480e-01 3.944073303295542177e-01 -9.556198903997898952e-01 0.000000000000000000e+00
-5.488524060733070975e-01 5.654039781622675065e-01 1.293714544588410453e-01 4.626346573824113295e-01 -6.719988994334915589e-01 7.141817975250064343e-01 2.274786214460885192e-01 -1.610666222573228890e+00 3.896302612473027671e-01 2.767745706183485921e-01 2.436039759275152594e-01 2.607470286841357399e-01 -8.180075633229065835e-01 -1.153911446214397341e+00 2.354413476815353512e-01 2.414717035801300649e-01 3.107540651079490068e-01 6.292864124697569728e-02 -5.533341985166448929e-01 0.000000000000000000e+00
1.268959603306805128e-01 -1.154674508181782855e+00 -2.618952813678662173e-01 2.529700127814499488e+00 -8.256840973579152032e-02 2.113589989858143614e+00 2.580647071722315111e+00 -1.929834702419980674e+00 2.779816535007149536e+00 -1.472056707012271981e-01 1.514672112521966429e+00 -5.202308557371364550e-01 -7.919396371909991350e-01 -3.139636065386455233e+00 2.674805379793038451e+00 1.997741834738574918e+00 2.466510373501705544e+00 3.445499329761335106e-01 1.232907943775109372e+00 0.000000000000000000e+00
3.769276001841433826e-02 2.930920030563612111e-02 -9.174011937986715354e-03 -4.184564450899518756e-02 5.326231570780931568e-02 -6.019135772490393638e-02 -3.571489849168989206e-02 1.622164637908343754e-02 -4.114435361566878141e-02 2.723522350884884872e-03 -6.583071976307224016e-02 4.471943797224942063e-02 4.116360239804176674e-02 1.061097675514599027e-02 -3.908497538898167423e-02 -2.887399680439618407e-02 -3.219987752102779210e-02 -1.747965026936928665e-02 -4.490945072273353628e-03 0.000000000000000000e+00
-2.688293810548505677e-02 -6.913847320852886669e-02 -4.015129795128439399e-02 1.652019247888394590e-02 2.959800652556737188e-01 -7.204048180550655378e-02 -5.320240285044337825e-02 2.399838439466775442e-01 2.946284622471644424e-02 -1.401970091018993683e-02 -1.507860356987251460e-01 2.339639034397138218e-01 2.049769704444433793e-01 2.150500180051582444e-01 -4.156110519317030016e-02 -6.238183297273696554e-02 -7.907087564343098784e-02 -5.237112304132191670e-02 -7.392088197206768407e-02 0.000000000000000000e+00
1.561861984745079382e-02 2.049607036674777616e-02 7.729422134126887056e-02 -1.239999221739619163e-02 -9.224459276157509491e-02 -1.955821478564499435e-02 4.450186322451594317e-02 4.626186838700335757e-02 -1.205191438761521287e-02 5.926187325241254189e-02 1.119609635899684874e-01 -7.498169735137659442e-02 6.558632145782550271e-02 -7.425493832314963849e-02 3.198492400809416908e-02 6.420041745012418366e-02 5.987107489969061003e-02 7.074666292816353397e-02 2.352706978360299128e-01 0.000000000000000000e+00
-2.848624195505117251e-01 -3.429410469352879298e-01 6.223419517379464444e-02 4.058529323299792102e-01 -6.187283965848360268e-01 6.953682720211007418e-01 -2.553339105839350694e-03 6.334662335763716623e-01 4.548061770846326679e-01 9.884713712626939930e-02 9.866091514457755451e-01 -3.097980052650468608e-01 -4.868096319989421820e-03 3.956158036171684711e-01 -6.837620742576997271e-03 -2.733079597134632777e-03 -2.984659979447168085e-02 5.815805624320715544e-02 -1.136880636596460326e+00 0.000000000000000000e+00
1.255374509278972539e-01 9.549630801218547682e-02 7.920450129246986437e-02 -3.645582904789077539e-01 -7.477563244498177664e-01 -5.214052528711395906e-01 6.542521064190831397e-03 8.434423105523165820e-02 -3.450440500942065780e-01 5.362610994948500964e-02 -4.992521427570462689e-01 -2.992948319017459391e-01 -2.182188128308756303e-01 -1.729518224199494414e-01 -8.542251875132151478e-03 3.488451537622825477e-02 3.087615427645533719e-02 8.477432882117909296e-02 4.294902579534415898e-01 0.000000000000000000e+00
1.711205653004086724e-01 -4.691101769349439315e-02 9.214257653023302103e-03 -3.501848671650786837e-01 -3.365197722016651238e-01 -2.214948631227475206e-01 -2.659576195123395381e-01 3.657485654965301203e-01 -4.067198301292853091e-01 6.385254271227281883e-03 -1.184452544268985996e-01 1.309803382571298087e-02 1.824898956524302895e-01 3.681682121184354228e-01 -3.474008130388635540e-01 -2.051544870685461930e-01 -2.189362304849593321e-01 -6.642302439186253959e-02 -3.486236137062992957e-01 0.000000000000000000e+00
1.747950612543366811e+00 -1.215576061343121017e+00 -1.169422444646914361e+00 -1.155412621988710420e+00 5.349060572444990225e-01 -2.444780819644162495e+00 -1.490507568364588309e+00 1.145338091556598048e+00 -1.121205715211702758e+00 -1.218871415200535546e+00 -2.512256012668280025e+00 1.078175333828990778e+00 5.150021650718776822e-01 1.460089005075241309e+00 -1.639089959761311777e+00 -1.409846318889332428e+00 -1.294687550612217297e+00 -1.084103269518376766e+00 7.238101990613636794e-01 0.000000000000000000e+00
2.956278809691377241e+00 -1.597967475143635685e+00 -3.050829919298980730e+00 -2.039802330066431413e+00 -4.295979456269832103e-02 -8.457717813615135416e-01 -2.011692786206345840e+00 1.675409967094413366e+00 -2.249004139787933010e+00 -2.938012419403026598e+00 -9.570504479235336648e-01 1.947612353734392565e+00 1.643799413135659249e+00 2.633053840777849430e+00 -1.907880874285051487e+00 -2.272378981601462566e+00 -2.307796367273274196e+00 -2.790510354501565704e+00 -2.337015672496218333e+00 0.000000000000000000e+00
2.415691476903426491e-02 7.145128576430797018e-01 4.801534210895273547e-01 -1.846244371492152259e-01 -1.832073785877617933e+00 6.859276725366415528e-01 5.555977034387845626e-01 3.589020720114454582e-02 -5.587643803857737790e-02 4.775914468196948426e-01 1.239560554163435135e+00 -9.514903796355210774e-01 4.741779491372044020e-01 -1.542849418343580137e+00 5.256524261549940791e-01 4.949451839758605698e-01 6.915788005872158806e-01 6.178513581817072220e-01 1.118101528988169280e+00 0.000000000000000000e+00
-9.203457826770226058e-01 -2.854143926882130033e-01 3.838938315862430728e-01 4.386640772407361388e-01 1.293896128131192536e-01 4.065975117657927851e-01 1.802701655127534885e-01 -1.221885107025189043e-01 5.462226869899300397e-01 4.954855530746242742e-01 4.492922815389890911e-01 -1.404541165098648792e+00 -1.547558058162351813e+00 -4.361888559672160715e-01 3.010621022121558465e-01 4.939756174852141801e-02 1.126114257495213350e-01 3.593796493246576018e-01 1.013754761605183630e+00 0.000000000000000000e+00
1.577215974773074292e+00 -2.758725753247173618e+00 -2.420203415708437333e+00 1.038974320035016330e+00 2.128507775900306265e-01 2.197246271920255456e+00 -3.865279317797349901e-01 1.047906825705609446e+00 1.013637533907576049e+00 -1.949599022576950169e+00 2.587100129770675494e+00 4.253816719498281773e-01 9.397502965222694904e-01 8.172802369691769542e-01 -1.677844575255474646e-01 -9.739103741711275797e-01 -4.524906250396737994e-01 -2.357622392357802354e+00 3.318939991463031980e+00 0.000000000000000000e+00
-2.788211909395983401e-01 2.536796626645740016e+00 -2.490165994426344120e+00 -3.669868370269963265e+00 4.100540756896156047e+00 -1.781712885142900937e+00 -4.086531403534293894e+00 1.627502826708419947e+00 -3.572797603887124307e+00 -1.240717733366216491e+00 -2.769391814016709308e+00 4.576150058792317843e+00 2.548250431560343809e+00 1.165927800130859726e+00 -3.676937973225461675e+00 -4.313746617154472496e+00 -4.426821439452856666e+00 -3.062956130244696595e+00 -1.881258311576545328e+00 0.000000000000000000e+00
-2.891974125295961873e+00 1.323022766049878562e+00 1.541925814230781899e+00 2.644728180418415509e+00 -3.782871312379661788e+00 2.173851267976007140e+00 2.192682567115512793e+00 -6.573362587098622312e-01 2.732560606485400001e+00 8.853739128231024047e-01 -8.255151956910663502e-01 -2.331613468867359096e+00 2.337016431239385295e+00 -2.646922916508577028e+00 2.349167319194143122e+00 1.746641894806606921e+00 2.166082319520240329e+00 1.827152935265345501e+00 -5.273150039821021373e+00 0.000000000000000000e+00
-2.462309784673145874e+00 -1.451812577831039341e+00 6.326933366394759117e-01 3.279212925996759953e+00 -4.218293482633161950e-01 3.103560291947247141e+00 2.209072053416163861e+00 -4.084291133520451256e-01 3.581862808307551216e+00 3.531635778386509883e-01 3.348991028861771468e+00 -3.312499845333098936e+00 -1.365722495948058501e+00 -2.477034837931236577e+00 2.535144798290411394e+00 1.906656420144157815e+00 1.649064695437910677e+00 1.527531650936198915e+00 1.272766538695254468e+00 0.000000000000000000e+00
3.067739217175137756e-01 -1.161349630463699878e+00 -1.402029080200439370e+00 9.056459061613076900e-01 2.310002660690752219e+00 1.576301011063995894e+00 -1.418406332906784639e+00 1.024172945228202902e+00 1.083606041072795234e+00 -1.033259685525476534e+00 1.280206012212806721e+00 4.697385826581538804e-01 3.127970093728091427e+00 2.472859990520275719e+00 -1.121576374010623489e+00 -1.560583531841646110e+00 -1.668865444686367328e+00 -1.429923938871309419e+00 -1.332677465822296181e+00 0.000000000000000000e+00
