6.588465525788209654e-01 9.438239823605024670e-01 6.618682146926566645e-01 1.384783125763196399e+00 1.402061956479162763e+00 1.196129202068813235e+00 1.864319080807843365e+00 1.034457992950729599e+00 1.453294465937077895e+00 1.660705712407956280e+00 1.340412015591482708e+00 -1.748981987533984039e-01 8.023423826386282265e-01 1.086460366389782051e+00 1.219414439813835793e+00
1.127573421827465783e-02 -2.906512424613871826e-03 2.595926685224309027e-02 5.304588562285694753e-02 2.536771653028790929e-03 6.525598388150866125e-03 -6.276553797145423275e-04 1.551399932840169527e-02 -3.318406813679253275e-02 2.808151775245615323e-02 -1.612746161247018140e-02 1.118123131387437752e+01 3.859319347570888681e-03 6.311226664989788571e-03 3.300312322863149794e-02
6.903524997520182893e-02 9.885809297366496273e-02 8.201041685987192631e-02 1.254996720244161423e-01 1.050578107247834847e-01 9.549345077965842865e-02 1.484148070257500507e-01 1.667248236765506153e-02 1.050813705380386764e-01 1.301607277646082972e-01 1.010772761016013183e-01 -4.634880612763119245e-01 2.316217340477472186e-02 8.073154061302087459e-02 7.887645289952843752e-02
-6.868716233585764330e-02 -1.341205268152806107e-01 -7.037766593740028831e-02 -2.803563950712875674e-01 -2.902555944011025457e-01 -2.134974476384809416e-01 -5.153041695138516065e-01 -1.219179018365208339e-01 -3.148195441576557840e-01 -4.055912124946529085e-01 -2.603633726432538209e-01 -4.323444806829190856e-02 -9.694188916355703234e-02 -1.766038821916889878e-01 -2.141426724464863818e-01
8.828368471958822350e-03 5.884234352357476522e-02 3.044549050783794397e-02 5.210114231292418963e-02 2.520845757735862280e-02 3.188989830543059734e-02 1.667460133531595279e-02 6.096796215522033435e-01 -5.641588282243568953e-02 1.291844926863644494e-02 5.109451928814599808e-02 -1.528356344469383998e+01 1.098222217001176837e-01 3.626181494564263696e-02 2.695672820161326699e-02
6.685903817396504634e-04 4.051082643789796767e-03 -2.843806162132894721e-04 1.523059909834854897e-02 6.644384763197813681e-03 4.390864470462354369e-03 3.749125166682865107e-02 -5.621319324494722380e-03 4.579196697008286465e-02 1.724271041625374812e-02 1.499106663733338479e-02 6.643580440761187589e-03 -1.073264398506829087e-02 2.027546360211823773e-03 2.617106922079130704e-02
6.712554493548432422e-02 7.356162982171428333e-02 6.227893032328722656e-02 4.494969852915672859e-02 7.229307635031081980e-02 6.965191270546904068e-02 8.202552041686339557e-02 -1.549458002222605657e-01 1.301069505883867272e-01 4.857915218833025461e-02 8.932108308779038164e-02 1.380765904829971191e+00 6.934239438750999796e-02 6.982624075725998858e-02 5.620542495586344778e-02
-6.856616166984963456e-03 -2.029434949804470589e-02 -9.941973266399416198e-03 -5.302930844855667514e-02 -2.684943133879286181e-02 -1.767611272583017451e-02 -8.199247548305432787e-02 -6.435910785738904738e-02 -2.142408242000687357e-02 -5.604988295653090535e-02 -2.664743854748985452e-02 2.444089148749108986e-01 3.989318343877251705e-03 -7.839605741387582760e-03 -1.574308229853652041e-02
-5.127835203914909989e-03 8.164697603487980349e-03 1.172285147512154395e-02 2.210133191429064503e-02 1.004614691831212658e-02 7.989606884698675221e-03 5.463837140807159543e-02 4.461129908555090395e-01 6.074922065785998138e-02 4.082899416267077308e-02 1.786826826955795200e-02 -4.534149682408710191e-01 7.876952943868603674e-02 1.184296745425278755e-02 5.601570769814029349e-02
3.605459540657984623e-04 1.360313175293340971e-03 3.980462168232201214e-04 5.924623657548810061e-03 6.488592642920797821e-03 3.531569258792998343e-03 2.202275722261434060e-02 -8.808797215503656741e-04 8.556498219586795850e-03 1.302175481012943226e-02 4.928004978629742065e-03 -1.005161939540866189e-03 6.871503927466863886e-04 2.378075886836104012e-03 3.243580394618821808e-03
-3.081446683456841307e-04 -4.924466096450086372e-04 -2.435101528472002333e-04 8.209451561655913172e-04 -4.512860652714193073e-04 -2.862448673149019240e-04 -3.219914536594287169e-03 2.978522525897808748e-02 -1.101736346145049117e-02 3.892028750079004618e-03 -2.079504257825362003e-03 2.316943271234128687e-02 -2.180450025507834136e-04 -3.778734821535388068e-04 2.352613919437474867e-04
5.185510847188594397e-05 4.277065446612795391e-04 7.210731000796793792e-05 3.516108079141828935e-03 1.364547948637670829e-03 4.451979334291948729e-04 1.183783554709219588e-02 6.047369607259100999e-03 -2.726417850105924967e-03 4.694756459714871655e-03 9.878205274598274820e-04 -6.547521754105695146e-03 1.008310029157995572e-04 -1.122114951610350859e-04 5.082245442634366651e-04
1.399119805870444912e-03 -8.889002241541564759e-04 7.848626576698039189e-04 4.006682286057661191e-05 4.137553804443149658e-03 1.862619820700102749e-03 1.155029083243673538e-02 -1.635114145493163917e-01 5.226670484138588174e-02 8.668876264813919763e-03 -3.798387289843663250e-04 -1.664043029648212269e-01 -3.315485295240450103e-03 1.508286776637494941e-03 1.054865585651366261e-03
4.047975927283769398e-05 -3.610155233221270729e-04 -1.194062328358771671e-05 -1.453506612220014510e-04 -7.281098895535603743e-04 -4.130360689868850868e-04 -1.244435981442379435e-02 1.742467210141013245e-03 -3.447553386201215875e-03 8.656434251159000892e-04 -1.566922865625589543e-03 -2.737765870809955038e-03 7.633604007657739023e-04 -2.861188305054822301e-04 -1.642136993948105882e-03
7.073609553259405103e-04 -5.187389023527423648e-04 3.447303679409590739e-05 1.262447092542729431e-03 6.975515954938706076e-04 4.781006451191737588e-04 -9.844022495191284694e-03 -7.864202214958782022e-02 1.240062058946020396e-02 -1.289454189115807337e-02 -2.325132920472216397e-04 7.558318349649129075e-02 -3.802634076304756833e-03 4.930950197236209920e-06 -2.714501839946649800e-03
8.704415954276983891e-03 1.572562888633304359e-02 1.299114690570140826e-02 -5.858661980471600861e-02 9.765959123827131980e-03 1.142013642387468275e-02 1.499226015216001406e-03 4.522147887417329315e-01 -5.542406584958531335e-02 9.896632248442838176e-04 6.874915490003088991e-03 -2.208519403074689080e-01 1.628342474893931802e-02 1.333413791425035709e-02 1.063994121540495774e-02
3.116593738611263265e-03 1.008876135534913371e-02 4.105721802406596573e-03 6.320888113665631969e-02 7.373699505442511681e-03 6.365967519881244110e-03 1.040528772555173939e-02 4.200544828354964011e-01 -1.387707753429068269e-02 1.788551689654278160e-02 2.154157839336594965e-02 -6.275629886358338183e-01 1.276946381195807889e-02 5.048591569655972409e-03 1.410901930556831066e-02
1.492284199322586186e-03 1.373028499772909784e-03 3.390552780162224555e-04 2.601335983283216066e-02 1.451363714195706700e-03 3.252589166977543078e-04 1.165236391991419929e-02 -1.054280821752762165e-02 2.009303201746670542e-02 6.105297831065503722e-03 5.112053557804661919e-03 9.075195730797847027e-03 -4.407844474148551323e-03 1.826370481387044279e-04 -1.196126261036836724e-03
7.852110144757062926e-05 4.614672191695376804e-04 1.023871851193449908e-05 1.678459818558581361e-03 -6.030588354592626016e-04 -4.280772466397804454e-04 5.529619054966003477e-03 3.555413637349527645e-03 7.956852471024483675e-03 -3.450433739777852837e-03 1.179561494674142771e-03 -2.131370187510694958e-02 -3.129952362895252124e-04 -2.946119510786339955e-04 3.932184448701171731e-04
1.347040498157681121e-02 -8.827548515857298883e-03 1.524991567240242818e-02 -1.165859668856600029e-01 -1.087356026661356889e-02 -6.055489804695647627e-03 -3.312897786479224171e-03 -6.211182722321275662e-01 -6.381200093351818703e-02 -6.011678714913426536e-03 -3.004824889571519608e-02 6.184275460144629477e+00 -6.318610109207467573e-02 -7.182836459878161328e-03 1.864938526246949502e-02
8.075117072280091346e-03 8.980841637107953024e-03 4.471153914025416398e-03 7.043597587246736014e-02 -7.619349053144069961e-03 8.331361055127078918e-04 -4.206580358750083848e-02 -1.032133927716479604e+00 -1.003012243516154811e-01 -9.540065409478409864e-03 -1.470550144896876077e-02 1.913204283948587658e+00 -6.699736948428811067e-02 -2.897573102440230419e-04 -5.205047890533950894e-02
6.830473606858220026e-03 -6.564173879519061283e-03 1.791464858964822437e-03 5.703704207060122933e-04 -2.273805188697991531e-03 2.819862915417539750e-03 -5.352883586235179791e-02 1.893423727823861924e-02 -4.255821138947957216e-02 -3.352403707034963543e-02 -3.246606230219276079e-02 2.890418410047324027e-02 1.923561049897251629e-02 3.223412956181326977e-03 -2.427514154625383391e-02
5.210123157881815792e-04 3.721738089137754946e-03 2.612505510702842204e-04 2.110220514400643066e-03 1.235499324938549304e-03 1.578219809340912494e-03 -2.850319992861005680e-02 -7.153665958050114959e-03 -6.657562286586071743e-02 -4.851360068242049906e-03 -8.857994691646026153e-03 1.119879473758560451e-01 4.301098338413300581e-03 8.535786413877768930e-04 -1.329792935206294824e-02
1.837134049018640525e-04 1.102687929817491863e-03 1.115503847421851769e-03 6.921870928232112807e-04 -4.646460942391850146e-04 -8.989406554733882226e-04 -6.443736577254860487e-03 -4.578711801737189724e-03 -1.943761887908437846e-02 -1.365384692394777666e-03 2.893727558988493098e-03 5.920943184552218685e-03 4.599656113440160621e-03 9.043548058249861743e-04 -7.548088942776004506e-03
-1.305141383369262442e+00 -1.651129647030363579e+00 -1.300610418310928607e+00 -2.016558152562450523e+00 -2.020412144589640580e+00 -1.868580677216686414e+00 -2.287410333599360079e+00 -1.811405898173785722e+00 -2.058025701213392011e+00 -2.181245434466795974e+00 -1.991685756500828131e+00 -2.918010664569962387e+00 -1.510826202798986717e+00 -1.779805750069989312e+00 -1.910322288186131257e+00
1.727742741130657380e-04 4.889421641021768567e-04 3.470185521840382843e-04 1.127017509127839620e-03 4.437876670145333535e-04 3.471869861463367153e-04 5.563748716051460184e-04 8.044686520269911248e-04 1.142121208627316009e-03 7.589396767274339973e-04 8.682287574571325751e-04 1.825411554554610656e-03 1.185182052385540903e-03 3.025259626457427360e-04 2.644904844430425220e-04
