-1.418528470881478543e-01 -1.716058130395987369e-01 1.704518181557403839e-02 2.224084525934662881e+00 7.223766267042962541e-01 -2.424899073353463108e-01 1.010284486077602309e-02 6.560669490900247758e-02 -1.182176574925502682e-01 1.996271382597986366e-01 -6.391505731006186242e-02 1.962509725660932958e+00 1.860959805139014156e-01 -8.446584982316315826e-02 -1.816728126956857481e-01
3.451839651408830645e-01 5.750254963212234061e-02 4.786156540198736598e-01 -3.799796426802263816e-01 2.672701785194875779e+00 4.909598727131964657e-01 4.574280868186277882e-01 8.453206593069230168e-01 6.890790640205864959e-01 -5.083672332363835533e-01 7.289570620784306676e-02 -2.808486515355975044e+00 4.495715725927207362e-01 -9.719487638452917189e-01 5.970652502016482455e-01
4.892555553389995038e-01 5.013038484066422162e-01 -4.136107952570388518e-02 -2.197880602989776833e+00 6.124891947711845752e-01 1.639060460697338295e-01 4.419428102047325835e-01 2.903111482134780874e-01 9.356915903549446745e-02 -2.445500878144559742e-01 1.215178875114123896e-01 2.797322867113765099e+00 1.967479089856718211e-01 9.279348286295689974e-01 2.480599403507137424e-01
3.293940905590390239e-02 4.052637965798233655e-02 -1.678927402497078182e-03 -9.409352884409822870e-01 1.309430236396202374e-01 4.643359126602432385e-02 -2.401542958485200496e-02 2.996393659358389909e-03 1.514769830768947570e-02 -4.844456304829113796e-02 7.455938536756308299e-03 -2.976862217104627173e-01 -1.801244163520066000e-02 1.812266202764372183e-02 1.841125041999519887e-02
-6.154960058328513561e-01 -1.778694836960399983e-01 -1.614807759334265236e-01 2.573965928021872962e+00 -4.515112772412287256e+00 -1.795381192338780352e+00 -1.261927980430743501e+00 4.536328231158834878e-01 8.445136083821904727e-01 2.058289889091046432e-01 2.139353345034433751e+00 1.282639721329627847e+01 1.348555571767469319e+00 -2.223385702240657125e+00 3.834299666163766829e-01
-3.616755930904418104e-02 1.634472809012196826e-01 6.170250747904617444e-02 2.351789565256262593e-01 -4.113026825992587704e-02 -8.044885953336466944e-02 6.495761371327456700e-03 -1.552442183001160603e-01 1.431348792058178415e-02 -1.732239030702402705e-01 -6.615328377042881472e-03 -5.874722547681782148e-01 -7.235220258293527662e-01 6.889102700064625440e-02 -4.612633577869666712e-02
-4.618539575421778259e-02 7.150496223517946448e-03 -1.360680016159046823e-01 -2.273714468838146097e-01 -4.835479250410518404e+00 -9.230361469494099275e-03 -8.642597357083045551e-03 -1.783490600375227941e-01 -1.826882476733041050e-01 4.671844729896112436e-01 -3.734665582636417791e-02 7.408969810585442906e-01 -1.134297703927458489e-01 1.032527414447128450e-02 -5.567263688320839288e-02
-1.880691265955073410e-01 -1.577912999690652684e-01 2.653519125946213544e-03 9.741273769978014974e-01 -5.002589878392560419e-01 -3.406660180041259922e-02 -1.298927162408159697e-01 -1.372994557575113461e-01 -1.889841669705038738e-02 1.440882149422187397e-01 -2.430791781817451258e-02 -3.826850866394139183e-01 3.291538118836249138e-01 -2.963895012749005464e-01 -4.135852100729080910e-02
-1.023760000259519160e-01 -5.885606024028926242e-02 -4.625952118496884369e-02 -6.116321872393375436e-01 2.958224351269944652e+00 -1.556744563720238450e-01 2.953887296224330106e-01 -2.549182764108583465e-01 -1.625196051717952006e-01 -9.038380991044387969e-01 8.106931938645062230e-02 9.405372518135518556e-01 -1.375233358772218195e-01 1.977471074254618377e-01 1.098744371710005420e-02
-4.655789172070897708e-01 -5.940451130648724543e-02 -1.404088736830727324e+00 1.770557690862388345e+00 8.178079081714347609e+00 -1.786419121903867424e+00 -2.106810392727111736e-01 -1.555042053425879534e+00 -1.592965129827030202e+00 -2.266929176182026218e-01 1.723936573386152915e+00 1.300890621352462695e+00 -2.585075695894497594e-01 2.248607549050587018e+00 -1.632952146943879024e+00
5.943832390338631144e-02 5.523202343683502047e-01 5.245435087263941032e-01 -7.886570457062727968e+00 6.788251839925906417e+00 1.186362838091680194e+00 1.621533536331231096e+00 -7.286599558634400120e-01 1.664770200679021317e-01 -1.550891539794450269e+00 -2.292840214188552050e-01 -5.019348578693094254e+00 6.143662099933117071e-02 4.480334624845165870e-01 7.611941354901582413e-01
-1.215638509652564370e+00 -9.839758499736634967e-01 -1.753195501310654270e-01 1.985556535028493608e+00 -3.424075167896162952e+00 -8.685774875297669340e-01 -2.320362830728530390e-01 -1.706935185137478106e+00 -4.296139941262402950e-01 -2.649698873398030896e-01 -3.641623476694256373e-02 -8.364349477485646389e+00 -5.498414895275740566e-01 -1.511709389058968567e+00 -9.334282275123719774e-01
4.393234433213877854e-01 -3.234430131891887217e-01 -1.522335451325101952e+00 7.286386522867552840e-01 -9.156490993428164415e+00 -8.488087758254745374e-01 -4.004332130651123145e-01 -1.606763380173971967e-01 -3.001303916045384490e+00 7.371661152129260763e-01 -7.169737170734144516e-03 -5.731434683600952873e+00 -1.372954862367550488e+00 3.558488223216944579e+00 -4.523195061300858910e+00
4.171125757292090674e-01 -2.915488864111460687e-01 -3.993058249050857045e-01 5.318217853175449816e-01 1.689483629802173703e-01 3.082659262269902833e-01 2.674497582243327010e-01 4.714270709016377126e-01 -2.569064509752895520e-03 3.664486988174133208e-01 6.971241193945291667e-03 5.874221288402905472e-01 7.219441995856552552e-01 -1.093889450952793552e-01 2.897152486272642768e-01
3.516514753589030512e-02 -1.063781351999565083e-01 -1.087495037112678753e-01 3.244726514685884577e+00 -4.734215228528729225e-01 -1.984478574915866933e-01 -2.560664021833091164e-01 1.185677388616421524e-01 -7.364419933639686222e-02 1.691984957973193537e-01 1.435414018259209730e-02 6.009116344081388839e-01 -3.380044958003186606e-02 -7.352661780489112842e-02 -5.646332194821428174e-02
4.153646345722188382e-01 2.931803204895665482e-01 5.343616901447893752e-02 3.191314421407188129e-01 6.037178919084801310e-01 1.509689989046349989e-01 7.593851156565625815e-02 6.170716102644970835e-01 5.207673697656815814e-02 1.238986039530141636e-01 4.726961373388691157e-02 1.077470301938080688e+00 -4.992985385325308112e-01 5.433603019029666914e-01 1.320491891198769530e-01
1.978120638217850114e-01 1.308500202698714976e-01 -1.323413175487330729e-01 -7.239652868447767897e-01 -1.140162082830421975e+00 3.628173101340872453e-01 4.286483655214051725e-02 -3.102038466340295911e-02 1.318559161436837490e-01 7.053639072877734839e-02 2.169402358794319738e-02 -3.126149915314595074e+00 -4.461827235957962490e-01 8.159214202732083254e-02 2.308639089952443380e-01
3.359066103281208721e-02 1.296961652883410997e-02 2.914092468086993196e-02 4.604316540260657009e-02 2.407583548638745838e-02 1.545696732565515590e-02 1.960332196058651652e-02 2.042064652234374181e-02 2.436719054269763374e-02 2.083290820463314444e-02 5.874726851491807005e-03 1.099824721728782789e-01 4.173468861162823312e-02 2.652431709243612337e-02 8.835817319354170862e-03
