-9.497925897232822878e-01 -1.867591382104549780e+00 1.834669569510669840e+00 8.527900561377284305e-02 -1.487420267858199363e+00 1.135931625058903993e+00 -1.044168473052377921e+00 -1.885046243263111876e+00 7.705961505413777557e-01 0.000000000000000000e+00
1.810420895268854302e+00 -2.813564425152208920e-02 -3.037394776104113348e+00 1.924551240827734544e+00 -3.385975046073645967e-01 -4.049499692628940828e+00 1.262943825852971269e+00 1.101562988582195812e+00 -3.377254343023337602e-01 0.000000000000000000e+00
-6.374916068576431449e+00 -8.716506090288097530e-01 5.141022780976198803e+00 2.757307628335607941e+00 -7.610744448438380161e-01 1.022370344229240446e+00 2.084797709901754725e+00 1.856658621771351880e+00 4.929229744880590514e-01 0.000000000000000000e+00
3.737232223909114026e+00 -5.828417348299788969e+00 5.751535997092220853e+00 -2.579465985016652141e+00 -2.964566971011226126e+00 6.606319987700702612e+00 2.495669210987496722e+00 -3.749481907311004392e+00 -3.211152338309915422e+00 0.000000000000000000e+00
-1.855248852678456961e+00 7.385499692764364577e-01 -4.161776882731904048e-01 -5.468531341763299691e-01 4.801166201471931960e-01 -7.458412599826808043e-01 -4.585743987994989612e-01 3.593491351174534221e-01 2.729679928671317085e-04 0.000000000000000000e+00
-4.223206552343755860e+00 -5.415085983162388761e-01 2.527891418891361486e+00 2.974827315376640691e+00 4.472452501737094188e+00 3.636310174299331788e+00 -5.274742070061581245e+00 -2.793450947930607331e+00 4.530601846395957644e+00 0.000000000000000000e+00
3.818357457711424541e+00 -2.846482996723092906e+00 -1.651208728527423952e+00 -3.305599456543704129e+00 2.888918527705846451e+00 3.571689721979052212e+00 -6.130236827490916918e-01 -2.348176187026851380e+00 2.488714226399618923e+00 0.000000000000000000e+00
5.228336309597307441e+00 -3.251154579881475382e+00 5.379836622338697971e+00 1.411269754657721087e+00 -3.183918657320758960e+00 4.619405976082911813e+00 3.991203826696535284e+00 -7.959884641027208385e-01 -1.545045514563128330e+00 0.000000000000000000e+00
-2.383756128398702767e+00 4.723206025194451319e-01 1.324384761958077306e+00 -3.354738710370867016e-01 -1.235654113542207666e+00 1.716136945000615421e+00 -4.272486010225673425e-01 3.785419070298185473e-01 -2.184132501470774923e-01 0.000000000000000000e+00
5.112947024696267384e+00 -5.078529001827418732e+00 -1.648269741614156736e+00 -2.675018611574368155e+00 2.852436156137021950e+00 9.257966346343362574e-01 1.135501298581845342e+00 -8.815003858632215750e-02 5.389641450379047072e+00 0.000000000000000000e+00
7.167828334416368463e+00 -5.598925841682994786e+00 -1.753047055983867120e+00 -2.949622473642022902e-01 4.218504269853145416e+00 2.712707919518697164e+00 -1.949583276152160982e+00 -6.181116413584665459e+00 5.857851563175786147e+00 0.000000000000000000e+00
2.160646492163870391e+00 -1.161610186595725125e+00 -1.039893104295865900e-01 5.830692465789389933e-01 4.023517113801286627e+00 2.850167635353043849e+00 -1.968348119372554494e+00 -9.693570790744189189e-03 1.415516414052288008e+00 0.000000000000000000e+00
6.867882607902275005e+00 -6.663871252690459213e-02 -5.199995593332872978e+00 -3.897838902065321243e+00 -2.347687201995980910e+00 1.439925205552313958e+00 -2.800680383104790394e+00 -2.020387459910410133e+00 -4.073787658729292716e+00 0.000000000000000000e+00
5.754150587155691277e+00 2.318253025225917252e+00 -6.439576489201406240e+00 -6.006190902261229425e+00 5.356983241504758908e+00 -1.738463591816284293e+00 6.177570909063414550e-01 1.983293952373566205e+00 5.404776686667534413e+00 0.000000000000000000e+00
-6.812859626397989032e+00 5.389599578784269873e+00 2.772507977688843273e+00 9.776497141045343842e-01 -9.279428587680675911e-01 -5.980795294581588095e+00 2.477436263737322897e-01 6.820057528192395857e+00 2.992729248407852261e+00 0.000000000000000000e+00
3.337263127087599202e+00 -1.906782051820518520e+00 2.957225557308979624e+00 -1.215018671556171714e+00 -3.722498311118557002e+00 3.579084736129774846e+00 2.016545084018534162e+00 -5.276580972867211949e-01 -1.786905689084522741e+00 0.000000000000000000e+00
3.845468929991867402e+00 -7.605747507683451314e-01 -2.613139255496634838e+00 9.356076130650695100e-02 5.913328733737692744e+00 -5.795129085423591953e+00 1.804171371568140447e+00 -4.204648902511627651e-02 4.041409308707526904e+00 0.000000000000000000e+00
