-1.428207887428838196e+00 3.340867198758449508e+00 8.844146125316992846e-01 -1.527740942060528351e+00 -1.666391217932484681e+00 -1.074625706623942412e+00 3.828647150953661704e+00 4.161563574210810579e+00 -5.245811280813320598e-01 0.000000000000000000e+00
-3.031591943607966133e+00 -2.397935171782711317e-02 1.210899071890893186e+00 -1.502239594108576437e-01 7.494350989972958788e-01 1.665213474680127259e+00 8.916555900165284987e-01 3.882609750269228610e-01 1.352436382403169324e+00 0.000000000000000000e+00
-7.732542163372224664e-01 1.006533804523230158e+00 -1.919943915744403151e+00 2.162136531569408826e-01 -9.973765133571972363e-01 -1.430830264686928865e+00 1.202680950830343765e+00 1.468059579558006478e-01 -3.309842150999888766e-01 0.000000000000000000e+00
3.121837836317954196e+00 3.210985733931383534e-01 -2.674416922346803283e+00 2.851105154586236257e+00 -3.624359730130700008e+00 -2.173392582903103332e+00 -1.598795324558494269e+00 3.069522189496689979e+00 1.795136172436233996e-02 0.000000000000000000e+00
-1.415220084851133375e+00 -4.615503981093305175e-01 -8.257159686574041535e-01 -1.073154372909016052e+00 1.192620766203543320e-01 -3.913910315478131841e-01 -1.183052719329978020e+00 -1.415403271220322390e+00 -3.316251011593788767e-01 0.000000000000000000e+00
1.917604775391399841e+00 8.279958504372276762e-01 2.387972679205241811e+00 -6.559970057372039864e-01 -7.702760093904128524e-01 2.635379354269365315e+00 1.329837138813304787e+00 1.164955208991311553e+00 3.506689809241949618e+00 0.000000000000000000e+00
1.687707839509477309e-02 3.248052394670357668e+00 2.611493166047944570e+00 -1.724185389316104100e+00 -3.179413264248083237e+00 -2.238921917674828066e+00 3.962693902069335028e+00 5.209725126150964947e+00 -3.037406272922476447e+00 0.000000000000000000e+00
1.910748116946210606e+00 -1.273480246260277005e+00 -1.470318732282182683e+00 2.100750506375266724e+00 -1.273219057469015647e+00 -2.127905154298294743e+00 -1.300195366752860071e+00 7.436191496415145430e-02 -2.570368978083018785e+00 0.000000000000000000e+00
-1.194591846129617885e+00 -1.067705894366134167e+00 -7.764637704932549067e-02 1.547194501617443485e-01 1.324741662910357443e+00 4.176241545731112503e-01 -2.567923057948827067e-02 -2.536568244248339266e+00 2.071548421125948558e-01 0.000000000000000000e+00
3.173767977180911082e+00 2.064575772852630386e+00 2.167551699708417878e+00 2.152389298838931708e+00 -2.311686046398023997e+00 -1.072492952744618755e+00 1.486594115889608769e+00 -4.156240062320284423e+00 -3.957777606865534037e-01 0.000000000000000000e+00
3.025321213090726769e+00 4.448934467329386244e+00 -2.948675538364286197e+00 -6.952157360926427554e-01 -3.841869602773816172e+00 -2.562395674408067259e-01 4.328934544601942491e+00 2.331167411304331694e+00 1.250708987627571211e+00 0.000000000000000000e+00
2.125133017710629346e+00 -2.671807192573731005e+00 2.031377493885149654e+00 2.215872736266154774e+00 4.365951352828307819e-01 3.431428356557331583e+00 -2.843316589151788865e+00 -3.957475966730376715e+00 3.542587233663534896e+00 0.000000000000000000e+00
3.543286182777706017e+00 4.043272196837334853e+00 -3.105493270818982410e+00 1.146113405275964281e+00 -3.151072180770416065e+00 -2.277284079243190540e+00 3.400842970842932633e+00 4.096466007925245734e+00 -1.690080872918144017e+00 0.000000000000000000e+00
4.430772436133121772e+00 3.628020906387268596e+00 2.789532666046436127e+00 -9.373218649537510272e-01 -3.010761046494405235e+00 1.343660514162988262e+00 3.905184793254818931e+00 2.616232298258975852e+00 1.675466037600627178e+00 0.000000000000000000e+00
-6.374116451720378551e-01 3.846690517174568280e-02 -5.782808816010028830e-01 -1.554382871335544758e+00 5.385416554252017152e-01 2.179254115319113616e+00 4.993988811262893290e-01 4.697598368344467090e+00 -5.801357081340509092e-01 0.000000000000000000e+00
3.213950496264271095e+00 -2.865546010173248170e+00 -8.031663975894125507e-01 1.934936965958008459e+00 -2.083342997571267508e-01 -1.390179606070790275e+00 -2.861219197060014707e+00 -2.957141459720810772e+00 -1.312204326703070967e+00 0.000000000000000000e+00
2.031804003068053532e+00 4.716202036699661981e+00 4.655873164127862784e-01 -5.451291972801214358e-01 -1.988337544158635062e+00 -9.399111066554236560e-01 4.514944534897995965e+00 4.777212051358600498e+00 -1.532206619961635985e+00 0.000000000000000000e+00
