-3.349077048961164316e+00 2.117349144887508139e+00 -1.117450566283868296e+00 1.548827141512051142e+00 2.080018967770757676e+00 -3.447355678920496769e-01 2.710044815939488316e+00 -1.302352503486195356e+00 1.547778544028125758e+00 -2.917516189986766872e-01 2.136582137521471303e+00 2.593930687184992756e+00 8.124785303336566900e-01 -1.523392942764155933e+00 0.000000000000000000e+00
-2.072798882203205351e-01 -8.225596259315788306e-01 5.390447379607072875e-01 -7.068461909298250356e-01 -1.288048718906321444e+00 1.172876740387580163e+00 -2.323405594273367236e-01 -5.325487206029651255e-02 7.058220891642145167e-01 4.097680557678808344e-01 -3.629910321620377078e-01 -2.817676418925618154e-01 -1.081349358549523881e-01 -6.713689841633161404e-01 0.000000000000000000e+00
2.598999748916869801e-01 1.418695972561990981e+00 1.483352411525084236e+00 1.393148847869347451e+00 -5.266192192264161909e-01 1.802643564588504610e+00 1.324715527169506024e-01 6.291643414116242505e-01 -3.203354197259145497e+00 9.473805612642712815e-01 -3.435235912559490679e+00 8.236866615689326654e-01 1.879850199290770130e+00 -5.769887226245939971e-01 0.000000000000000000e+00
-3.671296330549511211e+00 3.686211797206463636e+00 1.406992305526890918e+00 2.287092976935858335e+00 3.782702649944748696e+00 4.608225917894619883e+00 4.193183073399413985e+00 -3.277273457180547300e+00 -1.109290296209702653e+00 2.040932504327768182e+00 -1.545866022871230427e+00 1.579352050917154360e+00 7.084797430058685785e-01 -2.461367815967514527e+00 0.000000000000000000e+00
3.747792103800000052e-01 -2.892501492094597115e-02 3.316711079180433286e-01 1.008156499625457309e-01 4.727678659575643844e-02 -4.337660773041229212e-01 -3.298642129823369795e-01 3.507898584326558655e-01 -1.948027729302443667e-01 3.844678654299636678e-02 1.818092055806998231e-01 -2.085497185381101348e-01 3.144202345355520678e-02 3.908556429992716685e-01 0.000000000000000000e+00
-2.385038158254188634e+00 8.773028343513079585e-01 -2.943473043434058134e+00 -2.196548700516146368e+00 5.620944794054798244e-02 -2.296601661668504768e+00 6.364885367307290265e-01 -1.028758916045770855e+00 1.974921144194650369e+00 -2.970647217078843383e+00 2.020147510223717635e+00 -1.162476461942485439e+00 -1.467795987393137880e+00 1.273277348149310484e+00 0.000000000000000000e+00
-9.836931388309559932e-01 1.857584586203989030e+00 -4.324711328927982046e-01 1.737071078142211844e+00 2.275115887729672437e+00 -1.695445286720757672e+00 -1.603532433771705845e+00 -3.628339049055830934e-01 9.409838820019578165e-01 5.186687351238392085e-02 -4.163073758006070602e-01 3.506559986390078154e-01 -4.852321097310751674e-01 2.155392106606825120e+00 0.000000000000000000e+00
-3.788946276978231165e+00 3.084747593489115758e+00 2.902137722989317048e+00 2.775378801597513156e+00 3.012243583677845837e+00 4.010209689742887385e+00 2.666546232833413299e+00 -2.494354807030185306e+00 9.857913130791561285e-01 4.077260760985199184e+00 -1.456268081929564528e-01 1.617085744988772333e+00 2.330215182444694388e+00 -1.451421000619371293e+00 0.000000000000000000e+00
4.421086150399862191e-01 -8.112606094716720007e-01 3.146103142162495758e-01 -4.886089748872001759e-01 -4.371150076200989720e-01 1.176695027052369752e-01 8.815257732400012536e-01 8.331076450928538435e-01 8.998837074290118032e-01 6.012045928348576096e-01 5.865531017502729760e-01 -4.200711955890026883e-02 2.389927514175684553e-01 -1.122856463235673286e-01 0.000000000000000000e+00
3.674536535403614967e-02 -4.302571615454598764e+00 -3.581631915473598937e+00 -3.197095739647892287e+00 -3.671927099434043384e+00 -5.193926818632094156e-01 -2.847176496556203862e+00 2.843116572433876055e+00 -8.550506510520198278e-01 -1.722226099273284738e+00 1.886849482296613534e+00 -2.202709601779332615e+00 2.325597609556917078e+00 2.579197228918079343e+00 0.000000000000000000e+00
-8.784620591676923773e-01 -3.328746071080999069e+00 -3.626260034105246444e+00 -1.657122883967375726e+00 -3.643373561394608551e+00 -2.739116530253767667e+00 -2.262643667546979209e+00 4.446530326013361289e+00 1.110302439643678918e+00 1.587372801830635449e+00 2.901737698273878063e+00 -4.131674112070437666e+00 -1.438801155626820316e+00 4.064336530579902629e+00 0.000000000000000000e+00
2.812892032113388119e+00 -1.367427772397654895e+00 -3.413293911390104629e+00 -3.716866727338468124e+00 -1.916800748620887118e+00 8.703294396457584847e-01 -2.007477105811149798e+00 7.525598285701869949e-01 -3.709169996058310770e-01 -3.760510132216983603e+00 -2.378919582085544882e+00 -1.408114872595850775e+00 -2.316780171762046425e+00 1.551963838300794318e+00 0.000000000000000000e+00
-2.969592520203564234e+00 1.361716652392115368e+00 -1.101545717847114192e+00 3.329000501305197535e+00 1.369995733440253272e+00 2.941768297882040528e+00 3.242875994305828069e+00 2.610319118498266033e-01 1.373021219635610635e+00 3.279726736268002152e-01 -6.909207853080973072e-01 -2.488918151237402565e+00 -9.084198139750379042e-01 -1.768058704994517560e+00 0.000000000000000000e+00
-2.194993314754987435e-01 -4.587310670450949424e+00 -1.408368243093211403e+00 1.468822052229065145e+00 -3.701379298320655931e+00 -3.727371147521036931e+00 -4.924179135642843264e+00 1.201471815511545804e+00 -4.037537363374852362e+00 2.649430903558481987e+00 5.011088749245206087e-01 -4.783493044025364682e+00 -2.068286518283607711e-01 3.415005880177179876e+00 0.000000000000000000e+00
2.599718214233417979e-01 -4.805212500466871539e+00 -7.357715126485369073e-01 3.632186364804791179e+00 8.623399089867198608e-01 -3.676693706036608944e+00 -3.791147883694190313e+00 -9.819831467476656250e-01 -1.514295820029032125e-01 5.377255408129165914e+00 7.016092093649873851e-01 -2.608143087014363370e+00 4.222609660490802774e+00 -2.312872125267713130e+00 0.000000000000000000e+00
3.234881021233270704e-01 -4.731550356486156073e-01 -2.867408685969804250e+00 -3.490093193494594459e-01 9.410016930841784422e-02 -1.198690113112621969e+00 1.477271230650009301e-02 1.299718374432047019e-01 -1.749366199066881844e-01 -1.523793125937811910e+00 2.381961743834553336e-01 5.204276361331122702e-01 -3.616185024030146300e-01 -2.831710882707445531e-01 0.000000000000000000e+00
1.332508238307708481e+00 1.859573005092004738e+00 -3.623611865195051518e+00 6.319884524442506146e-01 -4.993774850929433295e-02 -2.858936573313246576e+00 -1.449182769882501720e+00 -1.068617575037526857e+00 -4.432113349655004142e-01 -2.135985266037734753e+00 3.473778793037300416e-01 1.407928456526907457e+00 -1.247135648919821760e+00 1.126951422794300051e+00 0.000000000000000000e+00
