-1.821327838983218594e+00 -1.433440188480095356e+00 1.065308632722036464e+00 1.880901054184979104e+00 -2.169376706558604706e+00 -2.389915598011076447e+00 8.810080467321820263e-01 -1.357529432142682069e+00 -2.243099485423286854e+00 -2.483108875498089230e+00 -3.986025541188039090e-01 -2.290682753092877277e+00 -2.227208334870607320e+00 4.444153334842680714e+00 0.000000000000000000e+00
-2.770647673940397279e-02 6.586677920506749384e-01 3.386576389164522194e+00 1.255115398668105398e+00 -9.052219539584991370e-01 -1.669310773276816429e+00 2.785707896033946973e+00 1.285472488535335467e+00 -1.202534378120834635e+00 -1.387622708284626416e+00 -6.287581977628298180e-01 -1.511018446420785200e+00 -6.005563857202608213e-01 3.679801292363432452e+00 0.000000000000000000e+00
-1.525123804998822497e+00 -2.198500282587418919e+00 2.690745113868644012e+00 3.613148909326811542e-01 -7.099002282754846016e-02 7.799762661190172419e-02 -2.569237001751769611e+00 -1.188228221466673507e+00 2.199506609363258480e+00 8.747318361534978104e-01 1.480148309399537565e+00 -2.416458106155394969e-01 -1.526170660085028885e+00 1.477376182224686418e-01 0.000000000000000000e+00
1.338162880795749077e+00 1.163311461081081966e+00 -7.735671035871727330e-02 3.025536272332558063e+00 -3.260753576950198851e-01 6.211471295947391669e-01 -1.091232090751221184e+00 4.254732875466313291e-01 1.774467397820606585e-01 -1.276355582158876512e-01 1.837718917161103027e+00 4.744345790364168369e-02 7.037061969446082310e-01 -5.401696874895960399e-01 0.000000000000000000e+00
6.536587090311953840e-01 1.115329627396882461e+00 2.597268286791683423e+00 8.958038376473480557e-01 -1.927926098575506730e-02 -7.948716504210677769e-01 2.561941320668456257e+00 2.808227126860770362e+00 -2.844271989799727063e-01 -3.694263438827536383e-01 -6.483682512616100180e-01 -6.723270210397515045e-01 3.232629431318113089e-01 2.703534312371855819e+00 0.000000000000000000e+00
-2.140712381409281218e+00 -1.442954386860810789e+00 1.293847743476755907e+00 1.063415036683229342e+00 -2.033399891071478116e+00 -2.250275876547561449e+00 1.071009054078227107e+00 -9.113592773280089210e-01 -1.253900162526575768e+00 -1.682455427083781707e+00 -1.917267053028716584e+00 -2.304189102384908150e+00 -2.417885975167585411e+00 3.889214695851639370e+00 0.000000000000000000e+00
-1.278532234713897875e+00 -8.186002336660501699e-01 3.513072355826721282e-01 2.084886702518608192e+00 -1.259550878691870990e+00 -1.656812098667556521e+00 1.854579432702992303e+00 -5.481823863037776912e-01 -1.691765344487347722e+00 -1.508249688385095988e+00 -2.313728906207886682e-01 -1.730532352227982518e+00 -1.880242544646464564e+00 3.584365046115428388e+00 0.000000000000000000e+00
-1.567988223504556133e+00 -2.037880045162637987e+00 2.702633734577688074e+00 3.270685722048984334e-01 -2.896502516028895413e-01 -4.097593511215982809e-02 -2.512348436199007384e+00 -1.695258416459206163e+00 2.066265060247112206e+00 7.057253656267001851e-01 1.132585289502655579e+00 -2.718465855386792418e-01 -1.528456387175426645e+00 1.004157604983395347e+00 0.000000000000000000e+00
1.021455400235345312e+00 7.475663079600577410e-01 6.369675898057970409e-01 2.358141533729309458e+00 -1.841198873414817694e-01 5.162865893376323845e-01 3.908070012413926153e-01 -1.712030674975965061e-01 2.196526918279169960e-01 -7.574326110170892523e-02 1.410764943599527754e+00 1.714563610481815159e-01 1.885445997421807129e-01 1.397529561748610816e-01 0.000000000000000000e+00
1.116241804535669901e+00 -1.212235226521369169e+00 -2.174280628726622311e+00 5.089779324629067903e-01 -2.965327354195707033e-02 8.194754947777446175e-01 -3.632264819738179051e-02 -1.086560975336383184e+00 -2.517145556979039078e-01 2.203434914949662371e+00 1.330083711774180166e+00 8.086711404445309226e-01 -1.566201529438507212e+00 3.609093828353706068e-01 0.000000000000000000e+00
-4.564862590786493771e-03 -8.543950248903521560e-02 -6.778827083328767822e-01 -6.004378920857414981e-01 5.355487359762681199e-02 1.065785126224238627e-01 -6.244430680074825046e-01 -3.189131586308879829e-01 6.449164524724010361e-02 6.972468900606612618e-02 -9.755095130599247821e-02 1.005616126211507921e-01 3.182570587631941561e-02 -1.420025792031338385e+00 0.000000000000000000e+00
-6.337497669366551345e-02 4.775091460355075645e-03 -5.672591922539936826e-01 -6.588453465743994153e-01 -1.995752739832622469e-01 3.175526901511353112e-02 3.117682550800245922e-01 2.705998576778526066e-01 -2.974204119195675844e-01 -2.584028200548740273e-01 4.647376102570365819e-01 -1.007357576320529746e-01 -4.732042470178936949e-02 -2.416006623098889972e-01 0.000000000000000000e+00
1.389301606787888069e-03 9.873773844062212757e-02 2.653960125145575222e-01 2.503506393649831407e-01 7.163776727161864921e-02 9.905574074388326378e-02 4.059986492376622125e-01 3.215425999006842339e-01 4.871808963025023309e-02 9.147179444529489334e-02 3.804866382714106599e-01 8.874577356870466671e-02 5.626723299654089183e-02 8.140061284586184165e-01 0.000000000000000000e+00
-1.044301357556515875e+00 5.405186284670309149e-01 -2.036215159856371582e+00 -5.459185710463922980e-01 -1.849969825227099351e-01 -1.373641706550156938e+00 6.708674542228333371e-01 2.408723305251109226e-01 2.402366784179076065e-01 4.347376160514562216e-01 -2.297670606830466866e+00 -7.572628138429735589e-01 -4.384658683044866945e-01 -1.276183729485399043e+00 0.000000000000000000e+00
1.706559482971954089e-01 4.680017794697607231e-02 -3.627119226744751623e-01 2.534779361284599797e-01 3.128152636417285554e-02 1.231663774870187661e-01 -2.925955126723192024e-01 2.677418099507155799e-02 6.283729334673106293e-02 5.709020665872620304e-02 -5.845437766965650983e-01 5.983202587231752079e-02 1.309043394217296041e-01 -8.653911432143559512e-01 0.000000000000000000e+00
-1.026790565948133699e-01 5.542722995678599496e-01 -1.040398982797968053e+00 -2.782864237385409001e-01 -4.075252964755405327e-01 -6.999608709738093237e-01 -3.538104384279966430e-01 -2.203999712290264923e-01 -2.483916451473041909e-01 -4.559714454703276409e-01 3.827725238325116464e-01 -5.972850022548282789e-01 -1.321451080637559283e-01 -1.367118026331636260e+00 0.000000000000000000e+00
-1.050175292958414053e+00 -1.861334515427644387e+00 1.239775482683733276e+00 -8.553775327648395210e-01 3.588264512275619045e-01 -2.852970326274657076e+00 2.390736515763302261e+00 -1.543626244977142514e+00 1.201905474561426601e+00 1.497688151417682301e+00 -7.838276956332258516e-01 -4.027461015396110455e-01 -2.919176574355065501e+00 -5.653235640627177760e-01 0.000000000000000000e+00
5.383525542246504481e-01 -1.429763887607603756e+00 -1.033675796990194629e+00 5.164438021357451447e-01 8.102186967374773729e-01 -2.073944181616090177e+00 5.823551314801481693e-01 -1.808462244302356137e+00 2.779408970090583436e-02 -6.954310066941331303e-02 -9.762288497828185141e-02 -1.576518831072118432e-02 -8.497486507163896086e-01 -5.256372022272555178e-01 0.000000000000000000e+00
-1.328620704815175024e+00 -9.584903749540144569e-01 2.944174774877376111e-01 5.535013336635276338e-02 3.868479979549387937e-01 -1.062606828670809689e+00 -9.857378863080001885e-01 -3.592643310450036043e-01 5.772210754482880457e-01 9.536596975366409268e-01 1.493054821339933613e-01 -3.860130157535771600e-01 -1.024507332757852163e-01 -9.269481302545011792e-01 0.000000000000000000e+00
2.926071575124791213e-01 -3.039519995289398646e-01 1.771360427777928903e+00 1.286076481081646961e+00 7.326059261311922421e-01 2.881242714452294518e-01 -5.417075148703881515e-01 -2.023368993898073120e-01 6.916966917399887116e-01 -4.205419727896231863e-01 2.909063611528869275e-01 2.699675513907295876e-01 6.559171651515588453e-01 -1.376874410501428780e+00 0.000000000000000000e+00
-2.398836038359513534e+00 -1.905018127449017662e+00 1.216611390553488548e+00 4.690559018038576444e-01 -2.639845623931349916e+00 -3.352871830016625587e+00 4.805421816329328299e-01 9.258214301354254772e-02 -9.167427602599352854e-01 -1.414972060168812940e+00 -1.772727287311109512e+00 -6.006567119996106818e-01 8.860768606690254401e-02 3.728050443087936205e+00 0.000000000000000000e+00
-2.020794856616674906e+00 -1.423309525907810791e+00 -5.639598852356059178e-01 -1.272026505874053415e+00 1.700318834604227280e+00 -1.713750662880771491e+00 4.612323897663931360e-01 -2.189154566681193792e+00 -1.806574426441928116e+00 2.654143015343000567e+00 -8.513699286943124944e-01 -8.425544700513711016e-02 6.375695790509399163e-01 -1.083809057287931532e+00 0.000000000000000000e+00
2.493264767371834723e-02 -7.360961362013795917e-02 4.863722896029829684e-02 6.071147663757681112e-01 -1.496883007514446584e+00 -2.423443541637281928e+00 1.477850961129451024e+00 2.705465042997826086e-01 -6.050032942970924310e-01 1.855068306062103434e-01 -1.118422680526161228e+00 -1.246848671898492356e+00 -2.540573949417739286e+00 1.269856760493845105e+00 0.000000000000000000e+00
9.804233990077624306e-01 -1.229616212323711322e+00 1.513679887538059043e+00 2.157873172977476106e-01 -7.794024339787903877e-01 1.169998594018443638e+00 8.508518828483398189e-02 1.112218153609168425e+00 7.498494602490912708e-03 7.984309969729802559e-02 8.239897282132865874e-02 -1.188502418708370811e+00 5.513818093428191069e-01 -2.056024529740461126e+00 0.000000000000000000e+00
-2.025212793120542809e+00 -1.866681979966702543e-01 2.982400836955493073e+00 1.274075111908804958e+00 -6.738442715629403557e-01 -9.719584144906655565e-01 6.008455764235330898e-01 3.508179976783624698e-01 -1.692572828643678307e+00 -9.122365208303091499e-01 -1.137939838983022423e+00 -1.840329771739654063e+00 -8.346215311229032707e-01 2.718619823313343176e+00 0.000000000000000000e+00
