-2.458031782713697044e+00 4.261391314068439407e+00 -2.425400929538362949e+00 -1.975516778703277909e+00 1.725762669124100701e-01 -2.153667480291673542e+00 8.242654165339908801e-01 -2.437714525954301603e+00 -2.683524212484242000e+00 -2.162115462466287052e+00 3.576449984128041937e+00 -2.505637942640524862e+00 -8.017161017454328409e-01 4.869393826926670776e+00 0.000000000000000000e+00
-1.838812745220057776e+00 3.783451661478013595e+00 -3.831564959840264573e-01 2.050484768964275784e+00 2.405481713913201869e+00 7.652462061829957696e-01 4.351090004476287909e+00 -1.338724078078152191e+00 -1.830668145199559671e+00 -1.187402018635467682e+00 4.516069402806472510e+00 -1.642102725245057515e+00 3.143164768163061229e+00 4.299473455447845538e+00 0.000000000000000000e+00
6.563655370786816157e-01 7.420340190779502187e-02 -1.264964673185239530e+00 2.620912083293362449e-01 -6.209917628466612438e-01 -3.804522927300754143e-01 1.657658356175506220e-01 4.741073665505268764e-02 7.188197606579560528e-01 -1.050773581704708137e+00 1.270122535200086666e-01 5.806384594994401516e-01 8.806615816070868519e-01 3.268104862025018181e-02 0.000000000000000000e+00
3.027854008649928930e-01 3.890942208659910140e+00 -8.262764775004537154e-02 -1.064465867937547938e-01 -8.540823892714237697e-01 2.926899698755359713e-01 -1.132697127602265930e+00 -3.948095222625932869e-04 -7.096490844368317230e-01 -4.052748771780871340e-01 -7.585391585164753536e-01 5.448134944859264195e-01 -8.934993750569478546e-03 -2.133731366062417312e+00 0.000000000000000000e+00
-1.187582006920780531e+00 3.538742974685433307e+00 6.868490363337630411e-01 2.850490658764764706e+00 2.332856988186759573e+00 2.028596027197098639e+00 3.741245233686634197e+00 -4.207621191304869446e-01 -9.410632813852300993e-01 -3.713746454449364243e-01 3.986949750320593733e+00 -7.865624832550068835e-01 3.338104682190083050e+00 3.829591605324198955e+00 0.000000000000000000e+00
-2.520790463738470155e+00 4.186438218198610173e+00 -2.765751031895221423e+00 -2.080748949440327511e-01 7.349327954964558485e-01 -1.303229012271439391e+00 9.352623136495609169e-01 -1.730090535985280509e+00 -2.244610168846406850e+00 -1.972418143076784203e+00 1.694590294870913949e+00 -1.707254816185198365e+00 1.106016689952658449e+00 4.788630099949090280e+00 0.000000000000000000e+00
-1.637890095234334265e+00 3.999781423897074362e+00 -1.417459217592905274e+00 -1.043043728121994640e+00 9.835572426189265194e-01 -9.866312840884555735e-01 2.250850028350210863e+00 -1.251593494547812879e+00 -1.888872010407553370e+00 -1.448622130951223053e+00 3.183087623560012958e+00 -1.626854766661071539e+00 -1.516596736494945086e-01 4.804179575952228554e+00 0.000000000000000000e+00
4.533688894550021442e-01 7.679999655490429289e-01 -7.695965883685530473e-01 1.643880591234976318e-01 -7.856018370363651027e-01 -9.595275549889169253e-02 1.026514848183262829e-01 -1.000695942584227047e-02 3.306379248049266528e-01 -9.329208657051873965e-01 1.138357029053941094e+00 2.687029395893843486e-01 5.234968152476913161e-01 -8.854559194408737621e-01 0.000000000000000000e+00
2.576195963065016636e-01 3.072764588811514486e+00 -4.352885173069313551e-01 1.531335922378391778e-01 -9.071939645282023346e-01 -2.453735434848930697e-01 3.519749737605627482e-01 8.267068351300874141e-02 -4.608547616892205712e-01 -3.316904926183885660e-01 -3.128779225569126021e-01 3.791006564772423371e-01 2.829228708213895049e-01 -2.095644646113206999e+00 0.000000000000000000e+00
-1.581209106581994206e+00 1.800966414029391283e+00 -4.672608818443706458e-01 -4.692728527548842843e-01 4.948900984978918949e-01 1.458022248031569656e-01 -5.379422017850522542e-01 1.104194346852285458e+00 2.280465934451083587e-01 -1.446155648406647620e-01 -7.753273352449515654e-01 5.182235081920408826e-01 -4.569079629026355505e-02 -2.876000312338077514e+00 0.000000000000000000e+00
1.485205724445210762e-01 -2.833997324413664920e+00 2.205811190196446496e-03 -4.627446631060887494e-01 -7.357696064475868214e-01 -2.009173038387797872e-01 -1.311209018848760621e+00 8.901153844856798947e-02 1.291536603885912182e-01 9.115770185308799678e-02 -2.101730592981084111e+00 1.095810569172545740e-01 -7.852625473800544098e-01 -2.970307030884999033e+00 0.000000000000000000e+00
-2.788580752531660129e-02 -6.797283913886287277e-02 7.762256581405328759e-02 -2.429108235859696596e-01 1.761350426793312999e-03 -1.552399245644055792e-01 2.176316176494668131e-01 5.554010083967626105e-02 -6.803822557098050672e-02 4.271311441607868881e-02 -9.609836339689399598e-02 -6.872168630475050666e-02 -2.683854461988974816e-01 1.629032799805499657e-02 0.000000000000000000e+00
-3.683542448284213289e-02 -2.168675631783694602e+00 2.797566740428745341e-02 3.890741245672207915e-02 2.886913127164041359e-01 3.241385427526762009e-02 2.351315847183428620e-01 9.571403858018594571e-03 6.473675198618602383e-03 -1.154707423668022842e-02 6.712365426157611559e-01 -7.346195749127776287e-02 5.221266193226296870e-02 1.457080505675181437e+00 0.000000000000000000e+00
-9.152975263411141649e-01 -7.383148725737627149e-01 1.142803571555070508e-02 3.080944943102383871e-01 8.144354387625465375e-01 1.673324741906870305e-01 5.877823845926608559e-01 -1.393444288420807586e-01 -3.535378786540717133e-01 -3.920204351115504360e-01 4.894136147892482747e-01 -9.698840197599743751e-02 1.692003421420072984e-01 -9.601012726316043855e-01 0.000000000000000000e+00
8.565028808030673846e-02 -1.126332888984268754e+00 1.306201824398907918e-01 4.118822561753732736e-01 1.171490733850271582e+00 1.842167498272372916e-01 2.294879596495307539e-01 2.984417759504556233e-01 5.956444686112678799e-02 1.039218044801133028e-01 -4.724301964549616484e-01 2.011956185839209599e-01 3.930802372113040288e-01 -1.418333066410096821e+00 0.000000000000000000e+00
-3.129725445400782236e-01 2.020263997464782635e-01 -3.262037486613458825e-02 4.874620381811612946e-01 7.358279724580140124e-01 3.019449732040665330e-02 6.253105197458247444e-01 8.029197684121266998e-02 -1.243239587897460377e-02 4.871751491525468797e-02 6.227868015132397295e-01 -5.069658047974637261e-02 9.569544315135740387e-02 1.832812654279437847e+00 0.000000000000000000e+00
1.667478649199607421e+00 -2.207969754848126520e+00 2.085355168180919594e-01 9.003567681168486159e-01 -6.029518183145634591e-01 2.109224380719620040e+00 -3.864260935957489096e+00 -7.349629892345422855e-01 8.421996809860587963e-01 -1.068415219371917413e+00 -3.953520339209185774e+00 1.780169680608314209e-01 -1.354672792652322988e+00 -2.463971955705996475e+00 0.000000000000000000e+00
1.788301289360398338e-01 -2.272236652582447558e+00 5.646344434196375051e-02 1.244686210889499378e+00 -1.505768091642982753e+00 8.262674468509113579e-01 -1.152414868578938378e+00 -2.396027075135645834e+00 1.141367912681688690e+00 9.312950748988050309e-01 -2.975175881904931874e+00 7.066802249757843102e-01 1.415883565505829056e+00 -9.067139352031069466e-01 0.000000000000000000e+00
-1.839379684936088000e-01 -8.237874416372360509e-01 -9.129045943162884813e-02 -8.211692638868548499e-01 1.566240183496634630e+00 -3.068674417063586013e-01 -1.088440765402554300e+00 -1.127029392739761882e+00 -4.705351706511575749e-01 -1.128067389939392956e-01 4.670019954758437564e-01 1.523823913711269462e+00 -3.345822305596806157e-01 2.422710005947849854e-01 0.000000000000000000e+00
2.612182236059226170e-01 1.535346141135547626e-01 -5.932093262965792979e-01 -1.059912430871903011e+00 6.245230414010953801e-01 -1.108241086992085567e+00 3.012251605395560583e-01 -2.655502682416491789e-01 9.119719400611941279e-03 -1.169195797575140333e-01 -3.789698786653721008e-02 -1.451833624463863548e-01 -1.331591951040891120e+00 1.179213637744201293e+00 0.000000000000000000e+00
-1.079222127712255341e+00 4.175146437461490834e+00 -2.619815755551866854e+00 -3.339686552867602853e-01 1.163567770673727825e-01 -1.312281572836682786e+00 -6.254078027620302294e-01 -2.117212009467174028e+00 -2.604942583675691203e+00 -1.180889575441383510e+00 2.365508898574105956e+00 -1.475090538093789094e+00 2.777400729084071318e-01 4.183614455823673417e+00 0.000000000000000000e+00
3.771003221475310863e+00 3.447678057157415044e+00 -1.358479344536358102e+00 -3.042700898598229564e-01 8.233952810949015655e-01 -1.155211845152802397e+00 -4.431568745547113664e-01 -1.003628528303994072e+00 -3.011491243528263695e+00 2.459615379231700205e-01 9.566644607249012999e-01 6.090590544241218929e-01 2.098260895441652618e+00 6.645851566149790779e-01 0.000000000000000000e+00
-1.513752799788629977e+00 2.194370317995422148e+00 -2.152564736743980411e+00 4.350436847171623711e-01 -9.973753487055556644e-01 -8.263292561416581972e-01 -6.709456575634678011e-01 -6.220965366380256656e-01 2.938355942215660765e-01 -1.198708398132434017e+00 6.315013435564996724e-01 -1.823791761249154986e-01 1.363916275874552220e+00 2.378875456604354177e+00 0.000000000000000000e+00
1.336602346826185617e+00 -1.638680251302956359e+00 -5.350172666610819583e-01 -3.248396479352168020e-01 -6.312808545278879579e-01 2.015816859263128702e+00 2.143735731196500183e+00 -3.343123393607213778e+00 7.143648447073925878e-01 -3.032556428577804830e+00 1.743018521488302719e+00 3.830465816058217787e-01 -5.765133486361487813e-01 -9.194825957415836415e-01 0.000000000000000000e+00
-1.291522330418167996e+00 2.480366192734082542e+00 -3.830596681136824722e-01 -1.714633867597073480e-01 2.007833803757036240e+00 -1.421449464453573341e+00 7.764952497558865741e-01 -1.421461992431421129e+00 -2.538917342239729869e-01 -9.812272236300833006e-01 2.424490706566299281e+00 -8.960310714881037919e-01 1.046362615861598622e+00 3.120049729270778727e+00 0.000000000000000000e+00
