1.967465848602107936e+00 1.203877547421043914e+00 8.387587146772191860e-01 5.196185549785522717e+00
3.441746519724337983e-01 -1.089389479635893831e+00 8.435180681267989700e-02 3.725289759930959566e+00
1.939269349663188258e-01 -5.835270728152468500e-01 2.356999037195699545e-02 5.743950909354877954e-01
-3.692594379852887965e+00 -1.664589084651764139e+00 -9.334776549871318663e-01 -8.641734736953470275e+00
-1.399375005433476926e-01 -3.001709497109950497e+00 -2.804321712547733769e-01 -1.016741779805663493e+00
-2.142423459694303423e-01 3.245720302457266726e-01 -1.342774743786602221e-01 -3.236949104767797847e-01
-2.292068105252520471e+00 1.411630810040875428e+00 -8.600483311476405657e-01 -1.322595242988326802e+01
-1.539634474584689050e+00 3.189359052095775970e-01 -8.839626963966619178e-01 -3.473845412460253801e+00
-7.624756778782696420e-01 -1.962972976052732577e+00 -2.774841753040815373e-01 -2.467379645945608324e+00
3.079777149953902615e+00 7.377215982414673245e-01 2.509705650481152128e-01 6.479798771482204067e+00
1.300071617619565023e+00 -2.094142458900000392e+00 -1.118574851758605826e+00 1.408254365948774733e+01
1.930336413638908954e+00 7.258127899428199470e-01 9.331489101667032049e-01 4.925314382436027927e+00
-2.839759657337237009e+00 1.485504382970150417e+00 -1.666179470798302198e+00 -2.007892317836979856e+00
-1.440965751959489283e-01 3.118380886012000364e+00 -1.532682350350712319e+00 3.250307291137088939e+00
2.149657871584647051e-01 -3.928736253110363119e-01 -6.526581913309366378e-02 5.285957934336837916e-03
-5.078059299217557720e-01 8.207487037907961192e-01 -4.786258657811403028e-01 -5.076716806387858050e+00
-4.748862040540984819e-01 1.261844898283114080e+00 -2.040635914459694444e-01 -1.571841609687482100e+00
-1.691746426277823678e-01 1.895171521131662762e-01 -1.254914776742222238e-01 7.369362873735202379e-01
-5.135339875986459635e-02 2.122431660376511431e-02 6.601981596951711495e-02 7.140120343761432453e-01
-1.251085964739787837e+00 -5.399477130802118885e-02 4.883337332742740400e-02 -2.349413787434959655e+00
-3.095644772542046619e-01 1.234028361753567893e+00 1.283141821531464499e+00 -6.804026619496319483e+00
-9.441849110071557361e-01 -5.975886726156555140e-01 -2.588725995607048525e-01 -2.712759927458221032e+00
3.133628035657009647e+00 -9.329076381559900377e-02 1.492127144427162655e+00 2.733434213357271769e+00
2.988666309606036187e-03 1.187262161569792862e-01 2.011542507276461722e-01 1.491036300124543301e-01
7.393548766569231212e-01 -1.921753595825962391e+00 1.996845433223395361e+00 -1.915839667807529567e+00
1.486985908493720254e+00 -1.014160099427504180e+00 1.255346449772525297e+00 8.303912936395171585e+00
1.653899778403601140e+00 -1.559764501405942028e+00 1.107095186305370182e+00 3.505776033794410829e+00
2.928239530692923198e-01 8.532345883319769619e-02 1.659745522816199748e-01 -3.196834802378937801e-01
1.904928100672919067e-01 -5.830559430924538988e-01 3.088882539612364253e-02 -8.151666866973242831e-01
6.253843397117813119e-01 4.622806286652130225e+00 5.524654461556939289e-01 2.892767068244735729e+00
9.391383984072296798e-01 3.346379345031153640e+00 8.220637762334225274e-01 3.598156797861762790e+00
5.566335653032946640e-01 1.126258900624291126e+00 5.121699394775633962e-01 3.833946563270825836e-01
1.562141760439278160e-01 -1.556044058496407478e+00 1.491039414837485033e-01 2.896553545767686089e-01
1.985878792878925658e-05 -4.688470194326684881e-01 4.676485543301438924e-02 6.997493748240516398e-01
1.959783111766351116e-01 -2.476797318821586172e-02 -2.396474275466092818e-02 3.346954992386568239e-01
4.706206973586279235e-02 -2.243853484087781902e-01 -2.951924006952281743e-01 1.247901214477320941e+00
1.649534064412797318e-01 1.214874275783905389e-01 6.711217691329571938e-03 5.124655834877387406e-01
-8.587846518779154170e-01 4.119876433835708424e-02 -3.442165454668310032e-01 -7.721469342105341527e-01
-2.644720427119457984e-01 4.243754049165687769e-01 -5.738298222150075567e-01 4.429627685357623301e-01
-2.644787735005368901e-02 5.126930571507440360e-04 -6.912938914729636897e-02 -2.801257814976389204e-02
-8.684073260696907604e-02 5.559914202719324905e-01 -5.021730246506644901e-02 -2.336329697590287413e+00
-6.135850165898500963e-01 3.328769963009590716e-01 -4.139408132947682839e-01 -1.276596034187088780e+00
-1.114757988745141010e-01 -1.201709790645189568e-01 -6.099200300252649587e-02 5.759863800831058200e-02
-6.449150029162989406e-02 1.687706821403128776e-01 -1.449977751440494067e-02 3.356830878538629159e-01
1.921534951652741907e-01 -2.006268036849209402e+00 2.490333064086334425e-01 -7.971165869355379963e-01
9.333640189809755405e-03 -1.594976937283315577e+00 -2.326072650330011093e-01 -1.639907995028655474e+00
-1.223609207706251450e-01 -6.105215163360864228e-01 -9.389467187497696488e-02 -2.453283283691624628e-01
-5.491982785199679695e-02 7.411862536402604729e-01 -1.856005991671107885e-02 -2.266997225954512363e-01
-3.944500128584525062e-02 1.865506322424680397e-01 -1.131179149564312536e-02 -3.819791713070948003e-01
3.626635995844620930e-02 9.450272504546495256e-01 2.352297223463522546e-01 1.755293692280273099e-01
2.346210705034266208e-01 7.574853376064829558e-01 5.401377236793881986e-02 9.093199670837898152e-02
3.978524597059946433e-01 4.864951098634878734e-01 4.040687697495015107e-01 -3.045043378410906831e-02
9.481812074197897011e-02 6.886196866529105121e-01 2.202501594653058503e-01 -1.729593595350016333e-01
1.357822654032874166e-01 -1.562916408767772991e-01 9.796964293101886878e-02 -3.027719722493473764e-01
-6.521531968777068144e-02 5.025808321244163990e-01 -1.281918850743513916e-01 -3.084752061705605675e-01
-1.656009615587822614e-01 -2.063718735926216297e-02 -3.006560881233419705e-02 -8.670563542619491582e-01
3.959088945666463383e-02 9.642734063077214313e-02 3.954604200123546659e-02 6.289033407406963150e-02
