1.493273860120991836e+00 -1.437423883256667922e+00 2.586565856000674568e+00 0.000000000000000000e+00
1.017490434929327614e-01 5.964851158550217580e-02 7.558601426870607820e-02 0.000000000000000000e+00
-1.387802368136315245e-01 -2.335727532377701032e-01 -1.401595321847292519e+00 0.000000000000000000e+00
-3.908091971056996128e-01 -6.091167924599686367e-01 2.608103327204200697e-02 0.000000000000000000e+00
-3.429078925547406342e-01 3.724826572266815017e-01 -3.474111464565096119e-01 0.000000000000000000e+00
1.324768006660483888e+00 -5.897581146571362343e-01 -5.379675061974241723e-01 0.000000000000000000e+00
8.978155256106089555e-01 -8.538360600380839882e-01 2.106640990008546321e+00 0.000000000000000000e+00
-1.221829340134536812e+00 3.286091272913886363e-01 -1.027658309008510962e+00 0.000000000000000000e+00
-1.401103650939575229e-01 1.057776243169984837e-01 -4.707334053592185374e-01 0.000000000000000000e+00
-3.733381717755453466e-01 -1.193842348685221655e+00 -3.810202964897314026e-01 0.000000000000000000e+00
-2.730226950073564862e-01 3.019785135210793503e-01 -2.641879864828504121e-01 0.000000000000000000e+00
-7.713009648466131463e-01 3.206239318688189344e-01 -3.916105233238574290e-01 0.000000000000000000e+00
-5.855204570893492860e-02 2.716151223053327457e-01 -3.643091649916710417e-01 0.000000000000000000e+00
-5.789684204978112758e-01 3.705737930824569704e-01 -1.397449737548375648e+00 0.000000000000000000e+00
1.509348810467471824e-01 -1.653260484289393456e-02 -1.338385561713949956e+00 0.000000000000000000e+00
-3.519608801399792125e-02 8.791707308755759842e-02 6.022457049736520268e-02 0.000000000000000000e+00
-2.653694355124081583e-01 -9.522378366399525396e-01 -7.152694904401910581e-01 0.000000000000000000e+00
-1.155182845467300989e+00 -2.346058314837025927e-01 8.743236259373085573e-02 0.000000000000000000e+00
-2.472167286698201405e-01 -1.611689241829484809e-01 -1.636566374818646252e-01 0.000000000000000000e+00
5.022438400302645101e-02 -6.088420098980462658e-01 9.356907442078813419e-01 0.000000000000000000e+00
-7.720049156663387480e-02 1.099428127141283962e-01 -7.530214810217454591e-02 0.000000000000000000e+00
-1.727307746319400872e-01 1.632250789755336495e-01 -3.800794000766338776e-02 0.000000000000000000e+00
-1.241684988722370833e-02 1.402718490450398370e-01 -1.167995244964125517e-01 0.000000000000000000e+00
-5.676955736819033760e-01 1.870887572754827144e-01 -6.234050887697306642e-01 0.000000000000000000e+00
-2.319716361871469734e-01 1.111556071434868093e-01 -3.097600634709633538e-01 0.000000000000000000e+00
9.985948194308652548e-02 1.729845053561950008e-01 -6.046119935198915885e-01 0.000000000000000000e+00
-1.321033912920623887e-01 -6.486400131645470024e-01 7.752004323836650945e-01 0.000000000000000000e+00
-3.906654661094266512e-01 4.011722284334922617e-01 -7.243382236862887513e-01 0.000000000000000000e+00
-4.257551416751141904e-01 1.571170563272907550e-01 -3.672348351358527552e-01 0.000000000000000000e+00
1.968450683170084592e-01 2.300425946302738223e-01 2.117370103035000894e-01 0.000000000000000000e+00
1.157547065619263238e+00 -6.699307638424009115e-01 -6.687916395443586071e-01 0.000000000000000000e+00
-1.539855952968207209e+00 2.924368226321258368e-01 -4.769186921447420291e-01 0.000000000000000000e+00
2.477567207657686010e-01 2.672371530088738512e-01 -1.037367719827134049e+00 0.000000000000000000e+00
4.814020528507350627e-01 -7.175915839420723419e-01 7.820483897245609217e-01 0.000000000000000000e+00
9.424084329897837176e-01 -4.221278373298489872e-01 9.800019770891427173e-01 0.000000000000000000e+00
1.203154956633419592e-01 -9.838889656767030312e-02 1.305173100199223668e-01 0.000000000000000000e+00
2.515127663477771391e-01 -2.837997042857757363e-02 6.910621582361765880e-02 0.000000000000000000e+00
2.409806349063698967e-03 -1.355127055145745052e-01 1.816897786527020553e-01 0.000000000000000000e+00
3.990120834696077659e-03 -2.620188360820528417e-01 3.338921749663271710e-01 0.000000000000000000e+00
-2.353342920224539558e-02 -6.767073687491848011e-02 6.150604751450743368e-01 0.000000000000000000e+00
-4.412218238747472876e-02 -8.142523109401843262e-02 -2.101751099084367969e-01 0.000000000000000000e+00
8.080522006715482597e-01 -6.299379641419802223e-01 1.517082441659663106e+00 0.000000000000000000e+00
1.065280126942349526e-01 1.115948481811066956e-01 -4.945927330380294196e-01 0.000000000000000000e+00
2.402605970499920585e-01 -3.293098657081681285e-02 9.181771744055107487e-03 0.000000000000000000e+00
1.979786985155427559e-01 5.754724103614320407e-01 1.455903891631145017e-02 0.000000000000000000e+00
-1.065060987453513963e+00 -2.291549640162613387e-03 1.181406794996779225e-01 0.000000000000000000e+00
-2.062015104616983230e+00 1.534205301440050517e+00 2.846909818344799947e-01 0.000000000000000000e+00
-1.202359089815977500e+00 6.977121163463455567e-01 -1.095341835946792131e+00 0.000000000000000000e+00
4.046042108560019002e-01 3.346766840661866138e-01 6.390061722814055489e-02 0.000000000000000000e+00
3.889956560529748697e-01 1.852351708968170974e-01 -7.411803291379587266e-01 0.000000000000000000e+00
-8.813144922000222259e-01 6.848790736814734659e-02 -1.708816266199250311e+00 0.000000000000000000e+00
-1.066845812575270003e+00 8.275918675393886814e-02 6.851614773049798102e-02 0.000000000000000000e+00
4.679230852450833589e-01 -5.951675637138782449e-01 -7.088355932052629038e-01 0.000000000000000000e+00
-3.792158841261297209e-01 -2.180522412313891656e-01 1.112294812611194672e+00 0.000000000000000000e+00
-3.879763708903105068e-01 -1.678322312698974639e-01 -1.373630278987560960e+00 0.000000000000000000e+00
7.882600954185778330e-02 -5.578009332567831352e-02 1.029970083378817902e+00 0.000000000000000000e+00
