8.746545598938852972e-01 1.279239878653437357e+00 1.311518580948369816e+01 5.027507052923996245e-02
5.777509173330820647e-02 -1.222412043797768688e-01 -7.916024739349160733e+00 -7.076138248843948375e-01
5.652848688745201744e-04 -7.435863394773603585e-04 1.867532454633322736e+00 -8.359956600630918944e-01
5.003065271816502513e-01 -6.033400162067337202e-01 -1.891465504104901996e+01 8.956313085771018256e-01
-1.104043804828002961e-01 -8.146666399931851155e-02 -2.844370374409206370e+00 -1.121878295626922872e+00
-2.737661330552723649e-02 3.838646431850148422e-02 2.553657064347799377e+00 5.579941774313857961e-01
2.511108360405375217e-01 1.182385706275416393e+00 2.064176704286997932e+01 1.632393371151002581e+00
5.723700861535778728e-01 6.483530918392739206e-01 -6.382150374836832896e+00 2.972842988473475057e+00
-1.470376966519488793e-01 4.968292575275046197e-02 6.001940736634939988e+00 9.187781369346199600e-01
-1.804568083657279498e+00 -6.074761592910798980e-01 1.249362433095638814e+01 -1.454644811646963909e+00
8.093568622628439790e-01 -6.652070711652811053e-01 -1.981610213817902633e+01 -5.520528787080105637e-01
-7.837592149624558191e-01 -8.853456114916047337e-01 6.648340805888823368e+00 -3.190172909038699878e+00
1.943734139210591128e-01 3.781644362020620265e-01 2.570941381809481285e+00 2.967272565803552808e+00
4.688886275959847083e-01 7.061615112170849251e-02 -8.964337659127341595e+00 -1.228743891015306566e+00
8.430711362662490771e-02 5.882994491519383251e-03 -4.547282758378720757e+00 -4.109966411078018744e-01
-8.296640703577656817e-02 1.647217555049053095e-01 9.190335574010614295e+00 2.052759166291806103e+00
4.503438670203549488e-02 9.349018101164119354e-02 2.675109747961913698e+00 1.003983395364565823e+00
8.270658316500550944e-02 3.786476022935753027e-02 -6.984964853618640390e-01 3.481754470327901307e-01
5.611092863763356142e-02 -2.298050534661388866e-02 8.111220980844486839e-01 3.196433096880021418e-01
9.728549836032451825e-01 4.204794688372712752e-01 -4.024418991487266339e+00 6.595026256868741221e-01
-9.653314577652112316e-01 -7.786312714495757792e-03 8.311506749813906580e+00 -1.930987491100653042e-01
3.600692782433329020e-01 4.091348481851572183e-01 -2.738665295074257600e+00 1.395105645605902556e+00
9.229468394396844744e-02 -1.320650679638845637e-01 -1.299415019098542068e+00 -1.929601632596663618e+00
-7.816991033101927666e-02 -1.816266339570560273e-02 2.400169097923372963e+00 9.203081609596533430e-02
-3.861672142555404585e-01 -9.270342390973396185e-02 3.733408012635678563e+00 6.225597157701832085e-01
4.726503182949354231e-01 -1.242520174641218444e-01 -5.924388047025240134e+00 -1.379309088536884609e+00
6.109419120497183719e-02 -1.066043076112815902e-01 9.169381008424530854e-01 -1.050708750750238618e+00
-9.325237161837002242e-02 -1.457307455203088464e-02 2.320907796831394698e+00 -5.278654145915906426e-01
-5.712698552965078669e-03 2.461236813873834972e-02 -5.250555363310336343e-01 -3.982156249201707077e-01
2.037168225788287546e-01 2.097091352651216933e-01 2.076553589332908345e+00 8.268449321641901939e-01
1.440079675011907701e-01 2.122778894478584422e-02 -3.743242005727350552e+00 -7.149437459569358833e-01
9.570022697902602626e-02 -5.265346977428708719e-02 -4.032005537825275709e+00 -7.151777977122348862e-01
4.470394607011482502e-02 -6.916572963841755017e-02 -1.783066397733297670e+00 3.812346595917892600e-02
1.994590855777911287e-03 -4.554555024809556207e-02 1.076766652266352153e+00 -6.059092204757904332e-01
-1.605631866396540763e-01 -6.935472765090636149e-02 5.086483109924107016e-01 -9.763724386527355970e-02
2.443854826012976100e-01 3.597303714295359278e-02 -1.268487328673842285e+00 7.343979160135166717e-02
-5.604131204297987945e-02 -6.362656679382043545e-02 3.915571516796575446e-01 -2.203450353289921615e-01
-9.539899998438700068e-02 -9.778207478333314495e-03 1.262249783959240035e-01 3.964202829197793210e-01
9.110906029771989600e-02 2.500652138107167799e-02 -4.420470347428426816e-01 -1.094863819441111441e-01
2.159653574331299453e-02 4.312945411176417887e-03 -3.765763679441277434e-01 -1.315962440135162725e-02
-1.493649508016048344e-01 8.387809805059480428e-03 1.336656379983198306e+00 3.750932575438217786e-01
-3.415970763671125066e-02 1.959597810641189319e-02 -9.248227122710485082e-01 3.218796543011502864e-01
3.211842360905184379e-02 -1.583689757523168429e-03 -9.657527355420911785e-01 1.642306669001800112e-01
-2.478822966482413515e-03 -5.692643044426848320e-03 7.964491460343209317e-02 1.272648213541754392e-01
-4.864588234008690448e-02 -2.715325269629614291e-01 9.620784305367068301e-01 -7.984248726653496719e-01
-7.297790927704261854e-02 -9.252628155843242719e-02 2.965845777771404457e+00 1.869826751707056312e-01
-7.536905631361673352e-02 -2.906665392422980165e-02 2.001605087037324981e+00 3.298939200729408272e-01
-3.520428158742450186e-02 2.405879031790267297e-02 7.341889695180470188e-01 -8.543785709364537517e-04
6.639926206853719037e-03 1.010723021172948988e-02 -6.208137981807364536e-01 3.010418887572533508e-01
-1.682453767570252223e-01 -1.496200269421787965e-02 -6.734648250523079582e+00 -1.272527763019709379e+00
-3.347155729648998435e-02 -4.820663377030257046e-02 -3.723263998363291805e+00 -4.746408491463217638e-01
-2.604820197257379233e-02 -8.351097380913927171e-02 -2.894506953323600640e-01 2.053946493484989921e-02
-7.345819761972155471e-02 -3.966004748896659327e-02 2.642549949506263207e-01 -9.300555727019502172e-02
-5.156833996771224837e-02 -6.037440057881898747e-02 2.504001530730546321e-01 8.488112279697257456e-03
-5.781985572773734594e-02 -6.763823142997366089e-03 2.162058926909554701e-02 -1.235395861483379321e-02
2.298730210026436044e-02 -2.274273153550578422e-02 -2.635036969924862582e+00 2.928923922428603999e-01
8.915109956954801046e-03 7.289618500085409160e-03 3.360821153668226008e-02 1.998870931589020669e-02
