6.981402402135866714e-01 3.896005927708634520e-02 2.412510522434736515e-01 7.811357776969519717e-01
7.919201661458444286e-02 -9.633357023421651455e-02 6.712694568143547924e-01 2.681778095560718306e-02
1.370670787051788686e-01 -1.618146402848517906e-01 4.140354363364806556e-01 3.906272600095600511e-02
-1.075257062880440984e+00 -1.055807062966778731e-01 -1.169164010035686374e+00 -1.652337117219875084e+00
9.353969616168716916e-01 3.345239912078165623e-01 7.589022042644045785e-01 9.310902139644290365e-01
1.592264920940393846e-01 1.233789546771501405e-01 -4.288282401281542366e-01 2.458406742023473146e-01
-9.726346659941065287e-01 -6.400996323274456001e-01 -3.089028015665169491e+00 -9.681398818269844053e-01
-4.384415420719793843e-01 1.445661043771516441e-01 -1.722354478851789050e+00 -2.442844367799873462e-01
1.330676033067563213e-01 3.429031817617151368e-01 -1.332004827394927871e+00 4.946620293538192548e-02
5.569844655759171870e-01 -1.501409340925571878e-01 1.174383335423969221e+00 1.341071509633247061e+00
1.220001746627678463e+00 9.716624878853856728e-01 4.063784084447762623e+00 1.467450738979093394e+00
5.865394523577138752e-01 8.594463296021950804e-02 2.151252017526845250e+00 2.763704326618843243e-01
-1.539596127645130208e+00 -4.414772507994459971e-01 -4.615237406031245104e-01 -1.512371044892358407e+00
1.681465967342634094e-01 -5.748518610540895302e-02 2.767400017473575780e+00 2.615312021258534569e-01
-5.155717618091599785e-01 -1.614802429314559362e-01 1.412146309290940982e+00 -3.395997979991389193e-01
-6.365306100655024890e-01 -4.492923056969744255e-03 -1.583875852982992383e+00 -6.531489423192774479e-01
-4.037909640983590176e-01 2.535616062088583700e-01 -2.656399497971655421e-01 -1.785467321523509510e-02
1.869724449101657915e-01 2.807478635805896738e-01 7.138208205365168535e-01 7.443940657936340410e-02
-3.753279980544852457e-01 7.855066123659716626e-02 -2.986331345692638806e-02 -1.886868544269003634e-01
-1.096149319965309538e-01 1.476493190282100187e-01 -4.947984296535037352e-01 -5.133933910862403804e-01
-7.539983283862464747e-01 -6.753504290105130092e-01 -2.231806214385484211e+00 -9.608176824352613332e-01
-3.509295340188037793e-01 -1.045524245492000376e-01 -1.028372182542911073e+00 -1.166125973757142220e-01
1.351651927717646418e+00 7.562611276344194389e-01 4.026386174318150046e-01 1.514424424152779558e+00
4.525768131126908234e-01 5.640404638599749026e-02 -9.891177588332118464e-01 1.569823229812807863e-01
-2.785219212871608008e-01 -1.368975922104142540e-01 -1.834394091412699490e+00 -2.962297250340734101e-01
7.201354280219299797e-01 2.581347058511115899e-01 8.051073705110793899e-01 5.241830723893697863e-01
9.847446623351855388e-01 2.122963709156201750e-01 6.768906997167448703e-01 4.709174718167798979e-01
1.662220428032090691e-02 -1.959359979061110479e-01 -6.250928380214418878e-01 -1.314878559871535124e-02
4.022357168889007517e-01 -7.932459497857133335e-02 -1.592254570485922560e-01 4.038466745738707453e-01
-8.780564394734564626e-01 -1.937420320138535379e-01 -1.814911835345179636e+00 -1.224836487523430550e+00
3.040713522764555421e-01 2.629283939148155391e-02 9.902024114298411117e-01 4.139514735185939598e-01
3.067570360538854901e-01 4.052903213644001856e-02 8.217759470520862308e-01 1.951650246094921437e-01
2.219002154139158578e-01 -4.477714921218439031e-02 3.378107173945327779e-01 4.387974064071303304e-01
9.980139384999636709e-02 4.189592931947486859e-03 -1.126194760883502344e+00 -1.740073564569051823e-01
1.313222388277512746e-02 -2.395570248848722522e-02 8.536323082789551431e-02 8.511099831732391041e-02
1.493660067842702277e-01 1.401511295244695643e-01 4.114002892111947030e-01 1.972198403957751700e-01
7.886787574480286223e-02 2.463325403000500569e-02 1.723724082010499870e-01 2.029569029195120444e-02
-5.257880392806061343e-01 -3.889983872231060902e-01 -3.414883523625998896e-01 -6.081671363421180532e-01
5.489012094867536107e-02 2.210916257649272673e-02 3.664787044409507644e-01 6.273175394834019925e-02
-1.116159549501150039e-01 -4.114742404826690625e-03 1.951175207532339639e-01 -2.871113418055430341e-02
1.135170775846205682e-01 2.567101268654117252e-01 9.519847823530647180e-02 1.134114276529366028e-01
-3.536712933242180945e-01 -6.262988947639140658e-02 -2.987423365779146023e-01 -1.677400189403835951e-01
-4.226906672507713125e-02 4.079362266044367358e-02 1.385346647139985565e-01 -1.474164102432648504e-02
-1.326566979158871340e-01 2.806554289215338477e-02 7.539522778090868016e-02 -1.339361315409813846e-01
1.207581304170414205e+00 5.199217908537546728e-01 1.930125665258383361e+00 1.332190035906353209e+00
1.131737792750927563e-01 1.677603795520574703e-01 -2.830634066821479111e-01 -5.691094014650313615e-02
-1.146966492439340235e-01 -1.678959261783888324e-02 -4.224453991763728045e-01 -1.095586411103233737e-01
-1.325534840846237794e-01 4.095390486819137921e-02 -1.576151388829977185e-01 -2.264388325195862695e-01
-9.990707112180242933e-02 2.489512035119302580e-03 5.892039535297208808e-01 1.249306047960926092e-01
7.165761526439886619e-01 1.478830267028062306e-01 1.847061353245450288e+00 1.217046221183385901e+00
5.500884962926195776e-01 1.012259557499895629e-01 9.138256573478205080e-01 2.905294541571495914e-01
7.285454235095786824e-03 -4.311431927242982687e-02 1.462137623375523721e-01 -1.457596870523756027e-01
-5.110014688705656616e-02 -1.514719210233275715e-02 -1.280963028676805338e-01 4.827032635479255873e-02
-3.719436763811545532e-02 -1.609458227816755460e-02 -1.183217822029837829e-01 1.942797047341354166e-01
1.818202221755457759e-01 -2.655974536493352356e-02 1.175710951960157735e-01 -9.793136985942138550e-02
-1.630499573636291222e-01 7.280980000995798326e-03 5.809434894942422378e-02 -1.339845632616052384e-01
1.622531292829505756e-02 1.120462280771517168e-02 3.215106226705632259e-02 2.224909702730885203e-02
