-4.435839493084372531e-01 1.719594862283591485e+00 3.771147629720723593e+00 0.000000000000000000e+00
-2.325505591405968298e-01 8.101142130265462926e-01 1.288912595467165634e+00 0.000000000000000000e+00
-2.936453624966278930e+00 1.604203677577362486e+00 1.133517266450638106e+00 0.000000000000000000e+00
8.564939969147694621e-01 -2.656034175034233114e-01 -2.044172892456073420e-01 0.000000000000000000e+00
1.661527356285287804e-01 1.534456670775061760e-01 2.212707886877836039e-01 0.000000000000000000e+00
1.804112391551355721e+00 2.156726883566951525e+00 -2.125236448245387599e+00 0.000000000000000000e+00
9.182843026155599331e-01 -2.798775046203746258e-02 2.265096278245277261e+00 0.000000000000000000e+00
-1.532715254466719079e+00 -1.083811949273367103e+00 -7.615355706539195246e-01 0.000000000000000000e+00
-3.602703462856303440e-02 -6.559376420657185847e-01 2.096018482876034761e-01 0.000000000000000000e+00
-8.746823066669768831e-01 -1.579983933299286214e+00 7.749775535240448210e-02 0.000000000000000000e+00
2.156959163918306388e-01 -7.630878717212137563e-02 -8.923190045458995190e-02 0.000000000000000000e+00
-6.422188775463480992e-01 -9.760696969056653627e-01 -8.795461813313907307e-01 0.000000000000000000e+00
-5.370433364577516244e-02 -4.490362995694662240e-01 2.246060424507454467e-01 0.000000000000000000e+00
2.833437300375463153e-01 -5.285979932203192094e-02 -1.874156238328082758e+00 0.000000000000000000e+00
-1.157662120453782029e+00 -5.233621859302400869e-01 -9.282046382447085575e-01 0.000000000000000000e+00
5.123052019495444309e-01 -8.558117791670348529e-02 2.934733603549879912e-03 0.000000000000000000e+00
-2.391822721351067216e+00 1.380329641498432292e+00 -1.128800473604250287e+00 0.000000000000000000e+00
-7.899835506949778319e-01 -1.916224847539124698e-01 -6.700767359904892528e-02 0.000000000000000000e+00
-1.508492198765124304e+00 -6.293944070897755649e-01 7.342033508656090612e-01 0.000000000000000000e+00
3.245212994121117189e-01 -3.031978372178723014e-01 3.837972749010400836e-02 0.000000000000000000e+00
1.147536234413832346e-01 -8.506826884328932969e-02 -9.901566992537154388e-02 0.000000000000000000e+00
-1.538424677541278263e-01 -3.552159506396499467e-01 -4.885703539938020534e-01 0.000000000000000000e+00
1.621565406661056724e-02 -1.842943792894191357e-01 1.043862779608787650e-01 0.000000000000000000e+00
-4.758112157497496608e-01 -5.087018938144828306e-01 -9.634054179934468110e-01 0.000000000000000000e+00
1.557567121098009100e-01 -1.663712014234110803e-01 -3.486514742402624378e-01 0.000000000000000000e+00
-6.517200098038956613e-01 6.637430962307079574e-02 -5.945374645915515455e-01 0.000000000000000000e+00
-3.705543989072810351e-01 -2.077913080884309593e+00 -9.308905464743102431e-01 0.000000000000000000e+00
-1.054583521409388380e+00 6.853223824655443330e-01 1.794396452899900130e-01 0.000000000000000000e+00
-4.677947924185035800e-02 -9.662827600845886877e-01 -5.371721956600978842e-01 0.000000000000000000e+00
-2.706664300704881843e-01 -3.314386789662241983e-01 -2.727471244952684448e-01 0.000000000000000000e+00
3.245754356030326360e+00 5.183135781738972270e-01 -3.865767526897819995e+00 0.000000000000000000e+00
1.779453520024901536e+00 -1.788051110333719107e+00 -2.122412136352542333e+00 0.000000000000000000e+00
2.468852309781677246e+00 -6.202883249698066814e-01 -2.198322751085628024e+00 0.000000000000000000e+00
5.371993782773055726e-01 -1.601584870395573068e+00 6.354459121233159424e-02 0.000000000000000000e+00
7.196421359462509271e-01 9.622525939734573042e-01 1.112806417647492330e+00 0.000000000000000000e+00
-3.012793393595113167e-02 -1.250762005397598915e-03 3.288634144369546181e-02 0.000000000000000000e+00
8.686029041766228642e-02 3.446930613883156247e-01 1.881730302270984978e-01 0.000000000000000000e+00
3.258071489493829381e-02 4.034747448388384394e-02 -5.525359944695809600e-02 0.000000000000000000e+00
-1.063926977600844870e+00 -4.462595707482808205e-02 -1.154020870649696828e-01 0.000000000000000000e+00
-1.509099828448388081e-01 8.302411415702194708e-02 6.182161856907741893e-02 0.000000000000000000e+00
-2.691826694098362061e-01 -1.013354499185747520e-01 -2.618922852431160644e-02 0.000000000000000000e+00
1.162283067882707632e+00 -2.123868364078349558e+00 -2.713267792425286262e-01 0.000000000000000000e+00
-5.037992233389830821e-01 1.250921323855795242e+00 -1.061325818031669810e-01 0.000000000000000000e+00
5.058298325004508822e-01 -5.826797963734408059e-01 -6.897636527711077659e-02 0.000000000000000000e+00
-5.624495199511132526e-01 1.341716337314002305e-01 -2.513049909453620723e-01 0.000000000000000000e+00
1.841503434749828250e+00 -2.063681799108533887e+00 -2.786446127402907535e+00 0.000000000000000000e+00
1.396801498733150959e+00 -1.085339351003163921e-01 -2.515768959549059325e+00 0.000000000000000000e+00
4.890657452534040717e-01 -6.584449989309184570e-01 -9.840974220075844325e-01 0.000000000000000000e+00
-3.987876220590948484e-01 -4.819027075565814333e-01 5.137716342220792765e-01 0.000000000000000000e+00
-1.358108723318441902e-01 1.246734729776463491e+00 1.192038248446927740e-01 0.000000000000000000e+00
-2.227057399491273237e+00 8.681098738327497344e-01 -2.330041008342884634e+00 0.000000000000000000e+00
-7.823912895591516037e-01 -8.765651998449294213e-01 -9.189227757307680822e-01 0.000000000000000000e+00
-1.133416863152470810e+00 4.040184295978167528e-01 -1.393961372700452506e+00 0.000000000000000000e+00
-1.280470924870902749e+00 4.562417979974634497e-01 -7.642234090787538570e-01 0.000000000000000000e+00
-9.420919555814581958e-01 -1.133891224560997779e+00 1.042335623240371767e+00 0.000000000000000000e+00
-9.989842371322059378e-02 2.786483117969918988e-01 -3.568686236100473419e-01 0.000000000000000000e+00
