1.708262612058079499e+00 -1.232887981161244095e+00 2.977513324107005754e+00 0.000000000000000000e+00
1.956463961006798424e+00 -1.443818626506455094e-01 9.356175257714355320e-01 0.000000000000000000e+00
-1.796225421034069347e+00 -8.180895778686010367e-01 1.885957206713100742e+00 0.000000000000000000e+00
1.534168193327449525e-01 9.794460448792191576e-02 -9.360037183993933363e-01 0.000000000000000000e+00
7.909559242479851093e-01 3.349266661360184583e-01 1.683377937309516459e-01 0.000000000000000000e+00
-2.226943963644704816e+00 4.603038275850845906e-01 4.243898164197512646e-01 0.000000000000000000e+00
1.336370815469510198e+00 -3.954362631538663186e-01 8.882135453208300779e-01 0.000000000000000000e+00
-1.035425135079093506e+00 -4.572413974732679742e-01 4.573291398691327614e-01 0.000000000000000000e+00
-1.554768460018133014e-01 -1.060474568113525029e+00 1.200163058105190722e-01 0.000000000000000000e+00
-2.377001515923202302e+00 -1.024261272365664555e+00 -2.215049550448367377e+00 0.000000000000000000e+00
9.729018981236016439e-02 3.736806185589319207e-01 -3.787950391729652533e-02 0.000000000000000000e+00
-2.554302770441928550e-01 -2.609428227943136336e-01 -2.623291582359906782e-01 0.000000000000000000e+00
9.579680428360694278e-02 -6.636257163784579083e-01 -2.150035108707553655e-01 0.000000000000000000e+00
-1.723522180151510375e+00 4.116846373346615962e-01 9.156277729481273608e-01 0.000000000000000000e+00
-3.039193728231902036e-01 -2.585676381439876992e-01 1.486049698140819775e+00 0.000000000000000000e+00
6.489895924279176498e-01 2.743560866245703944e-01 2.486223988417642430e-02 0.000000000000000000e+00
-8.225226801960962009e-01 -6.318870675135473958e-02 -1.633801457419562064e+00 0.000000000000000000e+00
-3.610308448185300390e-01 9.902907327173449126e-01 -3.277499881533295079e-01 0.000000000000000000e+00
-8.055424416984956482e-01 -1.053781434998726674e+00 1.145454198192345618e+00 0.000000000000000000e+00
-1.277696596520587480e-02 4.006880891698536562e-01 4.523095805252259627e-01 0.000000000000000000e+00
-1.395378168201134028e-01 1.885589324794078037e-01 -7.335501621112222592e-02 0.000000000000000000e+00
-2.831992217222094668e-02 -5.868067584508748769e-02 -3.068758111727872273e-01 0.000000000000000000e+00
7.158858609904317216e-02 -1.853488973184502786e-01 -3.158598594553486127e-01 0.000000000000000000e+00
-1.394084834422569585e+00 -4.889274574027509257e-02 -6.222248814255063598e-01 0.000000000000000000e+00
-2.274824174356119000e-01 1.844701750743382995e-01 -3.022645644762893546e-01 0.000000000000000000e+00
-7.167668916147068581e-02 -7.355222107676041843e-02 5.838509821836630476e-01 0.000000000000000000e+00
-7.615356067785946648e-01 -4.455847870862815197e-01 -9.064715710004008775e-01 0.000000000000000000e+00
-1.230343269230402131e-01 -6.325251956398845188e-01 2.387708547144248961e+00 0.000000000000000000e+00
-4.280446802878968837e-01 3.055460833880609961e-01 8.454517839948283431e-01 0.000000000000000000e+00
1.872790433502127816e-01 -5.076536094266969057e-01 5.403135551818493143e-01 0.000000000000000000e+00
-2.873107411313549964e+00 4.220052671749072171e-01 -5.958037049161479803e-01 0.000000000000000000e+00
-1.549617992237119379e+00 -2.649572328863694093e-01 -2.701621107698725766e+00 0.000000000000000000e+00
-2.939753374587203094e+00 9.581902708545644298e-01 4.769515481549756464e-01 0.000000000000000000e+00
5.353640431445174513e-02 -1.149274274238803573e+00 -2.071721361300183695e+00 0.000000000000000000e+00
7.613890102729244935e-01 -8.829515993526207071e-03 4.366257571051015418e-01 0.000000000000000000e+00
-8.861786753201680855e-02 -8.265457326263896121e-02 -1.004070822101979094e-01 0.000000000000000000e+00
-4.186145066802657300e-02 8.137447442699964617e-02 1.171411226960974855e-01 0.000000000000000000e+00
-1.939432442315287830e-01 3.069690800624349514e-01 -5.409006964664827416e-02 0.000000000000000000e+00
-8.365891050169544929e-01 -7.954256160436791179e-01 -1.201851700985919758e+00 0.000000000000000000e+00
4.701392610267737804e-01 1.466210287108014043e-01 -1.379371339452421519e-01 0.000000000000000000e+00
-4.641250391882469906e-01 -2.321672091570923802e-01 -1.104937551952765301e-01 0.000000000000000000e+00
-1.528759510516202735e-01 1.892361989320524331e-03 -1.192080871396200337e+00 0.000000000000000000e+00
1.158357690238842164e+00 -1.379021878554971851e-04 1.361257006963576544e+00 0.000000000000000000e+00
4.130167172079506344e-01 8.021471623157883091e-01 4.435253528787312938e-01 0.000000000000000000e+00
5.834671574960942353e-01 -3.241023170906759954e-01 3.465331701970934541e-01 0.000000000000000000e+00
-1.066768838479398074e+00 2.068258298443005627e-01 -3.237381165317838594e-01 0.000000000000000000e+00
5.039020688121694791e-01 1.373840084561202879e+00 4.930833316855065540e-02 0.000000000000000000e+00
-8.514224144500428526e-01 -1.976123571316841521e-01 1.775024385248897274e-01 0.000000000000000000e+00
8.788650871271661558e-01 3.271333349475338270e-01 -1.110413262716568872e-01 0.000000000000000000e+00
7.628157226653202727e-01 -1.063701412848902655e-01 3.411766427745610009e-01 0.000000000000000000e+00
1.520378878301425596e+00 -2.875448359551014965e-01 -2.290353798689060749e+00 0.000000000000000000e+00
1.926984220839671691e+00 2.461267642515680976e+00 -2.239433159250714844e+00 0.000000000000000000e+00
1.835391124233484161e+00 -3.882813358531556625e-01 -1.969156652094131932e+00 0.000000000000000000e+00
-2.467555460305127735e+00 1.702991804857541425e+00 9.383564550775217450e-01 0.000000000000000000e+00
7.740706626916531441e-01 -1.144476106853723918e+00 7.066587516013724812e-01 0.000000000000000000e+00
2.507525969169142610e-01 9.734136995554243388e-01 5.391968090752399106e-02 0.000000000000000000e+00
