1.628900807014427743e+00 -2.514382222486760021e+00 -3.266100709861663898e+00 0.000000000000000000e+00
4.290915066805118250e-01 -7.777080082749106005e-01 -1.514285040302846497e+00 0.000000000000000000e+00
-2.108166551929207877e+00 -2.095395419627138267e+00 -7.589353612912228542e-01 0.000000000000000000e+00
-2.192330291487618599e+00 -2.640703256175926383e-01 -1.877004169760887811e-02 0.000000000000000000e+00
-1.710882683353139311e-01 -6.730083540197362435e-02 -4.044215528062976572e-01 0.000000000000000000e+00
-1.792536262590672669e-01 -1.989476241881555363e-01 -1.034443971751574320e+00 0.000000000000000000e+00
7.133395788439736984e-01 -1.052482611977519467e+00 -1.259906681173584175e+00 0.000000000000000000e+00
-1.122077675179079526e+00 -1.705966663756217416e+00 6.979571473504624368e-01 0.000000000000000000e+00
2.908339574705101072e-01 -2.623921518007613640e-01 4.692036609320893725e-01 0.000000000000000000e+00
-2.873864793027249842e+00 1.524542300520949301e+00 -2.399984839181041052e-01 0.000000000000000000e+00
-2.385728309448708895e-01 1.165816544032839824e-01 -1.106384799498370264e-01 0.000000000000000000e+00
-2.986374540831499003e-01 -7.673995542707022777e-01 6.698675329938384992e-01 0.000000000000000000e+00
4.588099515723306765e-01 8.895035844397111702e-02 4.110753385499991697e-01 0.000000000000000000e+00
-1.364280898359218730e+00 6.868461761152087064e-01 1.109007933319527073e+00 0.000000000000000000e+00
-9.800849186482636366e-01 5.539975235978737977e-01 5.537331619792636994e-01 0.000000000000000000e+00
-1.709473994922551809e-01 5.628754580544111791e-02 2.289804338082933599e-01 0.000000000000000000e+00
-1.651955776626929495e+00 -6.494640541018683599e-01 5.200760221794235028e-01 0.000000000000000000e+00
-2.581283174691151316e+00 1.374547075333612201e+00 -2.352040605236894177e-01 0.000000000000000000e+00
-2.482055643199676975e+00 -6.886692503389664211e-01 2.381649649937492286e-01 0.000000000000000000e+00
-1.169665948800205024e+00 4.180749543439912785e-01 -2.452471093823424819e-01 0.000000000000000000e+00
-1.202055408871228054e-01 1.047359423176731780e-01 -1.940757193968885210e-03 0.000000000000000000e+00
-2.848406308828351982e-02 -3.648427756586681420e-02 2.779581319466908895e-01 0.000000000000000000e+00
2.141141969317675309e-01 1.148358415626351686e-01 1.285842201222878525e-02 0.000000000000000000e+00
-9.005525426213795148e-01 6.676567287742062318e-01 9.863664070284995367e-01 0.000000000000000000e+00
-1.086387135936462411e-01 1.814313774609515317e-01 3.712912452165698096e-01 0.000000000000000000e+00
3.254202800866906053e-01 2.987800163824854693e-01 5.524869273438623996e-01 0.000000000000000000e+00
-6.504995876619867889e-01 2.081868240076985010e-01 1.121097567075400203e+00 0.000000000000000000e+00
-8.569079500630424340e-01 -8.285281368472409147e-01 3.637249306727847742e-01 0.000000000000000000e+00
-6.220306265016902758e-01 -7.583171573961264844e-01 2.007110790525970800e-01 0.000000000000000000e+00
8.949499295931707954e-02 9.870357874822402455e-02 2.851736752839931777e-01 0.000000000000000000e+00
4.551598121393857221e-01 9.892838251033159169e-01 1.940107780294329398e+00 0.000000000000000000e+00
-1.753949722769275965e+00 1.947348606097217827e+00 1.628669200678532492e-01 0.000000000000000000e+00
-4.328371219628044941e-01 2.317122872136029965e+00 1.332958051677601174e+00 0.000000000000000000e+00
-1.598313330688742928e+00 1.136849127274410343e+00 -2.991759284226903071e-01 0.000000000000000000e+00
-9.480471480367715087e-02 1.083503288001143261e+00 -6.717502936227485177e-01 0.000000000000000000e+00
4.709304269542484433e-02 4.630830363145758966e-03 1.057736199097073365e-01 0.000000000000000000e+00
-1.240921399621193327e-01 3.531601699630926294e-01 -1.064101361589172012e-01 0.000000000000000000e+00
-1.163066215143566673e-01 -6.988653139485156984e-02 -2.783276310826645616e-01 0.000000000000000000e+00
-6.430295461751386887e-02 1.742203008395742381e-01 2.424041795626360463e-01 0.000000000000000000e+00
7.545472015961124379e-01 2.060117319653415324e-01 4.323258641227802901e-01 0.000000000000000000e+00
4.217578062495021540e-01 -1.232731587560207676e-01 -4.403136596809078401e-02 0.000000000000000000e+00
1.955226354630281715e-01 1.407849704044760175e+00 5.965404296462627487e-01 0.000000000000000000e+00
-1.366308470655737572e+00 -9.000638895152375252e-01 8.529255027951852808e-02 0.000000000000000000e+00
2.545975855472066285e-01 -2.328835052899703162e-01 -5.806775936536695548e-01 0.000000000000000000e+00
3.943922571877453986e-01 -1.683098661616323766e-02 2.423905423752819033e-01 0.000000000000000000e+00
-5.150917686505568360e-01 1.170047255295239230e+00 2.941999742608919277e+00 0.000000000000000000e+00
8.818587283022642775e-02 -4.771255048774505347e-01 1.693902535412618038e+00 0.000000000000000000e+00
-8.062412572331500993e-01 1.694990563819350093e+00 1.730584265496551977e+00 0.000000000000000000e+00
1.787222937339161488e+00 3.718547213653908834e-01 2.677340743966830083e-01 0.000000000000000000e+00
-7.490503701188512276e-01 1.852489227013700113e+00 3.254826386381972081e-01 0.000000000000000000e+00
-1.927823200370882839e+00 8.828391580722551035e-01 1.484696188136493067e+00 0.000000000000000000e+00
-4.045264435886600229e-01 2.381890699992142757e+00 -1.062823309148573925e+00 0.000000000000000000e+00
-1.170801207228312935e+00 1.140006447400534029e+00 4.827790954525200129e-01 0.000000000000000000e+00
-1.675515750086278510e+00 1.576210289513840346e+00 -6.577372919494023362e-01 0.000000000000000000e+00
-1.514483754405979266e+00 -2.011359083294330385e-01 -3.481366393700793815e-01 0.000000000000000000e+00
2.265574186966300696e-01 2.314431172169384085e-02 -5.559519514015992536e-01 0.000000000000000000e+00
