-4.908621586152188132e-01 2.618108172909014986e+00 -2.054817966157779008e+00 0.000000000000000000e+00
1.886523728643804965e-01 8.573295725107242804e-01 -3.579576579407679482e-01 0.000000000000000000e+00
4.100680631090643929e-02 -4.886299049990499022e-01 -2.420283205111872782e-01 0.000000000000000000e+00
3.120370145127536188e-01 -1.328013852089174607e-01 -2.943177286587198016e-01 0.000000000000000000e+00
1.940541093721180055e-01 -4.260515969657598101e-02 1.187404521265023882e-01 0.000000000000000000e+00
3.282909333972345300e-01 1.671862190269560289e+00 4.083846673007249239e-01 0.000000000000000000e+00
-4.304804349454900703e-02 1.274711290226595795e+00 -3.984006320257196254e-01 0.000000000000000000e+00
-2.805384654036731096e-01 -7.396004180019832841e-01 2.904074229740743474e-01 0.000000000000000000e+00
5.857755035263217773e-03 -2.279811377395667485e-02 -4.465215798724110896e-01 0.000000000000000000e+00
-1.961475412230260784e-01 -1.474716231399327351e-02 4.968040352614114807e-01 0.000000000000000000e+00
9.147725241086478165e-02 -2.555121894771479329e-01 1.591037634059522254e-01 0.000000000000000000e+00
-1.865851141387772638e-01 -6.137522957274185176e-01 2.180530250381630397e-01 0.000000000000000000e+00
-1.668354979359260026e-02 8.059214845523067494e-02 -4.491562087273001658e-01 0.000000000000000000e+00
2.985450898162415601e-01 -4.383511998710657442e-01 9.762271181784699658e-01 0.000000000000000000e+00
8.283893880987052913e-03 -3.609261312580159253e-01 4.090091783994977970e-01 0.000000000000000000e+00
1.687190367521881895e-01 -1.849548427016196039e-01 4.211262966526881368e-01 0.000000000000000000e+00
-7.800147437798710115e-02 -1.649736954814155498e-01 2.665517556175698854e-01 0.000000000000000000e+00
-5.435578531687569326e-01 1.053032133658475186e-02 8.570926766020858789e-01 0.000000000000000000e+00
2.606950737939111792e-02 -8.350936005805175144e-01 4.738327467283389716e-01 0.000000000000000000e+00
1.405935169992089395e-01 -8.592779145227801008e-02 2.357802851862255411e-01 0.000000000000000000e+00
-1.010590784991711403e-03 -1.540594779821226057e-01 6.803354580270719321e-02 0.000000000000000000e+00
-6.596435392887654847e-02 -2.682746651123928960e-01 7.843745815826314027e-02 0.000000000000000000e+00
-4.213783744193555329e-03 6.035406438529316436e-02 -2.188995097122649891e-01 0.000000000000000000e+00
1.561875164164166774e-01 -5.711399294678950467e-01 4.316539352515443295e-01 0.000000000000000000e+00
6.204855443653454344e-02 -2.867485204329817128e-01 1.956143620358810342e-01 0.000000000000000000e+00
1.393198412217894200e-01 -7.599386805770697029e-02 6.219374081320812320e-02 0.000000000000000000e+00
-2.689368646636284277e-01 3.305181694004223902e-01 -1.424610671401187190e-02 0.000000000000000000e+00
-2.119244120865097225e-01 -1.214220839978680799e-01 3.192283517859476616e-01 0.000000000000000000e+00
-7.875119952619832886e-02 -3.473415126501954164e-01 2.400481866111750795e-01 0.000000000000000000e+00
-1.429341568785288952e-01 -1.229701633959491835e-01 1.519112038322070202e-01 0.000000000000000000e+00
6.382937191303948987e-01 2.733797780843331693e-01 1.656623249543935028e+00 0.000000000000000000e+00
-1.430304981242118967e-01 -4.674146935249632873e-01 1.303373123789371757e+00 0.000000000000000000e+00
7.070332034785503650e-02 -5.629786129894618352e-01 7.599419613479796443e-01 0.000000000000000000e+00
-9.725696061809622206e-01 -8.844947283766780854e-01 -1.911612035820380584e-01 0.000000000000000000e+00
2.652569421692670404e-01 4.417121381283234949e-01 -2.015568697449443003e-01 0.000000000000000000e+00
-5.960070951794898403e-02 4.836735214688493711e-02 -6.173945172806601100e-02 0.000000000000000000e+00
6.107469082973159685e-02 1.232994262386390982e-01 -3.636154202195254759e-02 0.000000000000000000e+00
2.608804393960362233e-02 -5.618002642341536623e-02 1.350379366010909798e-01 0.000000000000000000e+00
6.986224123789093465e-02 -1.263940465776054178e-01 -1.491615474317778967e-01 0.000000000000000000e+00
4.940874545481532820e-02 2.500854154173550170e-01 -9.150582989684286073e-02 0.000000000000000000e+00
-3.948377080420057555e-02 1.133444718644052301e-01 -1.972989867110466200e-01 0.000000000000000000e+00
-1.354980723971367998e-02 6.947951847750893917e-01 -4.082692449288431447e-01 0.000000000000000000e+00
-2.729101456908443121e-02 -1.307789194241776587e-01 1.992371427880685053e-01 0.000000000000000000e+00
5.511325396925419867e-02 5.135064992472521128e-01 -3.912532353789662243e-01 0.000000000000000000e+00
-1.305747676320216932e-01 5.645793383380330599e-03 8.542612768595288231e-02 0.000000000000000000e+00
3.944462031726323481e-01 -1.124088475231341588e+00 9.916846644662760113e-01 0.000000000000000000e+00
9.451345958028596339e-01 -6.921618500501913740e-01 5.214004279828321486e-01 0.000000000000000000e+00
-3.926464016579083588e-02 -1.128213630791481847e+00 1.303667530177179956e-02 0.000000000000000000e+00
-7.527661203123181544e-01 -1.272908814513542985e+00 -5.172623331428368720e-01 0.000000000000000000e+00
3.934748399607220226e-01 -3.478817708013317023e-01 -5.495410929381144144e-02 0.000000000000000000e+00
-1.971720587057262941e-02 -9.825361088404298560e-01 1.147176574902752710e+00 0.000000000000000000e+00
-6.817899373957367892e-01 -3.050277494130269607e-01 1.707574843573514300e+00 0.000000000000000000e+00
-1.944616331534644582e-01 -9.511835411657689754e-01 1.119500704787770973e+00 0.000000000000000000e+00
-4.706304581971797463e-01 -1.301901220875228082e+00 1.161271430455213194e+00 0.000000000000000000e+00
2.536725829397952769e-01 2.781516441572824336e-02 -9.133873226424704672e-02 0.000000000000000000e+00
4.031422913346895953e-01 -1.449784251298695259e-01 3.690476387014935411e-01 0.000000000000000000e+00
