9.544641970180567370e-03 1.037441362537276923e-01 3.665125268856313845e+00 2.989213159888497173e-02
-9.960255749171220696e-02 -1.284628959741983822e-01 -2.422890300049611589e-01 -2.795907326284455818e-01
-1.721709767257859347e-01 -1.431301831252299872e-01 3.059545680958111191e-01 -7.678505849428167440e-02
2.251947734608239493e-01 -2.163864327081421735e-02 -5.934533490561511471e+00 1.915882348173077454e-01
7.167942250150982630e-02 -3.531020123168861907e-02 1.264554253298962205e+00 -5.988657697386989831e-02
-2.430731754692687652e-01 -6.537708341839290616e-02 7.166124603090566758e-01 3.980956613216340978e-02
-4.238947095177951763e-01 -1.034058733807087932e-01 -7.933894564505630242e-01 4.445043387277979319e-01
-6.343374066541063172e-02 1.092172630427171443e-01 -1.098577433602862863e+00 -2.350625261569533886e-01
-8.687125107550855985e-01 -2.363741985935481904e-01 -2.326221193138100496e-01 -2.893211921443077927e-01
-3.447016218112581853e-01 -2.266129762795832114e-02 4.511283453757054751e+00 -2.657346994330193612e-01
3.264296544654863297e-01 -8.895584720314494986e-02 1.243849763091962046e+00 -8.046319737951967976e-01
2.635582326997096825e-01 -7.794810085582132286e-02 1.161310138196579800e+00 4.414050847042777503e-01
-8.952628993120781420e-01 -5.949043063807489817e-01 -4.291428541840673461e+00 -3.739467610476661652e-01
1.038737572702376433e+00 -4.298001860247210870e-02 4.732875796866298224e-02 -8.512290058130989046e-02
4.947811162134150287e-01 1.347002450631005210e-01 -1.020815976329397579e+00 -4.643654143334408069e-02
8.920309904026251235e-01 4.417379857773817697e-02 2.177602012167668910e+00 3.156240910585479953e-01
1.290225483125526096e-01 2.597864591871015816e-02 1.403774751512831820e+00 3.068375890630377079e-01
-3.455207279954128907e-01 -6.323882108619699460e-03 -9.219833970907025389e-01 2.822800675720487096e-01
1.497036156938046370e-01 5.141508632493198283e-02 -1.087994082674996754e+00 -1.115229924335373879e-01
2.251841499756854770e-01 4.227214071001411666e-02 -1.595489563470048555e+00 1.580558410719888895e-01
-3.128337585665651455e-01 -1.378621608227922346e-01 -8.630190132360993083e-01 1.502456346381935703e-01
-1.640400612441312578e-01 1.152750577148117794e-02 -4.969144617998898505e-01 -2.540000218806394150e-01
6.464413996402139650e-01 5.589167337269981273e-01 3.148702577442070272e+00 3.471058822492953944e-01
-3.236747139039944932e-01 -1.511379237166169953e-01 4.997556483072100875e-01 4.641386816075154798e-02
-5.451828597399023257e-01 2.789590160351693715e-01 1.787313002317214572e-02 3.060889411253752135e-01
-1.263063936372717855e+00 -3.996335174696871023e-02 -2.754257428090397752e+00 1.323419320868562954e-02
1.651876140246625324e-01 -2.535107193328331454e-02 -1.589674861184354970e+00 -5.401136175676100049e-01
4.769008156385831088e-01 1.350123111757862426e-01 1.171363791262919563e+00 -4.127733090819407646e-02
-3.097518675313941650e-01 -1.409930919737408250e-01 9.084075683968657611e-01 3.943320463294786027e-02
5.803633816226599906e-01 -4.508186648719075817e-03 2.175738222168571490e+00 9.865826079993222919e-02
5.872734178236025393e-01 1.773228494002948019e-01 -1.220314803047395369e-02 1.952941582237456286e-01
1.383391470043648930e-02 7.571163980221215506e-02 -6.476419288005881292e-01 -3.218625965576432657e-01
3.434188297787972854e-01 8.374866683220008601e-02 3.096062480388780402e-01 3.357147234355680743e-01
2.680045437445505163e-02 -3.634374123553386904e-02 -1.063889724714855434e-01 -1.659668841590107857e-01
-4.391118999197028694e-02 -7.542135946345208952e-03 2.180966655574546054e-01 -2.677418504503090158e-02
7.088742550269280795e-02 5.020279346509635976e-02 1.760554819140965899e-01 1.893060009658849296e-02
3.130974536109464024e-02 3.986721744342471702e-03 7.380064479364249752e-02 4.836485684866953516e-02
-1.877796842203985905e-01 -2.201397295737695381e-01 -7.079739503333706274e-01 -1.596381815303274110e-01
1.120058231273837468e-01 -1.116914549221589975e-01 -3.383415784909138413e-04 -9.240991076407993610e-02
6.940094367549484722e-02 5.075548981957918315e-02 -8.740993215900316748e-02 -2.354976727308938367e-02
5.498673543731131819e-01 1.369840956596654336e-01 9.287637677370785827e-01 1.416579292451193295e-01
-5.549998351881686720e-02 5.535803111787988839e-02 4.476495496274449648e-01 1.866625499715002245e-01
-1.239381042641375941e-01 -1.082613623910002043e-01 -3.311163050943791153e-01 -1.818594062337672290e-02
1.009829522387197254e-01 8.866364735102377770e-02 -2.030870031418716137e-01 -2.744082300887878967e-03
-2.847231561467996608e-01 1.671837931040924818e-01 -1.222019741582122343e+00 2.226089054161850544e-02
-2.937344269087808768e-01 -8.303335586593030282e-02 -7.229594775053194144e-03 -1.099801398506464745e-01
-1.364144392520694193e-02 -1.216599540459989415e-02 3.394265537693513246e-01 2.504652546081718723e-01
-1.624571283134157162e-01 -9.679550690345381514e-02 -1.458088172636274327e-01 -2.503842661789744684e-01
-1.219353807964786846e-02 6.491309541116550841e-02 8.249675066791067879e-02 1.103422376699021157e-01
-8.927865854067944945e-03 -2.659357079069873953e-02 6.701241136873434256e-02 -4.122992347598786744e-01
-1.580434972574218944e-01 4.542057234171442692e-02 -5.053583796268706907e-02 5.976240164324521376e-02
-2.365599961518134176e-01 2.857988047118867336e-02 -2.247570410711514921e-02 -2.796341897129818177e-01
-1.359478703530861976e-01 1.669352497499937416e-02 2.100118934192782560e-01 2.024578878177129559e-01
5.115931788582717132e-02 4.854189192840946410e-03 -8.283482746899442639e-02 -1.079002729756354806e-01
1.261790427719400309e-01 -1.281390719435937520e-02 1.212217565825868260e-01 3.620468569990625829e-02
-1.537896286348258701e-01 -1.774154337466462283e-01 -9.344776830523843225e-01 -1.736244254906571804e-01
2.868015868643869828e-02 7.777841267110645850e-03 3.479551147766752478e-02 2.110294796310726098e-02
