-1.155060815607598990e+00 -2.401211546527212359e+00 3.738434376826913486e+00 0.000000000000000000e+00
1.890842894150896181e-01 -2.467528451122613098e-01 4.387063808596921577e-01 0.000000000000000000e+00
-5.736462685613691326e-01 1.683184623314028239e-01 -1.308759758973497611e+00 0.000000000000000000e+00
2.594790818267318083e-02 4.867134870781761324e-01 9.409852979919487714e-02 0.000000000000000000e+00
4.304344553226041592e-01 3.345860427195401221e-01 -6.438444887290711849e-01 0.000000000000000000e+00
-1.893084289922317254e+00 -3.460107291968676502e-01 2.042817241521225569e+00 0.000000000000000000e+00
-1.844099991786548320e-01 -1.016007169716241609e+00 2.802117846390560274e+00 0.000000000000000000e+00
-1.133978932232253545e-01 -4.363087776017577496e-02 -1.412121864133721205e+00 0.000000000000000000e+00
3.818396151875494415e-01 2.981584500342034927e-01 1.303847565620289972e-01 0.000000000000000000e+00
-7.343980401148140214e-01 -1.215814754402272102e-01 2.280335845376891268e-01 0.000000000000000000e+00
2.991575677953662304e-01 3.345087863952936336e-01 -6.185086217643062101e-01 0.000000000000000000e+00
7.151363967815226041e-02 -1.088165168337784233e-01 -6.755986604126552608e-01 0.000000000000000000e+00
3.470222106263156636e-01 1.995374093922389624e-01 1.039389096183452182e-01 0.000000000000000000e+00
-4.912478098328863507e-01 8.342713307582181326e-01 -1.404458306223595576e+00 0.000000000000000000e+00
-1.493378504947136809e-01 5.315186665043086789e-02 -1.200284536917508721e-01 0.000000000000000000e+00
3.946024987437050657e-01 2.890000062096217959e-01 8.083426062001196344e-02 0.000000000000000000e+00
-9.130570159694195720e-01 -6.111277426184663630e-01 -3.250859053174443708e-02 0.000000000000000000e+00
-3.557500532119920456e-01 -3.678435289255893581e-01 -5.200063101240658403e-01 0.000000000000000000e+00
-3.202449112979017243e-01 -3.852944450487713612e-01 3.464137510418112686e-01 0.000000000000000000e+00
1.868460076953719629e-01 -2.895374047112392324e-01 7.647939135408933220e-01 0.000000000000000000e+00
8.882384239562009232e-02 1.439046244190732571e-01 -2.332136856547540049e-01 0.000000000000000000e+00
1.131688510939840020e-01 -2.514987815375237246e-02 -2.854814468970718819e-02 0.000000000000000000e+00
1.661621691888784669e-01 8.521176817564386774e-02 5.431096891992816256e-02 0.000000000000000000e+00
-6.928917923261392053e-02 4.739640907828635008e-01 -1.275353608645733772e+00 0.000000000000000000e+00
1.903113588214726259e-01 2.860370376740859477e-01 -4.300907559367971866e-01 0.000000000000000000e+00
1.134037746315338241e-01 4.944876377029922693e-02 -2.783565988729830853e-01 0.000000000000000000e+00
-1.181808233179310941e+00 -9.798352421943833379e-01 1.310869761050374116e+00 0.000000000000000000e+00
-3.537036085877481861e-01 -6.494982317616319056e-01 -1.769572391903308228e-01 0.000000000000000000e+00
-1.807310323340598490e-01 -7.347688274404494679e-01 -3.931987149696695161e-01 0.000000000000000000e+00
2.305871994645219414e-01 1.961783977632661768e-01 -1.817947458857093260e-02 0.000000000000000000e+00
-2.368278982584937964e+00 -1.329432965815154022e+00 6.573717367238838261e-01 0.000000000000000000e+00
-5.600022874078222079e-01 -5.155315244608339453e-01 -8.121332531390293985e-01 0.000000000000000000e+00
1.195552866052290497e+00 5.825286760583497925e-01 6.982942616704647110e-01 0.000000000000000000e+00
-7.206166458814069475e-01 -7.908798501587025465e-01 9.693940413505768017e-02 0.000000000000000000e+00
-6.383450645056941430e-02 -2.201374798620782947e-01 1.679033125275460892e+00 0.000000000000000000e+00
-9.110577554522177046e-02 -9.967642110756991247e-02 2.283149564395552944e-01 0.000000000000000000e+00
6.373175055851973414e-02 1.468816648434207728e-01 2.918060430276880335e-01 0.000000000000000000e+00
-9.782072811854221339e-02 -5.203722950612209991e-02 2.568379838636483323e-02 0.000000000000000000e+00
-8.762555293921137425e-03 -3.013534548322531759e-01 -2.873741015884330174e-01 0.000000000000000000e+00
-4.457710307283497403e-02 -6.981743262062040795e-03 -1.412227108472942083e-01 0.000000000000000000e+00
-2.534924237599561758e-01 -3.189775833468148220e-02 -6.659560979345884903e-03 0.000000000000000000e+00
-1.475903405576559635e+00 -9.323918386982412709e-01 2.867604770071467968e+00 0.000000000000000000e+00
-4.574466570556741107e-01 -7.627004640949143210e-01 3.870107344320727338e-01 0.000000000000000000e+00
-3.643238704868580480e-01 -7.724225328916887179e-01 -3.083941683379589072e-01 0.000000000000000000e+00
-9.276840286397847191e-02 4.445057398026462381e-01 -5.114674199502333707e-01 0.000000000000000000e+00
-9.670426245626900785e-01 -1.165328956108941938e+00 -1.196951123583947840e+00 0.000000000000000000e+00
3.865458019609105400e-01 -9.948774234394074378e-01 -9.276014320188809004e-01 0.000000000000000000e+00
2.351964368114010995e+00 6.457976666842933922e-01 -1.841791084918891430e+00 0.000000000000000000e+00
1.551663550440660067e-01 -1.451619795989675499e+00 2.376228655981744986e-01 0.000000000000000000e+00
4.378561771358696619e-01 5.727675272992803768e-01 -1.006360053802309640e+00 0.000000000000000000e+00
1.352162884672405196e+00 6.359600137078113002e-01 -1.988822389937843216e+00 0.000000000000000000e+00
8.248255074193402633e-03 -2.959925128143081063e-01 -1.824612532996100933e+00 0.000000000000000000e+00
4.380232973775141647e-01 -2.322513487888838712e-03 -2.312321081991252636e-01 0.000000000000000000e+00
-2.859703459373161283e-01 -1.246020427663210750e+00 9.488666554130457120e-01 0.000000000000000000e+00
1.516306097095029726e+00 -3.171592142929195446e-01 5.966916084868196385e-02 0.000000000000000000e+00
7.269687692363201864e-04 1.654150901783722760e-01 6.992482578414507266e-01 0.000000000000000000e+00
