-1.759979607399230872e+00 3.202283973757237945e+00 -2.161965264723002100e+00 0.000000000000000000e+00
-2.034167044831259319e-01 7.060868091706951066e-01 -3.867117727779425529e-01 0.000000000000000000e+00
3.557057407014094924e-02 3.946347992159276452e-01 1.155426475451617335e-01 0.000000000000000000e+00
-4.252980340417690797e-01 -1.515224465139041743e-01 -5.170836876623916556e-01 0.000000000000000000e+00
2.348079785882827286e-01 -5.858936989856122768e-01 3.433883455963210873e-01 0.000000000000000000e+00
-6.956409173676469937e-01 2.284093190888276226e+00 -4.216613499281343658e-01 0.000000000000000000e+00
-4.919297881349851687e-01 1.938932998681449194e+00 -1.484620536961064330e+00 0.000000000000000000e+00
5.301174590342305759e-01 -7.231809912282077812e-01 3.240716182473845075e-01 0.000000000000000000e+00
-3.986546834988983212e-01 -1.370063433541697517e-01 -2.967384173794933577e-01 0.000000000000000000e+00
7.114092646916768681e-01 4.327394260669256698e-01 1.160532732742069584e+00 0.000000000000000000e+00
2.141542160545091278e-01 -6.935391385233612427e-01 3.934636871104751910e-01 0.000000000000000000e+00
4.542397051967614896e-01 -7.624709638497343400e-01 2.642690426316273711e-01 0.000000000000000000e+00
-2.896360035154940671e-01 -1.515547030427931430e-01 -9.014146276138175484e-02 0.000000000000000000e+00
3.753177390866584417e-01 -1.127146311258204303e+00 8.933005640401406877e-01 0.000000000000000000e+00
4.782773791477931691e-01 -1.113317581269999412e-01 1.269305263012158180e+00 0.000000000000000000e+00
2.635280095659078281e-01 -3.393125877520703493e-01 1.958382565275031822e-02 0.000000000000000000e+00
-5.748372673738005867e-01 8.861198419094367118e-01 -1.357860516022980857e+00 0.000000000000000000e+00
7.575985653433801037e-01 -5.270559902792391060e-01 2.257643401986131615e-01 0.000000000000000000e+00
2.498339193504240108e-01 -1.012239516783758342e+00 6.176678400267647806e-01 0.000000000000000000e+00
-1.900911580630613162e-01 2.641004555743122206e-01 1.243161440903728238e-01 0.000000000000000000e+00
7.743949648770817595e-02 -3.129754227431328362e-01 1.777114816585751433e-01 0.000000000000000000e+00
1.888979694137115362e-01 -3.585266771877179681e-01 1.212497159297088734e-01 0.000000000000000000e+00
-1.143596992782555111e-01 -1.326137694136197420e-01 -2.096488491703281734e-02 0.000000000000000000e+00
2.417701701831406480e-01 -1.237511835915970249e+00 5.664521775347682864e-01 0.000000000000000000e+00
1.637156735594130774e-01 -5.767337650916242175e-01 1.378857746478783786e-01 0.000000000000000000e+00
1.759353028893226589e-01 -6.688780796005693030e-02 6.790622773085378538e-01 0.000000000000000000e+00
-6.979762987313322675e-01 1.346270660834416155e+00 -1.078149020585290829e+00 0.000000000000000000e+00
3.983434040540276833e-01 5.887061379930756955e-01 2.873385808123386509e-01 0.000000000000000000e+00
-1.055497169466949742e-01 1.809125233609057970e-01 2.517735272394152068e-01 0.000000000000000000e+00
1.161235301445134038e-01 4.567847902092091877e-02 3.869790509722657035e-01 0.000000000000000000e+00
-7.498322490530162643e-02 1.597308185341573594e+00 -1.124345569592184679e+00 0.000000000000000000e+00
-4.612085086751374075e-01 -1.531917603644201487e+00 -1.464422046637958719e+00 0.000000000000000000e+00
8.625387290186676825e-01 -5.514131164324508338e-01 1.283814533607867236e+00 0.000000000000000000e+00
-4.671367436142599971e-01 -1.381625740472283703e-01 -8.060675226288851469e-01 0.000000000000000000e+00
-2.574357907529983280e-01 8.228658478949548716e-01 -7.218736382881763003e-01 0.000000000000000000e+00
-5.712089040399775941e-02 2.603168935910198378e-01 -1.185499511829511132e-01 0.000000000000000000e+00
-1.038690624410134739e-01 1.927411823772645361e-01 -4.848225314623134941e-02 0.000000000000000000e+00
7.215428983776607519e-02 -5.688107018878583998e-02 -5.531599222301739754e-02 0.000000000000000000e+00
-1.501117459952381050e-01 -5.903001434770215050e-02 -2.500992119170218908e-01 0.000000000000000000e+00
-2.352535529174311010e-02 1.326236587687284196e-01 -3.117227346776875185e-01 0.000000000000000000e+00
-1.375908584796746437e-01 -2.277361294021688909e-02 -2.149284055531517912e-01 0.000000000000000000e+00
-9.709754839404192150e-01 1.889299136046815653e+00 -8.121972447012545393e-01 0.000000000000000000e+00
1.187733921589577690e-01 1.250417140710630370e+00 3.427951921721232864e-01 0.000000000000000000e+00
-5.935794690353294323e-01 1.585496179161357988e+00 -4.832647817534366230e-01 0.000000000000000000e+00
4.467385247392725578e-01 -1.142057533607610115e-01 3.525190559550545610e-01 0.000000000000000000e+00
5.431432304780681175e-01 -8.177499910202590261e-01 -6.655865891721589600e-01 0.000000000000000000e+00
-9.820981322276560732e-01 -1.785932222167625483e+00 -1.874048694526503578e+00 0.000000000000000000e+00
7.667823795797820141e-01 -1.561139195021666204e+00 1.698095967017230201e+00 0.000000000000000000e+00
-1.334625937231044723e+00 1.024095240471676105e+00 -1.437734796359382727e+00 0.000000000000000000e+00
3.316215773889801821e-01 -1.066377366149192429e+00 5.400687136255065690e-01 0.000000000000000000e+00
3.487012077113096908e-01 -2.593849232945760530e+00 1.886936780280561221e+00 0.000000000000000000e+00
1.373232312064341931e+00 -3.189894239828950262e+00 2.655852507143471097e+00 0.000000000000000000e+00
1.664112995064394029e+00 -3.029142187796050489e+00 3.664481004502782024e-01 0.000000000000000000e+00
1.260011573539647323e+00 3.496481150017425321e-01 1.862299599277093820e-01 0.000000000000000000e+00
-8.568391691279669820e-02 -1.482125748090258321e+00 1.272566862837678947e+00 0.000000000000000000e+00
3.722060330614954116e-01 1.245679518098826488e+00 -1.360655229689511914e-01 0.000000000000000000e+00
