-6.492468339530679255e-01 -2.580674924626878752e+00 2.647463831288722869e+00 0.000000000000000000e+00
-1.934711826396271761e-01 -1.026477265761480462e+00 7.952095114192287983e-01 0.000000000000000000e+00
-1.174315159221506644e+00 -5.726639143304188551e-01 -2.557894476292169039e-01 0.000000000000000000e+00
-1.648067266900639649e-01 -8.736073622647372305e-01 -2.491065814521099819e-01 0.000000000000000000e+00
-1.377624443151626299e-01 -6.301769630769471497e-02 -4.822171850955881967e-01 0.000000000000000000e+00
-1.019000063704408987e+00 -1.103882159614467007e+00 1.894164262971699708e+00 0.000000000000000000e+00
1.282218360866322904e-01 -1.358229477392188356e+00 1.635666773175456612e+00 0.000000000000000000e+00
-5.314938184551412093e-01 3.933236705748960338e-01 -5.871071591950056678e-01 0.000000000000000000e+00
-1.800085374041346387e-02 2.206246652117401785e-01 -8.442583687415244550e-03 0.000000000000000000e+00
-1.498826273847799095e+00 -9.918739162404389687e-01 -8.858852447822243015e-01 0.000000000000000000e+00
-9.737791091740449767e-02 2.649410912494714054e-01 -6.197190690417353487e-01 0.000000000000000000e+00
-1.862633790059874672e-01 5.013015408457816013e-01 -4.846580621398284272e-01 0.000000000000000000e+00
-2.946819643115251158e-02 6.038189289934609016e-01 1.029132634379751610e-01 0.000000000000000000e+00
-3.495321667023550960e-01 1.077994140551081337e+00 -7.580071143349467189e-01 0.000000000000000000e+00
-1.365303293427079678e+00 -3.589967365161603891e-02 -3.537196594584056664e-01 0.000000000000000000e+00
3.433192627075528081e-01 4.265814690642407703e-01 -3.429323479362442195e-01 0.000000000000000000e+00
-5.567554211981893264e-01 -7.439561232743886476e-01 1.944636457504794191e-01 0.000000000000000000e+00
1.061416939611584453e+00 -3.449770584194700174e-01 -1.563273552266678079e+00 0.000000000000000000e+00
-3.386803007367338858e-01 4.124284858084626970e-01 -9.238285957699460260e-01 0.000000000000000000e+00
-3.953421225044859710e-01 1.856333764506052086e-01 -6.914539488125925892e-02 0.000000000000000000e+00
-3.754427111675740641e-02 2.135995119346093818e-01 -2.782418435796586986e-01 0.000000000000000000e+00
-2.600917592129970909e-02 2.697233931106037264e-01 -2.726799343915982110e-01 0.000000000000000000e+00
-2.453203778665638893e-02 3.486791366404873305e-01 6.403115721755664458e-02 0.000000000000000000e+00
5.131763034414780350e-02 7.242325102574209694e-01 -9.393392958896075173e-01 0.000000000000000000e+00
1.477091562031836725e-01 5.258947927834264346e-01 -4.565467134777866920e-01 0.000000000000000000e+00
-5.567686999374229506e-01 1.651453547387114196e-01 -5.158978432363371669e-02 0.000000000000000000e+00
3.223463264372543602e-01 -4.263421888007923322e-01 9.944843968706976733e-01 0.000000000000000000e+00
7.679696522941816816e-01 7.159838728661528373e-01 -5.832398503775242382e-01 0.000000000000000000e+00
3.300523928130333906e-01 3.901027607304501932e-01 -3.828763571894768791e-01 0.000000000000000000e+00
6.169735244403750513e-02 6.731836146028584711e-01 -9.184035145259718258e-02 0.000000000000000000e+00
5.837053590799247127e-01 1.238206023137754297e+00 1.122604353912302955e+00 0.000000000000000000e+00
1.241981606498922197e+00 3.884364075603564115e-01 -2.047071055366152859e+00 0.000000000000000000e+00
2.486014380489507958e-01 2.013574779387420133e+00 -4.282697365070019524e-01 0.000000000000000000e+00
-1.161783055962712780e-01 -5.716881111691647366e-01 5.395794524624342170e-01 0.000000000000000000e+00
2.228922421290082945e-01 -9.083058099327018242e-01 8.580150629471336998e-01 0.000000000000000000e+00
4.233090525067544768e-02 -8.989550099043527864e-02 2.032085944626140506e-01 0.000000000000000000e+00
2.338906726837742308e-03 -9.133769226595610247e-02 -2.386779623268892384e-02 0.000000000000000000e+00
3.594740773148738522e-02 -3.224901418977269563e-01 -5.009752059087541065e-02 0.000000000000000000e+00
3.645885027812619805e-01 -1.905364289283393853e-01 -3.838615792022281314e-01 0.000000000000000000e+00
4.161635225771965207e-01 2.837903916637766338e-02 -1.023651988482400105e-01 0.000000000000000000e+00
2.048944582287872546e-02 -2.857027019043312799e-01 2.316735834694155227e-01 0.000000000000000000e+00
7.207338407281571602e-01 -7.656970826392021090e-01 1.165761146799544790e+00 0.000000000000000000e+00
-2.461862466440987163e-01 1.026884325118261193e-01 1.032317669959786022e+00 0.000000000000000000e+00
5.288082011917283332e-01 -2.132402231700688267e-01 3.668511959117181642e-01 0.000000000000000000e+00
2.635266284343937837e-01 1.523997523139748178e-01 -2.544786116880142987e-02 0.000000000000000000e+00
1.196293767214639647e+00 1.951259695545260797e+00 -3.195818563120272904e-01 0.000000000000000000e+00
1.825269694289186395e+00 3.549045616557214844e-01 -1.026745892212764133e+00 0.000000000000000000e+00
1.999540143061646902e-01 1.557982209975913301e+00 -1.121898038902500616e+00 0.000000000000000000e+00
8.389612326122575237e-01 -5.419334048018713546e-01 8.017786071185609709e-01 0.000000000000000000e+00
9.198582843653586860e-02 3.484560754411003547e-01 -9.835361442612533533e-01 0.000000000000000000e+00
-7.207664118785639396e-01 2.120900067552054846e+00 -1.732330071413262118e+00 0.000000000000000000e+00
1.161266795433341548e+00 6.953335264792959158e-01 -2.338589663701666321e+00 0.000000000000000000e+00
8.968939347576369014e-01 1.059257624151391575e+00 -1.252673410122591813e+00 0.000000000000000000e+00
3.508805964368888475e-01 4.152960630426029143e-01 -1.255676817488847741e+00 0.000000000000000000e+00
-7.308754894315433459e-01 2.648517175417314934e-02 -4.618678122176799739e-01 0.000000000000000000e+00
-9.990254716661696177e-01 -2.480268175993330382e-01 7.631196915944460368e-01 0.000000000000000000e+00
