5.884440004093782761e-01 2.276605958296880061e-01 1.350018082412796083e-02 4.022646942158049355e-02
6.901572950897527647e-02 7.877894035411614482e-03 -4.354379288496063038e-02 -3.956037111134294570e-02
5.818086870616112627e-02 -8.838641224747156855e-02 -4.587532704964325525e-02 -4.211607807995840919e-02
-1.494886829150633645e+00 -1.094957812089647931e+00 -5.028437856120593352e-01 -5.642733424613431970e-01
7.490658370487182083e-01 -4.574633698835481876e-01 2.797809257821082252e-03 2.583928112886504924e-02
-7.135069577100772165e-02 -2.988853058325808831e-01 7.484815324061450115e-03 8.775028269221052390e-03
-9.838108010779773593e-01 2.685818568249080940e-01 -7.536026654799421465e-02 -8.637484565180431062e-02
-1.976230753717547195e-01 3.407373290753810124e-01 6.333154818630104543e-02 5.050086278908894055e-02
4.782825175969502851e-01 -4.867668600733190409e-01 1.197047519979027586e-02 1.334459712985031077e-02
7.354167312442880799e-01 5.130612650165713440e-01 9.781902458540425727e-02 1.597783645590490353e-01
1.349006987830581039e+00 -4.482413602613988246e-02 -4.860651526038339831e-02 -3.312182515050376974e-02
3.187694039738895313e-01 -2.967588046647700040e-01 -5.494020635233431982e-02 -3.939488858138803784e-02
1.060589361232331385e-01 3.710912358020821422e-01 -1.440583084314189799e-02 -6.771053499765544714e-02
-5.888059391003697129e-01 6.836686634453164046e-01 1.205453423443736405e-02 6.523975996030412228e-03
2.542079206687937187e-01 4.871883790344080367e-01 3.677359011989844717e-04 -1.932574770812878207e-03
-2.556906637005376126e-01 -8.400540870438639729e-01 -1.498338161734197316e-02 -3.282977989794416684e-02
-1.483931218795831342e+00 -5.085238357922770014e-01 6.314353462984811927e-03 -7.456443178898486401e-03
-3.457627797892754984e-01 -1.909961799300539109e-01 1.079630025172731433e-02 9.929267302435651477e-03
-4.599902362070196205e-03 -7.523355567649314679e-02 3.374903989696032003e-03 8.763086029718314407e-04
-1.546866798774795271e-01 -9.825699138383925391e-02 1.013565987576248162e-02 -1.823118393773914825e-02
-7.435977026178921534e-01 -2.303151716666160809e-01 -1.292515711796182742e-02 -2.051639733419557965e-02
-1.469818637618618418e-01 6.689530688559108818e-02 2.172679380225250867e-02 1.331833871532162039e-02
-1.383654428043072926e-01 3.407125319193395896e-01 7.349314061649819818e-03 5.648930911361688123e-02
-2.070299987205335146e-01 -2.381358979694223610e-01 -4.278568166652063631e-03 -2.391344583208887542e-03
-3.101925873764799224e-02 -8.815102149125619846e-02 -3.421930713115195477e-03 1.782717371124092898e-03
-5.287607705166799121e-01 -7.161524439865152303e-01 2.791522419568681634e-02 3.658288108651638892e-02
1.448533113324470989e+00 -2.955874202088122349e-01 2.027267815585109823e-02 3.922980195475433973e-02
2.533760658963544188e-01 8.036380515056507079e-03 -4.277795461617550643e-03 -1.564734825684616082e-03
1.132072063365718861e-02 7.229811411548858757e-02 -3.933227905631220267e-03 1.136661323538290524e-03
-1.918920447279418795e+00 5.551727299671478377e-01 6.482630219419638351e-03 -2.152014910112520080e-02
8.876052707971595623e-01 6.531420820578743847e-01 8.750927320650248031e-03 1.711004409381838842e-02
3.801273553453121679e-01 2.871436511565574889e-01 1.193379640823122312e-02 1.334541300129082897e-02
-1.642141583369394198e-02 5.142437420400902681e-02 7.273670393761408337e-03 3.103858104149315178e-03
-1.081947916462944193e-02 6.351584852444336349e-02 4.766238515753751237e-04 -1.422125779477867447e-03
9.401991297191575336e-03 4.767203073625769782e-03 -4.354183281915710579e-03 4.677367939527263263e-04
1.254253841850465623e-01 6.326787084259488658e-02 1.267651235510064422e-03 2.662279583220822365e-03
1.839761003522949467e-02 3.371709018690771664e-04 -3.250042595005941948e-03 -1.535330181381907438e-03
1.194819875477970417e-02 -1.693872602769475044e-01 -8.972624207897308968e-03 -2.280154618054026916e-02
8.093324391677980678e-02 -4.106920668529345786e-02 -7.370563791637696482e-04 -1.978661446329993412e-03
4.492069238944951248e-02 3.223535737099741949e-02 1.194098155219661117e-03 7.737256679312964902e-04
1.187262848625341149e-01 4.462660863440344183e-01 1.836028877872819542e-03 -5.528231434390351584e-03
-3.695723356234177359e-01 2.734117949312805940e-01 -4.023608237959996892e-03 -1.176653284982887016e-02
-1.655220846128901968e-02 8.156579763892102264e-02 -6.694228183846129276e-04 -7.938354637303385308e-04
-3.915362278481743230e-03 -1.229734272079952007e-02 8.776844606115941083e-04 -8.978665866499271897e-04
5.596424873733756300e-01 -6.156531390189000641e-01 3.442387339045882566e-02 4.025720324380040183e-02
-2.327797622932084032e-01 -7.229408790208056157e-01 1.044614248618572216e-02 4.559177242661971441e-03
-2.186946832193736867e-01 -3.382868834274712633e-01 -4.148922921800690666e-03 -4.784345017292412905e-03
-2.220615063705633219e-03 -6.801944861828101985e-02 -3.164721665917830107e-03 -2.032873817775504577e-03
-1.122685666046396857e-03 -1.863366560658930027e-02 -2.742898098801668794e-04 7.913036082015378891e-04
1.572389787123047000e+00 1.256574136269509756e+00 2.720290073829734201e-02 4.521619170375923424e-02
-5.666070068021067385e-02 9.202489977974508406e-01 5.071356882206889960e-03 1.877424558070422966e-02
1.922652358129273154e-03 3.450788904399355594e-01 4.257184160841531728e-03 6.622040498146464227e-03
2.141594020598214243e-03 7.106787121630597781e-02 5.743169292284688865e-03 -1.146775685371470566e-03
1.743942365284700813e-02 -5.099068845035970021e-02 1.468999372924106872e-03 -2.159536753397112152e-03
1.889501582611585739e-02 4.954995117567584373e-03 2.363205994125872067e-04 1.804170578864894292e-04
7.251434877887601438e-01 8.911256259581915584e-01 8.503930079702967104e-01 8.463590316672712222e-01
1.352806906381728803e-03 1.326725017609834984e-03 4.795563593485588447e-04 6.751299779920173468e-04
