9.758687521043694080e-01 1.130186195664256432e-01 -2.234379770367787565e-01 6.188765560367701091e-02
-3.574874809740066772e-01 7.059155834865378509e-02 1.427577053700271881e-01 2.627932596150935052e-02
1.673580728882886892e-01 1.151954372620210693e-01 4.842774911790337367e-02 9.736182456753064707e-02
-1.315331678887240674e+00 -2.471196550131555814e-01 5.383223672934153159e-01 -2.812995030378216410e-01
-1.370326877824618039e-01 -8.477149659105104318e-02 -5.115380459154597048e-01 -4.121250810288218380e-01
8.219466010889521224e-01 -1.025312764942509502e-01 -8.343650683730755024e-02 -9.789827406917958608e-02
1.645193678915297220e+00 4.466217134983772041e-01 1.486519387465151110e-01 3.542256507749778072e-01
2.193429243610434121e-02 -8.265204332621803318e-02 1.193288379002424571e-01 -9.055380426782894121e-02
8.862007236303578450e-01 -2.724936767709719709e-01 -2.463658399489081496e-01 -1.536618376393003027e-01
9.904360419010296290e-01 4.554207538771568586e-01 -3.549483754523129475e-01 5.436630503409503046e-01
-2.165992016299223000e+00 -6.838375291070163398e-01 -3.186040090546418124e-01 -4.532493206741743386e-01
-4.407466978166112437e-01 -9.655228057761541804e-02 -3.762745936121956736e-01 -1.940116097667365924e-02
-4.700595024827238788e-01 -5.706365000682755984e-02 8.339070701020034893e-01 5.928314808084362841e-01
-1.050921429584639855e+00 7.297450488659067147e-02 -1.443655090565223315e-02 -9.564994710934145161e-02
-1.546669739798794296e+00 1.305570541490714553e-01 1.441371251539808329e-01 1.733064046808940883e-01
1.126130323111891318e+00 1.282209926371452036e-01 5.542235678130927323e-02 5.516679646975780615e-01
3.994740778256482550e-01 -2.719260890046973356e-01 1.274383791984519398e-02 -5.535835128025388963e-02
-1.655243806743013080e-01 -1.984362103701553526e-01 -2.344032509885571880e-01 -3.200092475791344038e-01
-2.650792684502167873e-01 -6.160368018675210083e-02 -2.267186469697419701e-02 -9.241059378082117082e-02
-3.586336713298128864e-01 -2.730321951917411005e-01 1.056090266669375000e-01 -3.166550644144238702e-01
1.203662040602896610e+00 4.875139580530895023e-01 2.759512511535947565e-01 3.298015597947995259e-01
3.199505970207865424e-01 9.491509158335355301e-02 2.564097891151881359e-01 3.417405810820242640e-02
-6.329033557249197361e-02 -2.796423787898598690e-01 -9.980961176920057909e-01 -6.410584829328400680e-01
1.040822295376138351e+00 -2.764022050328159008e-02 -8.588269927248441682e-02 -1.075554861980268506e-01
5.737884086971652975e-01 7.583144228695003208e-02 1.518642314716701081e-01 1.771658241184509430e-01
-5.124561089957035964e-01 -4.637356452648673244e-01 6.002476472199497204e-02 -4.593210939154550587e-01
-6.645465434340975808e-01 -1.084130155380344240e-01 -4.365554908452873306e-01 -3.118063526337839786e-01
2.267370854156334214e-01 1.905683094151703061e-01 1.755585867390572763e-01 1.805425540494680070e-01
2.220790055139103547e-01 2.383009698330451967e-02 9.546738745798460934e-02 1.547340228975274679e-02
1.816749550503026445e+00 -5.947281639491625027e-03 6.252800335694378431e-01 5.803194608182249414e-01
-1.961005869571362581e+00 -8.031245720407237387e-02 -1.207639084382299832e-01 -3.430698571759333015e-01
-1.165804554701356022e+00 -1.331088695910784825e-01 -7.054148584880266803e-02 -2.708626894426324760e-01
-4.597358439629654070e-01 -1.941478244208268839e-02 4.405994924755057135e-03 3.944119348331165398e-03
-8.858976886359110070e-02 3.129108679905651114e-03 -3.157100506726667755e-02 1.083531873896750874e-02
4.202842345680009306e-02 4.567960999851851389e-02 -1.919127021592638774e-02 5.225800431105175059e-02
-2.190035476147994264e-01 -1.031698351830140359e-01 -5.501210389408569407e-02 -6.700352477677354313e-02
-6.681431113193682381e-02 -2.233017751997833436e-02 -5.412495429999835544e-02 -9.453326219919986478e-03
2.598545953060182878e-01 2.293126750119383328e-01 4.210167872017087087e-01 3.243441992894002812e-01
-1.203965545085066147e-01 -8.918612272125352874e-03 -2.969319743077603740e-02 -3.291671075511817812e-02
-2.341558534431295580e-01 -5.336399302784278903e-04 1.523584626469275116e-02 1.702142484614777018e-02
-9.224960027577236432e-02 -7.374061216369996730e-02 -2.980025402277773350e-01 -1.310516926667130155e-01
2.061017298531626629e-01 3.996417323988188386e-02 1.619206185261194419e-01 1.176668147036468021e-01
-7.934537452700124449e-02 -3.484986451072735053e-02 -4.100517410037655963e-02 -2.661333745994860084e-02
-3.874164063834634186e-02 3.239219608146992613e-03 -3.748908343899048923e-02 1.232874960682639465e-03
-1.568788651322554850e+00 -3.777782037348230149e-01 -7.742315919541590263e-01 -1.015361632578515749e+00
8.243094462534811262e-01 -9.138975035733154506e-02 -8.675295126821475078e-02 3.663720163847770939e-02
5.882141152368625114e-01 2.430552023573814835e-02 2.553503841718342965e-03 1.368733208046422622e-01
2.212700175921646362e-01 2.548394769374406899e-03 -9.770971890318167971e-03 -1.587685310946498896e-02
5.748809033473797903e-02 -1.680287599124848791e-02 3.290865009292969628e-02 2.911335684674960789e-02
-1.562760365755898606e+00 -2.008039253055810824e-01 -5.634589255761307536e-01 -8.098341050267452434e-01
-5.859764146113018990e-01 -5.958911615241915816e-02 -2.572358395624618765e-01 -1.967387097067070101e-01
2.788985552830525183e-02 -1.601649938367380732e-01 -1.673012100928947254e-02 -3.130263665320395794e-02
2.483085273773742996e-01 2.621676753504508656e-03 1.182449296332839343e-02 -7.079976491893244517e-02
-4.414608476927067704e-02 -2.057286667345052666e-02 2.468886045548462915e-02 1.106635664674331387e-01
-3.744879035857983512e-02 3.280641954554655570e-02 -5.239865200050553007e-02 7.438228543334812759e-02
-2.585152452235610632e-01 -2.426397128748622109e-02 2.802425735510132021e-02 4.771538300951795250e-03
2.562051638790589086e-02 6.898910145825942752e-03 1.099176229825120886e-02 1.378949694729333583e-02
