-1.136404163740868611e+00 6.103174287728709707e-02 1.054892925223245292e+00 2.497266076319892836e-03
-1.385996676129111482e-01 -4.137973626584044440e-01 -5.319656377264361247e-01 -4.739336778753900914e-01
-9.156127965710090244e-01 -4.502086549237567792e-01 -3.469523192415883139e-01 -4.581287331528834939e-01
1.432712058891293605e+00 -1.414697916066621208e-01 -1.572087480080263777e+00 -1.909277220842331424e-02
-8.895722526507401362e-01 6.215033641702005784e-02 2.231990865111420419e+00 -3.646035140353130477e-01
-6.382935377687357636e-01 -1.457549772021166437e-02 9.044536478125614343e-03 -2.348976648775683018e-02
-1.429399563294491138e+00 -4.647426478304900743e-01 -1.287692628291475572e+00 -2.421016200301119026e-01
8.331858862334433624e-01 3.084041619739141815e-01 -1.470581072939122214e-01 2.843080737216432952e-01
-2.142457960334347433e+00 8.036325398084007143e-03 8.621960635013574681e-01 -2.009593926826548360e-01
-6.045298971652739439e-01 3.175016161806885617e-01 1.276556803369266024e+00 1.930925330329800182e-01
1.372706228840174791e+00 2.677663112663094536e-01 1.822009482140251269e+00 -9.600537444219112149e-02
-1.742862299105922830e-01 8.656695962592766969e-02 5.512081164250336451e-01 1.397608496496352548e-01
1.150535388979121443e+00 4.927944914388804332e-05 -2.519169484343311005e+00 4.806046129416846613e-01
2.403283595023859576e+00 -4.343180650124936482e-02 -5.827944362877466311e-01 1.345438287769717967e-01
1.138477121614290599e+00 5.078576272672352676e-02 1.249267334007227448e-01 2.293809402403698683e-02
-1.486714647367112008e+00 -4.320209287143275123e-01 -1.369674296842690264e+00 -4.750202699060327993e-01
-1.352052709762210148e+00 -2.230174413847033077e-01 -1.860707749635265529e+00 -1.882100508102896863e-01
7.055352546750398579e-01 3.111990830582098133e-02 -4.175898358190466286e-02 8.860515398441469459e-02
8.224880208907199286e-01 3.996017285963790466e-02 2.127626411550356811e-01 -4.393270041928722114e-03
5.948222900973720861e-02 -1.803928511792972644e-01 -4.837177832898641450e-01 -1.237592637688562092e-01
-4.009418469524471673e-01 1.360706625196889119e-01 -7.313853307853486196e-01 3.678722348673384435e-01
-9.112033170888755862e-02 -1.110246682015127162e-01 -2.797746398125600109e-01 -1.383595694380552743e-01
-1.152670533554887689e+00 -3.908961310759003771e-01 4.947157175210395996e-01 -5.930526744194991595e-01
-6.911809874334335912e-01 -4.973592021694109300e-02 -9.249105159933382336e-02 -1.347518571815699284e-02
-1.125574525667194070e+00 2.816725686290655339e-02 -1.432360764257994967e-02 5.103169452081840474e-02
9.475625511935612533e-01 2.082110625664008174e-01 1.795251037650225534e+00 5.121842290030429456e-01
1.808568876443302775e+00 2.138806724172071516e-01 1.900959432228378709e+00 3.199327864039056557e-01
-5.389123245471252321e-01 6.243496159072992047e-03 6.621097086312965896e-02 -6.193682453801258037e-02
-8.161489709680118665e-01 -2.601954482508994637e-02 -1.983669892232582388e-01 1.931281738518253466e-02
-1.137715266384953239e-01 -5.370066221255899164e-01 -3.278382592062473844e+00 1.584329858258656798e-01
2.558571381134786549e+00 -2.141999969486507727e-01 -9.216037073619216535e-01 4.738497274407705850e-01
7.181834851176229773e-01 1.062610531874014774e-01 -6.830686524433482454e-01 3.885620484262525265e-01
-5.779192833431751053e-02 5.750619551743256508e-02 -7.789712147981597834e-01 1.385824298886214057e-01
1.954687105825223536e-01 -2.843594217164319149e-03 -2.018962444505958964e-01 4.196182805763443158e-02
6.656406086269980871e-03 2.499936035454303901e-02 6.163818453455904844e-02 1.560724865149646853e-02
5.847171816076944528e-02 -3.444372670867372477e-02 1.198375740787017696e-01 -8.775539455461156546e-02
4.568996855757823106e-02 2.258644691949665897e-02 4.169278598607242814e-02 2.545507042016606145e-02
3.180195689975739981e-01 2.370112808902205548e-01 1.619574380433056460e-01 2.512089477658221992e-01
2.147117503494621049e-01 1.197491714906035593e-02 6.986380251910792594e-02 -3.664935533006652424e-02
1.463635729102343852e-01 1.504527687505465700e-02 1.834585944625424792e-02 2.188613998008841210e-03
-3.428427347078113474e-01 -2.354707096339826999e-01 -7.713259510570564803e-01 -2.009669778201456647e-01
-7.172317458954834413e-01 -1.210252540804686722e-01 -5.618880742356918701e-01 -1.162096556546629023e-01
1.040952223976158442e-01 -2.187645878061972304e-03 -4.720002782525653529e-02 5.493364995765276371e-03
1.933858561986047109e-01 9.395684920375318994e-03 3.831283756346928748e-02 -6.782464505366070373e-03
9.563087858297230071e-01 2.453337134091299609e-01 1.116457245237723939e+00 2.378166076068502499e-01
-9.857315325102236070e-01 -9.832672071704065542e-02 -7.386567093460549849e-02 7.423621102752717138e-02
-3.444507475708267208e-01 -1.291768549926899934e-01 4.796611346078893945e-03 -5.357188364613196807e-02
4.121051955157062352e-02 -2.749582441429912483e-02 2.117633734613721952e-01 -9.069160693182698463e-03
-1.274087092670166399e-01 4.567963522770487894e-03 6.657643152775705175e-02 -1.370794647272977063e-02
1.535329304077524437e+00 1.585687242156797572e+00 2.765321318517939719e+00 4.136179646555512290e-01
1.035461205307465438e+00 1.457601316136436731e+00 2.124766068184051448e+00 5.049571450964407404e-01
-2.508719732926556478e-02 3.040852189456059729e-01 1.132829710751690921e+00 3.367137471169635576e-01
1.322204932906362596e-01 -7.979715956415811551e-02 7.481402427082207707e-01 1.704073342646991174e-01
1.424733939033456798e-02 -7.211574206020181232e-02 2.967436689946321704e-01 6.097737039140832538e-02
-7.831296028532319653e-02 -3.343020718645414724e-02 7.072334894636553293e-02 1.267993600908093321e-02
2.414446576993924953e-01 -9.181533924524945545e-02 -3.473952763290080181e-01 -7.541820046059727334e-02
1.059718025005114417e-02 5.608291699926166995e-03 9.607098645226212416e-03 5.239937184485614352e-03
