2.430776016893454461e-04 2.968151032995081096e-03 1.113706499348388057e-03 -3.120138305511277466e-04
-4.755837068414986435e-02 -4.797979403252616848e-02 -4.831065160758840626e-02 -4.763362996329467691e-02
-4.751008668907405474e-02 -4.719631413036595724e-02 -4.731951311938253912e-02 -4.754267177856763560e-02
-3.168235422963465719e-01 -3.201290235181719623e-01 -3.171543013212110296e-01 -3.153916934074472156e-01
1.710474059905542354e-03 3.984276866216163171e-03 2.506838841113023797e-03 1.491594016706787595e-03
1.766999436314864447e-03 1.812975668583405309e-03 2.284864141516074199e-03 1.778991802832849412e-03
-2.968132047746951940e-02 -2.529113854158193675e-02 -2.619396863110268203e-02 -2.847307731858006452e-02
2.952233313806640336e-02 2.855495673757868502e-02 2.904536044135719308e-02 2.984486781645823150e-02
3.452717588842080243e-03 3.105353242643049683e-03 3.389777547326028317e-03 3.322129548375629682e-03
6.495153099344008751e-04 2.354728472072409318e-03 1.120021584610775278e-04 -8.477882045077045348e-04
-1.291892050868392872e-02 -1.989107554953406520e-02 -1.793288173738472047e-02 -1.545488098770486651e-02
-1.156050255830465279e-02 -1.062036271102151375e-02 -1.107318653005162634e-02 -1.219042474308906776e-02
8.984035316805805138e-04 -5.920960428365873440e-03 -2.178633302715171638e-03 1.508195016413083067e-03
7.611174987354196730e-05 1.951749502455690788e-04 -4.193833973648031233e-04 3.702506432911034651e-04
-1.555745791008478207e-03 -1.572355101209232942e-03 -2.672254198528900559e-03 -1.642062679598987884e-03
1.517709742860917643e-04 -1.552501882183143778e-03 2.838995064897709142e-04 1.323639295622847101e-04
4.131332158503475682e-04 9.775049511095978971e-04 6.128286429578633232e-04 4.941434333417538127e-04
4.554033088141062890e-04 5.491809240414369242e-04 2.640959161291922541e-04 4.517838867887230547e-04
1.029844759231207663e-04 -2.823921380974425688e-04 -2.844719874965928597e-04 1.470464706992413717e-04
-1.269955830174862577e-03 -1.650080024514943844e-03 -8.236574600068991003e-04 -5.796547422700637497e-04
-2.207133621143886337e-03 1.761538360268710690e-03 6.596556113380447339e-04 -4.331906912089511508e-04
2.675181635414691783e-03 2.302496440892198848e-03 2.469312329671957684e-03 3.112467138483399065e-03
1.179645470995249745e-03 6.602600221323751128e-03 3.883883323665848764e-03 6.617607011301096520e-04
5.187488372977444584e-04 4.824937849474686402e-04 1.222663634272203037e-03 6.111840300191406783e-04
-4.206640072235146022e-04 -2.409854492022578398e-04 1.301880531975330157e-04 -6.125583366014542008e-04
-1.257146142328302574e-04 1.541943284161462202e-03 -5.333025893397014272e-04 -3.596329047768076492e-04
2.554671252208429166e-04 -3.131370490683238472e-04 -9.701901501246723569e-05 -1.738638982604623351e-04
-2.109669143968151417e-04 -3.701806020499631700e-04 8.153361823726168467e-05 -2.856741979577748225e-04
-1.124934838692137617e-04 2.861826588285154571e-04 1.437294716273296302e-04 -2.013171883500364245e-04
1.420302813603946390e-05 3.021414554927465135e-04 2.651561716219830167e-04 9.256472512153557375e-05
4.690347372271475024e-06 2.564192101111029132e-04 2.728002755635339227e-04 8.718290676890116941e-05
7.935947375870000542e-05 1.903668117246848368e-04 2.740955445725834494e-04 1.717143216431737951e-04
2.868909506736905257e-06 2.109708401922677501e-05 3.911812904525691081e-04 4.678065955721066871e-06
-8.909508092069806651e-06 -4.377831811663845940e-05 5.642358625990162579e-06 -5.613259707604179027e-06
-1.251515324364044224e-04 -9.728812955722698774e-05 -2.169998924777954974e-04 -2.418477552849906953e-04
-1.165452011862050385e-03 -1.927408026506871597e-03 -1.731263814962316627e-03 -1.562563935194327680e-03
-2.725597558656533970e-04 -2.193367249451183554e-04 -2.422285675849483733e-04 -3.722950297015831245e-04
-4.183750385930162796e-04 -1.700587544813392249e-03 -1.097875688163496566e-03 -2.745848564714437057e-04
8.882659483878257989e-05 9.562129790585682798e-06 -5.591554420777966605e-05 1.234228132527825927e-04
-6.514412206462538713e-05 -5.051850664272716784e-05 -2.040501804354971638e-04 -9.267739521166828975e-05
2.612855412348347173e-04 -1.359404237431527385e-04 4.096913615123654040e-04 3.891919653106201693e-04
3.320420437491478083e-07 1.298272668208699798e-04 1.011109149671174379e-04 2.020397527867645593e-04
2.390929540752040339e-05 7.357703976351714914e-05 -6.417606585057411550e-05 6.269987669128840313e-05
3.514099607360154920e-05 -7.511641733060070436e-05 -2.623390594647112550e-05 6.641343184526915522e-05
-4.432971820511610872e-06 -1.646291796002022356e-04 -1.402622212866577733e-04 -6.718233875824264345e-05
8.370030887927537577e-05 -9.332991016131053641e-06 -2.958874963304714001e-05 7.187593644095158218e-05
-1.848219553435281881e-05 -6.204818663052558136e-05 -9.811078243027182566e-05 -4.098370986675703431e-05
1.011647609308607976e-06 -1.611970783942789920e-05 -2.231990570468189716e-04 2.614334344130941901e-05
3.218077809348518503e-06 3.343070674532988562e-05 1.202981629416788323e-05 1.026099016791792717e-05
-5.810434457742541525e-06 4.985797424605920014e-05 1.628747145443476541e-04 2.449781842939202647e-06
-1.071578967115627279e-06 1.322779970188148191e-04 1.250639495574690230e-04 1.058743045270760241e-04
2.205752143591421799e-05 1.745756527199437969e-05 4.813702198450120484e-05 1.706037080229094727e-05
-1.924568560512929238e-05 4.035400373185449308e-06 1.160763242182283328e-04 -3.262031332773585035e-06
-1.737248139882519027e-05 3.851585518460654001e-05 -1.294360750359047074e-04 7.458552375161353609e-06
-6.333398155922154160e-06 1.122670517095247789e-05 1.370781200049908666e-04 6.672880628166844019e-06
8.937035900472704020e-01 8.930229077269206117e-01 8.933934788418992357e-01 8.937544517254675247e-01
4.622324163751713227e-06 8.468552155772783615e-06 6.724794482388278705e-06 5.976797995147140346e-06
