1.670980996117896744e+00 -3.205221987092321978e+00 -2.778898103044471934e+00 0.000000000000000000e+00
3.993349794852111834e-01 -1.244223214786552179e+00 -8.820241342547897601e-01 0.000000000000000000e+00
-2.857490150298434450e+00 -9.836819083514343198e-01 -5.471831130523984177e-01 0.000000000000000000e+00
-3.201083309671001048e-02 2.417627472056034232e-01 3.490477704150124483e-01 0.000000000000000000e+00
-2.464975649052954798e-01 -3.375297400736688713e-01 -3.058518684182882086e-01 0.000000000000000000e+00
-8.308804261428693883e-01 4.151675892713425631e-01 2.059809898064534739e+00 0.000000000000000000e+00
-1.662118112194713171e-02 -1.278944616512937671e+00 -1.159329256524935348e+00 0.000000000000000000e+00
-1.508308895162839169e+00 -4.831291236212222340e-01 -2.031629005202968408e-01 0.000000000000000000e+00
-1.476577991407628465e+00 -2.619214365098018193e-01 -1.428056692678674744e-01 0.000000000000000000e+00
-1.568604572910095474e+00 8.300237289022425191e-01 1.091278427488419300e+00 0.000000000000000000e+00
-2.799097162343810452e-01 6.561977418132722284e-02 -6.370599132072782278e-02 0.000000000000000000e+00
-3.972321888895777309e-01 -1.610901371032930629e-01 -2.937361244568353347e-01 0.000000000000000000e+00
2.597560791161934723e-01 -3.508979182808214525e-01 -2.554766027942110829e-01 0.000000000000000000e+00
-2.158589280575510472e+00 1.716618370997099019e+00 2.187527255039063867e+00 0.000000000000000000e+00
-1.779013367129776702e-01 4.015601778695229718e-01 4.918328523967406274e-01 0.000000000000000000e+00
-2.627781223854290527e-02 8.372195071075108075e-01 6.037727447142791082e-01 0.000000000000000000e+00
-2.984641269312006351e+00 -3.090357424608503600e-01 1.395873629147000861e+00 0.000000000000000000e+00
-2.745594892699208422e+00 3.501504574284542981e-01 1.869185673120271098e-03 0.000000000000000000e+00
-2.627008652428652447e+00 -7.685031001847667520e-01 2.026304311463758209e-02 0.000000000000000000e+00
4.397632873589134017e-01 3.228810892782493225e-01 4.222056222642254220e-01 0.000000000000000000e+00
-1.046571149397589051e-01 1.819135591705255406e-01 5.097002508894565853e-02 0.000000000000000000e+00
1.274541332305741126e-01 -1.802842187888807624e-02 -1.043356161901379114e-01 0.000000000000000000e+00
5.613837300098137861e-01 -1.255296217375399814e-01 -1.315179258437190468e-01 0.000000000000000000e+00
-1.253590623047140973e+00 9.658129746790458103e-01 1.067638552112160744e+00 0.000000000000000000e+00
-1.100160665437232427e-01 5.632904343718304618e-01 3.554173863612962725e-01 0.000000000000000000e+00
3.639067622519710499e-01 2.184770457176704248e-02 -9.085116436656534566e-03 0.000000000000000000e+00
-2.037598376927022503e+00 5.744457582230116932e-01 5.948998905247735586e-02 0.000000000000000000e+00
-1.604527966525411964e+00 -7.821610375514941316e-01 -2.709140133999803357e-01 0.000000000000000000e+00
-4.604831989178450602e-01 -3.317168238277299341e-01 -1.146963474788724180e-01 0.000000000000000000e+00
-1.412204488340558450e+00 -7.965002879492513732e-02 -1.329640136878806334e-01 0.000000000000000000e+00
-5.847674199495045411e-01 2.785067379368508789e+00 2.750646797770837537e+00 0.000000000000000000e+00
-1.025732943072253045e+00 1.124727652570233216e+00 3.821514167985483046e-01 0.000000000000000000e+00
-9.969854056353918415e-01 2.249704283833498408e+00 1.373751549821780271e+00 0.000000000000000000e+00
-6.247541814649981706e-01 7.606034425913075214e-01 1.173472736787334547e+00 0.000000000000000000e+00
-1.493143972871277536e-01 3.084024176366543801e-01 1.766570411138908003e-01 0.000000000000000000e+00
8.729204146088996585e-02 7.687803275336389797e-02 7.482317114849136586e-02 0.000000000000000000e+00
1.638621047788590968e-01 -6.041887362179889503e-03 1.920248635255269731e-01 0.000000000000000000e+00
-1.088727072611425789e-01 2.596292193029855477e-01 1.352462374390837607e-01 0.000000000000000000e+00
-2.064154067190611674e-01 -3.017591718291943170e-01 -4.635212167814747181e-02 0.000000000000000000e+00
2.969506004347000072e-01 -2.388483024546654565e-01 -8.591412628148364927e-02 0.000000000000000000e+00
2.558512581698367816e-01 -2.072551473491446028e-01 -1.172034364357802533e-01 0.000000000000000000e+00
-1.759040785011405816e+00 1.572714383184292686e+00 -6.515194361682106194e-01 0.000000000000000000e+00
-1.987667883512698186e-01 -1.159805381279108261e+00 -5.406547869581285193e-01 0.000000000000000000e+00
6.662286238174962572e-01 4.385670864242476562e-03 -4.537053152919134913e-01 0.000000000000000000e+00
2.766194590680259857e-01 -3.714068978177280100e-01 -3.858775300938194208e-01 0.000000000000000000e+00
-1.226584191448622185e+00 2.851177498729480675e+00 1.407261591292125802e+00 0.000000000000000000e+00
-2.589193120414467586e+00 1.402464531119907098e+00 1.541827023188996060e-01 0.000000000000000000e+00
-3.962448704676949651e-01 5.273912962381046565e-01 -6.871133793475981966e-01 0.000000000000000000e+00
3.804483140479878456e-01 1.108379484547360461e+00 1.173856747398801970e+00 0.000000000000000000e+00
4.419511170564605629e-01 9.537863036400425765e-01 8.064614569322910986e-01 0.000000000000000000e+00
-2.119514333923597338e+00 -1.698444337082841704e+00 8.963884197486672312e-01 0.000000000000000000e+00
2.536478196731580259e-01 8.370113833247296853e-01 -2.447249901326723487e-01 0.000000000000000000e+00
-1.129691420407641811e+00 -9.516566713732885208e-02 8.290195299402641771e-01 0.000000000000000000e+00
-2.070492369422694434e+00 6.145106602220230529e-01 -1.719265557279700263e-01 0.000000000000000000e+00
-2.394301401510272154e+00 -1.283450962476032853e+00 9.128002347044992248e-01 0.000000000000000000e+00
8.115779870366521820e-01 7.570987549981091913e-01 8.665379434099398370e-01 0.000000000000000000e+00
