-2.037785623031996174e+00 3.006587279651431910e+00 2.913524708829089871e+00 0.000000000000000000e+00
-2.550199536185093208e-01 5.347205992854706658e-01 1.554291520803904980e+00 0.000000000000000000e+00
2.170620326054711335e-01 3.087100255965451900e+00 -3.302060358306829979e+00 0.000000000000000000e+00
3.051547974762482962e-01 -4.026675743276175723e-01 -1.232635477429552262e+00 0.000000000000000000e+00
2.146786711857982810e-01 7.305772933093936106e-02 1.898345017085307229e-01 0.000000000000000000e+00
2.960014707949222945e+00 -8.437271605365429528e-01 -2.699390777745438008e+00 0.000000000000000000e+00
3.902509555058796820e-01 1.075325605822249564e+00 4.604650473247552944e-01 0.000000000000000000e+00
4.870757104948971739e-01 4.707901446103882059e-01 -1.481982492380996774e+00 0.000000000000000000e+00
-4.500009962336583014e-01 2.869078852413594477e-02 -5.194306452465324853e-01 0.000000000000000000e+00
2.290099626108278219e+00 -2.512093536749248734e+00 -3.272745728333988691e+00 0.000000000000000000e+00
2.532094713368314154e-01 -4.487145406441376411e-02 -2.675088625534612352e-01 0.000000000000000000e+00
4.287314132407822331e-01 -1.023314117434164894e+00 1.674222232513991604e-02 0.000000000000000000e+00
-5.283829589967110607e-01 2.642366430609000005e-01 -3.905973904635990507e-02 0.000000000000000000e+00
2.052582794368972063e+00 -2.418028393112528818e+00 -3.014230442444191027e+00 0.000000000000000000e+00
-2.945857657787898654e-01 -1.278461214702256710e+00 -1.478270662332096697e+00 0.000000000000000000e+00
4.430114632492068716e-01 -9.659874066706027884e-01 -2.962898620868508193e-01 0.000000000000000000e+00
-8.755205634274559889e-02 2.128392860560771371e+00 -3.317273235525131092e+00 0.000000000000000000e+00
7.930560797315869825e-01 -1.058984442694127059e+00 4.509860280860352733e-01 0.000000000000000000e+00
1.871640638791066014e+00 1.385999369329900865e+00 -2.490259058657255498e+00 0.000000000000000000e+00
-1.989337242748697165e-01 3.319312146961869159e-01 -5.817665886680247755e-01 0.000000000000000000e+00
9.481965455776780738e-02 -6.713930006584843679e-02 -2.365423632916748842e-01 0.000000000000000000e+00
1.326291630465201987e-01 -7.049453909872647195e-01 2.832469843382681152e-01 0.000000000000000000e+00
-2.656897705894779027e-01 1.906634333672087844e-01 7.381992548486895900e-02 0.000000000000000000e+00
7.179052311378107953e-01 -1.592569474194116985e+00 -2.056834795927003690e+00 0.000000000000000000e+00
7.590358331220117827e-02 -3.569253496650706681e-01 -4.596159825899306384e-01 0.000000000000000000e+00
-7.831775464758055083e-01 -7.795024628263337585e-02 -7.891651179047372289e-02 0.000000000000000000e+00
6.240407544480599533e-01 7.232533361202378996e-01 -1.685915987256037862e+00 0.000000000000000000e+00
1.526344115750337460e+00 3.998566203615938064e-01 -1.140939196399457956e+00 0.000000000000000000e+00
8.351683412852468624e-01 -1.094956974384645731e-01 -1.681430607145687761e-01 0.000000000000000000e+00
1.197826617378125458e-01 9.282399355616544057e-02 -5.694489606152549621e-01 0.000000000000000000e+00
2.478868595099364747e+00 -2.573902491854037855e+00 -2.432750061694391341e+00 0.000000000000000000e+00
3.321978988134659083e+00 -3.617971999856147924e+00 -1.770697210184629222e+00 0.000000000000000000e+00
3.331401557634797506e+00 -3.902629866788818624e+00 -3.085117830398141248e+00 0.000000000000000000e+00
-2.887614519970265747e-01 -2.139925366217363401e+00 -2.055574728168282128e+00 0.000000000000000000e+00
-2.768827182689620470e-01 -4.656608993374973249e-01 -7.325949871126176405e-02 0.000000000000000000e+00
-1.762703299398631906e-01 -2.986339571073748020e-02 5.459241920933206177e-02 0.000000000000000000e+00
-2.894655209656374351e-01 4.145257956260618992e-01 -8.565124058524076212e-02 0.000000000000000000e+00
-2.925470240545139169e-02 -2.279286569150099639e-01 8.705503742079458152e-02 0.000000000000000000e+00
-4.519109323607507500e-01 -2.867493661656538295e-01 -4.089278916861922020e-01 0.000000000000000000e+00
1.329950790545746664e-01 4.525733545829347948e-01 4.662015718170237077e-02 0.000000000000000000e+00
-3.324548972789896362e-01 3.273091611885631247e-01 2.963435237060731420e-01 0.000000000000000000e+00
8.200417572618913242e-01 7.293174925334906800e-02 -1.002750768956019556e+00 0.000000000000000000e+00
1.631518159516125888e+00 2.345226898886529465e+00 -1.198467621039715825e+00 0.000000000000000000e+00
-5.889986654075537453e-01 1.059193371587850763e+00 5.957957946054815990e-01 0.000000000000000000e+00
4.308366689803293514e-01 -1.139161084626762049e-01 -9.438350721486617190e-02 0.000000000000000000e+00
3.669422195818826116e-01 -3.024293694643758190e+00 -2.367673561116296455e+00 0.000000000000000000e+00
1.704102957733962143e+00 -3.195172095544791091e+00 3.969013858714627863e-01 0.000000000000000000e+00
8.894215463697136004e-01 -5.209821249291740619e-01 -1.803807699380256313e+00 0.000000000000000000e+00
-2.553043607822756300e+00 -1.662757773248991766e+00 1.103840574950178288e+00 0.000000000000000000e+00
-1.286076940208257691e+00 -1.113827047944594417e+00 -8.887127924619862840e-02 0.000000000000000000e+00
-1.071656057186282096e+00 8.252975240279506464e-01 -1.090526480681840438e+00 0.000000000000000000e+00
4.325124888795967015e-01 -1.885088807038826308e+00 1.907679127485346626e+00 0.000000000000000000e+00
1.898489654689545558e+00 -1.450832399040745235e+00 7.270369810027232926e-01 0.000000000000000000e+00
-9.379660116224451671e-02 -1.139569587710367982e+00 -2.874909663610650257e-01 0.000000000000000000e+00
4.086647063209289388e-02 3.726119853601170817e-01 -1.669257390395664897e+00 0.000000000000000000e+00
3.444799331041763502e-01 1.129125025829931017e+00 -3.933085075364945449e-01 0.000000000000000000e+00
