1.031512693520919344e+00 8.923751811568492176e-01 1.106462694275923919e+00 1.043442763261908102e+00
1.509393321993276194e-01 8.110139123112652948e-02 1.486534320264383535e-01 1.542636211835348437e-01
-1.712544799717272692e-01 -1.153201664935065290e-01 -1.703387762374228009e-01 -1.857312665325819012e-01
2.085510643159999011e-01 5.458213783433800703e-01 -4.080513153117748537e-03 1.985449242979517859e-01
6.522740805449447898e-02 1.710249994704345911e-01 7.806508091292740925e-02 7.765074659086768083e-02
7.204246334628350290e-04 7.648532444340062908e-02 -1.322762194681768172e-02 -2.016517506428255890e-02
6.982930425137761077e-01 1.087160854865933501e+00 6.279892469382055697e-01 6.331551051451530521e-01
3.733981869135026277e-01 9.951950285259941742e-02 3.648059134748105614e-01 4.514406676814582964e-01
-2.432259110101188393e-02 -1.420081667499177858e-01 6.778815892631462336e-03 -1.665017608464997023e-02
-9.998979257928077846e-01 -1.301445425314885718e+00 -7.648756301561097093e-01 -1.011992566479219535e+00
-5.328964173062599174e-01 -1.121566266928059497e+00 -3.936248797427355228e-01 -3.909751915428343327e-01
-4.181804541533554742e-01 -1.879081797789300401e-02 -3.992556797055207829e-01 -5.381834193932079069e-01
2.262360870563799309e-01 1.440157983344680925e-02 2.149746437768489671e-01 1.917984634061837834e-01
1.480145404635254958e-01 4.341445952932553309e-01 9.906274400631623345e-02 1.539747709210572135e-01
1.846592685144227142e-03 -2.213610211295250485e-01 2.812867918416956520e-02 3.109989159141243742e-02
-8.045546564187353034e-02 -1.362929332290910012e-01 4.645650340235715769e-03 -6.302871816318381115e-02
8.716061340510061761e-03 9.309125129376846774e-02 4.514074554890341179e-02 4.174634781175727560e-02
-9.873149618991855503e-03 -7.600901037944836347e-02 -1.112054909952384096e-02 -3.075744789159437498e-03
7.348009134824889932e-03 1.481389969891061531e-02 -2.100538401061391447e-03 9.654668051292170095e-03
4.905930199568618866e-01 6.011737029513415376e-01 3.784841549994731325e-01 5.043135034170233011e-01
2.032814721498470978e-01 5.469491331642907239e-01 1.069373657305327519e-01 1.020175044451852586e-01
1.941581860499974055e-01 -1.827321394620984307e-02 1.825591976198345512e-01 2.709819062529160716e-01
-1.667905896391553844e-01 -2.200447790853279906e-02 -1.399081842465653702e-01 -1.121346709360336868e-01
-1.852325587914177563e-03 1.837772096652161569e-01 -2.334819082628459413e-02 -2.679928379201951261e-02
-1.705239750421100042e-01 -3.662084032340872652e-01 -1.511960298768601219e-01 -1.891938158969997952e-01
1.045401384537060496e-01 2.981218173556413054e-02 1.156773643861014056e-01 7.683381071792172445e-02
-9.174706999762888282e-03 -8.263981908770037799e-02 -9.205771463616695127e-02 -5.907554638855597173e-02
5.340272808183987863e-02 2.179017886593024866e-01 4.041953251500124411e-02 7.572206570518857927e-02
-2.489652842685176337e-02 -1.364231652135021733e-01 7.549281177880923233e-03 -5.388564467440934425e-02
-1.041970884501986078e-01 -2.217040868790020047e-01 -1.203102659330008983e-01 -1.250971141410944787e-01
3.008638217094742121e-02 8.759590640548117757e-02 -1.560113843570138520e-02 -4.393632229461277849e-03
5.268286441756087068e-03 3.385987531748305135e-02 -2.667378385330082535e-02 2.258996880717902001e-02
-2.377243164021436428e-03 -7.161940369187458355e-02 -1.428583620214926575e-02 2.327783870037514191e-03
-2.333841837921009355e-02 -1.067322242498183749e-03 5.619478405005484678e-03 5.176904507873419936e-03
-7.874303090204906597e-02 -9.255529763086983719e-02 -5.940800071926767567e-02 -8.200226766322031569e-02
-2.107212775587499753e-02 -8.841840722570311339e-02 2.900937192586647284e-04 1.694922310661789444e-03
-3.069810233932850074e-02 6.129983838489415360e-03 -2.902200066903522571e-02 -4.811030253382209132e-02
5.627000910357599084e-02 1.819052992427245413e-02 4.586277717709955765e-02 3.688479454229628973e-02
4.932084312469771359e-02 8.889167145509942192e-02 4.580755991950677397e-02 5.525936563348321506e-02
-1.853482471303041779e-04 -4.206798362923333534e-02 6.561217379410511086e-03 8.388652696876844339e-03
4.768876617717181243e-02 6.789650350339941631e-02 4.095918674443697893e-02 5.795951008289833284e-02
-1.374727826373828982e-02 1.667182659531830230e-02 2.595108144692065411e-02 6.357838946629126853e-03
-2.352805753564002345e-02 -7.686436424137774170e-02 -1.266331442252774386e-02 -3.137104569583201719e-02
8.110849979604248250e-03 5.009850103023322232e-02 -3.290181641040786087e-03 2.336542330832259984e-02
2.185824564061537578e-01 3.227780567203425433e-01 2.064246264838336953e-01 2.189285153988178301e-01
-5.027621676570767639e-02 -7.943975400817376853e-02 -4.820571744739623327e-03 -8.833679130766713961e-03
-1.245525736036390274e-02 -4.043052636527089128e-02 1.420934778238693019e-02 -2.470389804954917917e-02
4.444228535868371965e-03 4.697455950793727464e-02 1.444137175414191010e-02 -1.218605612343864886e-02
1.754050536009751915e-02 -1.356560343815198244e-02 -4.228702572534909221e-03 1.768325414374855020e-03
1.118306714598599760e-01 2.790157407406981260e-01 -1.514646402095693595e-02 1.109478956842068209e-01
3.844987147382525339e-02 -3.237027644506138002e-02 4.793239784020908445e-03 -1.810810730239312272e-02
-1.560797285495872655e-02 -5.662707844377555533e-02 -1.024496616391318282e-02 -1.405903204939632639e-02
-5.020178076874443063e-02 -6.872781562104809949e-02 -2.044172713371517069e-02 4.550183642936439510e-03
-1.020474949499161621e-02 -6.985566019677916239e-02 -1.734492595075986382e-02 -5.035466160758365894e-02
2.362359748106560020e-02 1.055759957004384075e-01 1.633267103334778980e-04 1.780790310650687269e-02
-4.363790868048098015e-01 -4.254585409879577118e-01 -4.433666952999131827e-01 -4.378109705960315234e-01
2.116349320825883923e-02 2.293968588635417541e-02 2.106442326378653307e-02 2.150677576773086380e-02
