-7.805886416456935262e-01 -8.248567726945198464e-01 -8.137657565303921814e-01 -7.725677407075948189e-01
1.740082326575587146e-02 -4.279623302320162415e-02 -2.427884464762447569e-02 -1.090172646131587486e-02
3.415881082519156564e-02 3.663410534318717326e-02 4.281183311057429330e-02 3.234288481523833747e-02
-6.844108588673769589e-02 -2.643744415380844259e-03 -3.115026679508714480e-02 -1.104977355517093862e-01
-3.749226229526281262e-02 -2.025243947778299081e-02 -1.933590691510746196e-02 -7.418295530996599219e-03
3.336420662709560503e-04 -2.058782827121241610e-04 -9.052874118358339439e-04 7.365848819864018182e-03
-2.250488870586977441e-01 -5.370531650918008992e-02 -1.073990048528891128e-01 -1.223499692720280141e-01
-3.811602525680868325e-02 -4.842504536941272253e-02 -7.465417216051617455e-02 -5.489333482584612955e-02
6.631473212489691349e-03 -2.028193203211911544e-02 -1.141946139523197790e-02 2.237279207628006805e-02
1.877977890886624035e-01 1.413764200516745284e-01 1.735378206342034768e-01 2.533406540930445150e-01
1.756517797543721837e-01 2.323531912191700854e-03 5.339051569160846444e-02 3.378005972456543660e-02
1.695623601166795780e-02 3.031753291561506414e-02 6.515614596413565884e-02 5.741442618149683597e-02
-3.187216258225822330e-03 -2.704633686788959768e-02 -1.738297554301715397e-02 -4.241192521602821230e-02
-1.395267364287100520e-02 2.353718199491994234e-02 1.011864649585830778e-02 -5.737166618260586270e-02
-6.260952484020698705e-04 -2.402940646123785662e-03 5.681921868576744750e-03 -1.528162995970860916e-02
-6.647753556006039122e-02 -1.890915972749707130e-03 -2.781585874498954114e-02 -3.807958044228861028e-02
-3.631138392628674438e-02 -2.269212186728042369e-02 -1.536743873903057001e-02 -6.812683702668964614e-03
5.042226827805362799e-03 -7.131784880054059528e-03 4.479389502035358017e-03 -7.071604111461349262e-03
-1.629117793731649222e-03 1.153971375934426113e-03 2.197117329766906657e-03 -1.488525678040586442e-04
-7.661565727352975808e-02 -6.084769499885972488e-02 -7.662242588237727636e-02 -1.155402451872098446e-01
-8.418662448791225383e-02 -5.154107280723074780e-03 -2.742411144845924298e-02 -1.759405022924875883e-03
-3.254268096141155198e-03 -9.826423397141403893e-03 -2.847659850401074166e-02 -3.226484474655633150e-02
1.824942582546384973e-02 2.546675208614379571e-02 1.675134333151639954e-02 3.887961288712638019e-02
8.608075073012200207e-04 2.914883737365037142e-03 -5.512907019476764869e-03 5.643022404177910900e-03
1.546105997973334922e-02 -3.810252418138704300e-03 6.387779988884928484e-03 6.035438415383465038e-02
8.112294305655176618e-02 -3.818484875683969548e-02 2.013980879386390033e-02 4.965287125221107267e-02
5.508944116956793202e-02 1.577458198971870562e-02 2.789737304185635480e-02 1.704407702556265392e-02
9.166973724982208083e-04 8.872534421733746512e-03 1.908904514553722009e-04 2.673611487227955941e-02
1.103373356412085116e-03 -6.649427040472666306e-05 -3.704415401897365179e-03 1.441748071235704476e-03
7.008431742892984317e-02 5.300776034599730124e-02 3.502066964373728997e-02 2.701376065401528415e-02
1.699151365006179581e-02 2.740637426589254133e-02 1.746601185124341260e-02 -2.588941968634578261e-02
9.987067425866580361e-03 7.190184410057698372e-03 5.556029567817505344e-03 -6.295405390451480621e-03
1.315803850945318487e-04 4.530829537571667842e-03 3.629035292780552480e-03 3.544104324377794768e-03
-8.077797661282248853e-04 6.356652119642591803e-04 -8.577440990005513743e-04 5.261173703633881260e-03
1.055244848156133841e-02 8.477292778598946588e-03 1.125673897158192827e-02 1.839513322917857296e-02
1.309569788542540303e-02 -4.864883174444112335e-04 3.260679827430501554e-03 -3.719292268743817909e-03
1.941399746258065662e-04 1.307983734657007513e-03 4.786576182031390680e-03 6.945814771290359513e-03
-8.318573461615214049e-03 -8.653953445503875797e-03 -7.622858916794705841e-03 -1.372660935003833238e-02
-4.317723016131314040e-03 -9.685277805094594239e-04 -3.794127080163632246e-03 -1.863514860020581976e-02
-2.297071243475834468e-04 -8.888811085989156702e-04 1.434398759776397969e-03 1.545664265847346286e-04
-3.237857786711693941e-02 4.738795140723617294e-03 -1.426160848626256694e-02 -2.116909554496415602e-02
-1.564135734238331077e-02 -2.887389509513643704e-03 -8.441384678032265443e-03 -5.382692945776534899e-03
-1.256898115114507553e-03 -2.718916365231360821e-03 -1.451292117808117288e-03 -1.221315841169223759e-02
-2.630971975759455184e-04 2.716813967695852483e-05 1.337135503255343361e-03 -7.554138998753651135e-04
-4.770209490080909442e-02 -3.309767479316272354e-02 -1.951386673211308320e-02 -2.198967553623476512e-02
-2.237560050744935580e-03 -6.095500599058611968e-03 9.018635440881661580e-04 2.093473152197100617e-02
-4.319452643888013754e-03 -1.493397693748566013e-03 -8.335930599972646293e-04 2.496365930505284325e-03
-1.895431838135619440e-04 -8.241270973657899290e-04 -2.132213161378238020e-03 -2.516241409211694702e-04
-2.365672110376526582e-04 1.825926896415752676e-04 4.724745276398489846e-04 7.575119023939258511e-05
8.837494152601210740e-03 4.274830490219350132e-02 2.871585452527369853e-02 4.480070173624395302e-03
5.519250025323774178e-03 3.766274721068163522e-02 1.689195160599271661e-02 1.955291720655216725e-02
1.026290570076665576e-03 1.268617228373969397e-02 3.533952153742775382e-03 1.063887058818591136e-02
-7.922244301125369592e-04 5.695191466478677356e-03 1.925068175620575639e-03 -1.768543380606724114e-03
-2.069001954282057021e-03 1.104765683625053008e-03 1.260724040963737136e-03 -9.164936352588859414e-03
7.575108623839449384e-04 -1.195167588640730361e-03 2.526549878754669187e-04 -2.555542453264933456e-03
9.932595852473102838e-01 1.004368168583327892e+00 1.002459109758422340e+00 9.929027318483671927e-01
1.956604101882697779e-04 2.308172593964270770e-04 3.358237531616461817e-04 6.112525385861589155e-04
