3.816867973847128948e-01 9.860440224118961483e-01 1.142829918255354071e+00 0.000000000000000000e+00
3.432567667448712112e-01 4.841272709705413679e-01 5.865047762497330730e-01 0.000000000000000000e+00
-1.090624035848928308e-01 2.297714167898813886e-01 9.045397210736248750e-02 0.000000000000000000e+00
2.228207849472271795e-01 -2.564015158808240560e-02 -2.176549229828456458e-02 0.000000000000000000e+00
2.367331736872096137e-01 2.217968137552422669e-01 2.439460332027058032e-01 0.000000000000000000e+00
-1.925015476190683750e-01 1.874708897260974061e-01 4.024712580753994629e-01 0.000000000000000000e+00
-3.048792120135224073e-03 1.288769736822003575e-01 3.487994301547648335e-01 0.000000000000000000e+00
2.776689154011677610e-02 1.304598028423780975e-01 6.657946624997564122e-02 0.000000000000000000e+00
-2.689576842425390676e-02 -1.162155198258952304e-01 -1.053126853246875577e-01 0.000000000000000000e+00
5.221311214072283935e-01 1.222360475760651821e-01 -3.139574942263601010e-01 0.000000000000000000e+00
1.314482852976136262e-01 5.473189820978273390e-02 7.011123703454859302e-02 0.000000000000000000e+00
5.243889835646776965e-02 6.449833028849788485e-02 2.202398861113382886e-02 0.000000000000000000e+00
-6.673940081240792299e-02 -8.563232815296294154e-02 -6.349536752927692485e-02 0.000000000000000000e+00
-1.002368305214221128e-01 -3.224298129135061419e-01 -2.163338878980962665e-01 0.000000000000000000e+00
7.952655813234121851e-02 1.241829365351382469e-01 -1.074748309914069361e-01 0.000000000000000000e+00
-5.947124427693822879e-02 -3.129486709678055423e-01 -2.792423209196481237e-01 0.000000000000000000e+00
-3.584855893172096963e-01 1.969843637540580061e-01 -1.356227422259207172e-01 0.000000000000000000e+00
7.081467369987600735e-01 -5.602180199123484305e-01 -5.091754339612563074e-01 0.000000000000000000e+00
-5.658226572559369449e-01 2.218264194194461136e-01 -3.795293500749188365e-01 0.000000000000000000e+00
2.080251888856355647e-01 -5.135140335212481748e-03 -2.577807642494755330e-02 0.000000000000000000e+00
2.758131825652235594e-02 -2.075017967058635088e-02 -1.638252316587176724e-02 0.000000000000000000e+00
2.795565501100746517e-02 2.520360574924942337e-02 5.222432228705981179e-03 0.000000000000000000e+00
-3.390306887166376348e-02 -4.148904523650687876e-02 -2.130220680199763558e-02 0.000000000000000000e+00
-1.320865452544725815e-01 -2.944041020820953314e-01 -2.834729641102203823e-01 0.000000000000000000e+00
-1.472693855237922622e-01 -2.676794512454043207e-01 -2.965738330333856920e-01 0.000000000000000000e+00
-4.248253586204087801e-02 9.000210015028818622e-02 -4.068948967079159124e-02 0.000000000000000000e+00
-6.617980514473445486e-02 -2.978488816103692059e-03 -1.013156792852672738e-01 0.000000000000000000e+00
9.782770362640662298e-02 -2.295454901607177911e-01 -3.068409479737885803e-01 0.000000000000000000e+00
-1.623819384744117078e-01 6.996480172540865509e-03 -2.297336126731219508e-01 0.000000000000000000e+00
5.895553435667158157e-03 3.277234057826595298e-02 -5.724676884958782019e-02 0.000000000000000000e+00
-3.198030651500003985e-01 -1.831380637104697839e-01 -3.196498238246313628e-01 0.000000000000000000e+00
3.760730832156304881e-01 -8.480570348537135039e-02 -2.446809119665095955e-01 0.000000000000000000e+00
-1.427738024168093423e-01 -2.895487639830570670e-01 -1.033391946050169707e+00 0.000000000000000000e+00
8.552295431589790331e-02 2.717340941654053030e-02 -6.727322074480861225e-02 0.000000000000000000e+00
-1.484740804217919985e-01 -1.716530343407468850e-01 -4.373496546105028471e-01 0.000000000000000000e+00
-4.668793616536364571e-02 -3.256662338511094601e-02 -3.404512365391360040e-02 0.000000000000000000e+00
-1.757311952246947209e-02 -6.200797343204484660e-04 3.173778595884851157e-04 0.000000000000000000e+00
3.019787829037939159e-02 9.461539609516851634e-03 1.895049399131538623e-02 0.000000000000000000e+00
-9.335359483310755324e-02 -9.141167353253874805e-02 -7.798736721697957508e-02 0.000000000000000000e+00
-1.663874838418013397e-02 8.058487281003419433e-02 2.928651747644381732e-03 0.000000000000000000e+00
-1.168263656286433610e-01 -6.375244265038518265e-02 -6.519464028626625884e-02 0.000000000000000000e+00
2.032394429109401351e-02 -8.154311251527651683e-02 -1.255354756202184674e-01 0.000000000000000000e+00
-7.470295390227520149e-02 -4.242174934759451732e-02 -1.245574833176193302e-02 0.000000000000000000e+00
3.928709435525754717e-02 -1.320905744327357731e-02 -2.281085658283300843e-01 0.000000000000000000e+00
2.161259778577124049e-02 1.256077395599881352e-01 -3.315509973792558213e-02 0.000000000000000000e+00
-2.777203667824485467e-01 -3.176292843137171196e-01 -7.304749403133955488e-01 0.000000000000000000e+00
-1.550903130572275357e-01 5.185226211168790511e-02 -3.830156252236502912e-01 0.000000000000000000e+00
1.694171665908055235e-01 2.046855119420691871e-01 -5.223226496650045236e-01 0.000000000000000000e+00
-8.339087906391946803e-02 -3.215579722579723354e-01 -3.110761898002250558e-01 0.000000000000000000e+00
-3.000552175193618165e-01 -2.417627873076615697e-01 -7.075630708469908825e-01 0.000000000000000000e+00
-2.722587505527674923e-01 -2.520287419040658783e-01 -1.538291286337477304e-02 0.000000000000000000e+00
-1.252954661976811435e-01 -4.607589028324132058e-02 -4.309917608147811885e-01 0.000000000000000000e+00
7.122216307007225855e-02 -1.544980454300350914e-01 -6.096856705338620230e-01 0.000000000000000000e+00
-1.204740450409819141e-01 6.918637258581661342e-01 -4.799876703658152444e-01 0.000000000000000000e+00
1.542319896937733303e-01 -5.860358823964064712e-01 -2.511249753764089321e-01 0.000000000000000000e+00
-8.856321764204513891e-02 1.908186052513369257e-01 1.859828345316452414e-01 0.000000000000000000e+00
