-6.350565922448762057e-01 -6.747550641073504218e-01 -5.140339259378063907e-01 -6.092997182278467871e-01
-3.777597435258431280e-01 -3.711922417551388742e-01 -2.697937347425170551e-01 -4.446960300635182106e-01
3.762660669505473593e-02 1.044912775269484506e-01 1.181735051904888312e-01 1.539075255492618199e-02
4.397643248098442870e-02 7.849092219593720166e-03 -3.114263961184776663e-01 -6.897343519815246626e-02
2.120258619978828973e-01 -8.383589574500312225e-02 9.783024391992073410e-02 3.485185998124279427e-02
-1.013523338035554056e-01 -2.080311143117853645e-02 -6.610887349194827234e-02 -1.133947900225231731e-01
-6.287436063329566727e-01 -4.926399316065069867e-01 -7.414317211582288625e-01 -6.822303941817866590e-01
3.690178002156395132e-01 1.052534411350207477e-01 5.033389366486808181e-02 4.557949339682449419e-01
3.931616883007197361e-01 2.926038225961891115e-01 2.718471951175392975e-01 4.581707306686387260e-01
9.385508364660467562e-01 1.042075916202232388e+00 1.336008703597978187e+00 1.031579346828458865e+00
1.218763013459596145e+00 8.626546625918802835e-01 1.052676802688835345e+00 1.592667179642542896e+00
-3.114276337503841807e-01 5.050438322402167612e-02 1.842101513314922112e-01 -4.768585847845420722e-01
3.178951520032093359e-01 8.078791468827943856e-01 2.048858391670407841e-01 8.842422675388307285e-01
-8.162906787492660854e-01 -4.758979322366452269e-01 -5.580182132767412817e-01 -9.351023680350462053e-01
1.915679292843780468e-01 -2.055553664551526549e-02 1.366087502193503167e-01 2.924664237125030875e-01
1.349409400536444092e+00 1.102330907828675821e+00 7.693980600899769096e-01 1.745813369405492033e+00
4.398992002937350820e-01 4.117824094890158992e-01 2.950724333515823972e-01 4.117459003207524226e-01
-3.626064066786828521e-02 8.438908962520168255e-02 4.594762314302797829e-02 6.906324841191430197e-02
8.301166198729524603e-03 -1.376696163112363647e-01 -1.373810027994652461e-01 5.458843145209968384e-02
-6.057521168613683171e-01 -6.679927847278828157e-01 -8.006125570454358797e-01 -6.139178496092990711e-01
-4.436257647674572979e-01 -1.920983089840929137e-01 -2.484849098260942801e-01 -7.517769061449779411e-01
1.314449582974842046e-01 -6.089355221960833509e-02 -1.688141113213171285e-01 2.038704007147428277e-01
-8.932812940034345894e-01 -1.216000562962033849e+00 -6.035507178415301377e-01 -1.424820480721295857e+00
-1.279709752717118620e-01 6.984768166321372873e-02 -1.113673319733374106e-01 -2.796396336454429754e-01
4.664149055431527358e-01 1.567654387079598644e-01 3.169580294550602972e-01 5.126734746612178206e-01
-1.507540413850617433e+00 -1.081257537756934006e+00 -6.893876244133558817e-01 -1.829619662431750893e+00
-9.001789304725683616e-01 -8.276770010229306251e-01 -5.433874718116045166e-01 -1.012643013597205321e+00
-2.062910051410833945e-01 -5.053514538814907198e-01 -3.385167354991971411e-01 -5.877232922647946944e-01
1.074512926239968441e-01 1.771034084258047703e-01 6.752070598766440890e-02 4.861433707717768837e-01
-4.540480948037486919e-01 -2.917653958390253877e-02 -2.327810566706632611e-01 -3.388123174175698415e-01
-4.359718579085874457e-01 -2.486834960679619178e-01 -2.478913989237234716e-01 -5.504923257677667436e-01
-1.410634814743397247e-01 -1.470034976608787791e-01 -2.759723245959538884e-02 -2.055099967085294022e-01
1.651834236652868770e-02 -1.551245919308208987e-01 -2.677869510073005443e-02 1.262494630036857246e-01
-2.597096808085563868e-03 -2.607315724867736301e-02 -3.584842640224243648e-02 -2.195402420274927824e-02
1.008251718528475060e-01 1.121495661833555452e-01 1.356760473074132556e-01 9.441768442510529991e-02
4.262519853628219529e-02 -1.003632791648100334e-02 -1.497197416306751683e-03 1.098093664154147914e-01
-2.512250072158006553e-02 1.127440722109940632e-02 3.754323931184500029e-02 -3.191673349220363470e-02
3.146171864569122789e-01 4.067856499829578532e-01 2.158558429800244149e-01 4.647203433265247874e-01
-7.374903839562990671e-02 4.643214241749066620e-03 -4.619501119602531514e-02 -7.940622135727043451e-02
2.621105170513673630e-02 -2.846807244922321123e-02 2.770023100861580823e-02 7.176608535079809226e-02
4.420516791604866547e-01 2.601924967533853494e-01 9.605928436660221559e-02 5.846079289180963201e-01
3.085300383087974940e-01 2.803281565173908474e-01 1.418657714444572504e-01 3.607802868964378185e-01
1.016085426294353888e-01 2.251097826935865021e-01 1.366217723398079897e-01 2.494325176153016077e-01
-3.339849441135200880e-02 -7.900488028764231230e-02 -1.873783811751401213e-02 -1.716157667733800296e-01
-1.889240851177711178e-01 -5.187249031936740362e-01 -3.239497057409832514e-01 -2.996475719562358142e-01
-9.989935643128510651e-03 -1.611945744805077518e-01 -1.526676990072872719e-01 1.156889341066931198e-01
7.503399569220166321e-02 6.731174945821596922e-02 -1.919129700686417889e-02 1.294681171266777175e-01
-2.232896242303034073e-02 1.404857989014356157e-01 -5.937075307965673787e-03 -1.029393339722128597e-01
1.116046567379985754e-03 -4.876671314522143530e-04 2.485722487301476186e-02 4.153391286506726010e-02
-1.219042135114712933e+00 -1.076321842105791404e+00 -8.614759953772938017e-01 -1.618486640668160392e+00
-5.181593227234428944e-01 -4.160106292164229558e-01 -4.369634737481014053e-01 -3.828104369621994629e-01
1.670048573599317715e-02 -1.071722274659168972e-01 -2.950761867769102764e-03 1.662448606125421779e-02
8.490306558691082528e-02 -5.623369161471489241e-02 4.292402558414695757e-02 6.983109112413488084e-02
1.336135173835439893e-02 1.215606816247990080e-01 4.542354841456583414e-02 1.678370208242816741e-01
-1.325679090747997335e-01 9.977389243826782772e-02 1.091336121302152462e-01 -4.779008665774653886e-01
1.844744047056020853e-01 2.060039168712034796e-01 1.807182596123731166e-01 1.907150765371048440e-01
8.214778107086931347e-02 7.448122928060957326e-02 7.454170037170999852e-02 8.302778324950393918e-02
