-1.820170624080339250e+00 1.846934964229481002e+00 3.761914133795688508e-01 0.000000000000000000e+00
-2.216070852362310439e-01 3.552131059330280310e-02 8.191013994269115139e-01 0.000000000000000000e+00
-7.671150873050788244e-01 -5.582890631056175224e+00 -3.616020061516643236e-01 0.000000000000000000e+00
-2.519268150603257705e-01 -1.147003182037568791e+00 9.376036399683269629e-01 0.000000000000000000e+00
1.230639622785533877e-01 -1.172978899190735141e-01 6.049946697669640328e-01 0.000000000000000000e+00
-8.612360787524800942e-01 -2.151200899500429031e+00 -3.042757905113796735e+00 0.000000000000000000e+00
-4.139515817422458333e-01 1.320083000481452551e+00 6.136042153596050763e-01 0.000000000000000000e+00
8.741375746444914885e-01 -3.330234795142261728e+00 -1.795563458776847865e+00 0.000000000000000000e+00
-7.766024012192971337e-01 1.228186106074294209e-01 -6.137284558244373578e-01 0.000000000000000000e+00
-1.114717293459730696e+00 -1.525028839504166456e+00 1.135612140413460480e+00 0.000000000000000000e+00
1.359107247636580085e-01 3.832622462019287524e-02 3.105463621316900125e-01 0.000000000000000000e+00
4.187785203760981956e-01 -1.474497245989533356e+00 -6.546033627409393318e-01 0.000000000000000000e+00
1.079265345019881223e-01 -2.535139732770468890e-01 -3.538847375695237663e-01 0.000000000000000000e+00
7.442380488901996216e-01 -1.415846654973471397e+00 -8.152342210408657364e-01 0.000000000000000000e+00
1.328017833537129544e-01 -1.238465049817964347e+00 -5.010815358547991982e-01 0.000000000000000000e+00
2.156221965458395562e-01 1.444885625949612201e-02 7.197519034170734020e-01 0.000000000000000000e+00
-1.895108485670628395e+00 -9.237542221379022589e-01 -3.889613833539890209e+00 0.000000000000000000e+00
2.864552957065952921e+00 -8.992541335473926978e-01 -2.367270799950557780e+00 0.000000000000000000e+00
-1.683316433488192487e+00 -4.723008801077878793e+00 1.252900697026417154e+00 0.000000000000000000e+00
-3.356565475465100867e-01 -9.247144693998823328e-01 -1.205713979684896797e+00 0.000000000000000000e+00
9.765300967579296221e-02 9.970003835385704560e-02 8.714645874886023380e-02 0.000000000000000000e+00
-1.452356433723499818e-01 -1.052413544354690311e-01 2.957974475366570433e-02 0.000000000000000000e+00
2.028297225610204702e-01 -1.816261108645068345e-01 -8.331840554899888618e-02 0.000000000000000000e+00
9.713090025027214525e-01 -9.054558084437825949e-01 -4.895679303527999959e-01 0.000000000000000000e+00
1.383863425208659848e-01 -7.191706941607475811e-02 3.220015955735887614e-01 0.000000000000000000e+00
6.677499132589813195e-03 4.395913419295789382e-01 -5.171755823122856643e-01 0.000000000000000000e+00
-9.497285479554735677e-01 2.547022931458224004e+00 -2.474922645988919534e+00 0.000000000000000000e+00
9.780824566164696421e-01 -1.067761914413844382e+00 1.925918648852253667e-01 0.000000000000000000e+00
-1.215640262484203593e-01 -1.599062689961375350e+00 -5.236833883655139799e-01 0.000000000000000000e+00
-4.474475554356490692e-01 1.666693479211963924e-01 -7.493289271876124591e-01 0.000000000000000000e+00
-2.312258963765507325e+00 -3.199099806622784925e+00 1.188502583145998770e+00 0.000000000000000000e+00
2.077055812343835850e+00 -2.593062496137945594e+00 6.437115945257781968e-01 0.000000000000000000e+00
1.351864552715789092e+00 -6.861742371650164651e-01 -3.841792273817333569e+00 0.000000000000000000e+00
-1.836349576109497450e+00 -1.761619860322748199e+00 -4.986365019435781143e-01 0.000000000000000000e+00
1.323377165933607769e+00 -3.696883750751309705e-01 1.270420887053307135e+00 0.000000000000000000e+00
8.222638531660747541e-02 5.585224266754979655e-02 -8.327129997156949848e-02 0.000000000000000000e+00
-6.305425644995514833e-01 4.614957232705877432e-01 2.865034653763679495e-01 0.000000000000000000e+00
-3.171765257001706723e-02 1.412034962889252288e-01 4.866153552650823340e-03 0.000000000000000000e+00
5.369964895166593477e-01 -2.487365386867632089e-01 -6.086305516136387705e-01 0.000000000000000000e+00
-3.767680027634512374e-01 5.664768104217475786e-01 5.142441945589129038e-01 0.000000000000000000e+00
-1.205318246460213155e-01 2.612716227540287095e-01 -2.376365508827187889e-01 0.000000000000000000e+00
-1.253125170790469367e+00 2.673649574585116095e+00 -2.827269717369765845e-01 0.000000000000000000e+00
5.458293915889548265e-01 -9.112523517496279313e-01 2.118573880977138835e+00 0.000000000000000000e+00
-2.241150649545175788e-01 -2.343031787633964858e-01 1.341683288556834441e-01 0.000000000000000000e+00
4.066277211963764682e-02 5.288053651914019493e-02 2.284338275532479534e-01 0.000000000000000000e+00
-2.568834980372003973e-01 -2.551969798742595330e+00 2.548454602348684261e+00 0.000000000000000000e+00
1.761313103694536863e+00 -2.174044077169597688e+00 9.338905313037351164e-01 0.000000000000000000e+00
1.801157006679794614e+00 -1.142707624529994304e+00 -1.285701616705314798e+00 0.000000000000000000e+00
-7.694592798557066127e-01 -1.701061505381985528e+00 7.043766899628196576e-01 0.000000000000000000e+00
1.644417336641290861e+00 -1.009661679647329890e+00 -6.309998779721491188e-03 0.000000000000000000e+00
5.472327080853804926e-01 3.976431675968687962e-01 -3.961732478119635470e+00 0.000000000000000000e+00
4.874876550761752525e-01 1.356881946875599931e+00 -2.679586523409528187e+00 0.000000000000000000e+00
-1.013738230208562463e+00 -2.144438989997345946e-01 -2.231706798847168383e+00 0.000000000000000000e+00
-2.140247573216754740e-01 -9.694488808490379084e-01 -1.188814701192958623e+00 0.000000000000000000e+00
-2.311921211830262113e+00 -2.338908256531712304e+00 2.064408183420767706e+00 0.000000000000000000e+00
-1.036580859410076938e+00 -9.801902660372532328e-01 -1.310245493264651007e+00 0.000000000000000000e+00
