-1.236568336144688862e-03 1.408234803505703514e-02 1.316422861561472590e-02 4.503116311210808576e-03
2.469214234347596459e-01 2.421451682829474372e-01 2.490158178087928942e-01 2.439752292207088558e-01
2.463745420897122673e-01 2.380888054647862795e-01 2.464032523377237549e-01 2.418896230465243657e-01
-1.817596805312843289e-02 -4.791045822462236536e-02 -5.596705541431923336e-02 -2.078233379578275919e-02
6.877930152472729736e-03 1.435267306166450318e-02 6.724328059222905996e-03 2.865598845052969024e-02
8.662540185746747667e-03 -1.262666068802564823e-02 5.538265344998662132e-03 -1.349710309113127948e-04
1.507303777497506492e-01 1.627445273957603411e-01 1.452014557355962854e-01 1.551997939783035241e-01
-1.611322187650305326e-01 -1.333994288854390975e-01 -1.584535700220993659e-01 -1.483687095906791598e-01
1.446975976302292133e-02 1.025000287443750269e-02 2.250227093520051902e-02 1.625343351756498855e-02
7.692401212003568967e-03 3.051701434747444708e-02 4.696422665674582220e-02 3.991847965157169220e-03
8.631019886500809757e-02 7.367034583862819286e-02 9.253741964362571792e-02 7.706449714584424904e-02
5.878086356043277227e-02 2.908929535252324783e-02 5.598904952866767815e-02 4.935886902709815671e-02
4.983367005191940979e-02 2.768475782931505147e-02 4.981649348771438612e-02 6.070121006199302727e-03
-1.814987651001648272e-02 -2.474347421474665243e-02 -4.504223376991448036e-02 -2.659431226848846253e-02
-2.804220905900793592e-02 2.709306601265348835e-02 -2.090245551685812608e-02 -4.586792600080102922e-03
-4.427068954521551358e-03 7.493423243177227411e-03 -6.487957790791309964e-03 1.088840854265332725e-02
-7.026912046628155939e-03 3.561060064390830782e-03 -8.068051246311602753e-03 6.942654218006036326e-03
-7.732604499865569636e-03 -1.285584869953518283e-02 -1.188222134394609220e-02 -2.260014715390501472e-03
-5.631293367685530349e-04 -7.375262702981999485e-03 -2.996800336572014167e-03 -1.578293733871111160e-03
-7.361059667333677559e-03 -1.505457749795113820e-02 -2.503342363893779066e-02 -4.484831137473166418e-03
-1.929409020755945559e-03 3.862098196378838111e-03 -5.628746552117813717e-03 4.614455760999919276e-03
-1.112520862764587726e-02 1.246676761177067938e-03 -1.006758045107980504e-02 -9.320681572843700358e-03
-4.658770362538089405e-02 -2.676138979080133762e-02 -4.575169520182720273e-02 -7.253076326779878125e-03
2.255503349783753719e-02 -1.875368029110013879e-02 1.706108002802200763e-02 3.491634249510704169e-03
1.018983279428248290e-02 1.951546215284227781e-02 3.310024235194408693e-02 1.717178523884077546e-02
-7.390570636964688411e-03 -1.625644703846823580e-02 -3.166202296476267053e-03 -9.608300481411258254e-04
-1.273377605308925742e-02 -1.107751907867435270e-02 -2.720044019880851760e-03 -1.607177734706045913e-02
1.467567182001583426e-03 9.302987034417786738e-03 7.863309609800639421e-03 -3.414339175504377266e-03
6.830764551206458535e-03 1.034389967282456357e-02 1.161010070446055753e-03 8.944827795519527669e-04
-5.781668527838484950e-03 -1.082615630596323042e-02 -7.920264107909358309e-03 -3.026604098115120989e-02
-1.648710769338992965e-02 -1.374540056084161410e-02 -2.051596497543903275e-02 -2.171022705180597479e-02
-1.530056471162102860e-02 -9.413318884547328125e-03 -1.069784760767139575e-02 -5.707594155454021045e-03
-8.072824017737699476e-03 3.151236509866039981e-03 -6.268212101669196068e-03 -7.399037190695678667e-04
-1.380388838335813717e-03 -1.407596721064996448e-03 1.889060189064484252e-03 -4.496663664407540839e-04
8.993885986604763239e-05 1.043371410758150986e-03 2.953672106197235969e-03 -4.159078479670785811e-04
5.172638765098616642e-03 4.107638336994387518e-03 6.056023024983606118e-03 3.637660436943116263e-03
6.734365897459182460e-04 -1.153892044345988799e-03 5.019553961050499113e-04 7.210225117286104234e-04
2.299423756931667784e-02 1.790967387858834192e-02 2.301519158128090270e-02 1.238690450854443639e-02
-1.522779005971357236e-03 -3.987791788387470837e-03 -7.421462812790213803e-03 -3.074234600615975699e-03
-5.445373232851167047e-03 4.054095539364255263e-03 -4.048495361610657262e-03 -6.705737243998160027e-04
3.905696131533811788e-03 7.374957880113552910e-03 1.829251872018045066e-03 1.949553764796885247e-03
4.524520658564720743e-03 4.054914557741345904e-03 7.891178949665442199e-04 6.000706142971427848e-03
5.209868667774286699e-05 -1.788738301920334006e-03 -1.913862937986038348e-03 2.023996912617759270e-03
-2.886955963221249366e-03 -2.966392076493060137e-03 -4.972219276910827546e-05 -1.948227376924738241e-04
2.512522044615224381e-03 4.585304046328453342e-03 1.505149132380284582e-03 9.405881739968202648e-03
5.656453927842808316e-03 4.347658861244468875e-03 8.526774306371040502e-03 7.423260107742496450e-03
7.607681466388099834e-03 4.276650684160221427e-03 5.395645198640330875e-03 2.579386678683737166e-03
3.833905170257972950e-03 -1.829969133427145067e-03 3.984961493793834353e-03 1.924310751859892310e-04
1.159767593698568522e-03 7.055749934083421770e-04 -1.444774020561121614e-03 1.508465028335209679e-04
1.574760748496978335e-02 8.192366970319608921e-03 1.717483766318433913e-02 -1.266865445096254650e-02
1.036428462094973746e-02 -4.748726480655829363e-03 3.473616419214148321e-03 -9.989370785838780353e-03
3.765339573873288659e-03 -1.047297525512913552e-03 2.903226961872659717e-03 1.479923813627881390e-04
2.421956219763432561e-03 -1.191731220274203085e-03 1.891543078748975093e-03 -1.336232888488053661e-04
2.301873142886934342e-03 1.321334136735519138e-03 1.362762373434855956e-03 -9.172225556455110285e-04
-3.292986351819349178e-03 -1.082568474265271918e-03 8.859935418542574936e-04 5.450380288570672027e-04
6.411794811671786554e-02 6.216389927666494952e-02 6.276794004775881897e-02 6.212704422464659232e-02
3.674951245712656470e-04 3.572443401885331020e-04 3.704689816109934348e-04 3.497230886174616479e-04
