3.321050425279100105e-01 2.867449464376452539e+00 3.443475847244679144e-01 1.228865486835889254e+00
-9.276032022765876017e-02 9.308281212189339904e-01 -2.350492891216390545e-01 -5.080911596953179010e-02
-8.847807501155505183e-03 -4.968337235991835965e-01 -9.140582783125093813e-02 -5.501340428391019444e-01
-3.752440604802518287e-01 -3.318106330308808083e+00 -3.098905233547465388e-01 -1.633153926830320124e+00
2.567626406897635105e-01 2.423285010337491663e+00 6.592301408166941767e-01 1.412868698368048292e+00
1.354109188649696982e-01 9.621473947501498758e-01 -2.573817492397207501e-02 7.378105262323408908e-02
-4.559088859736089017e-01 -3.428615966631941792e+00 -5.017109482682044486e-02 -1.077334239506515079e+00
2.554348627493213120e-01 8.507989028495920314e-01 4.530300529243929675e-01 1.446243473053994810e+00
1.595053784976823430e-01 1.009426095046430660e+00 3.789091184713224147e-01 4.824397722956765278e-01
3.319746001725308870e-01 2.034814794265381366e+00 2.118562930039820380e-01 1.193587773520391915e+00
8.905789213975927598e-01 3.979943095707432654e+00 4.771120529330440396e-01 1.949689433248645631e+00
-1.754269711261175202e-01 -4.849981011967220423e-01 -2.917853741634146569e-01 -1.280301834868499578e+00
-1.106719965890455848e+00 -4.625365234425294680e+00 -1.608150416736545685e+00 -2.706072036884485943e+00
-1.365463969598921801e-01 -1.630399547808566441e+00 -6.376027123883043490e-01 -6.306409406034425569e-01
-2.467360575768138831e-01 -1.949350110450853046e+00 1.943376475900881473e-01 -9.739653799329142658e-02
5.571857782034062012e-01 -5.056353725053630566e-01 4.693178297053952619e-01 3.534076617035977197e-01
2.413378378392466717e-02 1.316613229231496929e+00 5.452667355490038448e-01 1.137973227051527036e+00
-2.074118359200914641e-02 7.809699643772215483e-01 2.168992615127296186e-01 9.802376039184959033e-01
-2.492261003441316458e-02 8.939037600752856028e-01 -1.369408276844341910e-01 6.003662174690497233e-01
-1.782346505078506449e-01 -6.721369691009372316e-01 -1.114498007324992157e-01 -4.681020065280468989e-01
-4.479675296137763385e-01 -1.883939981601585822e+00 -2.575569396566221303e-01 -1.090333786913890934e+00
1.818854757006646561e-02 1.280219759414597536e-01 7.311936486546585789e-03 5.280427278529393753e-01
1.342666830176866721e+00 3.435424833895823316e+00 1.595774907088400418e+00 2.323783238367214121e+00
1.664905333047873026e-01 1.223391167687492675e+00 -1.726689301180471259e-01 1.727673895535752208e-02
1.664004967703763271e-01 9.441578500943285102e-01 6.166997431694856147e-01 4.276358310491237269e-01
-6.837397885785194696e-01 1.174541832969816513e+00 -4.898130990857269551e-01 -8.014148905212613305e-02
9.197860466855202477e-02 -1.224414790483965287e+00 -5.867082411424748845e-01 -1.237062978410069736e+00
5.764546687913868483e-02 -8.946383019053176788e-01 -3.330133691707752863e-01 -1.170717137914435879e+00
-2.846662272074605704e-02 -9.096446045147847936e-01 1.538184162929946974e-01 -7.012308464933477703e-01
6.496946712815614144e-02 -1.326966063807288876e+00 -4.028614130775862723e-01 -1.459410172777616754e+00
-4.718460793952140575e-01 -3.328045311998056310e-01 -3.570052990039229157e-01 -8.948098454116947265e-01
-1.565559092971875177e-01 6.646319543064406477e-02 -3.009548655526709804e-01 -1.129621893119004683e-01
7.880436385492220475e-02 3.787654092598016220e-01 -2.324444352358104315e-01 3.775340106398220041e-01
-3.814537017620828196e-03 7.305638877406608889e-02 8.145378856367483864e-03 1.357720228078029001e-01
3.701715563760422933e-02 9.479820089683008155e-02 2.515341671123577649e-02 7.575991730283718195e-02
4.989763245384330748e-02 3.002166070173767354e-01 1.591308842085400674e-02 1.801066147073911716e-01
5.580078360169851009e-03 -1.593514269654187215e-02 1.986165933885788992e-02 -8.768148259251086485e-02
-4.215910705251453283e-01 -8.623800343077869801e-01 -4.669598962147630816e-01 -6.593607011090130143e-01
-6.948343886272961845e-02 -1.885397723241333812e-01 -2.021458057882520865e-01 -1.127729683943906880e-01
-4.044126831336464223e-02 -2.450186970652374618e-01 4.160989085125115644e-02 5.310205699285920102e-03
3.773339407870834883e-01 -2.091574967769218585e-01 2.939511500766897045e-01 1.635947820643781636e-01
-2.789476369746332965e-02 3.183051934336509348e-01 2.439725151443251638e-01 3.703180440152744057e-01
-1.322169127588101317e-02 2.366829643346969048e-01 1.035505576134666123e-01 3.399249741929499247e-01
1.165929948445256978e-02 2.339260164339596604e-01 -5.896046903926095706e-02 1.995013956695188551e-01
-1.462911251177633765e-01 6.151672748781614741e-01 8.942849047442806565e-02 6.725720197142869283e-01
2.641476968251528223e-01 1.521114286367499513e-01 1.627351889913266070e-01 4.360307807886751319e-01
1.118858443203372688e-01 -2.349309452111427929e-02 1.863808877669533293e-01 4.840697564385139373e-02
-4.158179514499457663e-02 -1.912920876264921632e-01 1.586843530348280573e-01 -2.021161560122987644e-01
3.544209717124879866e-03 -2.806872076377336586e-02 -1.920138516567616860e-02 -5.659445228039920034e-02
-2.720238032030356523e-01 -7.290637516831960374e-01 -2.960972303971559638e-01 -5.570590902279106693e-01
1.041893378446224344e-02 -1.312978379409748819e-01 -1.956400811825861064e-01 -1.592071746310488312e-01
-1.076096320926481220e-01 9.219406663452026085e-02 5.012116126490801654e-02 3.510768035950970894e-02
3.304131515874121627e-02 8.096456618485893542e-02 -3.117601338720616538e-02 1.031277184626574472e-01
3.492156403022679545e-02 6.298455721289128451e-02 3.998220896045845407e-02 -4.484965294584100648e-02
5.052165454924063825e-02 -6.019595563161422164e-02 7.417624281066580172e-02 -6.184977784997058164e-02
-1.456530894829314859e-01 -1.015907294500389968e+00 -1.628795626177116651e-01 -4.056820475925801972e-01
3.173211026642532712e-02 1.745493834689761103e-02 2.389558340507133213e-02 2.955180335411110998e-02
