4.804597297045454241e-01 -6.821755939767094601e-01 1.263332696471592298e+00 0.000000000000000000e+00
-5.624537116024130867e-02 2.141550951515721335e-01 4.475424740109210653e-01 0.000000000000000000e+00
7.413837408936851947e-01 3.087658109741302503e-01 -2.895130353382519561e-01 0.000000000000000000e+00
8.083872677451422462e-01 -5.940728536389796588e-01 -6.837999310424587585e-02 0.000000000000000000e+00
-7.461803990324604452e-02 3.718156665262092320e-01 1.611611430294568603e-01 0.000000000000000000e+00
-5.191493502961932321e-02 -9.587598335543102701e-01 9.635782003084643055e-01 0.000000000000000000e+00
1.126942484781256582e+00 1.762734762782089404e-01 5.423945202117850251e-01 0.000000000000000000e+00
1.342709587486506650e-01 8.395499233097789005e-02 -1.255477976957601327e-01 0.000000000000000000e+00
-6.756158663606863790e-01 -2.646626351631050644e-01 8.728257974749109582e-02 0.000000000000000000e+00
1.213351129588959854e+00 -2.908334025683081414e-01 5.814557456017079851e-01 0.000000000000000000e+00
-3.960633843220270900e-02 2.982151414937606049e-01 2.096010794088474724e-02 0.000000000000000000e+00
1.604696462576959276e-02 -1.623680352751635803e-02 -2.136137712360866234e-02 0.000000000000000000e+00
-4.717627848981909011e-01 -6.273444635316571816e-02 -7.236609196862422988e-02 0.000000000000000000e+00
-1.355423395830743505e-01 -1.199994142603957453e-01 -7.379583437021680625e-02 0.000000000000000000e+00
8.803828686592337638e-01 -4.625059209968970103e-02 3.818812593101938435e-01 0.000000000000000000e+00
1.532986616911375666e-01 6.467395830609591334e-01 7.358894039301566714e-02 0.000000000000000000e+00
5.197769797424953708e-01 2.903238424946038010e-01 1.431041952016876007e-01 0.000000000000000000e+00
-1.550515863053620214e+00 6.863951748294326860e-01 2.597907554316312706e-01 0.000000000000000000e+00
2.598599877238835787e-01 -5.434439440159016810e-01 9.271859472600534335e-01 0.000000000000000000e+00
1.113294462992308720e+00 -2.731882129174751928e-01 -2.215871024410812351e-01 0.000000000000000000e+00
-1.002886230091202049e-02 1.127123605591366096e-01 -3.744037045593291702e-02 0.000000000000000000e+00
1.035748007179335649e-02 -4.311873673021419245e-02 4.933651956120726351e-02 0.000000000000000000e+00
-1.212006661960425974e-01 -2.227534345730696440e-03 -9.535719369037941318e-02 0.000000000000000000e+00
-2.502559151500213241e-01 5.493097895115866408e-02 -3.837429629886818239e-01 0.000000000000000000e+00
-8.178476699399025995e-02 2.050750948439999666e-01 -1.523398868673094264e-01 0.000000000000000000e+00
2.004423842313192983e-01 2.184900443529732422e-02 2.404476835481838548e-01 0.000000000000000000e+00
7.017897851742053994e-02 1.374268260534140251e-01 -2.010545111471981061e-01 0.000000000000000000e+00
-4.809844636417443531e-01 3.303955850189305155e-01 -3.931723823894182068e-01 0.000000000000000000e+00
-2.834302539956891631e-01 -1.074664844452568185e-01 1.538912986425193530e-01 0.000000000000000000e+00
-4.283589136684624044e-01 -3.150960407872539087e-03 2.207832754222116556e-01 0.000000000000000000e+00
1.198008166504094807e-01 -1.069453132789608851e+00 6.116123013696385113e-01 0.000000000000000000e+00
9.159779202276870924e-01 4.260184830515352239e-01 -8.846712267076127789e-01 0.000000000000000000e+00
1.100154486656120589e+00 -1.276979237542776868e-01 -8.775935240516153923e-01 0.000000000000000000e+00
1.351510086935114596e-01 -7.045427550277656714e-02 6.586302628656494074e-01 0.000000000000000000e+00
1.053282282975783302e+00 4.774581419386735859e-01 3.134435203341559388e-03 0.000000000000000000e+00
1.695037807751163458e-02 -9.899910261121017130e-02 -2.215992471593997495e-02 0.000000000000000000e+00
7.897758669044290403e-05 -3.325847173513605398e-02 9.803993963324608707e-02 0.000000000000000000e+00
1.259008673315853144e-01 1.336250217911384361e-02 -5.492160575538866663e-02 0.000000000000000000e+00
-2.195384698528434209e-01 -6.801550463827167603e-02 -3.855407007632093985e-01 0.000000000000000000e+00
-3.555829911787596886e-01 -2.315109914475613900e-02 2.303188927937100117e-01 0.000000000000000000e+00
-1.396696110030724580e-01 -2.164179478065423046e-01 -6.351566429804386682e-02 0.000000000000000000e+00
-1.518645616024911181e-02 -4.548181100677037292e-02 -1.080897909488308245e-01 0.000000000000000000e+00
7.202866048462565063e-01 8.457767656994651106e-02 -4.754456294690115326e-01 0.000000000000000000e+00
-2.130311920758950484e-01 5.450515428730045436e-02 -7.767244714431870145e-02 0.000000000000000000e+00
-1.134586904799344959e-01 1.398110769269621523e-01 9.250281797861249766e-02 0.000000000000000000e+00
1.275689341816073075e-01 -2.309197660382385220e-01 -2.582350934176966262e-01 0.000000000000000000e+00
5.432402343948857792e-01 3.884237695823565262e-01 -8.800224195177605013e-01 0.000000000000000000e+00
6.733616228226709799e-01 -2.198556835533788667e-01 -7.261167147868331506e-01 0.000000000000000000e+00
-2.665417982810543429e-01 4.672340440970075282e-01 -2.330507052616787589e-01 0.000000000000000000e+00
-1.803208802166407151e-02 2.775399609074474250e-01 -2.414378410829839394e-01 0.000000000000000000e+00
1.432970311520261608e-01 2.648274205081957988e-01 4.400075801821565769e-01 0.000000000000000000e+00
-1.473035556534808110e+00 8.815176904694880244e-01 3.677426039952223502e-01 0.000000000000000000e+00
-3.238281391726791636e-01 -5.087434448317055269e-01 1.422901305833387031e+00 0.000000000000000000e+00
-5.509793530424452745e-01 8.133104132135483555e-01 -1.639142442119011778e-01 0.000000000000000000e+00
2.778300383379311289e-01 -3.704712619225008496e-01 7.657365613074790245e-01 0.000000000000000000e+00
1.177857224189967633e+00 -2.325281577545799672e-01 -1.207566403708028729e-01 0.000000000000000000e+00
