-4.612261441433481574e-02 -1.498404720668975232e+00 -2.177298628346309994e-01 0.000000000000000000e+00
-1.416118370276233440e+00 -9.391541704943561220e-01 -1.201892980383290732e+00 0.000000000000000000e+00
9.609823795464164098e-01 1.095902020420071565e+00 1.457023349373610221e+00 0.000000000000000000e+00
8.524010592919468721e-01 1.099521556267202098e-02 1.276768138136659569e+00 0.000000000000000000e+00
-9.640081996603088177e-01 -5.141591312306826866e-01 -7.864353441434447367e-01 0.000000000000000000e+00
-7.046696095396239867e-01 1.639298847734214359e-01 7.358752844419411132e-02 0.000000000000000000e+00
6.499476204619996089e-01 -1.244978605241145786e+00 1.621545214435614612e-01 0.000000000000000000e+00
8.685773827286321636e-01 5.540602632896783897e-01 6.229415264007301944e-01 0.000000000000000000e+00
3.274340968170880162e-01 3.535188279061163841e-01 -6.632014404463434931e-02 0.000000000000000000e+00
5.331623833938144152e-02 1.625608331220354807e-01 1.692524570808549678e+00 0.000000000000000000e+00
-4.090269407306502125e-01 -1.338851787873624744e-01 -3.100085085969501719e-01 0.000000000000000000e+00
3.812498779099492419e-01 1.182341802619116949e-01 6.586911519201359144e-02 0.000000000000000000e+00
-7.239060412098481390e-01 1.953079796534754886e-01 -2.348289606745749547e-01 0.000000000000000000e+00
4.794537719757746563e-01 1.029011760876900716e+00 8.462564985395184536e-01 0.000000000000000000e+00
5.905417391888432288e-01 -6.131290760003011986e-01 -2.310287321555785367e-01 0.000000000000000000e+00
-2.062353072188040648e-01 -5.766477049723800485e-01 -6.061771732314431560e-01 0.000000000000000000e+00
9.061745401446220649e-01 8.892431831851436153e-01 1.140528713100992020e+00 0.000000000000000000e+00
4.057360467275410998e-01 -9.339942266022710493e-01 4.389157970259154329e-01 0.000000000000000000e+00
1.344232672021038744e-01 3.016038942931252853e-01 5.895150085801486028e-01 0.000000000000000000e+00
-2.484324397624759762e-01 5.508466480808817956e-01 9.515500720297457304e-01 0.000000000000000000e+00
6.911190512092092904e-03 1.050958607607163364e-01 -5.727927930525194937e-03 0.000000000000000000e+00
6.811324210363421672e-02 -7.594397960482041077e-02 -2.218852849049659237e-01 0.000000000000000000e+00
-5.499424167756988835e-01 4.208694413093429232e-02 -4.502340879423912673e-02 0.000000000000000000e+00
7.225216737620121510e-01 6.391295020909499858e-01 7.422341916479078261e-01 0.000000000000000000e+00
4.827663224098387856e-02 2.544268939535305751e-01 -6.011130940495286630e-03 0.000000000000000000e+00
-1.211164583905406100e-01 -4.066228848310805000e-01 -3.289816880763095086e-01 0.000000000000000000e+00
4.836287619151794503e-01 1.947040236471839769e-01 4.464474752413143399e-01 0.000000000000000000e+00
9.149873167437326815e-01 -4.436331450570203394e-01 -5.610515640461956055e-01 0.000000000000000000e+00
3.146233634747537256e-01 1.161421792430673700e-01 -1.324037994246519412e-01 0.000000000000000000e+00
7.564712985437294090e-01 2.699596302106677670e-01 -5.587690619392624569e-01 0.000000000000000000e+00
3.156465131173323835e-01 1.239733057156880758e+00 6.154990124333062917e-01 0.000000000000000000e+00
1.487814879766692577e+00 1.616394195865215322e-01 -1.821752953621365578e-01 0.000000000000000000e+00
1.576875525099303177e+00 1.575124102281891147e+00 1.676790613933244245e+00 0.000000000000000000e+00
1.102356292808871485e+00 6.224559299818749336e-01 7.897144871681733846e-01 0.000000000000000000e+00
1.455851133557265253e+00 -6.942724824655289728e-01 9.143207550011415163e-01 0.000000000000000000e+00
1.308242763202830117e-01 2.254422281802983749e-02 6.262849345531476541e-02 0.000000000000000000e+00
-1.052763430230157782e-01 -3.751256524797269565e-02 2.093052406538367454e-04 0.000000000000000000e+00
2.379617574609120823e-01 -2.765196046334538610e-02 1.854644135846031661e-01 0.000000000000000000e+00
4.125284165901063060e-01 9.875832281918099642e-02 6.097457054482144923e-01 0.000000000000000000e+00
-3.669423214262325095e-01 1.497357315249785992e-01 1.331714536855275743e-01 0.000000000000000000e+00
-5.344687202594835748e-03 1.292412300827264771e-01 1.732467361465280797e-01 0.000000000000000000e+00
-8.575266475392534504e-02 3.119196831230756084e-01 5.745648149421649364e-01 0.000000000000000000e+00
6.093323721008860883e-01 4.361010523281071832e-02 -5.244252318347517594e-01 0.000000000000000000e+00
-3.336622147981660805e-03 2.405155077995236867e-01 2.598719241735194529e-01 0.000000000000000000e+00
2.133919345601732742e-01 -1.023274396725878249e-01 -5.209998195031361190e-01 0.000000000000000000e+00
1.771309572704980129e+00 1.732874540226623683e+00 8.635358037868186010e-01 0.000000000000000000e+00
2.580503885171732681e-01 3.437484642681579161e-02 -9.066133584862250405e-01 0.000000000000000000e+00
7.561551822821950264e-01 1.001923765974937375e+00 7.807348726146490225e-01 0.000000000000000000e+00
8.893003567462373082e-01 1.201489339433104320e+00 -7.931699239528741674e-02 0.000000000000000000e+00
6.738242505035566543e-01 1.208740686769441686e+00 7.089747701962638704e-01 0.000000000000000000e+00
1.217619670858367087e+00 1.138793604828613359e+00 2.991620548433317484e-01 0.000000000000000000e+00
1.466333630683775091e+00 -4.268113716317266659e-01 -1.731487903519336458e-01 0.000000000000000000e+00
-5.056398046750103514e-01 -2.265086201036319302e-01 -2.235058433909600240e-01 0.000000000000000000e+00
-2.027891638117618189e-01 -5.052193966177673801e-01 8.946488788179776108e-01 0.000000000000000000e+00
3.794213565730648052e-01 -5.730053687615314084e-01 9.824682159069298981e-01 0.000000000000000000e+00
-9.094166086949795336e-01 2.965657247324336443e-01 7.217504377365525636e-01 0.000000000000000000e+00
