8.393258752883446527e-02 -1.422119338775067243e+00 4.170394451424832560e+00 0.000000000000000000e+00
1.097879887634093388e+00 2.518189407267626412e-01 1.920177958646802630e+00 0.000000000000000000e+00
2.133488215050029169e+00 -3.888993082355273745e-01 -2.511322916328214139e-01 0.000000000000000000e+00
1.199020843353067800e+00 -5.048264830392469316e-01 1.688757588627972095e-01 0.000000000000000000e+00
6.712411801444975179e-01 5.337781893113560105e-01 4.459701691791357336e-01 0.000000000000000000e+00
7.710606624871895187e-01 3.949578391325315185e-01 1.739960602952878022e+00 0.000000000000000000e+00
-1.333822892073232014e-01 -9.440015549421000574e-02 2.544833057528902653e+00 0.000000000000000000e+00
1.271574284526773235e+00 3.556148283604363969e-01 -1.057101360834534098e+00 0.000000000000000000e+00
6.711356165850690392e-01 -6.218504935323373450e-01 3.388078558773305327e-02 0.000000000000000000e+00
1.405978060749682346e+00 -1.909740824406062909e-01 -1.279793430248368002e+00 0.000000000000000000e+00
2.244754759079890527e-01 4.109009746278834418e-01 -3.010311668651608624e-02 0.000000000000000000e+00
3.866800074360670636e-01 4.037466241614606766e-01 -8.856332988853579113e-01 0.000000000000000000e+00
2.039541990316397213e-01 -3.395954122515458251e-01 1.451539851701589279e-01 0.000000000000000000e+00
-2.920875765941153834e-01 3.836555378242377246e-01 -1.548099590646499157e+00 0.000000000000000000e+00
2.061315757369359680e-01 -6.505019378176080114e-01 -7.771764786809485237e-01 0.000000000000000000e+00
3.453258010316296867e-01 4.748170562113178117e-01 -1.777403792951337547e-01 0.000000000000000000e+00
7.524618296868469391e-01 -1.344550648828263029e+00 -1.183717611839455008e+00 0.000000000000000000e+00
2.443333127964526230e-01 -8.042748867524610601e-01 -1.423224940481740530e+00 0.000000000000000000e+00
7.604456604921219342e-04 -1.000619516831064759e+00 1.361535214521950310e-01 0.000000000000000000e+00
1.114147425077190778e+00 -3.224479931119355602e-01 7.036971608917307053e-02 0.000000000000000000e+00
-1.178701778238786316e-02 1.678142369874696394e-01 -1.127648559952134366e-01 0.000000000000000000e+00
-1.038308129822985981e-01 1.095410629093710037e-01 -4.943020130169923365e-01 0.000000000000000000e+00
-2.927345048286747117e-02 -9.115335765788110112e-02 1.539680538850703717e-01 0.000000000000000000e+00
-8.741210876036014099e-01 -4.738133914151309023e-01 -1.173428737592065563e+00 0.000000000000000000e+00
1.820341397002944728e-01 1.885460335890792871e-01 -5.159775398302416383e-01 0.000000000000000000e+00
-1.671943690943189231e-01 -7.773179886608078126e-01 1.636321646724751555e-01 0.000000000000000000e+00
-1.371335388760408502e+00 -4.968498851753979650e-01 -1.336540845764386809e+00 0.000000000000000000e+00
-1.314813405585752326e+00 -7.803787457537338101e-02 -9.616113012345233191e-01 0.000000000000000000e+00
-4.997091909515695152e-01 -1.591171867746558333e-01 -6.770301337190364199e-01 0.000000000000000000e+00
5.132383727479939983e-01 -1.552109096944900759e-03 -4.373937652519667707e-01 0.000000000000000000e+00
-1.394525335921236175e+00 1.325850672158074950e+00 -2.028048608948882947e+00 0.000000000000000000e+00
-2.341774611603969714e+00 2.421749019865637287e+00 -2.314927774283834339e+00 0.000000000000000000e+00
-1.477451332900671765e+00 1.492518021577065701e+00 -1.522753629335539927e+00 0.000000000000000000e+00
5.710183995831343839e-01 -6.651249123207311209e-01 -3.896601361690973375e-01 0.000000000000000000e+00
-7.746374129688654575e-01 -4.030895413587333165e-01 1.477674315638856095e+00 0.000000000000000000e+00
-6.635854629774197433e-02 -9.416470276064312084e-02 -9.820504598959193740e-03 0.000000000000000000e+00
-1.695012725305842793e-01 -3.347136210585323624e-01 -8.535954515787425034e-02 0.000000000000000000e+00
-8.391234863637034302e-02 1.286832704121586846e-01 -7.330579162805218874e-02 0.000000000000000000e+00
-8.887573725349738885e-01 -1.154132104763851530e+00 -5.966040030337223764e-03 0.000000000000000000e+00
-1.997828073907124968e-02 -4.066536735994732421e-01 2.421663524136931644e-01 0.000000000000000000e+00
2.082641288470351779e-02 -2.260962754718722489e-01 7.987043136097039808e-02 0.000000000000000000e+00
-1.685984932666331426e+00 -4.105468505008464941e-01 -7.762697892898769991e-01 0.000000000000000000e+00
-1.331729513299056755e+00 4.724510401792920700e-01 -1.442222684502514118e+00 0.000000000000000000e+00
-6.910880494723410372e-01 5.601140914594845283e-02 -4.066537880303506269e-01 0.000000000000000000e+00
-2.066477984384460509e-01 4.859344667073095536e-01 -2.930671658349327524e-01 0.000000000000000000e+00
-2.283645368912405438e+00 5.152922590407589265e-01 -3.220798458409130038e+00 0.000000000000000000e+00
-3.230983363053056667e+00 2.250903394794964818e+00 -1.042547045033260122e+00 0.000000000000000000e+00
-9.598113198880753316e-01 6.635155056967909637e-01 -1.949635644243113308e+00 0.000000000000000000e+00
-5.844578326623423026e-01 -3.188720900399940605e-01 1.987537982538049308e-01 0.000000000000000000e+00
-3.516769302019973620e-01 -2.889023317528274237e-01 -1.858056675916244793e-01 0.000000000000000000e+00
-1.982067507727964362e+00 -1.827500347616728638e+00 -1.408265311217600679e+00 0.000000000000000000e+00
-2.280849139099312861e+00 -1.529585527217041524e-02 1.358180206443919680e-01 0.000000000000000000e+00
-1.519819809567493296e+00 -8.208926154010751652e-01 -5.200691875789975605e-01 0.000000000000000000e+00
-4.816031318337440914e-01 -9.669730612158337069e-01 3.538120277287724602e-01 0.000000000000000000e+00
-9.481617723224777805e-01 -1.100675095364571643e+00 6.925806984777546083e-01 0.000000000000000000e+00
2.335476471748522756e-02 1.029887941505653812e-02 1.183678805534160577e-01 0.000000000000000000e+00
