-2.860944535838056524e+00 3.472565492032412937e+00 -8.102280126143419636e-01 0.000000000000000000e+00
-9.669742644231560380e-01 1.406599342879490289e+00 1.722545586346126978e-01 0.000000000000000000e+00
2.461072443746332994e-01 4.046104277536047289e-01 4.774454417033381914e-01 0.000000000000000000e+00
-2.270465478281434024e-01 -2.704251010970880054e-01 3.562298030389248193e-01 0.000000000000000000e+00
5.868856398217558307e-02 -4.794837611785076059e-01 2.249491493609028780e-01 0.000000000000000000e+00
-1.045949478702115742e+00 2.783249946900938188e+00 -7.669834853157410370e-02 0.000000000000000000e+00
-1.487353471136824590e+00 2.295673337020296412e+00 -6.100440332161006785e-01 0.000000000000000000e+00
9.573676522200822436e-01 -2.624329881456436420e-01 -3.234662001964156985e-01 0.000000000000000000e+00
-6.376741458775622706e-02 -1.628577783109073085e-01 -5.867286791113280123e-03 0.000000000000000000e+00
-6.770243759134308981e-02 -1.206450335968019205e+00 3.610865745233006185e-01 0.000000000000000000e+00
3.266617431019588902e-01 -8.651775978180421545e-01 9.922075212246067588e-02 0.000000000000000000e+00
8.661710276668039832e-01 -4.220171566615553704e-01 -5.222572318750486886e-01 0.000000000000000000e+00
-1.358852306331428395e-01 1.939965435458688714e-01 -1.983046071416994655e-02 0.000000000000000000e+00
8.763628596550033789e-01 -1.133168373076344215e+00 2.937164198471132331e-02 0.000000000000000000e+00
1.232029853447299678e-01 -9.303648631738481445e-01 1.948357155309177746e-01 0.000000000000000000e+00
2.231051924619483762e-01 -1.051654222662063848e-01 1.011045944706960992e-01 0.000000000000000000e+00
-6.686978168976848158e-02 2.865106703659400234e-01 1.068259564761125935e+00 0.000000000000000000e+00
5.079995377757570152e-01 -1.276333213470945749e+00 6.999481446551661934e-01 0.000000000000000000e+00
6.067903256268742940e-01 2.993690239914584827e-01 -7.022929395619184612e-02 0.000000000000000000e+00
-2.215925061487337422e-01 2.820190032295063487e-01 -5.328264270134709379e-01 0.000000000000000000e+00
2.166381838905427071e-01 -4.213876418062161844e-01 -1.180583286774785799e-03 0.000000000000000000e+00
3.786831909318033040e-01 -4.274810998999645784e-01 -3.197462853879969868e-01 0.000000000000000000e+00
-1.083647805810487585e-01 2.035103391361553216e-01 1.455767229283982077e-02 0.000000000000000000e+00
6.926543628437332734e-01 -1.926116263409841434e+00 3.671029481248584692e-02 0.000000000000000000e+00
2.914807451425705520e-01 -8.283210953475363958e-01 2.711286192677953705e-02 0.000000000000000000e+00
-9.490715066522122101e-02 -2.489271485975211584e-01 1.796406950682494230e-01 0.000000000000000000e+00
-1.372102321020634424e-02 1.218340367367096500e+00 2.013946451274192806e-01 0.000000000000000000e+00
3.431019844376448913e-01 2.555495969182913218e-01 8.762887440996491861e-02 0.000000000000000000e+00
5.700151337263766882e-01 -2.771052092858297122e-01 -7.982576589692863545e-02 0.000000000000000000e+00
-7.073859554380770853e-02 -5.299075748548474074e-01 -1.699688434817047122e-01 0.000000000000000000e+00
4.085411216524811318e-01 2.241068924965091469e+00 3.039502455552002200e-02 0.000000000000000000e+00
1.829956213004522825e+00 -2.561138921594410700e+00 -4.574128811679182283e-01 0.000000000000000000e+00
9.157253091619375063e-01 9.199530933083346351e-01 -3.052452915605590178e-01 0.000000000000000000e+00
-1.248814740040896445e-02 6.541440439928061235e-01 -9.663787069617715275e-01 0.000000000000000000e+00
-3.773449154434827535e-01 1.969576996220788523e+00 -2.089235046006920338e-01 0.000000000000000000e+00
-1.046354080725679925e-01 2.836732197396065747e-01 -2.870857123344964026e-02 0.000000000000000000e+00
-2.982061286279114043e-01 -3.542089660139985385e-01 8.995526295934914984e-02 0.000000000000000000e+00
8.337807885170712974e-02 -7.258281118182563496e-02 -6.265737977564925232e-02 0.000000000000000000e+00
-1.933878341346142449e-01 -1.751927224664683980e+00 3.448533412897751282e-01 0.000000000000000000e+00
-2.626342011123073972e-01 3.481244826184728969e-01 1.621978502573677983e-01 0.000000000000000000e+00
-2.487304461191683636e-01 -6.778806867777104062e-02 -1.752782599380131034e-01 0.000000000000000000e+00
-6.410114372532957905e-01 1.349367167869373052e+00 3.208067131815663386e-01 0.000000000000000000e+00
2.983022670103697149e-01 -3.201723852186950658e-01 2.409427550972067511e-01 0.000000000000000000e+00
-1.103074057787822582e-01 -7.299908136849831974e-01 4.958904058711461338e-01 0.000000000000000000e+00
5.414789212934873613e-02 -7.518715038888389435e-01 2.817278333597586504e-01 0.000000000000000000e+00
1.002656027554315488e+00 1.424660237758204329e-01 -5.895102620520804582e-01 0.000000000000000000e+00
1.557463770247061285e+00 5.570682184063990849e-02 -9.712808896832585415e-01 0.000000000000000000e+00
2.100698679076777597e-01 -1.312082546721859977e+00 9.847833041033124402e-02 0.000000000000000000e+00
2.403029595504517779e-01 3.595246257821022584e-01 -1.622096851004546370e-01 0.000000000000000000e+00
6.162331864833900941e-01 -5.450778398653233214e-01 5.143871760438970542e-01 0.000000000000000000e+00
2.067698780058049302e+00 -2.329460141912334414e+00 1.303207650163030529e+00 0.000000000000000000e+00
8.992870175540111921e-01 -2.091367119622455029e+00 8.926793572540513422e-01 0.000000000000000000e+00
1.418219901513865899e+00 5.408954649776460955e-02 -1.170409918138417993e+00 0.000000000000000000e+00
1.025378253985236299e+00 6.985348442540353364e-01 -1.340676061032763489e+00 0.000000000000000000e+00
1.129723201059790627e+00 -4.996739005352262564e-01 4.333468070457351384e-01 0.000000000000000000e+00
6.526051139261398459e-01 1.488199228616431835e+00 -1.967007243200496136e+00 0.000000000000000000e+00
