2.432323192484577845e-01 8.211327786966269304e-01 -3.023214142748970712e+00 3.293809629619114387e-01
-6.534453938781215498e+00 7.621526834020804497e-02 -1.140346285416870487e+01 -1.930256965794105994e-01
-2.730863940467570306e+00 6.966831067978346281e-02 1.900738011722123089e+00 4.736732650805764999e-01
-3.183014785681772096e+00 -9.338983253844649335e-01 3.658287232296717040e+00 7.185384370728965520e-01
-6.208470566139276947e-01 1.877310588349266618e-01 -3.642116498466065888e+00 1.359389102967013319e+00
-4.347101483453115200e-01 -1.784052794133487441e-01 1.149108786261797910e+00 1.294723694211449561e-01
1.013929874150724331e+01 -5.340428759401169012e-01 2.894231225952785991e+01 4.711314756969420259e-02
7.812666701576842065e+00 -5.957249980014005519e-01 -3.194072581266522715e+00 -1.869150854613836898e+00
5.129639149274522580e+00 -7.631194888522806197e-02 -9.799245997132517871e+00 1.885218532936661084e-01
3.902288750695326769e+00 4.539902803505155293e-01 -2.346390483104171754e+00 -1.253057302876824819e+00
-5.794610229465645190e+00 -1.576109380797201809e-01 -2.773208375051987673e+01 -4.897159507399981848e-01
-7.290993798706089102e+00 6.595605183450230502e-01 1.516347900900206991e+00 2.225509577919923210e+00
-2.370483968489569548e-01 -2.101633157720256939e+00 3.270820881961110871e+00 -3.976133856099153263e+00
-1.004482343343247130e+01 -9.886438289022552173e-01 1.595846011766250072e+01 -1.307383857824568896e+00
1.831474378839971884e+00 2.197193394900776586e-01 -2.286238056233266924e+00 3.469782369142773715e-02
1.063487750715253810e+01 -2.501511397682283921e-01 4.145416629903206029e+00 1.129177304498678591e+00
-9.642998309858232808e-01 -3.728225660124586116e-01 4.522617266989387375e+00 1.099702699825562124e+00
2.612192102034557095e+00 -6.875545864259335893e-02 -2.120646859287886876e+00 1.500868157957100379e-01
-6.158332232954977226e-01 -1.088763965895744867e-04 -1.338043122597150747e+00 -6.665961213744399094e-01
-1.752625515304853998e+00 -8.308983740663468398e-02 7.795124872414379569e-01 6.321995146966010726e-01
1.348983259069883367e+00 1.061050464331582677e-01 1.133265371638858987e+01 -1.267192894509161505e-02
2.788779888950533969e+00 -2.566839805207770109e-01 -2.908031709552805211e-02 -1.083120186291782971e+00
3.331961765330266889e-01 1.917662999040437022e+00 -8.482466812348685714e-01 2.648559055439124066e+00
-1.587819671438339242e+00 -3.914316439469223141e-02 1.537470603300844285e+00 -8.220744733198410981e-02
5.960712855224863382e+00 1.161649213793165547e+00 -8.616660362557771791e+00 8.855723967849012945e-01
-1.335008264653930965e+01 2.773313194978468954e-01 -5.070318510633988751e+00 -6.813785654945485604e-01
4.644695190822401010e-01 9.304367762502324668e-01 -4.091746456685673827e+00 -4.387030178961305316e-01
-3.312055799705731829e+00 1.990814018923769968e-01 2.238628982525349809e+00 -2.737673256191257565e-01
6.151532037942646358e-01 5.976982940334123195e-02 5.947521220381424278e-01 4.576213482061015636e-01
1.887171578837561814e+00 -1.317905031506335645e-01 2.537341220353777071e+00 4.256245052105897542e-01
3.750255508088182199e-01 8.092472132620634473e-02 2.758229158873395370e+00 1.968550662025482012e+00
-8.931161972710812691e-01 3.884837402502685499e-01 1.177607013147738968e-01 1.926664803855356878e-01
1.325057096465855233e+00 2.044551055480537116e-01 -2.363975673068620775e+00 -3.956965480508567445e-02
1.594695082496057625e-01 1.223734062067504125e-01 -9.780693678843137562e-01 -2.698457864401330730e-01
2.661375017822201205e-01 -8.692729057658832303e-04 -1.069848832784028730e-01 -1.058048377070559681e-01
-1.220563245722334766e-01 -2.678476043708813426e-04 -1.668438715344899848e+00 8.284599865351671699e-02
-3.770401252234557576e-01 3.239096560855585921e-02 -8.082601043494369586e-02 1.876257156582213370e-01
-6.435392880873547217e-02 -5.399996535940295717e-01 4.937785488751766927e-02 -5.928154922087108813e-01
-1.121884001110579732e+00 -3.549298027688272961e-01 1.560056914310766762e+00 -1.518642573003025631e-01
3.693945219406729041e-01 -7.945906030738747461e-03 -3.304507553510471207e-01 2.173847240526205482e-02
4.382560785897001487e+00 4.437426267275219605e-01 1.803795398474397516e+00 5.955747537012729964e-01
-5.144059545346085782e-02 -3.247002716208339246e-01 1.019462976320235859e+00 -1.304033639076197099e-02
9.059909135356812859e-01 -1.210619762885879330e-01 -5.606260835942892262e-01 8.507385926593694081e-02
-1.546635874838251934e-01 -4.668380161929635425e-02 -4.977140068820862240e-02 -4.304838934816522522e-02
-6.876739058370036073e-01 9.466888088293257120e-01 -9.989938330338764549e-01 4.503839315502347618e-01
-5.625953629816060619e-02 6.159127692777580654e-01 -1.511918874793829470e+00 -8.905000950732799847e-01
4.416837197420678818e-01 -2.525236576725400361e-01 -9.947923034292385780e-02 -1.345950877333704498e-01
-6.568730027871330091e-01 -2.363467122227155826e-01 1.147762803744499571e+00 8.540509353727046560e-02
5.102831756785219941e-03 -1.298898723540889977e-01 4.357917548654703932e-01 1.240141232883443800e-01
2.660733418746706325e-01 2.216237165117282137e-01 9.399473112803845565e-01 -2.640124483664986199e-01
6.272648775644921182e-01 3.426451844692650628e-01 -6.187456318093398355e-01 2.725935252747659909e-01
4.388486116294648132e-01 2.046914782296720692e-01 -2.974537507815688819e-01 7.853724425364802531e-02
3.986069266055436433e-01 9.277460317214376861e-02 9.940382048616966393e-02 -1.484457229290793434e-01
3.297769116123688837e-01 3.272679239519238337e-02 8.973303515384084550e-02 1.158511569970176458e-01
-1.008872248709318659e-01 -2.487011967645597066e-02 5.583629420432815182e-01 -5.921761366604572085e-02
5.877423737240341506e-01 -1.769331315651662684e-01 1.166229359553784484e+00 -2.287342986477612083e-01
7.351909982140034105e-02 2.408409900762490882e-02 9.547310916620865839e-02 7.154689599697083846e-02
