-1.873242336375816053e-01 1.043180777161722972e-02 6.106095171828194168e+00 3.159143263081598541e-01
9.475524304870537595e-03 -1.048337056203567652e-01 6.990809991286043967e+00 1.991002438537927688e-01
8.756288267026797467e-03 7.068447778762187994e-01 1.304766800515039904e+00 1.585743425295715880e-01
-1.998112293674149664e-01 -7.741096773558586719e-01 -9.602327532000181520e+00 -1.271070710966571315e+00
1.781665358614660521e-02 -8.921039648512021358e-01 -1.490664121732074321e+01 -8.718362071585716855e-02
-2.363632997456799334e-02 -4.661206751693500738e-01 -4.348140851406587792e+00 -1.593433358265592403e-01
-3.428854313255889075e-01 6.323661224211774012e-02 -1.418246982847873738e+01 -8.762142776567909408e-01
-3.830948093633524953e-01 -2.359402107786616298e+00 1.499186759049706552e+00 -7.558114249910943272e-01
-3.602159814035194030e-03 -1.110627624985828454e+00 -1.011473074361230218e+01 -1.990158837339790487e-01
3.722423499031608518e-01 8.359705705308539958e-01 6.067285935485379866e+00 1.352195869522987426e+00
-3.020265922815879023e-01 -7.352582501144553362e-01 9.927519174417440695e+00 1.909598056030183955e-01
3.598817163308052347e-01 2.365736552563316941e+00 -4.223724489350445310e+00 7.418977014252616797e-01
-3.442837281958371909e-01 8.335188027442900216e-01 2.541159424613946882e+01 -1.093655376904421050e-01
-3.593273710880978133e-01 1.432289954591717152e+00 1.581125726580149049e+01 -4.080944651918638755e-02
-3.966515827174366127e-02 1.016675724058976993e+00 6.335392705526549761e+00 1.969447574041613969e-01
-4.560269568483316105e-02 -1.077401865386389268e-01 3.431510193344344373e+00 -2.328395421496500806e-01
-4.752158331396705293e-02 4.108375127330974319e-01 -2.352552321173561722e+00 -2.302731675694652536e-01
-2.158841608213102337e-02 5.519341710116041355e-01 3.349583590735711880e-01 7.188198500048015305e-02
5.611093667108116301e-03 2.169019863438883533e-01 3.370210347652919936e-01 -9.887519595521609972e-02
-8.897892305793564383e-02 -2.361060990685649452e-01 -1.566796456073795696e+00 -4.885907044905439811e-01
1.069735103891373829e-01 3.201576616298309474e-01 -2.926585085847646539e+00 -4.148855800820561157e-02
-1.203507289370290001e-01 -9.700787234581795815e-01 2.544758543021274022e+00 -2.948322783275179049e-01
-7.700620367536603617e-03 -5.518543914607554335e-01 -1.403671363059009458e+01 -1.581497946073107119e-01
6.667912057073338561e-02 -6.445909786965273724e-01 -3.001567486993021561e+00 -8.670829769926569064e-02
2.698289915143378126e-01 -7.044579417115801601e-01 -8.060817534455011923e+00 6.608131393947691556e-02
-2.431811514119777695e-02 -1.539091761778630385e-01 -6.669648429269061651e+00 9.817298201764457222e-02
1.344265174422443199e-02 -4.850853809084776369e-01 -1.303679681407015067e-01 2.240841603996668319e-01
1.518791205689598578e-02 -5.879440536212828805e-01 -1.629093572907606813e+00 -8.430376762909208566e-02
4.553109685655407080e-03 -3.783831663083583319e-01 -1.012455981168387531e+00 8.384755932655130195e-02
4.024134026645032058e-04 7.860653605624966511e-01 -3.602262467025761694e+00 -2.229289564297343151e-02
3.788107909303373155e-02 5.726631024449870822e-01 4.017864541822588897e-01 2.194504902706125304e-01
4.603043166988896040e-02 -1.436298793298318444e-01 2.262007592333715067e+00 1.509796459487270925e-01
1.645457930397736801e-02 -2.044756370774959420e-01 1.038319630788778980e+00 1.082304456342155219e-01
1.962398601136433607e-02 -1.417815073296622153e-01 5.930093193662480111e-01 2.896419928701265967e-02
7.192487482235518023e-03 2.313381099191413187e-02 1.392966068905088228e-01 6.713639499145182543e-02
8.258747221547457773e-03 -2.825590760182827843e-02 2.995247320851635031e-01 1.724394232502440838e-02
1.429150015257575970e-02 1.428169348387463566e-01 -4.610577223316250084e-01 4.361286380938056428e-02
-1.781453162830581860e-02 6.946456824613067571e-02 2.368232167041266933e+00 9.291984632025823698e-03
-5.877595349858702467e-02 1.200088959805416522e-01 1.372752139801916460e+00 -1.282734951186176309e-02
-1.952689242949352810e-02 1.241143912565655927e-01 5.109013715490127172e-01 1.205333102470734774e-02
4.209553450015382503e-02 1.314258000702950291e-03 1.699904909074207104e+00 -1.341308023866627508e-02
1.740333640382929481e-02 1.116192956702353190e-01 -1.071925231482411256e-01 -5.936877509079019344e-02
-4.222720390165038418e-03 1.525314908382706114e-01 5.159277775678345890e-01 1.619928470721399005e-02
-2.984030117922788217e-03 1.134657478433448996e-01 3.901090266253864902e-01 -2.352263265631637790e-02
1.615086340286807920e-01 -2.861155348280771116e-01 2.217594575389259859e+00 1.522081918430375769e-01
9.604654435337511842e-02 -2.371222684009117176e-01 -3.732809132329628632e-01 -3.153731224971062508e-02
-9.072429566402140377e-04 7.806286477398471924e-02 -1.361318005629041705e+00 -4.300467610545702368e-02
-1.264000861393388409e-02 1.074629914327338565e-01 -4.887208759955128379e-01 -4.454422633389501507e-02
-1.905759327691042282e-02 7.740763233206560123e-02 -3.469600373536421145e-01 -1.161824674457123674e-02
7.901624177233451674e-02 4.964143048053366591e-01 3.862338237698009547e+00 2.314625663743180295e-01
9.202829311566562698e-02 2.084674719238280849e-01 4.235934776692957371e+00 1.589527431964724846e-01
4.730563513670232867e-02 3.033788664589559536e-02 1.310661625269958996e+00 5.020159245843572315e-02
1.258941869752336351e-02 5.499533278684598514e-02 6.302533752588079796e-02 6.436961386414363773e-02
1.369175348675633064e-02 2.777722520481587520e-02 1.027142375927701523e-01 1.834380961280815403e-02
-1.103439014460011469e-02 8.121166526526346630e-02 2.151200217951454441e-02 2.847206787770595326e-02
-2.255432504207660616e-01 -1.698020868976710673e-01 -1.251570170327740428e+00 -2.993246605196296928e-01
2.202648917593701301e-03 1.525183969772622369e-02 1.872137911626420639e-02 7.030707692255660536e-03
