-2.049388072041748998e+00 3.877108000627721207e+00 -2.556908656342072206e+00 0.000000000000000000e+00
-5.271497411912019482e-01 8.598488765099657760e-01 -3.979120716596581397e-01 0.000000000000000000e+00
1.354680362725506175e-02 3.650256937701634730e-01 6.192829883794295220e-01 0.000000000000000000e+00
1.600938655538690358e-01 -9.001935243204156611e-02 2.621093983842605613e-01 0.000000000000000000e+00
5.095892815150484395e-02 -7.974554572646889161e-01 2.432239017765429612e-01 0.000000000000000000e+00
-3.217365855112000461e-01 2.074482728323424841e+00 1.037871055095545142e-01 0.000000000000000000e+00
-5.664121675976591108e-01 2.409174517046647868e+00 -1.366083061788530673e+00 0.000000000000000000e+00
-9.659395628314800669e-03 -8.151817764049016368e-01 7.335531487150579455e-01 0.000000000000000000e+00
2.502490723809044915e-01 8.064585088821729641e-02 -6.906011402280576132e-03 0.000000000000000000e+00
7.249251634906313246e-02 7.895732429620809789e-01 -5.969014657107236665e-01 0.000000000000000000e+00
1.764632699511356206e-01 -8.705491542591758947e-01 2.764384670048655179e-01 0.000000000000000000e+00
-4.129211579480990268e-02 -8.925489250058130652e-01 4.304181527525871576e-01 0.000000000000000000e+00
1.711852442650531603e-01 1.618650534559664955e-01 -1.017906763245967072e-01 0.000000000000000000e+00
8.174092929231147053e-01 -1.894286463091345851e+00 1.100200773027999679e+00 0.000000000000000000e+00
4.477661757018536193e-01 4.643884393422074153e-01 -3.448238283758793821e-01 0.000000000000000000e+00
4.678368379616931749e-01 1.077239454648218631e-01 5.596520517813862589e-02 0.000000000000000000e+00
-5.865776081564797462e-01 1.470401150394010426e+00 -1.942607097885214462e-01 0.000000000000000000e+00
-4.752582061797792079e-01 2.401522360229766839e+00 -2.122268333091412440e-01 0.000000000000000000e+00
1.542657608186529528e-01 6.394349757093517050e-01 1.248589802107037822e-01 0.000000000000000000e+00
-3.205093683572316637e-02 -4.437152199588694224e-01 -2.393003985230008623e-01 0.000000000000000000e+00
1.126616890482316918e-01 -3.695800202010073310e-01 1.181812829322294173e-01 0.000000000000000000e+00
-4.515846815172536166e-02 -4.850910006778437755e-01 1.192750116859842002e-01 0.000000000000000000e+00
6.667178484443490871e-02 8.055076554606227512e-02 -5.415068370394273550e-02 0.000000000000000000e+00
4.691017926877771860e-01 -1.690324809015823382e+00 4.274399294810956040e-01 0.000000000000000000e+00
2.784489523661823895e-01 -5.704747472540503406e-01 2.879631487060302364e-01 0.000000000000000000e+00
2.287480484732047348e-01 -2.289615972910717945e-01 -1.395107114983673569e-01 0.000000000000000000e+00
-5.136553049054787268e-01 1.740162431002764798e+00 -9.422970128127550193e-01 0.000000000000000000e+00
-9.839870248030725686e-02 1.112007089336887189e+00 5.618666712545682639e-04 0.000000000000000000e+00
4.368272063537994576e-01 -2.455876725724006893e-01 3.098018564221103888e-01 0.000000000000000000e+00
-1.211910635247986784e-01 -4.548264129504345221e-01 -1.990240917883950300e-01 0.000000000000000000e+00
-4.729934661833036236e-01 2.004688010001620224e+00 6.576485316750984023e-01 0.000000000000000000e+00
-8.442688738060168951e-01 1.675558717121623298e+00 2.805074189963027709e-01 0.000000000000000000e+00
8.260046930663049736e-01 1.455354493025736273e+00 2.567364291432173706e-01 0.000000000000000000e+00
-4.287181437923082705e-01 5.625763548675608711e-02 -8.660748566096806433e-01 0.000000000000000000e+00
1.684030625894058775e-01 1.592795770999847482e+00 -8.271318007255421545e-01 0.000000000000000000e+00
-2.484587836662599178e-02 3.227384042161497990e-01 -8.425106894065402530e-02 0.000000000000000000e+00
-1.679137547076108711e-02 1.106544300115604035e-01 -8.161300250989389493e-02 0.000000000000000000e+00
-2.394692534442971824e-02 -5.261167106980512570e-02 5.397296334421562009e-02 0.000000000000000000e+00
-3.374601813623279156e-01 -1.686550995024500565e-01 -4.705502799995344154e-01 0.000000000000000000e+00
-2.219068742864274135e-01 -8.354457100688330584e-01 1.256260915918670229e-01 0.000000000000000000e+00
-2.721796660303866799e-01 -1.811232654078288040e-01 1.633044278592133552e-02 0.000000000000000000e+00
-3.424262395117576019e-01 1.969561520430262558e+00 -1.498190406533303820e+00 0.000000000000000000e+00
3.681318567784599427e-01 -2.382832725251456729e+00 5.327181160393399395e-01 0.000000000000000000e+00
5.413211953267743626e-01 -3.769457718357068776e-01 1.446458749666171273e-01 0.000000000000000000e+00
-2.920655005195060272e-01 -2.638208053527512087e-01 -9.397553062747797392e-02 0.000000000000000000e+00
6.355614620231812839e-02 -4.890472947821149219e-02 3.239787913021379695e-01 0.000000000000000000e+00
-2.576109896727872273e-01 8.042702698421769769e-01 7.938662003353095242e-01 0.000000000000000000e+00
5.811250901081471687e-01 -4.375945632569764321e-01 5.922350705583095953e-01 0.000000000000000000e+00
1.072368316639573521e-01 -2.190964651131258045e-01 -1.734017990800926223e-01 0.000000000000000000e+00
6.399427953339549280e-01 -1.150031617475068407e-01 -4.914364001640090379e-02 0.000000000000000000e+00
1.958953632220472141e+00 -2.706775267633970916e+00 1.051651536582139723e+00 0.000000000000000000e+00
-1.093454773106594669e+00 -3.654503444677333346e-01 1.170349957577973277e-01 0.000000000000000000e+00
-7.278859001564159659e-01 1.344387367668356648e+00 -1.763916415431540929e-01 0.000000000000000000e+00
-1.459909951010869955e+00 2.665885891879736125e+00 -1.394147372871526125e+00 0.000000000000000000e+00
1.629324943843795575e-03 7.562193146341437133e-01 -6.354037987924270325e-01 0.000000000000000000e+00
-3.951913219746345796e-01 8.133422450866479858e-01 -2.843485938474906161e-01 0.000000000000000000e+00
