3.577261493909642986e+00 -2.930194223132674303e+00 -3.737270515279771832e+00 0.000000000000000000e+00
3.924673136133159934e-01 -6.129155853274975696e-01 -1.508240318918012024e+00 0.000000000000000000e+00
-3.292955933832416804e+00 -1.094425902735811085e-01 -1.478711586235514686e+00 0.000000000000000000e+00
-1.053546492543272040e+00 -3.040412462056782950e-01 3.563072886452107735e-01 0.000000000000000000e+00
-8.414814517899298352e-01 5.588510232583271398e-01 5.688311714861913476e-02 0.000000000000000000e+00
-2.620729455705172573e+00 1.116657222631945445e-01 -1.254400263352905442e+00 0.000000000000000000e+00
2.558296768552620115e+00 -1.308361891445414926e+00 -1.791989181983204782e+00 0.000000000000000000e+00
-7.288412706410933861e-01 3.480836755953096717e-01 5.185560867466263435e-01 0.000000000000000000e+00
5.814537405589396968e-02 1.795206738502627131e-01 -3.310597689698347446e-01 0.000000000000000000e+00
-1.616933460806872835e+00 2.103513739815816574e+00 -1.262231592694024851e+00 0.000000000000000000e+00
-7.855762903277313525e-01 6.520346316326062208e-01 4.152145287492312598e-01 0.000000000000000000e+00
1.021696691700165527e+00 3.980940345863634988e-01 5.701636522810882290e-01 0.000000000000000000e+00
1.407693527416806756e-01 4.898927713525755845e-01 -7.186215286449882944e-01 0.000000000000000000e+00
-3.600832890277397613e+00 1.399340478032084389e+00 1.803746143804096480e+00 0.000000000000000000e+00
1.495792770061898369e-01 1.399166898790175750e+00 -1.440651249559498526e+00 0.000000000000000000e+00
-2.268097010348642528e-01 8.812451732717881125e-02 -4.361425625477060031e-01 0.000000000000000000e+00
-2.946605863552282045e+00 -1.954703849251128167e+00 -3.301568186868339416e-01 0.000000000000000000e+00
-2.283261313476624643e+00 6.717084557233240494e-01 2.983466078932374810e+00 0.000000000000000000e+00
-9.749815617033387172e-01 1.680733188081161011e-01 8.615449991778162397e-01 0.000000000000000000e+00
5.846164674594099553e-02 3.516332866985519279e-01 3.095445963185050609e-01 0.000000000000000000e+00
-2.757788243148248664e-01 2.936355562171160671e-01 2.224312738915053267e-01 0.000000000000000000e+00
8.137683410137179774e-01 2.820200847896688345e-01 1.700868359153960563e-01 0.000000000000000000e+00
3.924119628103391044e-02 3.034886595691741462e-01 -5.089842210725613603e-01 0.000000000000000000e+00
-1.914888645497462294e+00 1.110973793089336414e+00 1.539427532523108155e+00 0.000000000000000000e+00
-5.953776432765970350e-01 3.842783435928004976e-01 1.494904377227351117e-02 0.000000000000000000e+00
3.895032778796542194e-01 6.288913619812632749e-01 -1.112428026604758147e+00 0.000000000000000000e+00
-2.826265649233172805e-01 -2.029750957310971771e+00 1.496075850408961516e+00 0.000000000000000000e+00
8.322619695300623732e-01 -4.824185902909385870e-01 2.499766832083724744e+00 0.000000000000000000e+00
9.095009042518169273e-02 1.244911788038769312e-01 7.804214179489614711e-01 0.000000000000000000e+00
3.834734290823242353e-01 3.005492379439712036e-01 -4.301066259997413099e-01 0.000000000000000000e+00
-3.805101239014196390e-01 -2.440134403339629721e+00 -7.161232763161754500e-01 0.000000000000000000e+00
-2.508050071309915197e-01 -2.735833201476413734e+00 4.008871115551957409e+00 0.000000000000000000e+00
-4.927699744111100344e-01 1.421380367791352795e-01 3.087287514062683202e-01 0.000000000000000000e+00
-2.698681284834397176e-01 -1.247602174583732904e-01 3.768986026547943569e-01 0.000000000000000000e+00
1.681677769935152167e+00 -5.091211968274281796e-01 -1.778128453142811205e+00 0.000000000000000000e+00
2.671190168768463047e-01 -2.670346591844998119e-01 -1.540302853648425896e-01 0.000000000000000000e+00
-3.989234596069040073e-01 8.941214490636811840e-02 -2.224365269348982654e-01 0.000000000000000000e+00
-2.057353672235548089e-02 -2.933084161228018960e-01 1.916690281346752345e-01 0.000000000000000000e+00
8.608376871715393008e-01 5.040040010753435440e-03 5.656115544464938028e-01 0.000000000000000000e+00
1.376890512621953555e-01 -5.569572222322940469e-01 -3.528627378479788912e-01 0.000000000000000000e+00
5.396171592019372715e-02 -1.784893820585202462e-02 -2.144156105274517277e-01 0.000000000000000000e+00
-1.936578655701907126e-01 -9.815811771630011950e-01 1.661660456258613472e+00 0.000000000000000000e+00
1.401643026251609081e+00 -5.036670003978406251e-01 1.843041505184812134e+00 0.000000000000000000e+00
1.461573319967433560e-01 -1.257920555595282153e-01 -1.202393390435557707e-01 0.000000000000000000e+00
-1.993024819507860923e-01 2.318502142212517381e-01 -7.391161033554679571e-01 0.000000000000000000e+00
2.255208333464381543e+00 -2.254363060279420683e+00 4.422081412355371999e-01 0.000000000000000000e+00
-4.864079472066440424e-01 -3.547194816725101951e+00 4.055353516889394605e+00 0.000000000000000000e+00
-6.961573181235700680e-01 3.931153202429827354e-01 7.734798939621978509e-01 0.000000000000000000e+00
6.146139116742568298e-01 -2.272827417057151356e-01 3.248027885947192828e-01 0.000000000000000000e+00
-8.203697861041467920e-01 3.808246938465561504e-01 -1.153713207078708614e+00 0.000000000000000000e+00
-4.859033006774758690e+00 3.572520139710519960e-01 3.814905571938078221e+00 0.000000000000000000e+00
-1.150282453290240925e+00 1.808449963267451999e+00 3.380564773237172638e+00 0.000000000000000000e+00
-1.852943078860319337e-01 -5.319922980192575146e-01 2.314567964154460977e+00 0.000000000000000000e+00
1.502315587613874959e+00 4.793453942892996200e-01 2.110232859272356265e+00 0.000000000000000000e+00
9.341590142585582957e-01 -9.950214950436890859e-01 8.453789408177297959e-02 0.000000000000000000e+00
1.811193779665838832e+00 -8.275653159139219339e-02 -5.532526653955860407e-01 0.000000000000000000e+00
