-4.543430270098278156e-03 -7.619889045220962220e-02 1.319522646728432669e-02 -2.501882653211030469e-02
1.434088878529020672e-01 1.127941398620556090e-01 1.307139914476110887e-01 1.280011174355670800e-01
1.498959685130996922e-01 1.818531295777076340e-01 1.809791161976950224e-01 1.545476489250490471e-01
-3.372226790671684071e-02 4.393912296153867914e-02 -2.371145160384946493e-02 -9.274683440166076043e-04
1.133838558316244693e-01 3.379614912210656685e-01 -9.659094168375320644e-03 1.382056652798451246e-01
8.419153360865128111e-02 6.664203117520384190e-02 9.147765278129055266e-02 7.901276267367163264e-02
1.888230472406524918e-01 2.307184735501666140e-01 -6.833637295501504560e-02 2.427269945688317332e-01
-1.313183131905997503e-01 -1.418594546656869460e-01 -2.470221241008858648e-01 -1.536616160863574221e-01
1.808975697804808547e-01 3.049420886671873054e-01 1.580457646858054455e-01 1.770290186572498481e-01
-3.234720547877315000e-02 -1.343850872985069556e-02 -9.359445200597416026e-02 -5.772820705823888954e-02
-5.658110374390878938e-02 -1.448655749810372484e-01 4.110433315965673629e-01 -1.234980308179381980e-01
-1.113221568684608087e-02 -8.576758162792041951e-02 1.455475666645744681e-01 2.223570167117330798e-02
1.363571095815814260e-01 2.394758457514294392e-01 4.770932241583451527e-01 1.174954932489483128e-01
1.855874509693038188e-02 5.455771963911715261e-02 -1.414379705415047539e-02 4.632220166993089583e-02
-1.084229844105725482e-01 -2.036741742757214313e-02 -9.695098570032678609e-02 -8.467526514111411995e-02
2.351977193118467979e-02 3.175232508704985968e-01 2.243594903357566395e-01 5.809241714384807964e-02
-8.499173132930915031e-05 4.169923401906694416e-03 2.244751417170813834e-01 1.027725042177309034e-02
-1.412699701771987643e-02 -1.516991522904826972e-01 5.652546343072883950e-02 -9.669709435452131241e-03
-1.064487824222609680e-02 -1.049926055966654559e-02 -5.089132662779138894e-02 -9.440207685913300922e-03
7.211924854096829485e-03 -2.329102628819523790e-02 5.326095175372169699e-02 1.824645296063392985e-02
4.198255805913791994e-03 3.165501770488399202e-02 -2.550282559394512205e-01 4.397591837264802628e-02
2.195144262065326646e-02 6.439545948261415909e-02 -6.327182949882770302e-02 1.596558358931549071e-03
1.305041650644683249e-01 -1.526240315887115173e-01 -1.925754036378143352e-01 1.294107603158064501e-01
5.661705156376432846e-02 -1.009298686537085654e-02 2.784932014835650449e-02 3.147242372233649554e-02
-1.692978326700195213e-02 -1.091143991947873815e-01 -2.776515263943402090e-03 -4.704181820182049001e-02
-3.856095323916207407e-02 -3.778703572037578340e-02 -2.588596788533503723e-01 -1.112233833166357544e-01
2.041816894393916337e-02 2.213180810461430337e-01 -1.088555871170174827e-01 3.909203075622910695e-03
6.115463622245048692e-03 2.080495293718279681e-01 2.126778949055929679e-02 -2.408787521671895693e-03
6.057892219846483517e-03 3.743566828812650016e-02 5.154170718398121132e-02 1.301914851850113908e-02
-1.461269603119291771e-02 -3.151533534332884301e-01 2.129533436256971779e-01 -6.979423494978659326e-02
-1.934669537715354160e-02 -3.632193616154033577e-01 -4.180880566877032134e-02 -3.865978819041498982e-02
-3.320567053024001125e-02 -2.494839225989480269e-01 -2.201213217777150399e-01 -3.448744126797398390e-02
-1.399074670845133761e-02 -1.579454450547967959e-02 2.115118111006741852e-02 -8.151531818771373672e-03
-7.096676779499849763e-04 -2.539084669501184832e-02 -5.195598936100553900e-03 -3.081788893524867179e-04
2.177644606206181888e-03 7.990432664172028576e-03 -7.777343264902078501e-03 8.372403507093950648e-05
-3.193279795141606980e-02 -3.212937468577184430e-02 1.213400403055525656e-02 -4.122483510635538417e-02
-4.536351061536270102e-03 -1.053198960571008480e-02 1.136219794706716524e-02 -3.597698939909362015e-04
2.774453399492441547e-02 1.184225930614904998e-01 1.130101390474934631e-01 2.875333076728867066e-02
6.516034751604116160e-04 2.268975652389865205e-02 6.602702290725570577e-05 8.241914540880183881e-03
-1.088038470673036509e-02 -8.641190378722574117e-04 -1.613434474052460876e-03 -3.799829628096579315e-03
8.429635408466160107e-02 9.577699091816915811e-02 1.963284115102430782e-01 1.173204285346917258e-01
-6.857099016652313389e-03 -5.350371169165446528e-02 1.261423978804127044e-02 4.057762277095457171e-04
-1.459929565302962862e-03 -5.123550123251588428e-02 -1.771872396741597244e-02 3.372069734932731100e-03
-1.408999938757211912e-03 -1.502579121961489239e-02 -1.317344330310044054e-02 -3.661085460440069439e-03
1.285321302866576643e-02 1.275015070172305087e-01 -8.866441134281222158e-02 5.095488493834643418e-02
-1.900608506367719441e-02 1.384398070075720799e-01 7.034681267413850358e-02 2.907507932730063471e-03
8.941511921417358288e-04 1.397676809538461740e-01 1.011709573741524926e-01 1.249955102386643424e-02
4.582472150071237316e-03 1.528744388407399235e-02 -1.532473244032495074e-03 3.925851564388072035e-03
2.138326284581715253e-04 1.796223549078806991e-02 5.653617337350369532e-03 4.999091799815641446e-04
-1.432264063160332279e-02 -3.765924427567816091e-01 -2.668643449403994006e-01 -2.519257767704674578e-02
-3.378015912496447337e-02 -2.987639273631450543e-01 -2.604276255903458237e-01 -3.115783375356991070e-02
-2.529314342331415166e-02 -1.174182182544418751e-01 -3.383495362643607063e-02 -1.191004660327812936e-02
-8.031640335727813218e-03 -9.507954636399973403e-03 -2.503172542513143473e-02 -7.708926466292523316e-04
2.159801290029933485e-04 -1.218978701344086701e-02 -1.255393457125220102e-02 5.662373431761791309e-04
5.829058714859121360e-03 -1.110388541377815841e-02 -7.181781870460035577e-04 -2.375700550785397880e-03
-2.672804534557088330e-02 -3.929799215703311255e-02 -2.598142406006481719e-02 -2.299074254545215024e-02
5.482036711398494610e-04 1.799486541294085824e-03 1.379898762350074189e-03 9.001934080323404242e-04
