1.176536385608072388e-01 8.147741098726606346e-01 -2.284713864217506052e-01 -6.099219829846624918e-03
4.390017546710402868e-02 -7.040864757898068760e-01 7.262839557519794320e-02 -1.385231334557048000e-02
1.488832865018288598e-01 2.752096668384312883e-01 1.378696217828896953e-01 1.211176140806146800e-01
-2.768497945753904954e-01 -1.536589567209992069e+00 5.497443022935939450e-01 -1.214241156631239438e-01
-4.002051108574312677e-01 -3.452103325168099923e-01 -4.502193210364691112e-01 -6.689056702550605360e-01
-1.066623714456821914e-01 -3.634280951964727890e-01 -1.786040761808690425e-01 -1.612686164311760151e-01
7.491914963672340333e-01 4.420301400688970261e+00 6.104164547427315402e-01 7.909045527230974537e-01
-1.457819811541549437e-01 -7.609065172415392375e-01 -1.040189002110789296e-01 -8.467595017138135338e-02
-3.115295374579602483e-01 1.766742560098915060e+00 -3.111621507875440007e-01 6.349014665168736804e-02
5.499400610668346845e-01 1.420202703392631882e+00 -2.981964789403732108e-01 4.399031806996963057e-01
-1.018088304220027052e+00 -6.125779439290052863e+00 -9.231386430569431534e-01 -9.902696969977062835e-01
-6.387730535163937962e-02 7.943725675264645680e-01 -1.201679132095274660e-01 -1.667466347475383692e-01
5.399167910228815925e-01 2.934724382001223653e-01 7.136669044156228603e-01 1.180894862956115121e+00
1.638014051675543148e-02 -2.780229842881922764e+00 -3.647343057185920001e-02 -5.812774736973487233e-01
1.263577557854977940e-01 5.086618726854830186e-01 2.609769062405395967e-01 3.564523589417795679e-01
2.904108914857520679e-02 7.346130610013418272e-01 2.301480352101542004e-01 5.113406327245701988e-01
-1.392555267283732690e-01 6.904863980327969886e-01 -2.603005610299432560e-01 -1.740568235897603233e-01
-2.385341152838748313e-01 -9.546260747146858572e-01 -2.277802325980184950e-01 -4.099266040577716486e-01
-8.018937945850754256e-02 -8.799100620006095053e-02 -2.162737108004646192e-02 1.294607244990177985e-01
-3.308515067135137100e-01 -5.576188025408477245e-01 5.660070700104509467e-02 -2.790948428541310533e-01
6.711374871394366615e-01 3.238033662916799837e+00 6.364031117734768594e-01 6.421415846341962386e-01
9.055442069457221577e-02 -4.022230099388930391e-01 1.199700195660433483e-01 1.565450907810699288e-01
-7.475912693527401176e-01 -6.421087199325540285e-01 -1.025806728733439144e+00 -1.178486125330559187e+00
-4.855705196636447840e-02 -2.979464336507458011e-01 -1.178812353276025848e-01 -2.555119274844705468e-01
1.630969786961818935e-01 1.638201269870113608e+00 2.385716773526802559e-01 5.365169452036003817e-01
-3.648321226399632300e-01 5.510337206609279281e-01 -3.861271347425182521e-01 -7.596141002691226829e-01
-3.561480957021685434e-01 -1.030663819736707065e+00 -6.460575331715348590e-02 -2.394951812631318511e-01
9.084649997594032578e-02 9.352609699477407723e-01 1.838354497795146869e-01 3.503733766985772657e-01
7.746616233644887384e-02 1.558803324605236851e-01 1.114142795444320391e-02 -6.576898987928581075e-02
3.221270519459624726e-01 1.254003432235490489e+00 3.793214525318970298e-01 7.253806648043618077e-01
-1.947960450851609834e-02 -2.371066891475933858e+00 8.464900156442599355e-03 -3.507800158541728441e-01
-9.349934630020156900e-02 -6.949077427886227731e-01 3.741020500587721731e-02 -2.523617230591607696e-01
9.795429405341657403e-03 -5.021461219417920896e-01 -4.429332511407490375e-02 -2.694606991572555676e-01
9.511486833836187149e-03 5.426747027049716454e-01 3.275445443095677256e-02 -2.590161303389459935e-02
5.448000552625345549e-02 6.795124439034683217e-02 -1.043424923562785538e-02 4.376954186767258864e-02
-1.328953809793281815e-01 -5.674974619146091470e-01 -1.305536349052412448e-01 -1.283791392929544140e-01
-2.148620623105951949e-02 7.541023557427573021e-02 -2.842974278709716612e-02 -3.851731736314584209e-02
3.825066522652011969e-01 4.148864545682512395e-01 4.798745841827024017e-01 5.076647649296343046e-01
-1.883180519673896547e-02 -3.222183898844281913e-01 -5.379320060019128491e-02 -1.117006246888133658e-01
1.057503065234773748e-02 7.110892896591919365e-02 1.885279987981432204e-02 5.148570343999275128e-02
-2.632698176478540653e-01 -4.655346371187618626e-01 -1.782019824977977840e-01 -9.757896229381318731e-02
1.119427770983028869e-01 3.033780156431681307e-01 2.877797766189496911e-02 1.042370894503971412e-01
1.584864039366584709e-02 -2.491397543184910301e-01 -3.498286366276873866e-02 -9.129323230109828713e-02
-2.354542107423019531e-02 -5.896358290734304841e-02 -1.486034538771068350e-03 4.065327794310405474e-02
-7.172928060061070088e-01 -1.380632660461882821e+00 -6.764247214132800279e-01 -1.238128002656081250e+00
-2.744603300512489796e-01 1.091042076087180845e+00 -1.669781965659346556e-01 -4.816468560068437599e-02
7.737270710952856567e-03 3.294858248159391323e-01 -6.120310270703638311e-02 1.343620109178533806e-01
-1.231103112317448456e-02 1.588430951606089603e-01 2.980228053038908032e-03 1.788105035568145484e-01
-8.366037635564448072e-03 -3.156230878848888532e-01 -2.832185842156828906e-02 4.500061145244246830e-02
-7.462845758766414872e-02 -2.394659315705616631e+00 -5.057544707406905760e-01 -7.170810971037949733e-01
-2.129103438568665241e-01 -6.916724337957472768e-01 -2.580842048424199509e-01 -4.021251752622319042e-01
-5.311985459874035698e-02 -8.209518568679227690e-02 -7.719968820432576706e-02 1.548062914646425869e-01
-1.167142584714619957e-02 1.946968080074605312e-01 -7.565047646030112483e-02 3.727350035889756552e-02
3.373044693474673561e-02 1.871593981401050710e-01 -2.491618922434504779e-02 -4.003237177521793561e-02
3.112050075773804825e-02 1.612241949088624726e-02 -1.712403062335970949e-04 -1.787759095161017553e-01
-3.594060348380172937e-02 -1.410780897298783976e-01 1.424913751527298947e-02 -4.438171496528378612e-03
7.840688765539456651e-03 3.010862506316281523e-02 1.389207551597538073e-02 1.285233019719213103e-02
