-8.788282280789289080e-04 4.670990270376762510e-04 5.593411993821484351e-02 5.636958449333207000e-04
-2.312272524945324648e-01 -2.331672287485914985e-01 -2.211445970006246098e-01 -2.351788003981554187e-01
-2.316720068527277632e-01 -2.328392571187544724e-01 -2.246978300662235695e-01 -2.301191096414485493e-01
1.484386677807839061e-02 1.240755243648716810e-02 -6.217717750442508517e-02 2.007009413022764477e-02
3.895032174770843292e-04 -6.277771397651399354e-04 1.745769225147908443e-02 2.138923181147500685e-02
2.522967059316622018e-03 2.231858068198977474e-03 4.787547844988804258e-03 -1.393230693927383079e-03
-1.596402374528564372e-01 -1.455935945847801338e-01 -1.768367718104308928e-01 -8.944545769578837735e-02
1.471526569488710856e-01 1.546276432706861770e-01 1.298031622361039972e-01 1.420193163618757026e-01
4.193248072719008013e-03 2.482587187623383485e-03 5.585045631751217599e-03 -1.382688282269883828e-02
1.627630249749212332e-03 3.463647404625014303e-03 5.021420290542977227e-02 -7.203578584473291357e-03
-4.701464027682472624e-02 -7.268329950018270758e-02 -4.272907554248295270e-02 -1.558830610949746287e-01
-5.264489179986631129e-02 -6.552697610656571525e-02 -3.827399896094063614e-02 -4.929675673830935523e-02
-8.642644541367761057e-03 -6.278701672775888198e-03 -6.813749105926270033e-02 -9.113190500492684976e-02
-1.221503677942908928e-03 1.787699765996242363e-03 -8.587216479496895261e-03 1.697526280230077234e-02
2.104337313546533750e-05 2.855875242424588123e-04 -4.915508483376296311e-03 4.780070402100600191e-03
1.269502097691055376e-04 9.066172793572579991e-04 -1.081796907162835275e-02 -4.619487404703037647e-02
3.489261677281446650e-03 5.214869383107778589e-03 2.690223141919467764e-03 3.531038399242181214e-03
4.383181154371196264e-03 5.080409134304630925e-03 1.725734458458028087e-03 9.386823904976804300e-03
8.798711792793456610e-04 1.065905401943442743e-03 5.541831003350039531e-04 4.158494331359285923e-03
2.984707216420245945e-03 2.389868443239739904e-03 -1.186705274246580011e-02 6.992478140182223356e-03
-2.154820462562398453e-02 -4.567445141710813061e-03 -1.773724033134582712e-02 3.797228082207171340e-02
1.032016977734598329e-02 1.876007686755548631e-02 5.638040201521365979e-03 1.081921660583340383e-02
3.101579552680200358e-03 -1.440268687135093373e-04 5.408325380081624445e-02 7.485410907144762760e-02
-1.299151302538673058e-03 -1.456492971546485826e-03 2.370523922246681181e-03 -3.375986465071700859e-03
-1.389052323156059199e-03 -3.774396453982031829e-03 5.455157693442291844e-03 -7.548859248816652823e-03
1.918929082669662556e-03 -4.959151058927524502e-04 1.715423423851802909e-02 4.230899821600742072e-02
2.269105427557427390e-03 -2.583361822740659619e-03 3.493156307744937905e-03 -5.075801383870315320e-03
-1.954021361871338680e-03 -2.906828409963146953e-03 2.218036825135105694e-03 -8.143802917456532953e-03
-8.840851643280855932e-04 -1.275454208355564223e-03 -6.432703805462902658e-04 -3.681274138680912245e-03
1.085939102134170220e-03 9.010915937708308121e-04 7.577540402042171053e-03 1.320582653190960354e-02
1.162750209141166780e-03 1.636059769243414230e-03 3.902213102207396922e-03 2.220462795119892974e-02
1.870047087217663329e-03 4.909301086064132846e-03 3.574151366648958827e-03 7.538157593385053090e-03
5.495959452720411420e-04 3.077031606173452616e-03 -1.581545798704508954e-04 -2.812566254876913696e-03
1.926565782063294208e-04 3.979459090313330893e-04 -3.605270880315813997e-04 1.310294194045269478e-03
5.527318522438873227e-04 6.140471684736234503e-04 2.363407183239574216e-03 1.219881341707473865e-05
-7.510697385349832111e-04 -4.424104573327272694e-03 -2.178502062186116195e-03 -1.164229410094164141e-02
-7.532619343062069150e-04 -2.612799000208596012e-03 -2.601048512606563001e-04 -1.266965836731470674e-03
-9.323533415738188834e-03 -7.797495650163910330e-03 -2.201822093047489659e-02 -2.688538417084507248e-02
3.733548809072839703e-04 1.188651321472129069e-03 -1.354547676306161463e-03 1.268917918848810888e-03
4.023751821817661556e-04 4.474524533216728273e-04 -4.682941558927788961e-04 7.996158570370351382e-04
-1.803841312220361148e-03 -1.015554808144802923e-03 -7.107784218931059717e-03 -1.367944586746261404e-02
-4.471063525095242408e-05 1.887123094092446607e-03 -6.074922469517796131e-04 2.219858504566185609e-03
2.008845388954544342e-04 4.195646636838135102e-04 -1.129143188296877209e-03 1.767290703018731257e-03
2.218048808033806774e-04 3.518501263654744138e-04 1.626192087005873255e-04 1.057606840776270651e-03
-5.249255826706988870e-04 -1.462229164942263626e-03 -4.098300982850189289e-03 -7.817790202970353874e-03
1.544277807290356241e-03 3.405523235229246382e-04 1.212835415168589392e-04 -8.456714767617778961e-03
5.661546911925330328e-05 -2.830496130256376919e-03 -1.426806574301275887e-03 -3.259693844277045116e-03
-8.571354061959191029e-05 -2.140180654623874412e-03 1.053261216882872553e-04 4.512653628012675000e-04
-1.840657482576057991e-04 -1.953399112706727392e-04 1.518995611189122297e-04 -1.332674736851363617e-03
6.224222586417305081e-04 1.922638073698995642e-03 2.306567767978551231e-03 1.560165784557238089e-02
1.205486149548851138e-03 4.264607692517130566e-03 2.006536990772009310e-03 8.460973906084245932e-03
1.394875484706570301e-03 2.232029985385186599e-03 1.915979997979544436e-05 1.526238851347172520e-03
2.715619240076794227e-04 -8.857487008917530602e-05 3.955048379575276662e-04 1.147220903878531928e-03
1.968703023258744356e-04 -5.321771578462725083e-04 -8.656140321050553865e-05 1.751793137859058991e-03
2.207275142473430485e-04 1.336249841923237147e-04 2.342583284098420648e-05 -1.350672180113754450e-04
-7.247406518571364309e-02 -7.269028928093199116e-02 -8.699366896297555662e-02 -7.270985185939060624e-02
3.733409159312615542e-05 4.961015464316733867e-05 7.872586129324236372e-05 1.535072241762416357e-04
