-7.776478166355829558e+00 1.240105293910312989e-01 5.054897906915459260e-02 4.073152044106888303e-02
5.956457648339373634e+00 -4.831119931771609699e-01 -5.979221183750581536e-01 -5.036287585477687845e-01
-3.586010977257002352e+00 -5.064734803060482182e-01 -5.593091799543994380e-01 -5.015397792905105234e-01
1.100399351374468182e+01 -2.732650585928056430e-01 -1.448776203512270599e-01 -7.323444461847156139e-02
-1.855043173946262502e+00 1.667208297425929464e-01 -5.840589390873766051e-01 -1.242107307802374772e-01
-2.711236377220808791e+00 -5.887513072953481919e-02 7.069664216031101844e-02 -1.726668370036824052e-02
-1.475895094585855638e+01 -4.699312308460225074e-01 -3.401947226579227213e-02 -3.537440500566577661e-01
9.426873960158879129e+00 3.796470940613355105e-01 4.904590534161670234e-01 3.523285136322701905e-01
-1.047127236796820959e+01 4.368140263037989524e-02 -8.368215917663973658e-02 -4.366395924917301774e-02
-7.782777114913884020e+00 4.603115908976883608e-01 3.483660791293949899e-01 2.310328005590570888e-01
1.310705994460438362e+01 2.318860921706848988e-01 -3.614850900572554315e-01 8.987119872770898965e-04
-8.327873133997247379e+00 6.163103936515536285e-02 -6.935386098717621906e-02 7.596720115890165381e-02
8.416801707671034194e+00 -1.870604035419626276e-01 7.548389318204147269e-01 1.669970565739916646e-01
1.284837247154875506e+01 -1.617492225210170331e-01 9.220878677896149345e-02 -4.132274719093909088e-02
4.315260167218021081e+00 1.009213273933285970e-01 -1.747772760366665956e-01 2.907849012822893986e-02
-1.130707052567784032e+01 -2.448907693740882685e-01 -5.198421113004195737e-01 -9.187799315704178738e-02
1.086066791957304822e+00 -2.719667949567629583e-01 1.751787931692109779e-01 -5.304015090368399687e-02
-5.142161895771852897e-01 6.099274052937614377e-02 2.017416426231107840e-01 5.011706916364200987e-03
1.974550611768269626e+00 7.312924538876228175e-02 -2.198933278971026972e-03 -6.130517776144817077e-03
2.662989556125471502e+00 -2.565606425152918701e-01 -2.056296308785190707e-01 -1.387136119607953744e-01
-4.198359069624352458e+00 1.897137279486762751e-01 5.188501524702161527e-01 3.494699150824929212e-01
3.026060240270220802e+00 -1.145505759541999846e-01 -4.049789166770612070e-02 -1.101709266874503212e-01
-8.849859109641050381e+00 -3.352079025124004019e-01 -8.834630393767385348e-01 -4.740700139778399880e-01
-1.892742672061652698e+00 -6.386238249609610396e-02 9.021281318902518720e-02 -2.084750607194942040e-02
-3.687336481032108537e+00 1.374807874893204940e-01 -2.757049523269872182e-02 6.283278937379960238e-02
9.455298672187559816e+00 3.913059468300261745e-02 3.668910070840569193e-01 4.692537836469096169e-02
-8.793788680473980435e+00 2.324422929773698465e-01 -1.338814458894680426e-01 2.455986940358084736e-02
-2.349089699633493566e+00 -7.207939718093220316e-02 -3.059144180292749926e-01 6.496389637263129402e-03
-2.099750474126287791e+00 -1.297173684029604424e-01 6.588554753114439499e-02 2.374242632377773776e-03
-1.123678372139507164e+00 -5.287042039726161935e-01 5.942944085852546188e-01 1.169163936049468222e-01
1.093482441467139310e+01 -1.247223366903860153e-02 2.819669911711837340e-01 2.285385212625223317e-01
5.134167477260829671e+00 1.661797347583563456e-01 2.367112038761919335e-01 2.076435502596997718e-01
5.140880018059548195e-01 5.231473931468916261e-03 4.258579698962117188e-02 6.747882207727268211e-02
1.927831381760067853e-01 2.287691861301832663e-02 1.889320978784091165e-02 1.956498180236659890e-03
-3.501040317843119309e-01 3.956555375056854812e-02 2.977504639239715589e-02 1.734929950178583716e-02
3.413379948807763187e-01 -5.050661620901426146e-02 -1.103388793253827771e-01 -8.486434579494905872e-02
-3.841938391363095562e-01 2.573661069481117392e-02 1.049686480155789803e-02 2.180508331639277597e-02
2.741786184084817002e+00 2.134242119746987687e-01 3.481019099964872687e-01 2.528390155281409202e-01
6.198680045446991471e-03 -3.292821951356042498e-02 9.531790520444963222e-03 -1.303969529715652553e-02
2.295571110531873238e-01 1.501124314362574375e-02 -1.234283237874767014e-02 2.928070359531360911e-03
-2.902626115731870016e+00 -7.882174057360656627e-02 -2.163118424164131581e-01 -8.569156528497651193e-02
3.773034917528465204e+00 -1.063527331538571680e-01 2.567289917025109003e-02 -1.427402409814940154e-02
1.155623149136632000e+00 1.542948566926806431e-02 8.183956789050211844e-02 -9.670602374841158477e-03
5.032567335191222568e-01 4.389459473029301562e-02 -3.229454030105249895e-02 2.341226097001575246e-03
-4.372568021764170476e-01 5.711956714818113845e-01 2.590567178505377710e-02 7.801460265679377448e-02
-5.741121164230136742e+00 1.690107224864512425e-01 -2.332830658608256447e-02 5.653605652598109321e-02
-2.432009353111728167e+00 -5.061482916071990967e-02 -1.088938930880924416e-01 -1.753010395680051903e-02
9.034947960711303683e-02 7.703525615627822287e-03 -2.509066515490207538e-02 1.344761950630918301e-02
-7.764697453904700897e-02 -2.195125191064351000e-02 1.089562269291598218e-02 1.391438179614185033e-02
6.487053032642275952e+00 5.682327539896001589e-01 7.503735015664227959e-01 1.842784055769609852e-01
2.668846398299280498e+00 4.919514344162326802e-01 7.285450489167744070e-02 2.744865445256808312e-01
3.885312273565226793e-01 1.434557170911933688e-01 1.246597546600936579e-01 2.280807546984318923e-01
-5.532458980552122929e-01 9.781554513437812348e-02 5.662457712471816174e-02 1.303524356234613546e-01
-6.907803739447554436e-02 -1.682080542601505080e-02 3.506511228255831947e-02 3.652043088296619971e-02
-2.899137840340340611e-02 -4.701347871377672960e-03 -4.443726539552851629e-02 1.099946240850230295e-02
2.130962116595326528e+00 -8.049397865338268898e-02 -5.572982902293557861e-02 -6.409064346053287842e-02
1.460336340168671629e-02 6.456383502698019930e-03 6.101404175996531093e-03 3.908112875810289787e-03
