-3.952517930628868470e+00 -6.959711244053090606e-01 -2.537351361711508435e+00 0.000000000000000000e+00
-1.924424962017349694e+00 -1.721820966545435927e-01 -8.219368873976191647e-01 0.000000000000000000e+00
2.890466734316359254e-01 2.946344718395671247e+00 -1.117915373238106969e-01 0.000000000000000000e+00
-1.971591943197870955e-01 1.150941269014286394e+00 1.126642038721515915e+00 0.000000000000000000e+00
-3.005780225884951418e-01 1.905801231986926914e-02 -4.552428208198030374e-02 0.000000000000000000e+00
-1.170069749303138451e+00 3.311500036498992161e-01 3.258039706097053401e-01 0.000000000000000000e+00
-2.625300328913014791e+00 -7.739203179678707523e-01 -4.537824852626776706e-01 0.000000000000000000e+00
1.450191705696150191e+00 8.907359181234943968e-01 1.487419699075745116e+00 0.000000000000000000e+00
6.682172614825257484e-02 -2.057060951721341110e-02 4.492972593888509003e-01 0.000000000000000000e+00
1.080779859397192677e+00 2.008436655039249175e+00 2.421453495550543344e+00 0.000000000000000000e+00
2.301005181131072497e-01 6.976508002446468737e-02 1.392149417066563255e-01 0.000000000000000000e+00
1.253044133768287605e+00 -5.826265022314240927e-01 9.023909320504526210e-01 0.000000000000000000e+00
-4.203211539875330305e-02 -3.535563579934711265e-01 2.040746115536701821e-01 0.000000000000000000e+00
1.702165175863724622e+00 -2.500566705172859727e-01 -7.080296403390214273e-03 0.000000000000000000e+00
1.420070928739114224e+00 3.951555636895298096e-01 1.947314794908477253e+00 0.000000000000000000e+00
-2.809701974368844501e-01 -2.186086213013795077e-01 6.124232677261545188e-01 0.000000000000000000e+00
9.617286648286440531e-01 3.008461633463704654e+00 -1.411212591754136270e+00 0.000000000000000000e+00
1.334288614355812363e+00 2.090888090374523889e-01 -6.795765855765082408e-01 0.000000000000000000e+00
8.900437241650956954e-01 2.467271810112147801e+00 -5.454794524521393573e-01 0.000000000000000000e+00
5.566270006039715224e-01 4.943575379309840812e-01 1.125934938910969629e+00 0.000000000000000000e+00
2.126240168718248336e-01 3.474648505889336991e-02 1.068377587856624150e-01 0.000000000000000000e+00
5.803066104050215168e-01 -5.216615811066778186e-01 2.888875194928835488e-01 0.000000000000000000e+00
-7.441618124371304765e-02 -2.125835584855104710e-01 8.726419868353785247e-02 0.000000000000000000e+00
1.468451651653355006e+00 5.800611153226317152e-01 2.795137187690008296e-01 0.000000000000000000e+00
4.525020820655592524e-01 2.261300113675391299e-01 4.701981529739591159e-01 0.000000000000000000e+00
8.206843321463263008e-01 -3.734896258203734831e-02 3.750491531483148844e-01 0.000000000000000000e+00
1.423986723281049693e+00 -6.806744810622514796e-01 -3.695242405126593632e-01 0.000000000000000000e+00
6.507238146256558720e-01 1.154277956938016381e+00 -1.167524172261445337e+00 0.000000000000000000e+00
1.364735266548382286e+00 4.350067737774132026e-01 1.320145563027975477e+00 0.000000000000000000e+00
5.907223214538301903e-01 1.289347657389956492e-01 1.233390981815096765e-01 0.000000000000000000e+00
1.608996162546152631e+00 -2.421390426234562021e+00 2.648778072322232280e+00 0.000000000000000000e+00
2.008003574689780635e+00 -2.493134838894891736e+00 1.926563561153108450e+00 0.000000000000000000e+00
4.657157493357887978e-01 -6.650869088582210820e-01 2.173236114414720088e+00 0.000000000000000000e+00
5.538176681217222841e-01 5.865675286037888014e-01 2.151882485901952080e+00 0.000000000000000000e+00
-1.057632346240632071e+00 -1.551275407778432536e+00 -1.198541120489957368e-01 0.000000000000000000e+00
-4.708034715609533266e-02 -5.900667920656853943e-02 -2.017902109458048765e-02 0.000000000000000000e+00
-2.853534564019169495e-01 3.912020018429016588e-01 -1.535617756053792859e-01 0.000000000000000000e+00
8.398165494216548732e-02 5.223571070908570452e-02 4.071308202542770621e-02 0.000000000000000000e+00
1.152955334255788417e-01 1.356370051434049984e+00 3.370618902405894124e-01 0.000000000000000000e+00
1.451352673690941564e-01 6.807778883494665090e-01 -6.998326273170205614e-01 0.000000000000000000e+00
4.960953997793133841e-01 4.865840882957684910e-01 1.831772751154514892e-02 0.000000000000000000e+00
6.669069666615994318e-01 -1.136585606543216054e+00 -1.043091371368671139e+00 0.000000000000000000e+00
-4.823159008830706362e-01 1.819322189922581989e+00 -6.047571122482677808e-01 0.000000000000000000e+00
7.643555269191565360e-01 9.262155094136292899e-01 9.382247129528579199e-01 0.000000000000000000e+00
4.042636661698926770e-01 1.689184811588623492e-01 -4.243852442168282724e-01 0.000000000000000000e+00
3.086930739799679468e+00 -2.425398452605705746e+00 2.147873223126949949e+00 0.000000000000000000e+00
1.946241246573923611e+00 -2.021613395008766023e+00 -7.610418168537365080e-01 0.000000000000000000e+00
1.540895128995728003e+00 -6.846640578415730261e-02 1.058375818440273397e+00 0.000000000000000000e+00
4.485280251519785377e-01 -1.775197571154683573e-01 1.426518491793605348e+00 0.000000000000000000e+00
-1.367682906148447175e-01 -6.938409538352124928e-01 -8.592755499921021778e-02 0.000000000000000000e+00
1.806883993057611271e+00 2.541056018413778261e+00 -7.373225908368543635e-01 0.000000000000000000e+00
1.568096891200425835e+00 -2.040997535495287618e+00 -4.980793724697943348e-01 0.000000000000000000e+00
7.634540885150450373e-01 -1.284943065627815351e+00 -2.046771620908101053e+00 0.000000000000000000e+00
1.148239069215232222e-01 5.353224661972669773e-01 -4.659181124640458527e-01 0.000000000000000000e+00
8.275408473190422054e-01 4.705919698993469846e-01 -1.929831090109475622e-01 0.000000000000000000e+00
2.007905611186645289e-01 1.533450122068614196e-01 1.712093029080110851e+00 0.000000000000000000e+00
