1.463585397566629087e+00 -3.376710515647790345e+00 -1.920010281109963968e+00 0.000000000000000000e+00
1.006061032347758608e-02 -1.968531270670559996e+00 -1.191627033163210614e+00 0.000000000000000000e+00
-8.878324130719211782e-02 -1.910123680616667707e+00 2.021305448144276262e+00 0.000000000000000000e+00
-1.914731893133357010e+00 4.235208104625008407e-01 1.773451282292165532e+00 0.000000000000000000e+00
-4.840281369054355576e-01 -7.774026836895896464e-01 -2.176568349159263838e-01 0.000000000000000000e+00
7.343006396629858656e-01 2.648261210195238746e+00 1.929205570002526127e+00 0.000000000000000000e+00
8.688642742819080445e-01 -1.595014129283887971e+00 -2.120430293439736769e+00 0.000000000000000000e+00
-1.806176310726479994e-01 3.114742045046328678e-01 1.941660257399140166e+00 0.000000000000000000e+00
7.940409899484931477e-01 -3.262095238780579054e-01 2.691832943574643533e-01 0.000000000000000000e+00
-2.800062206579778223e+00 8.830526977944406219e-01 3.101695448955056555e+00 0.000000000000000000e+00
-3.293536862812899702e-01 -2.871027959070599489e-01 1.054360069343309586e-02 0.000000000000000000e+00
-4.407338195124328450e-01 4.757721048522581264e-01 1.248985825781296466e+00 0.000000000000000000e+00
5.515044780219238163e-01 1.536342609979400066e-02 1.955755725046647020e-01 0.000000000000000000e+00
-7.283269024457718066e-01 2.218891804352409292e+00 8.637241627931865340e-01 0.000000000000000000e+00
-1.329525930077733120e+00 1.410857503587062078e+00 1.182731267281806886e+00 0.000000000000000000e+00
-6.513610900736246379e-01 -1.785466106984596457e-01 -1.102389567467290776e+00 0.000000000000000000e+00
2.096179964163227272e+00 -1.070320778751314927e+00 1.639556755721804482e+00 0.000000000000000000e+00
-1.969888881318595519e+00 1.740785808993146722e+00 6.496010334999624547e-01 0.000000000000000000e+00
-1.891714071736115610e+00 -4.664150162093919638e-01 1.508613319258600649e+00 0.000000000000000000e+00
-2.705666112665399137e-01 -4.441258805728961478e-01 6.220553501088713633e-01 0.000000000000000000e+00
-8.405885742538327099e-02 -5.080143784841748000e-02 2.955679706273894522e-02 0.000000000000000000e+00
-2.047682490723195803e-01 2.279819940180854154e-01 3.800146338098694399e-01 0.000000000000000000e+00
1.727168828488174213e-01 -3.018028025342908705e-02 -3.828249544415827932e-02 0.000000000000000000e+00
-2.349145947025745584e-01 1.455630782287042679e+00 4.364366855725365646e-01 0.000000000000000000e+00
-4.044296931592669120e-01 8.503535753618368664e-02 8.821252855811466745e-03 0.000000000000000000e+00
-2.081492202354765213e-03 -5.860697254733419903e-02 5.367134213942916787e-01 0.000000000000000000e+00
8.803866461249072461e-01 2.179747924980566243e+00 9.904092335316797557e-01 0.000000000000000000e+00
3.707824709264446739e-01 1.735943565775146080e+00 -9.036114566631395784e-01 0.000000000000000000e+00
-7.702419772484143667e-01 6.717713368561288867e-01 2.645345573100847947e-01 0.000000000000000000e+00
3.793637181037742725e-04 -9.154732663867332088e-01 -3.797192129141167549e-01 0.000000000000000000e+00
6.546509092041731259e-01 3.860022153418597224e+00 1.467751088725354203e+00 0.000000000000000000e+00
3.013473530716175852e-01 3.345957758419201067e+00 -1.398677826155639181e+00 0.000000000000000000e+00
2.077664480031052863e-01 3.498763424952434420e+00 3.668604805119365375e-01 0.000000000000000000e+00
-1.694698115591692922e+00 2.362222131602244868e-01 1.472881942489162155e+00 0.000000000000000000e+00
2.300454430051467880e-01 -1.273784937052476307e+00 -1.695733919701128689e-01 0.000000000000000000e+00
6.265545429882100892e-02 9.529876017759002227e-02 2.732573999874252438e-02 0.000000000000000000e+00
1.003712023985595253e-01 -5.525495024449778719e-02 -3.420139519493604618e-01 0.000000000000000000e+00
-2.300786163141279039e-01 -1.995547127265325793e-01 -2.220686326813698375e-01 0.000000000000000000e+00
7.108097662938311911e-01 5.891978130761487131e-01 -2.442850552116533069e-01 0.000000000000000000e+00
1.194499313450398115e-01 -9.267585802235455139e-01 1.214468810830015011e-01 0.000000000000000000e+00
2.977837912073215687e-01 -1.538898717204664202e-01 3.740447608676220059e-01 0.000000000000000000e+00
4.585095556825595775e-01 2.310542139698921194e+00 -1.424301874223250775e-01 0.000000000000000000e+00
-5.108026608648850164e-01 2.009956167738562449e+00 -1.128401149399619552e+00 0.000000000000000000e+00
-2.878345650646578768e-01 3.336448154129474930e-01 -3.160640190997892063e-01 0.000000000000000000e+00
-3.923682087019436660e-01 -7.501992880147693166e-01 2.187872108929514101e-02 0.000000000000000000e+00
-2.618074374141953764e-01 3.572520524834355005e+00 4.222284791338374310e-01 0.000000000000000000e+00
1.342409243367347793e+00 3.373665800799909853e+00 -2.872995955108452293e+00 0.000000000000000000e+00
-8.040055948988646950e-01 2.560061989960057183e+00 -3.294649045779178276e-01 0.000000000000000000e+00
1.249235107865222405e+00 -1.626091669847747889e-01 -1.686433244671821319e+00 0.000000000000000000e+00
-1.481003423521920270e+00 -2.617869012741792512e-01 1.128233457458783340e+00 0.000000000000000000e+00
2.098042216593449361e+00 -3.887656210527088985e-01 -5.720605707223705982e-01 0.000000000000000000e+00
1.204401083926698091e+00 2.185130209629283726e+00 -2.609530085056252613e+00 0.000000000000000000e+00
1.390391932366721539e+00 8.598167564095143822e-01 -4.402558740138312610e-01 0.000000000000000000e+00
-7.550314694783728520e-01 2.849827429613477348e-01 9.234962915795060789e-01 0.000000000000000000e+00
-1.090975714836249111e+00 -4.440076595220741607e-01 2.026008044921105533e+00 0.000000000000000000e+00
6.540416938814261893e-01 -9.655286723712971364e-01 9.952748663237208637e-01 0.000000000000000000e+00
