2.927804062818017528e+00 2.960307659775768929e+00 -9.677325998633182769e-01 0.000000000000000000e+00
7.816060751485188751e-01 1.390785555348753588e+00 2.209402025825184523e-01 0.000000000000000000e+00
-3.382504453639269215e+00 2.579684286516104041e+00 2.851104045738878101e-01 0.000000000000000000e+00
-1.462022803919533320e+00 5.644791719114327089e-01 1.799819669009042888e-01 0.000000000000000000e+00
-2.187469265907575344e-02 5.364574173796926582e-01 5.733699821763362792e-01 0.000000000000000000e+00
-1.127431522581046952e+00 -2.947508614101789437e+00 9.932208396282375951e-01 0.000000000000000000e+00
1.631423900274460381e+00 9.739896146609022809e-01 -2.146966993308191685e-01 0.000000000000000000e+00
-1.357980256619062187e+00 -3.167401439147697895e-01 6.157371829518502870e-02 0.000000000000000000e+00
-2.516524626275343235e-01 -2.461828920718956704e-01 1.948714772698139086e-01 0.000000000000000000e+00
-1.993358804889390656e+00 -3.503815604939552131e+00 1.887779137555262832e+00 0.000000000000000000e+00
-1.532419726081951095e-01 1.171596148645449170e-01 5.149799469868532320e-01 0.000000000000000000e+00
-1.626978906730439101e-01 -1.398332975456451077e+00 4.134429945748615935e-03 0.000000000000000000e+00
2.989232181374059105e-01 -7.269995501262458415e-01 2.048709798266184490e-01 0.000000000000000000e+00
-1.907063374022117008e+00 -1.315559782736719585e+00 7.689317269821148715e-01 0.000000000000000000e+00
-3.763447565076371570e-01 -1.206365239659406452e+00 -4.008533219328255237e-01 0.000000000000000000e+00
7.601386254963311551e-01 -4.777394395627136969e-01 3.310085693370626303e-01 0.000000000000000000e+00
-2.932886073330885246e+00 1.104233995733234996e+00 -1.495791007008407947e+00 0.000000000000000000e+00
1.498542412784233113e-01 -1.375166828133424834e+00 -1.981739893104046413e+00 0.000000000000000000e+00
-1.860157353430418548e+00 1.995783739282771529e+00 -9.404369994287095080e-01 0.000000000000000000e+00
-8.781184241908382981e-01 1.145258434897080901e+00 -7.095212263697497912e-01 0.000000000000000000e+00
-9.393399845358391120e-02 -6.640815932037481828e-02 2.340484029971508784e-01 0.000000000000000000e+00
1.660571248219198659e-01 -8.482349076976076763e-01 -1.051938050672957259e-01 0.000000000000000000e+00
3.044190599905521322e-01 -3.457861774971902058e-01 2.838809842177335632e-02 0.000000000000000000e+00
-8.196632465087475561e-01 -1.006902525391845771e+00 -3.057086926867387255e-01 0.000000000000000000e+00
3.060931701188198129e-01 -4.728225960680074724e-01 7.615524014916175144e-02 0.000000000000000000e+00
3.800570338803336834e-01 3.078880972012248418e-01 -7.536295071143045421e-01 0.000000000000000000e+00
-4.553221983075989576e-01 2.664475053694135842e-01 -5.732754937066718570e-01 0.000000000000000000e+00
-1.541396530185018099e+00 1.590804347407493990e+00 -2.204520674377662415e-01 0.000000000000000000e+00
3.515589524966760138e-01 3.513310708212733502e-01 -4.135903010003562641e-01 0.000000000000000000e+00
2.833400129674836232e-01 -3.589325046493498789e-02 -2.876327828084488947e-01 0.000000000000000000e+00
-2.832837543217663345e+00 -4.235714864587892592e+00 1.191499422930653029e+00 0.000000000000000000e+00
-8.187463760565916182e-01 -4.628952105687626606e+00 7.676285950399287517e-01 0.000000000000000000e+00
-2.577716890155059559e+00 -2.996761311855531407e+00 4.153821123180621022e-01 0.000000000000000000e+00
-1.896808087012629374e+00 -2.590373146361869772e+00 8.289208591855434793e-01 0.000000000000000000e+00
-7.721064462277006657e-02 -1.173211781705057501e-02 5.576279132043918674e-01 0.000000000000000000e+00
-4.425892952944490526e-03 -1.322669923374539536e-01 -1.343107433689559593e-01 0.000000000000000000e+00
3.676916599251864402e-03 5.176047533151980629e-01 -1.445739177420135024e-01 0.000000000000000000e+00
-7.210294189713396806e-02 2.800463663472590459e-01 -5.654073008286716190e-02 0.000000000000000000e+00
2.439963494162839530e-01 -3.725221870298100479e-01 -1.406236578680705396e+00 0.000000000000000000e+00
5.191191395808147230e-02 1.092599743162237402e+00 1.182923921893739988e-01 0.000000000000000000e+00
-9.913449955082094533e-02 6.658304795768787976e-02 -2.897156616987104916e-01 0.000000000000000000e+00
3.536790313516501860e-01 -8.652097720274396497e-01 -1.094831770041122671e-01 0.000000000000000000e+00
-9.092179974671874554e-01 2.655662199671457557e+00 1.061297626884302181e-01 0.000000000000000000e+00
9.400540764301209551e-01 7.525560824254717840e-02 4.393500547541087653e-01 0.000000000000000000e+00
6.263782933230199745e-01 -1.235303090711487917e+00 6.391277457275768015e-01 0.000000000000000000e+00
-2.545883354256135434e+00 -1.324130970497496396e+00 8.822306663771209978e-01 0.000000000000000000e+00
1.031365900772056809e+00 -3.753841038003284059e+00 9.401046654848278783e-02 0.000000000000000000e+00
-1.414549592845575576e+00 -2.058507896735934040e+00 -1.414125052887464928e+00 0.000000000000000000e+00
-7.103439618941806977e-01 8.415823454128060765e-01 -1.214460986318219193e+00 0.000000000000000000e+00
-2.384485194211498627e-01 -3.138146802746644148e-01 -2.772368920301109263e-01 0.000000000000000000e+00
-9.496324275762846323e-01 -1.151261251555524501e+00 -3.059125092664181089e+00 0.000000000000000000e+00
1.898759344348568856e+00 -2.519658284125015690e+00 -1.669862317208375080e+00 0.000000000000000000e+00
-7.901330533037813630e-01 -8.197804580901327798e-01 -5.685791877298732588e-01 0.000000000000000000e+00
5.346753981972318659e-01 1.011868637952799910e+00 -1.815460906269340091e+00 0.000000000000000000e+00
-9.571177248565472251e-01 1.332189112428732836e+00 -9.328029998951634649e-01 0.000000000000000000e+00
-1.692358144126540287e+00 1.816976128909646215e+00 -1.182585729847990486e+00 0.000000000000000000e+00
