1.635824409636457144e+00 -2.543994458736573705e+00 2.379982581914074302e+00 0.000000000000000000e+00
6.469732194346035081e-01 -9.094730085035788170e-01 -5.654464413377410237e-01 0.000000000000000000e+00
-2.567898064422796889e+00 -1.405088665747711518e+00 2.088483813343932738e+00 0.000000000000000000e+00
1.716293012090185366e-01 -8.104725345035344863e-02 -2.827679000398833353e-02 0.000000000000000000e+00
-1.517349193278804687e-01 -1.272420140672498312e-01 -5.416607458247586493e-01 0.000000000000000000e+00
1.102837162855603848e-01 6.692581260987127967e-02 -5.132241037805183037e-01 0.000000000000000000e+00
1.099798158035049322e+00 -6.785354532365323044e-01 4.591166104860131547e-01 0.000000000000000000e+00
-1.429140289835867605e+00 -7.288595658091934215e-01 6.529297453397298057e-01 0.000000000000000000e+00
1.554986018172692663e-01 -1.571548694657120410e-02 -1.052385423029042810e+00 0.000000000000000000e+00
-1.658584243109407108e+00 -1.154551242979786618e+00 -3.873731897496573429e-01 0.000000000000000000e+00
-3.033501257591832423e-01 1.105945442100531584e-01 -2.881692445724209906e-01 0.000000000000000000e+00
-2.478252890686331866e-01 -2.992681201012574177e-01 -2.307775919897070704e-01 0.000000000000000000e+00
-8.138119947241113927e-02 1.653622039379716580e-01 -4.149320598624801626e-01 0.000000000000000000e+00
-1.827566565347503502e+00 8.710245263670639559e-01 -1.389521807230455819e+00 0.000000000000000000e+00
-5.501139303821140913e-01 1.995064823889089456e-01 -7.455033404977002842e-01 0.000000000000000000e+00
1.663281289198262070e-01 3.800411763609772842e-01 -4.190376934494813854e-01 0.000000000000000000e+00
-2.422470589308801436e+00 -6.760609464242139932e-01 5.940181799626907955e-01 0.000000000000000000e+00
-3.848080300618972771e+00 -1.143522099708682793e+00 2.173139978368233027e+00 0.000000000000000000e+00
-1.484842306418932889e+00 -1.183322786952713201e+00 2.913038946240432692e-01 0.000000000000000000e+00
-8.541323282849709597e-02 1.982524177920269304e-01 -3.372306029854536535e-01 0.000000000000000000e+00
-1.529419171312526304e-01 1.306717167640891464e-01 -7.979550529120973956e-02 0.000000000000000000e+00
7.144520955125967243e-02 7.865660801140664238e-03 -2.266702449033888289e-01 0.000000000000000000e+00
1.998376913156904230e-02 1.482990802073932690e-01 -9.299159715156539441e-02 0.000000000000000000e+00
-1.736220932423717001e+00 5.343260307937011122e-01 -8.264082126932716932e-01 0.000000000000000000e+00
-1.916544413214303910e-01 3.381525979777509905e-01 7.072603042516933947e-02 0.000000000000000000e+00
-2.998384761316204017e-01 -5.317863515214445690e-03 5.052412200141606080e-01 0.000000000000000000e+00
-1.690005732313722309e+00 3.436119062740386476e-01 2.907975165565803155e-01 0.000000000000000000e+00
-4.886576004871941992e-01 -1.318480017764474432e+00 -1.450677448006715053e+00 0.000000000000000000e+00
-1.075614560340723447e+00 1.003842407507516132e-01 5.234801003078827231e-01 0.000000000000000000e+00
6.866334761633973750e-03 -7.931235713241095112e-04 -5.542520276891512720e-01 0.000000000000000000e+00
-7.160506804795467584e-02 1.547837408408111681e+00 -1.521545637318517941e-01 0.000000000000000000e+00
4.089749767727771101e-01 1.073224130654823805e+00 -2.623250807991096778e+00 0.000000000000000000e+00
-1.021382592309895809e+00 1.575113041327113494e+00 -1.444358449892649554e-01 0.000000000000000000e+00
-1.706943805145463067e+00 8.016622657713363687e-01 -6.674753904484115319e-01 0.000000000000000000e+00
8.189139050341258663e-01 1.709140625096818022e-01 -6.883157477171580885e-01 0.000000000000000000e+00
1.247926752715706050e-01 5.621754077423882917e-02 6.403750733055685318e-02 0.000000000000000000e+00
-4.943558711801667588e-02 1.653215378874174912e-01 1.256041531799508837e-01 0.000000000000000000e+00
6.894394728895862634e-02 6.516652078408026461e-02 2.079677101500137792e-01 0.000000000000000000e+00
-1.283181584542155251e+00 -2.569403409726576659e-01 -1.368170079140947903e-01 0.000000000000000000e+00
-9.441629610851579382e-03 -4.350720369290528300e-01 9.231036000776561279e-01 0.000000000000000000e+00
-4.608287681873756564e-02 -9.223905818550462432e-02 3.876170317563056855e-01 0.000000000000000000e+00
-5.485187530251608434e-01 8.822452839321253126e-01 -6.234115208551215259e-01 0.000000000000000000e+00
-1.656619849210439477e-01 -9.771518066093158872e-01 1.711028341346380044e-01 0.000000000000000000e+00
-2.067807424909375302e-01 1.037708416220465002e-01 2.788215383488815702e-01 0.000000000000000000e+00
-2.392536870521705938e-01 -9.368901534796041097e-02 6.040338765711027458e-01 0.000000000000000000e+00
-1.515478733463288430e+00 2.164917833975537054e+00 -1.824466636717730017e+00 0.000000000000000000e+00
4.322266124190205505e-01 2.406179759949456098e+00 -1.849125770540654745e+00 0.000000000000000000e+00
-1.502277495778549632e+00 3.952384912677152085e-01 6.499797826468554085e-01 0.000000000000000000e+00
-3.225448022333908260e-01 1.423651076065926446e+00 -1.141696266796064396e+00 0.000000000000000000e+00
-1.213799589827055103e-01 2.447834042735819171e-01 -7.761797547506668615e-02 0.000000000000000000e+00
-1.654782823850785789e+00 1.923989415520592494e-01 -5.831502084328381574e-01 0.000000000000000000e+00
-3.290957070509240801e+00 -1.462716975100201378e+00 9.293311457501461925e-01 0.000000000000000000e+00
-9.808062218203950078e-02 3.484152975809092778e-01 -6.167103305034022931e-01 0.000000000000000000e+00
-3.419237064169371010e+00 -8.825553884114625824e-02 1.746436284210242995e+00 0.000000000000000000e+00
4.260291954949736448e-01 -1.307470918532555260e+00 -8.678407393980389628e-01 0.000000000000000000e+00
-7.670867364549318612e-01 7.198791793538872330e-01 -7.101107013099235976e-01 0.000000000000000000e+00
