1.253194135246719521e+00 1.456338014192017027e+00 6.988192545528174593e-01 0.000000000000000000e+00
6.198872778872488443e-02 6.356292562978593796e-01 1.639649859649960906e-01 0.000000000000000000e+00
1.281318607462462289e+00 -2.718896364418604161e+00 1.332115524366890291e+00 0.000000000000000000e+00
-1.659737998322268482e-01 -5.880814992408917030e-01 1.035379917041992504e-01 0.000000000000000000e+00
4.079204908314514044e-02 1.859868032217337486e-01 1.583216751848024462e-01 0.000000000000000000e+00
3.127369768559298824e-01 -9.238487824242216373e-01 5.726715889485490818e-01 0.000000000000000000e+00
9.643568703206341075e-01 6.885234918615563693e-01 5.605488689431011862e-01 0.000000000000000000e+00
-3.722274003190434444e-01 -1.784108088547827764e+00 -7.955304894247916536e-01 0.000000000000000000e+00
-4.145029702997399812e-01 -1.293930352188891741e-01 -2.150576870123382667e-01 0.000000000000000000e+00
-5.327823194628744652e-01 -1.426990803269473140e+00 1.678174236632675453e-01 0.000000000000000000e+00
7.365596925194321798e-02 7.545597734387425592e-02 1.125598222489757327e-01 0.000000000000000000e+00
-3.474694099111173551e-01 -6.858388080662306541e-01 -5.022690421784467008e-01 0.000000000000000000e+00
-1.115273396299242131e-01 -3.565335632573905789e-02 -4.033764870649699658e-02 0.000000000000000000e+00
-9.056097738748992709e-01 -1.419484368080587089e+00 -3.347877987641211250e-01 0.000000000000000000e+00
-3.782484710127261285e-01 -4.432489170795432809e-01 -8.290825446457208425e-01 0.000000000000000000e+00
-1.965266145530692732e-01 2.008392928969522928e-01 -2.017304104102673745e-01 0.000000000000000000e+00
1.761974717733042206e-01 -9.499369469901844942e-01 -4.174214429781842317e-01 0.000000000000000000e+00
1.716942766656177205e-02 3.378553880063472209e-02 1.469370175730006223e-01 0.000000000000000000e+00
6.852097447894216486e-01 -1.570469657724852031e+00 5.791240682593017386e-01 0.000000000000000000e+00
5.383473059688884677e-01 -1.521185005724603155e-02 2.979535341385276537e-01 0.000000000000000000e+00
6.980642247932751510e-02 8.868547142014353291e-02 3.143844795214487814e-02 0.000000000000000000e+00
3.548624619916588424e-02 2.634375376476109087e-01 1.439118115835543166e-01 0.000000000000000000e+00
6.716801117060403059e-02 6.837061115422493618e-02 1.138482643712093317e-01 0.000000000000000000e+00
-4.612934141169071633e-01 -1.300384854105989252e+00 -3.243673462599854229e-01 0.000000000000000000e+00
-6.571800016513888731e-02 -1.365733053335245750e-01 -1.594083843107728382e-01 0.000000000000000000e+00
1.540416958973493955e-01 -2.106563961399871704e-02 3.250161483087525560e-02 0.000000000000000000e+00
-1.639899577807765851e+00 1.807322339003472722e+00 -1.881288310970889333e+00 0.000000000000000000e+00
5.111936580439967459e-01 9.652387067729035763e-01 -6.431127927249722376e-01 0.000000000000000000e+00
-5.824475831932016678e-01 3.858041806619936197e-03 -5.271993209758792931e-01 0.000000000000000000e+00
-5.989567164594460785e-02 -1.398050394026603416e-01 -2.476386670064430542e-02 0.000000000000000000e+00
-4.929195738234705138e-01 5.939160750538302613e-01 -7.345721956250541584e-01 0.000000000000000000e+00
8.334084296644322931e-02 1.686278576098766191e+00 4.294007279468460836e-01 0.000000000000000000e+00
9.404681882750868249e-01 -1.554426514636768841e+00 1.273555576913157017e+00 0.000000000000000000e+00
-3.803221129773009385e-02 -9.874125883596375219e-01 1.701842239411514579e-01 0.000000000000000000e+00
7.571671359961905656e-01 5.433596320876424857e-01 6.823434244423736139e-01 0.000000000000000000e+00
