2.471093113004529940e-03 -3.698053684608271219e-02 2.637970052239702046e-04 -8.085245115832528917e-03
-2.649641969830308086e-01 -2.673303673759824806e-01 -2.570630967343557893e-01 -2.699954220384876979e-01
-2.575393683306398396e-01 -2.639604366407737879e-01 -2.556433818940098690e-01 -2.559285331204854685e-01
2.789686505521833393e-01 4.251841385737207268e-01 2.917543505884522270e-01 3.336803004677403317e-01
-2.242003014014293250e-01 -1.655040074101409853e-01 -1.904801713893753412e-01 -1.755762081539101183e-01
-1.137282046954453396e-01 -7.220409519043527458e-02 -9.988694232787592719e-02 -9.679322272864362975e-02
-1.927611077302791021e-01 -1.494021912210470315e-01 -2.204618108404993726e-01 -1.735490483186634680e-01
1.609585072975759368e-01 2.034274514647221865e-01 1.213307988050574271e-01 1.516172335373464353e-01
-3.109074357369473462e-01 -2.601069180654000390e-01 -2.859447081382026079e-01 -2.675556985734600657e-01
-5.981081670641152925e-02 -2.211337753416084961e-01 -6.726280042532761794e-02 -1.207788856306982739e-01
-2.686745099222825894e-02 -8.442136303373704020e-02 -8.380608455843208127e-03 -4.893250542694282945e-02
1.623613160809928013e-02 -6.559456256157414344e-02 8.482734732247232401e-02 1.918864561481192776e-02
-1.654433996500040971e-01 -1.797304330985187160e-01 -1.976788795098861629e-01 -1.716107747494985958e-01
3.556788020505953773e-01 2.754918212914060915e-01 3.127334835958983650e-01 2.927343494843953065e-01
2.206135878750966894e-01 1.005961703735011314e-01 2.139048218634712617e-01 1.506963932128084216e-01
-6.764736882838895404e-02 -7.856033331545089760e-02 -7.426391365754130003e-02 -4.529653030686997539e-02
-1.013198691923350159e-01 -1.652335730964558658e-01 -1.309174650290820252e-01 -1.377033386399559856e-01
-1.184759419677396119e-02 -5.924413188205149283e-02 -3.025074756376858187e-02 -4.514730348355856793e-02
-2.764895423714490430e-02 -1.130605025171976807e-02 -9.352688823047183853e-04 -1.556776964463421620e-02
-1.389579353638825676e-02 5.911452129680638823e-02 -1.366179181797655406e-02 1.344360153621099174e-02
-1.562310761596530373e-02 1.320783396552906164e-02 -1.968089544292486726e-02 -4.759813522332734248e-03
-4.087645607831091876e-02 9.079731431687304566e-03 -8.459998985137437422e-02 -4.204195497494120359e-02
1.838638937057517908e-01 1.422095394895399878e-01 1.889568696816583959e-01 1.539028192268648287e-01
-1.371766187642190493e-01 -3.950553752605240332e-02 -1.402501536601695187e-01 -8.391321808898355439e-02
-1.534430701350824600e-01 -1.137464371651235040e-01 -1.325177833354963530e-01 -1.285488433638919403e-01
-2.077385933257987483e-01 -2.627097448728219486e-01 -1.494479711011462708e-01 -2.324909972503825806e-01
8.264968539085654209e-02 1.536889370627147477e-01 1.225467632679074770e-01 1.245707812908438128e-01
-2.110539511991338379e-02 6.920950280811299926e-02 -1.912765254859011277e-02 2.985914983665588496e-02
1.017525134938618292e-02 2.996059632819395024e-02 1.323956230957151758e-02 4.525756545519626917e-02
1.463231709039414796e-01 5.729817269722387030e-02 1.131839068141902577e-01 6.648281305620945547e-02
1.354879525665189099e-01 6.039607152191267536e-02 1.243046683802793151e-01 7.297060421297874022e-02
1.166003172841597602e-01 1.039501043844698325e-01 7.850391433114052575e-02 1.063392872516880083e-01
4.122985626997327513e-02 3.489716908833606634e-02 4.783017757640006806e-03 3.091530940190219401e-02
-9.387163339376808358e-03 -2.098575035490994611e-02 -1.789918841946802619e-02 6.599079413775105207e-03
5.964152067544699343e-03 -5.854253705464974866e-03 6.343846272852234069e-03 1.456388440905051485e-03
4.689398592157986712e-03 -4.872091892375515765e-05 5.187247950100500743e-03 2.893416054935881582e-03
9.468427578481188045e-03 1.895017384992286891e-04 1.897527334020027157e-02 1.033654366347981288e-02
-5.238350830285867787e-02 -3.530437455886507869e-02 -5.051204350448846442e-02 -3.931126702377978760e-02
2.399156530838515711e-02 1.716279689324307772e-02 2.058304015911351093e-02 2.122219928514666731e-02
2.803509258145971128e-02 3.611277951113767148e-03 2.936718061080785536e-02 1.652495287405054969e-02
4.436184635316669372e-02 6.242406817360962590e-02 1.856544018539636048e-02 5.125770340795496316e-02
-1.392218576282146236e-02 -4.156641792889344267e-02 -3.076296173101521203e-02 -3.046879184736814294e-02
1.376495395134474942e-02 -2.006106782266667277e-02 1.315153597652438111e-02 -5.659431574348311456e-03
-1.711670615274656082e-03 -1.254229788440373861e-02 -7.175620305708087926e-03 -1.678678334573784070e-02
-1.734241282891793023e-01 -1.346384258041189441e-01 -1.601688044917309317e-01 -1.515550843022412109e-01
-6.392240390287050322e-02 -1.869420122324609579e-02 -6.370023768073466985e-02 -2.662006294218903502e-02
-6.481350751425171697e-02 -4.592635699778074843e-02 -4.210999051843698771e-02 -5.494935575281144347e-02
-3.152085858977912713e-02 -2.262953733893752206e-02 5.225987810038690284e-03 -1.959318591112399477e-02
7.555540965068219261e-04 9.870653973986759366e-03 4.027790673963443924e-03 -3.490530453089751850e-03
5.210650523037266280e-02 9.620801243628415711e-02 2.511203833956260345e-02 3.381855056449711849e-02
-1.366862199433602904e-02 4.782579668180599042e-02 3.560955979428694768e-02 1.844818311977873548e-02
-3.030310814866775393e-02 3.232028615862710119e-02 -1.028319003365696371e-03 9.158087046962748445e-03
1.103382461993598906e-02 2.064262439108816016e-03 -2.412521224376565354e-02 8.680934323610847714e-03
3.707923502746257594e-02 -6.980678775843809913e-03 5.019894262345465236e-02 1.414473914509059224e-02
2.508429773319925671e-02 6.723571954828644337e-04 2.401638722205112764e-03 -1.399063073457032513e-02
-3.761734126831893232e-01 -3.809567555289490315e-01 -3.799095880977549911e-01 -3.810647354782013552e-01
1.231164474135367816e-02 1.221241993893937283e-02 1.221210242084777228e-02 1.237504641386339907e-02
