-1.646773790941873150e+00 -1.350217847874652266e+00 -7.129129162566448796e-01 0.000000000000000000e+00
-1.210186379725965766e+00 -6.280259819670876986e-01 -2.035297946386200318e-01 0.000000000000000000e+00
1.262153330964412845e-01 -8.977861812278646603e-02 -1.125268281713285579e-01 0.000000000000000000e+00
-2.159990396202469687e-01 -8.648058429178713535e-02 -1.312752381628064235e-01 0.000000000000000000e+00
-3.007860277648546909e-01 -2.302977451063001613e-01 -1.159462788391727450e-01 0.000000000000000000e+00
-2.332129319888699426e-01 1.312128226677503895e-01 -5.287412480564648160e-02 0.000000000000000000e+00
-2.320058700548413011e-01 1.377044509659340887e-01 -3.029737435806794110e-01 0.000000000000000000e+00
3.537915799033120035e-02 -6.904324276359821710e-02 -9.554627751245246825e-02 0.000000000000000000e+00
-2.334615575707537499e-02 3.791480472024230663e-02 1.477925754202297770e-01 0.000000000000000000e+00
2.531328648237540224e-01 1.482383995228198637e-01 1.775103638127978611e-01 0.000000000000000000e+00
1.540526476189859606e-01 -6.329367272148428425e-02 -8.241468112299406290e-02 0.000000000000000000e+00
5.916628713322429761e-02 2.243833031213599179e-04 -4.866542196608129867e-02 0.000000000000000000e+00
-2.614552220981764333e-02 2.444048318536667583e-02 1.878371639617317235e-01 0.000000000000000000e+00
9.176017018153205251e-01 7.042875712515340725e-01 8.907127126604699741e-02 0.000000000000000000e+00
-1.258469462172342188e-04 -2.357327961863367113e-02 1.551967500409761058e-01 0.000000000000000000e+00
1.022183601146789300e+00 7.228124706063753235e-01 -8.420114227741615220e-02 0.000000000000000000e+00
-3.278366902985066500e-01 -6.159851963999641439e-02 1.500212456914363189e-02 0.000000000000000000e+00
7.392969452935585495e-02 -1.289119958053975556e-01 -3.975324933610851486e-01 0.000000000000000000e+00
-5.023997621229149280e-01 -1.574917798805675895e-01 -7.334579873659191618e-02 0.000000000000000000e+00
-5.055103376339618176e-02 -1.603715001208791679e-01 -1.457930473286759843e-01 0.000000000000000000e+00
2.140268468019248249e-01 1.077579638946602088e-02 -3.928950967000999217e-02 0.000000000000000000e+00
2.334687384781597083e-02 1.333725931416970822e-02 -1.704296440196642962e-02 0.000000000000000000e+00
-1.248970493709336896e-02 6.358933271284312495e-03 1.081009434596533758e-01 0.000000000000000000e+00
6.615144844677349756e-01 4.308803284279664192e-01 1.554181062630894394e-01 0.000000000000000000e+00
6.696486736892725000e-01 4.330773931597974302e-01 7.484246941521963126e-02 0.000000000000000000e+00
7.733125371154085659e-02 6.096111540047073618e-02 9.650864142554697878e-02 0.000000000000000000e+00
-1.983528156270748521e-01 -3.195130932253567591e-02 4.609782969914650447e-02 0.000000000000000000e+00
-2.812917046275218227e-02 -1.593579032537529860e-01 -2.702818347874658689e-01 0.000000000000000000e+00
-3.802307040303563035e-01 -2.180520881436200653e-01 -1.819541644653260570e-01 0.000000000000000000e+00
-6.175594650175380423e-02 -1.656300478011177024e-01 -2.185878753337911762e-01 0.000000000000000000e+00
8.323050913773135662e-01 6.917007058158097799e-01 3.142492218806280935e-01 0.000000000000000000e+00
-1.578317177056121901e-01 -9.527393391828495317e-02 1.480561424217539772e-02 0.000000000000000000e+00
1.400786056147226066e+00 4.239020414494424349e-01 7.058804088860755055e-01 0.000000000000000000e+00
-7.137273209604501692e-03 8.416793427284860463e-02 1.850656666211667190e-01 0.000000000000000000e+00
9.321575389792448041e-01 7.925777822433061059e-01 6.719996339552085640e-01 0.000000000000000000e+00
-5.061740344059172114e-02 1.969148996300850232e-02 1.652875269194321178e-02 0.000000000000000000e+00
-2.701275960697887418e-02 -1.353787697535557832e-02 -9.258883558086896878e-03 0.000000000000000000e+00
7.619520477186912666e-03 -8.909135461624393543e-03 -2.703792578255693677e-02 0.000000000000000000e+00
-3.324724496747440416e-01 4.596586412339390137e-02 2.322040786271986068e-01 0.000000000000000000e+00
3.834417442573992418e-02 5.124228986215687703e-02 6.496766687139281238e-02 0.000000000000000000e+00
-3.449942466336445857e-01 4.801417497941558310e-02 2.226139939134323675e-01 0.000000000000000000e+00
-1.472516643500362127e-02 -2.038170747758763935e-03 1.103511016548966162e-01 0.000000000000000000e+00
-3.897422260810401440e-01 -3.672889797964544178e-01 -6.109734955935142153e-01 0.000000000000000000e+00
-2.804984837767927619e-01 -2.973664153994687309e-01 -2.743184200484510282e-01 0.000000000000000000e+00
-7.087011369888512879e-02 -1.283876871156149069e-01 -5.062708344515852721e-01 0.000000000000000000e+00
8.642697360139349749e-01 3.216145042517929986e-01 2.213363693664818499e-01 0.000000000000000000e+00
3.335730644296765468e-01 4.049831811836349660e-01 -1.462134474056461797e-02 0.000000000000000000e+00
9.259779201520476621e-02 -5.308551187842383001e-01 4.156811160650062398e-01 0.000000000000000000e+00
7.572761633266561487e-01 7.634773420721132631e-01 4.116351112312954252e-01 0.000000000000000000e+00
9.356288042316357467e-01 4.145734452931443825e-01 7.382901524361096257e-01 0.000000000000000000e+00
2.026155363758446182e-01 1.957970878226924505e-01 -3.747666512871713346e-02 0.000000000000000000e+00
5.112427632142549916e-01 4.728536747130155371e-01 4.957067670056475306e-01 0.000000000000000000e+00
5.961783279011104164e-02 -5.482288171978876301e-01 -6.004110067442335330e-01 0.000000000000000000e+00
-9.250472424903732893e-01 -5.928345227439135723e-01 5.557507112682251726e-01 0.000000000000000000e+00
2.596071328072531159e-01 1.695600113011486720e-01 2.317146359720961141e-02 0.000000000000000000e+00
-9.142727504780298609e-02 -3.712351135327035534e-02 1.759096646295462973e-01 0.000000000000000000e+00
