5.527148815595909204e-01 -2.650877466315210151e-01 2.227424176284158730e-01 0.000000000000000000e+00
3.756725331558106173e-01 1.084751462210342384e-03 2.056787372165894412e-01 0.000000000000000000e+00
1.486807898144040241e-01 -1.391497672345826386e-01 1.963743078830902378e-01 0.000000000000000000e+00
-1.501549896647347802e-02 -2.718429883007248554e-03 -1.435659228996389591e-01 0.000000000000000000e+00
2.291593110018865509e-01 9.083367971312661382e-02 1.457049848983234808e-01 0.000000000000000000e+00
4.191055026941495898e-01 -2.533408611981040059e-01 1.420493544621877491e-01 0.000000000000000000e+00
3.937353161713857963e-01 7.828762352224761037e-03 -7.991427328431541244e-02 0.000000000000000000e+00
1.202323411776390072e-01 -8.914262280430529373e-02 1.523433005237480042e-01 0.000000000000000000e+00
-4.030496373973893598e-02 5.365740978640155812e-02 -1.001614779238860220e-01 0.000000000000000000e+00
-2.250415002965693578e-01 2.944142622748481819e-01 1.061180430288932997e-01 0.000000000000000000e+00
1.045915534814558928e-01 8.690151002957881288e-02 8.194793060732258327e-02 0.000000000000000000e+00
7.855294845410387694e-02 -3.779574936196130469e-02 9.986607022892637908e-02 0.000000000000000000e+00
-3.025218742800506871e-02 3.489929279983761123e-02 -6.388998605837474531e-02 0.000000000000000000e+00
9.244412481742225740e-02 -8.454474606797771075e-02 1.913172118829645219e-02 0.000000000000000000e+00
-1.453156403586368384e-01 1.455097494387412871e-01 6.877672468953033302e-02 0.000000000000000000e+00
-8.914668710724171774e-02 9.610954599184919067e-02 -1.823190136721697940e-01 0.000000000000000000e+00
6.511897503844786550e-02 -2.258889029174435126e-01 5.135100580371226159e-02 0.000000000000000000e+00
2.673366903794969357e-02 3.548019569298087039e-01 -2.008523070748261530e-01 0.000000000000000000e+00
1.489645329829502873e-01 -7.883885192896081251e-02 1.926857526810819288e-01 0.000000000000000000e+00
1.570354923635537137e-01 -8.469535395131337630e-02 -6.375542832215899680e-02 0.000000000000000000e+00
2.001748028702191734e-02 4.332709570177256664e-02 2.675758297354450740e-02 0.000000000000000000e+00
3.385851151330553088e-02 6.687040293565942387e-03 4.893781964505618948e-02 0.000000000000000000e+00
-1.357185397398064965e-02 5.456301442369345354e-03 -3.282531621300157493e-02 0.000000000000000000e+00
-1.273055982200479996e-01 -7.145388176223349541e-02 -9.175333999096277338e-02 0.000000000000000000e+00
-2.337689861741771569e-01 -4.144987623472532606e-02 -1.934976280768380408e-01 0.000000000000000000e+00
-1.016740555307406313e-01 2.878627263016893603e-02 4.642733182782241702e-02 0.000000000000000000e+00
-3.487030841400402120e-02 -1.301261561756395235e-01 -4.204129860914111727e-02 0.000000000000000000e+00
5.851124870315041471e-02 1.476498005359680177e-01 -1.124141900188544568e-01 0.000000000000000000e+00
7.240383011551519699e-02 -3.876378647801673183e-02 7.960277336863073872e-02 0.000000000000000000e+00
1.549047204118015608e-01 -1.182398895264289568e-02 5.148953764059459315e-03 0.000000000000000000e+00
1.991303630884773690e-01 -1.569579074030456045e-01 1.430046173313469227e-01 0.000000000000000000e+00
8.433724665084463279e-02 2.242887560205645836e-01 -7.620317089242087394e-02 0.000000000000000000e+00
-4.069946537323845259e-01 3.348176919957243092e-01 -1.771815497822530061e-01 0.000000000000000000e+00
-1.403700255513606054e-01 -7.552861535339927546e-02 2.852113996443000898e-01 0.000000000000000000e+00
-5.524395353269501846e-02 2.406435405432321706e-01 1.133091776478960117e-01 0.000000000000000000e+00
-2.566510389680942347e-02 -1.419974345381207030e-02 -2.026612265676572960e-02 0.000000000000000000e+00
8.460645125005009093e-03 3.890894840179127262e-02 -1.639631996070604805e-03 0.000000000000000000e+00
3.900184370504532986e-03 -2.649963348737840313e-02 -2.011327753449782853e-03 0.000000000000000000e+00
-1.981464657951364505e-01 -1.125815819737049084e-01 -1.681257989290667887e-01 0.000000000000000000e+00
-6.898265947346868265e-02 -7.325984518649092392e-02 3.285643135600786052e-02 0.000000000000000000e+00
-2.325007792940078366e-01 -1.551870903854334072e-01 -1.683719017002828777e-01 0.000000000000000000e+00
-1.179954148632096494e-01 -5.199250382194197523e-02 -1.185874363117926517e-01 0.000000000000000000e+00
1.188490115029920829e-01 -4.617016547025296763e-02 -4.004979076148478673e-02 0.000000000000000000e+00
3.161129675678105849e-02 -6.131510283453683874e-03 -1.781756857920912054e-02 0.000000000000000000e+00
1.646287799621591608e-01 2.693236808863715137e-02 5.158712829769268593e-02 0.000000000000000000e+00
-2.456119621599788527e-01 -2.091479274299471586e-02 1.928422910324370521e-02 0.000000000000000000e+00
1.517472451220566454e-01 1.075647848389629097e-01 -1.085483744211446500e-01 0.000000000000000000e+00
-4.584560044835186421e-01 2.278969460762318711e-01 -2.514848968721499212e-01 0.000000000000000000e+00
-1.416118784633683680e-01 -1.471687163782177954e-01 2.852922928495362775e-01 0.000000000000000000e+00
-3.995107291624580559e-01 1.096268994812582692e-01 5.552845783976066707e-02 0.000000000000000000e+00
-7.416225145957654197e-02 -2.192993487248641737e-01 -7.413962341656450683e-02 0.000000000000000000e+00
-2.185732368772724254e-01 3.269712041672188652e-01 2.996101084546141588e-02 0.000000000000000000e+00
-1.251581395891559756e-01 1.775557334523470560e-02 -6.980058027633243012e-02 0.000000000000000000e+00
2.408872639551432049e-01 -2.171083840664856379e-01 4.034303542887059807e-02 0.000000000000000000e+00
1.502105822441804628e-01 3.965488585611662287e-02 2.663902655643723971e-02 0.000000000000000000e+00
2.217455754363650833e-01 -1.323085170387337528e-01 2.772166384085687080e-02 0.000000000000000000e+00
