-6.766923281484038544e-03 -7.661661542181508189e-03 -1.309082912068471050e-02 3.730208352959951679e-03
1.495858020637893526e-01 1.448868653401239326e-01 1.464142136277978568e-01 1.429172790581298425e-01
1.413152401783616396e-01 1.421600602347395936e-01 1.429623313949071883e-01 1.452641084423983986e-01
2.094361819818197912e-01 2.118374554489288741e-01 2.265424969886437045e-01 1.832674255463626611e-01
4.257866518983879911e-02 5.049360323382445781e-02 5.241123798789040777e-02 4.689229767240979396e-02
1.963016656570132357e-02 2.524813595671743238e-02 2.736393873179165936e-02 2.248728801318278236e-02
9.658359544577271860e-02 8.763305191221953949e-02 1.003699796913491704e-01 9.968457858042439890e-02
-8.546688972617866309e-02 -8.375356957639834565e-02 -8.232850550035908377e-02 -1.027126186050399403e-01
5.555512420961106201e-02 6.745465768039429766e-02 6.784844749275797948e-02 7.157068128227833670e-02
-2.793789794419354600e-03 -2.395772334020218608e-03 -1.814835366925371396e-02 2.596047354348987590e-02
1.722031577111554634e-02 3.846341864644728381e-02 1.540419298113598900e-02 1.551519081934021882e-02
7.938507959858565055e-03 6.275752303681825239e-03 8.578165086622346891e-04 3.366972963714343070e-02
4.663543629160921133e-02 5.450923470037993823e-02 6.423728058441274813e-02 5.616445895597915738e-02
-5.901526406321755402e-02 -7.178722068158349678e-02 -7.696708533042845302e-02 -7.527106870265579119e-02
-2.893200244671087495e-02 -5.012387055435797018e-02 -5.827401898096648547e-02 -4.691732950465046792e-02
-1.940411733409425077e-02 1.254856856310770929e-02 -5.270432263733360045e-03 1.515516679502448838e-02
3.076945288565816061e-02 2.484459600992658390e-02 1.728794403504343991e-02 2.473310456579527750e-02
5.493024703413021403e-03 4.556971671161244575e-03 -2.929017258074359531e-03 4.675938073673321926e-03
6.055542054459465279e-03 2.325336147274620346e-03 1.468396188878881570e-04 3.958490782974721789e-03
2.050142591764725353e-03 5.137968536482462323e-04 7.947708749464432731e-03 -1.173492112701847445e-02
3.513885340192313134e-03 -1.094683392151357681e-02 4.496021195755359190e-03 4.314584068998011945e-03
9.857092386715254895e-03 1.002813527552293138e-02 1.366666653376602536e-02 -5.614328131903711938e-03
-3.805342397927119480e-02 -4.765062861257127191e-02 -5.908355707596174566e-02 -4.435245074826135725e-02
1.573747015257957738e-02 3.223948605428492153e-02 3.919048116031449702e-02 2.818539982408117817e-02
2.640169216466276003e-02 2.894720026600960949e-02 3.445932194122203196e-02 3.252349930407161249e-02
4.054274668736612686e-02 3.832784356754315169e-02 2.885920247715551001e-02 4.534911987084205842e-02
-2.506487224510500766e-02 -3.169893065931660148e-02 -1.816628726896313273e-02 -2.513822429728923558e-02
1.646502685955786305e-04 -8.428116306934130275e-04 1.077753695514727106e-02 -9.343276472524086884e-03
-1.240697571802130972e-02 -4.239958652790989935e-03 -3.182225694329313126e-03 1.868562668094223000e-03
-1.811605245779426832e-02 -3.480019737021679271e-02 -4.432452610923494352e-02 -2.554921040458696391e-02
-8.014800131308202902e-03 -2.854569545837200295e-02 -2.253112314575556052e-02 -3.503660544014550182e-02
-1.711315070700458740e-02 -2.566027072240584239e-02 -2.131982789684178092e-02 -2.530760452535923966e-02
-3.085771117793123519e-03 -5.716839933856188161e-03 -5.283319132976249666e-03 -1.115769772126334880e-02
-4.170624234271613773e-03 2.241112370050118985e-03 2.162757476743548679e-03 7.844839982187046257e-03
-1.064112943596984273e-03 -6.183458060613610668e-04 -1.898520774334468836e-03 1.293263426264019966e-03
8.585593194448265519e-05 3.141515847523864563e-03 -1.625958450758129004e-04 -1.037277822737298072e-05
-2.830659547989264335e-03 -2.767432017753680695e-03 -3.402362614722057033e-03 3.290862270449099181e-04
1.183833876383943301e-02 1.416394059690082724e-02 1.725561407922517748e-02 1.346993405159334356e-02
-4.088095516037976163e-03 -4.172038789186961749e-03 -5.422693645155400588e-03 -5.365214744922859602e-03
-2.981247736041477137e-03 -6.732907890137064533e-03 -8.432875886154459974e-03 -5.261690666651920589e-03
-2.403550494299605544e-03 -2.671384334474252720e-03 1.663726639646867511e-04 -6.817332097508080335e-03
6.152191044433125144e-03 9.769293504382353666e-03 4.460288870208523049e-03 7.131959282982575088e-03
-1.130638519154736343e-03 3.248410791119454855e-04 -4.316595717144700722e-03 3.341345628499609033e-03
4.464141353657958416e-03 1.780747495331302943e-03 1.081049128304645279e-03 -5.289431261645827220e-04
4.416797137967319598e-02 4.812404349583471186e-02 5.264812109034480020e-02 3.618100979582808407e-02
5.688145477136807848e-05 1.411274329711584286e-02 8.889341954926660572e-03 1.695584932276436585e-02
7.247484304206464056e-03 1.331187881372630777e-02 9.778570403382175202e-03 1.356205743126584484e-02
1.883760788071425774e-03 4.556802088797579087e-03 4.041462405063561691e-03 5.341975652139813180e-03
1.673078538728778319e-03 -1.055874108653709342e-03 -5.419253183375494221e-04 -3.229221151695577108e-03
3.608255998130099895e-02 -2.149222600452693754e-03 2.750986925845433362e-02 -9.930431404215622759e-03
-6.608436997156755255e-03 -2.172526426089758239e-03 1.526537073921835352e-03 -4.179860181873135128e-03
-4.647991228570104438e-03 -2.960080501870361591e-03 5.619295773696630913e-03 -9.634902459176863943e-05
-6.068506120596089959e-03 1.985116536680098243e-03 -1.075339803873198719e-04 -3.449292740349385600e-03
-2.220221843932806971e-03 -6.265554563053776782e-03 -9.183931722054367031e-03 5.468898940019228938e-04
3.017156150325495112e-03 -1.615648725201625224e-03 1.925339879706867985e-03 -8.230092996189576626e-03
-5.734611307967065752e-01 -5.745413066413637138e-01 -5.743180119296437125e-01 -5.754264665344995811e-01
2.549491240732208123e-03 2.526836585297526777e-03 2.566860677558290525e-03 2.515884346903971176e-03
