-2.524665276231372602e-01 -4.549458452798513242e-03 1.621829470414808405e-01 1.041155964193097305e-01
6.104925003103078840e-01 2.906609296553778754e-01 1.315834356471728139e-01 2.804042271876554526e-01
2.335243756510425039e-01 2.285233653750285976e-01 2.428414558894993469e-01 2.157869132636085763e-01
-4.470926129855325448e-01 -5.444848852565620234e-01 -1.382821939864279148e+00 -1.009423067616618486e+00
-5.607218159607587626e-01 2.085867058271015650e-01 -5.992647116093298143e-01 -1.328404676945023066e-01
2.473814527802309371e-02 -6.057640435412409152e-02 2.203457351370396999e-02 4.110334821060004917e-03
7.664348300849432860e-02 3.919810432862979033e-01 1.445392509611235665e+00 8.804463765633283590e-01
-1.149009122388290560e+00 -8.042009874812717785e-01 -1.065784391635960837e+00 -7.855617499162785844e-01
-7.747163617792290902e-02 -3.955916851988036109e-01 -4.874614344990837317e-02 1.952378966630788359e-02
4.815941065597378890e-02 -1.241146772104489426e-01 8.708923698543984404e-01 4.257199945028683485e-01
-1.679127108399581791e-01 1.995349877763567537e-01 -1.498434496800141069e+00 -6.721750444204206421e-01
9.920638523333904502e-01 1.819946780121565744e-01 7.703501271880677237e-01 2.774667203974248708e-01
3.586498315364815559e-01 -8.115990408891736729e-01 9.502738229094557232e-01 1.853191084232168606e-01
7.348260024991726258e-02 8.172189696156560990e-01 -8.190486465306043296e-02 -1.584618426320261175e-01
-1.310186347159129072e-01 -1.406665844665137832e-02 4.504249546220556732e-03 -2.085749786853722809e-01
-1.294704111015555048e+00 -4.173776384296081776e-01 -3.306065661898169306e-01 -5.984662880699707088e-01
3.312249189328795307e-01 3.793364732759109126e-01 4.856249428817730474e-01 2.077329554680366064e-01
3.426101818782522623e-01 5.365443741988216164e-01 1.984440967999307748e-01 3.185900580442794783e-01
1.592082220063559816e-01 -9.322473459860702860e-04 -2.523906150195612264e-02 4.646318418859443633e-02
1.778290263784326475e-01 3.237222394191296981e-01 -1.260215668650958576e-01 7.000220582615615528e-02
-2.815205853205425268e-01 -7.206874581256454970e-01 2.518406045162466245e-01 -2.029937760696350346e-01
-3.505864561572901716e-01 2.195670074366891933e-01 -1.976188201311177006e-01 9.194239638735907105e-02
3.074658184571125163e-01 1.096693312851755975e+00 -3.307356625398881755e-01 2.191474035276572696e-01
1.220512160658367984e-01 6.955188448537941159e-02 -1.063243251716528004e-02 1.806674168763203747e-01
-2.717536064024950182e-01 -9.446412972120863394e-01 -1.551256261645843071e-01 -1.329453875984210054e-01
2.171041434900720546e+00 1.036483531110294232e+00 1.037548044902868227e+00 1.133801512146141333e+00
-1.661746513510544143e-01 -7.863317386746454529e-02 -3.364464739808680216e-01 7.436078997180994854e-02
-3.797806000062618481e-01 -7.435186906185802247e-01 -1.717261231684601430e-01 -4.261509296584109485e-01
-1.874614907278134290e-01 -2.763340044244411153e-02 6.495395320217367541e-03 -6.040252852764899094e-02
8.302136249200608997e-01 -2.485170241644326927e-01 8.813440883743881571e-01 2.708810110323044140e-02
2.521034403915774491e-01 7.104064573502489877e-01 4.163582186547691300e-01 4.894289768684591535e-01
8.477686365545283875e-02 3.063015151753206711e-01 9.403060412431898940e-02 2.900415266343710496e-01
1.346632508326356392e-02 1.417101842895031050e-01 9.103128658393173922e-02 -5.897855679409327867e-02
-7.088527156954649300e-02 -2.246256178314354202e-02 -1.205118139367766517e-01 -7.878482378770979011e-03
-3.673939476897275513e-02 -6.633669885472474881e-02 2.680087548270326109e-03 -2.635464214488408841e-02
1.130633566750099545e-01 2.179066834163814748e-01 3.691598143514204788e-02 1.171529556673732569e-01
4.910527102304992897e-02 -7.618169894014739651e-02 1.721571727645390681e-02 -3.700964640002220307e-02
-3.640488075465962980e-01 -5.841558330279514877e-01 -1.840622435826288206e-01 -3.371307845870679110e-01
8.078874316608283812e-02 2.755713812986489430e-01 5.901580713380331911e-02 5.451225111659446787e-02
-3.097348653882803227e-02 -2.150421983723313502e-02 6.904621199814581223e-04 -4.080896192222319141e-02
-7.096289190879854214e-01 -3.015343940350621033e-01 -3.603406414260691415e-01 -3.188406760725742140e-01
-5.656506207633887895e-03 -5.600436981187809082e-02 3.993199945421033181e-02 -1.353069678688062494e-01
1.067448332722029380e-01 2.441942541266614031e-01 4.306286436592404732e-02 1.267304605197833722e-01
5.118095149101453689e-02 2.804598101019961653e-04 -5.507857803216636983e-03 2.049108925665606151e-02
9.254604544051703297e-02 7.872653099887259032e-01 -7.881653769234497897e-03 5.304741419383088852e-01
-8.877588385561580031e-02 -3.233606027347093459e-01 -1.730117823972375235e-01 -1.674157632792983574e-01
-3.042876735937016797e-02 -1.747967313086954688e-01 -3.424200998821572139e-02 -1.570649352806957888e-01
-2.582491831470135057e-03 -9.164370419460210471e-02 -4.539078728090996384e-02 3.373002107792706650e-02
2.870572378320646045e-02 -6.598519566384963841e-03 5.491230424774153074e-02 2.198302059553073479e-02
7.862827549591584475e-01 4.828511091666182198e-01 5.551763114418619693e-01 5.608413929021880406e-01
6.592382079000203010e-03 7.585730880164343048e-03 3.659173710320340334e-02 2.851902259252455663e-01
2.372349787266181398e-02 -9.839930244601036158e-02 1.489782009941642560e-02 3.483128577156280326e-02
5.908065698846362568e-02 1.633684946928481985e-02 2.972400624015686388e-03 1.310498408297247619e-02
-1.125012647506941355e-02 9.055641847188378168e-02 -2.835964338307293831e-02 6.044349461193654349e-02
-2.156381449937144756e-02 7.415886406001290232e-02 5.730191201803105927e-02 5.613441809303662544e-04
4.555042282810728427e-01 3.582275211012760918e-01 3.946313096038193691e-01 3.736741171012928353e-01
9.833593657529476895e-03 1.294191368149018653e-02 1.070002337286606910e-02 1.173791980217713839e-02
