-3.138696922652423060e-03 -1.725355407092716287e-01 -6.027509409497917858e-02 -3.363472684253626666e-02
6.126810136845115551e-01 -6.333224558724759312e-02 1.633301387437335883e-01 1.657276755554368541e-01
1.201815868417851763e-01 1.751853085408698885e-01 1.583237590283009255e-01 1.901289509604605077e-01
-8.074133140245459694e-02 7.751701644934859414e-02 -2.522142636966615004e-02 -8.990623794583867123e-02
-1.844522862606410851e-01 8.113827351177671510e-01 7.662274493354561677e-01 1.596578038687604048e-02
2.628668213053395042e-02 9.270172656002845235e-02 7.821611361938966833e-02 4.707009336142508465e-02
-3.972007154083045943e-02 7.150722944996825703e-01 1.433302187960068252e-01 1.327998458420725503e-01
-1.760874663033593079e-02 -7.562901628620627426e-02 -1.603450465270137848e-01 -1.868377933788038792e-01
-4.488507764887731954e-01 2.662630327724006818e-03 3.088842191774626711e-01 2.444642097876796594e-01
-1.056533459275144082e-02 -4.249269126105394145e-02 -2.437763750512782213e-02 3.084860968169662529e-03
1.340684694290661394e-02 -3.253339000158852468e-01 1.321033269990056214e-01 4.261586264985407074e-02
-4.749746329365883701e-02 -5.800905257863248760e-02 3.714570157581441323e-02 4.705165323509132719e-02
2.294026245129592856e-01 -7.873072136372604168e-01 -6.709487649890067962e-01 2.698052507285823576e-01
4.019474823674921149e-01 1.489610840228224597e-01 -1.031601003380701875e-01 -1.109194997517271436e-01
-3.183260736867005170e-03 -9.255295888892560441e-02 -2.036770732288890537e-02 -3.411419129919582294e-02
-1.268789165400685315e+00 -7.699539350864860188e-01 -1.210408984158460877e+00 -6.428632273185254375e-02
-5.680721749651063135e-03 1.961461548534580712e-01 -1.464875502946927921e-01 4.208363821415926631e-02
-9.863687709894367051e-02 2.715078447205252626e-02 -1.414636151671320174e-01 -7.099511981516254747e-03
3.730592672487798717e-02 -5.696426498487872081e-02 -1.770110967278664890e-02 4.204091287321031628e-03
1.056678398928247165e-02 9.115644286952375927e-03 1.109507192664325147e-02 7.930944132027729562e-03
-6.559600403325181739e-02 -1.464018824918524898e-02 -1.019144073648906440e-01 -7.368408596721442994e-02
1.180249928005306509e-02 2.243531593517757161e-02 -1.708089104469679743e-03 -3.568376264386859901e-03
4.740654687945854151e-02 3.035574059059960583e-01 1.721851976314653643e-01 1.434989557344333241e-02
-2.113764213033421380e-03 1.917419294009475861e-02 2.555204270151510693e-04 6.700974705159483055e-03
-7.993475338983965783e-02 -4.393895686863390215e-02 -2.378286276335634351e-03 1.110131651088444409e-02
7.054248573479826590e-01 6.269712841638648282e-01 7.847757364236721545e-01 1.272866563504071180e-01
1.041255424676448826e-02 -1.124972892915951372e-01 6.577890867718830248e-02 -3.306140034240445669e-02
3.487969426181133925e-02 -1.007259800360712880e-02 1.382355956047978673e-02 -4.358376746257416716e-04
-1.430564166936906800e-02 2.191740576529844012e-02 9.879149752999621253e-03 -3.080204927526017378e-04
3.972643349062052187e-01 1.951093432297028585e-01 5.502524936420698509e-01 3.538676948478012424e-03
-1.099548505891314795e-02 -4.350659401829089223e-02 4.901084042451969713e-02 -6.940637032203857137e-02
-2.287667887170177772e-03 -4.831880137406527331e-02 1.427876652088582166e-01 -1.594203767863582033e-02
-1.566456800712164900e-03 4.233029614449656391e-02 9.331367078489610778e-04 5.825186003673162027e-03
5.092199036750125890e-03 7.673525939041163889e-03 -1.699752435593424038e-02 -3.735122193408337531e-03
7.384748703710556847e-03 3.285490552551059013e-02 9.405132868544639063e-03 3.154084155898203429e-02
7.295637792325534825e-03 1.808883471061223727e-02 1.527477649138986662e-02 5.717987586508907309e-03
