1.985455355741817307e+00 5.257496748141196052e-01 -4.706282284877233435e-01 0.000000000000000000e+00
-8.001468569654317286e-04 8.991878490503940613e-01 -9.917090345480085445e-02 0.000000000000000000e+00
9.009225685057019595e-01 -2.039333238584740027e+00 1.123901472645734145e+00 0.000000000000000000e+00
2.152027919905697750e+00 6.631209514419402762e-01 7.152998154273084719e-01 0.000000000000000000e+00
-3.846321428813692656e-03 4.044688265362836876e-01 -6.053460393762331859e-02 0.000000000000000000e+00
-2.792122916367432151e-01 -7.709642324244649902e-01 1.536200491615794084e+00 0.000000000000000000e+00
6.466828564988528205e-01 -8.170597728250300618e-01 4.822947565784084234e-01 0.000000000000000000e+00
9.626223675759019160e-01 -8.017018540407218063e-01 2.732106875031583074e-02 0.000000000000000000e+00
2.417517630192151934e-01 1.094906119591291915e+00 6.727960710908716946e-01 0.000000000000000000e+00
-1.915800684700489365e+00 2.067291067324933118e-01 1.116531504375412709e+00 0.000000000000000000e+00
4.696446575704201626e-02 1.138008332695978619e-01 -4.042308443498161125e-02 0.000000000000000000e+00
7.065559011295770020e-01 8.016234891197830670e-02 -1.403508009434004111e-01 0.000000000000000000e+00
-1.482658850214085278e-01 7.262977054150270284e-01 1.430082960444602480e-01 0.000000000000000000e+00
-1.024930074115232292e+00 -1.056742562493851345e+00 9.629650660885040736e-01 0.000000000000000000e+00
-4.880530841751201665e-02 -7.353963049165158639e-01 -2.668196436611193212e-01 0.000000000000000000e+00
-2.506054042605876386e-01 2.645131108647295615e-01 3.158272756869414527e-02 0.000000000000000000e+00
-2.152844309403516010e-01 -1.388146544702551832e+00 1.481171101835773718e-02 0.000000000000000000e+00
9.775589143355611910e-01 -1.016407110231130950e+00 8.958220040129667439e-01 0.000000000000000000e+00
1.885134412467903142e-01 -1.915235751053380620e+00 2.342236955941615351e-01 0.000000000000000000e+00
1.071516151419097174e+00 6.187490958708138367e-01 2.828058220077424578e-01 0.000000000000000000e+00
1.470091576199642099e-02 -1.356952789292385948e-02 -3.846309969993856603e-02 0.000000000000000000e+00
3.125880647090527598e-01 2.096764089831490985e-01 6.056501343272287924e-03 0.000000000000000000e+00
-6.045232480034844202e-02 2.058368641143386302e-01 -5.935053650005187031e-02 0.000000000000000000e+00
-7.232790257520926858e-01 -8.319012417610317511e-01 2.882239113946776787e-01 0.000000000000000000e+00
2.915264692327155030e-02 5.514935927371615587e-02 1.108514304476930640e-01 0.000000000000000000e+00
-4.167820950284735759e-01 -4.015947051713830013e-02 -5.547985185660923024e-01 0.000000000000000000e+00
-1.631590759488005249e-01 4.563744513705900174e-01 -7.414930536996768851e-01 0.000000000000000000e+00
-4.803303142557171501e-01 -5.828980973652218012e-01 -2.936574145783960588e-01 0.000000000000000000e+00
1.684463203356108274e-01 -7.758590597429425584e-01 -3.469428759150764430e-01 0.000000000000000000e+00
-3.173459023162787940e-01 1.686991944515714714e-01 2.246413936146273438e-01 0.000000000000000000e+00
-2.034916111986017295e+00 -1.637514003231978599e+00 1.604416872928943416e+00 0.000000000000000000e+00
6.264219463748444960e-01 1.491247193117396508e-01 1.335415387563062328e+00 0.000000000000000000e+00
-1.408165117585679749e+00 -5.397609415049499093e-01 -4.780758702123550918e-01 0.000000000000000000e+00
5.342572591767803525e-01 -6.677666217074262889e-01 1.067028756112204269e+00 0.000000000000000000e+00
-7.344575582695062055e-01 -1.126524891656888627e+00 2.493381977280588468e-01 0.000000000000000000e+00
-6.507855953728747256e-02 -4.198467021569265989e-02 -3.901419032210659554e-02 0.000000000000000000e+00
-8.853819306519887522e-02 -2.755909367582528788e-02 2.380185945210784582e-01 0.000000000000000000e+00
1.328214972025748564e-01 -2.733820874975075310e-01 -3.627066421642697290e-03 0.000000000000000000e+00
-5.837576203218608484e-01 -4.294681998349206276e-01 -2.473436913043943197e-01 0.000000000000000000e+00
-2.689961693093516071e-01 6.289331539721604303e-01 -1.323526535357505696e-01 0.000000000000000000e+00
2.121878130670520612e-01 -2.457832944417007864e-02 1.476505723875349563e-01 0.000000000000000000e+00
-3.185360645542202884e-01 3.568140381202467570e-01 -6.345339287882524326e-01 0.000000000000000000e+00
-7.121477851318925856e-01 -1.085918851113426564e+00 -7.621379430023211832e-01 0.000000000000000000e+00
-5.724157165609732034e-02 2.678081103745677538e-01 -3.419244023147879341e-01 0.000000000000000000e+00
-4.107877407780605172e-01 -3.511258220038593336e-01 -2.251297018508935377e-01 0.000000000000000000e+00
-1.563291214922340355e+00 -1.413059337253830039e+00 8.622892177414482884e-01 0.000000000000000000e+00
1.882488147121402111e+00 -2.516815942112398119e-01 2.572559405087650464e-01 0.000000000000000000e+00
-7.966142976608387993e-01 5.858346322246959365e-02 -9.264156923551034595e-01 0.000000000000000000e+00
7.290196781434238327e-01 -9.141321664146645487e-01 -2.082240354033460528e-01 0.000000000000000000e+00
-5.912581764350490765e-01 -1.377083433588401351e-01 -5.032865312577491368e-01 0.000000000000000000e+00
-1.266265634398444417e+00 -1.400934514415979326e-01 -2.601298424899058381e-01 0.000000000000000000e+00
-7.122515220404287417e-01 -8.898722340478957271e-01 1.554552749791265676e+00 0.000000000000000000e+00
-2.064929911473557755e+00 -2.278509756809545539e-01 1.310874546517557526e-01 0.000000000000000000e+00
-4.128693663224154986e-01 -6.392619742916072489e-01 -2.312414138048597134e-01 0.000000000000000000e+00
-6.090328428995588350e-01 -1.478575526577367016e+00 1.500957921017790353e-01 0.000000000000000000e+00
7.197323699188352686e-01 2.012422192448895253e-01 -9.456455299761733213e-02 0.000000000000000000e+00
