-1.508449736411778597e+00 -6.225319325418681160e-01 -1.403498479603501492e+00 0.000000000000000000e+00
-1.019737777069835261e+00 -1.931151827029371770e-01 -1.014714880815821507e+00 0.000000000000000000e+00
3.269893217317639822e-01 9.135518962062710857e-02 1.158815483508068567e-01 0.000000000000000000e+00
3.010517275146594729e-01 -5.798335311669774311e-02 3.106256198905510413e-02 0.000000000000000000e+00
-1.781232419426915792e-01 -7.827592343394267071e-02 -2.781263643230352245e-01 0.000000000000000000e+00
-8.526242975134632474e-01 -1.918264144974616559e-01 -3.268551823520345345e-01 0.000000000000000000e+00
-8.528196937518097709e-01 -6.980480749687778541e-01 -1.588359888871841707e-01 0.000000000000000000e+00
3.191803391156701475e-02 1.844268038997673442e-02 1.212020196247052817e-01 0.000000000000000000e+00
1.334766237995198279e-01 1.386743199288653361e-01 1.206488393917434830e-03 0.000000000000000000e+00
-5.150185207318774827e-01 -6.375841951428838639e-02 1.121891263624980040e-01 0.000000000000000000e+00
1.631055141189526048e-01 -3.639166450776783190e-02 1.150360534054950187e-02 0.000000000000000000e+00
-4.594378309915809339e-02 -2.244749707334695726e-02 1.075617102110616730e-01 0.000000000000000000e+00
-4.414708999822822277e-02 1.620244761829611191e-01 -5.000194364453251078e-02 0.000000000000000000e+00
5.082537518116498898e-01 4.027511924360830525e-02 6.572427706417959259e-01 0.000000000000000000e+00
-1.801919692053656138e-02 6.886903531281775293e-02 1.108710116396385836e-01 0.000000000000000000e+00
3.639924395906691812e-01 -4.151480048386731458e-01 6.548210137215375592e-01 0.000000000000000000e+00
1.929546970132515749e-01 6.338581050266717254e-02 2.342561926975155265e-02 0.000000000000000000e+00
3.930405105790283904e-01 -1.109629690652805950e-01 -3.800173699710589215e-02 0.000000000000000000e+00
4.934119447161846583e-01 1.106460410881831835e-01 -2.045487320153471511e-01 0.000000000000000000e+00
-8.321337061836031612e-02 1.990632567536407271e-01 -1.422988029903937135e-01 0.000000000000000000e+00
1.755851864309543320e-01 -1.153545447370867005e-02 7.101632610009261937e-02 0.000000000000000000e+00
-2.846404874620766037e-02 -1.751665493823739012e-02 6.316158696949798756e-02 0.000000000000000000e+00
-5.984664759015100727e-02 9.239961493023536587e-02 -3.774989960225464541e-02 0.000000000000000000e+00
5.344426626456189044e-01 1.150066814010476252e-01 6.027940208542896805e-01 0.000000000000000000e+00
4.862468875463339391e-01 -1.453123601843077650e-01 5.887296348687125480e-01 0.000000000000000000e+00
4.900797797088470020e-02 1.175244911095073112e-02 4.014755996330546250e-02 0.000000000000000000e+00
7.477589816440144421e-02 8.031098266923658580e-02 -2.999935801381913535e-03 0.000000000000000000e+00
-7.595118727310110063e-02 -4.130711430971429343e-01 -1.223701195072220693e-01 0.000000000000000000e+00
1.180429216010092514e-01 6.483349786609020338e-02 -1.984369263948447884e-02 0.000000000000000000e+00
-7.509877885655565077e-02 7.985234596576888666e-02 -1.840955367361028772e-02 0.000000000000000000e+00
4.157297104284217726e-01 2.084523914713527215e-01 6.411598539700081867e-01 0.000000000000000000e+00
-3.801170176525093813e-01 -2.571568033777351658e-01 -3.975918804532471706e-01 0.000000000000000000e+00
1.245746105173970442e+00 1.289521137326163025e+00 7.531440577457035879e-01 0.000000000000000000e+00
-3.956793520552182586e-01 -7.638291143112066472e-02 -4.370117001034610760e-01 0.000000000000000000e+00
1.882926061053087907e-01 2.645571831156696141e-01 3.948444644220517330e-01 0.000000000000000000e+00
-4.343284565339239345e-02 7.250809815101307183e-03 4.467466912504277667e-03 0.000000000000000000e+00
2.186722995640489123e-02 1.159211645026687713e-02 -1.638822361955338119e-02 0.000000000000000000e+00
1.320246124055813979e-02 -2.415794910341491700e-02 8.974166873342133421e-03 0.000000000000000000e+00
-2.133920127251347776e-01 1.603663352027095146e-01 -7.159043227592490344e-02 0.000000000000000000e+00
-7.905008062640671296e-02 -8.306919788762974488e-02 -9.575101653654032041e-02 0.000000000000000000e+00
-2.278114351340168042e-01 1.037593144005292262e-01 -7.591303863947630737e-02 0.000000000000000000e+00
1.527042566908300425e-01 1.356337295371909391e-01 -2.825141418057682680e-02 0.000000000000000000e+00
-3.816842405101357749e-01 -7.022245686679889909e-01 -2.863740154270544847e-01 0.000000000000000000e+00
1.290804608867948955e-01 2.314436725416951779e-01 9.065198235473863331e-02 0.000000000000000000e+00
2.718869230978079171e-02 -1.339133705712246825e-01 1.231752965311131293e-01 0.000000000000000000e+00
1.269449885558246338e+00 2.876293433530375254e-01 9.427207021379871987e-01 0.000000000000000000e+00
-4.101880917093763679e-01 -6.448588727437141177e-01 -7.008284108863868100e-01 0.000000000000000000e+00
7.177608379714656150e-01 1.476010658725440017e+00 -4.534905154590436749e-01 0.000000000000000000e+00
2.605082393182729383e-01 -1.598851620270288487e-01 -3.904070925662326413e-02 0.000000000000000000e+00
1.066534067090490145e+00 7.241914418136665699e-01 5.263091881611878797e-01 0.000000000000000000e+00
-8.421563138400809875e-03 3.364901834196141334e-02 9.623514100164377860e-02 0.000000000000000000e+00
-5.959794520823968877e-01 2.972714595821048245e-01 -2.087905879074730686e-01 0.000000000000000000e+00
8.135012048767507886e-02 2.813017592218839957e-01 8.219598966553660624e-01 0.000000000000000000e+00
-4.038348126254445725e-01 -2.637567972397027449e-01 -3.109842696605837897e-01 0.000000000000000000e+00
-3.392888175763113523e-01 -1.328983997804826789e-01 -7.614163351300101169e-03 0.000000000000000000e+00
-2.596600195763702490e-01 -1.269801497199657403e-01 -5.765527607814670275e-02 0.000000000000000000e+00
