4.695035273478698201e-04 5.779135361252962788e-05 9.697100660155388852e-05 -1.179429490500982780e-04
4.785155347552833005e-02 4.793467810652849576e-02 4.773202253024561720e-02 4.812008799175113150e-02
4.752156868707586163e-02 4.771610042953133846e-02 4.733462793897644239e-02 4.755925916282317811e-02
3.109583340533152995e-01 3.115442574487743976e-01 3.121727290476549177e-01 3.122036310545304172e-01
-7.556650221565153203e-04 -1.443608066624801900e-03 3.118244699479300053e-05 -9.738451919660828793e-04
-1.750964676695110356e-03 -1.304850010770519653e-03 -1.948967597287132314e-03 -1.584782032461429235e-03
2.776303659613402197e-02 2.881701102533207326e-02 2.793878045647035790e-02 2.788350140575146519e-02
-2.895679924498162361e-02 -2.968762050906290084e-02 -2.839437768477226509e-02 -2.907897726636006486e-02
-2.557411243077289953e-03 -2.384571307584182343e-03 -2.858711489806320394e-03 -2.380813406294479684e-03
1.230147403973758102e-03 9.939966778798048352e-04 -4.901076359586920006e-05 1.563001525133334013e-04
1.669763526005924037e-02 1.416826275639199162e-02 1.640011364611004829e-02 1.569498027422477904e-02
1.081020416314570909e-02 1.164357449510283748e-02 1.020567885376610917e-02 1.089621776339011472e-02
1.315972987236069258e-03 1.967728262221135616e-03 5.576666512574490753e-05 1.126664965122925466e-03
-2.073713942330357440e-03 -1.996824774764482946e-03 -1.155343040312728498e-03 -2.248544785077744024e-03
1.353764334167090189e-03 2.500908814783153744e-04 1.709647206823095011e-03 1.178018323716889526e-03
9.352954274371994003e-05 -5.288575145769858210e-04 4.952122908766787290e-04 -8.971394165655788289e-04
-2.081317115951719643e-04 -5.129968575819376930e-04 2.620779747359580636e-04 -9.582599596003049669e-05
-5.377365466812111805e-04 -5.305722051898442704e-04 -4.761366469997196926e-04 -4.791881360614036467e-04
-2.796749731993619648e-04 -1.186099931157480469e-04 -2.585278332492557674e-04 -3.121669571162777324e-04
4.726741768645847941e-04 4.316587125489657062e-04 1.020478009284953025e-03 8.801180961953702919e-04
-1.937265801810195143e-04 1.561861117236745811e-03 -4.585813422108842019e-06 5.408672886809684499e-04
-2.325694518889531714e-03 -2.700406701857560599e-03 -2.059663401240530156e-03 -2.343774187834546385e-03
-4.035310289329574474e-03 -4.027740215520769773e-03 -3.141659175896149847e-03 -3.756461712288550192e-03
-3.761005361027913718e-04 4.498315256323826006e-04 -5.975940970540660757e-04 -2.619723910116111831e-04
1.719474639786389147e-03 1.497415976921850911e-03 9.966209487085042618e-04 1.818670716618342453e-03
1.671777423641329641e-04 9.349698828980956833e-04 3.219987390181699993e-04 1.681925591662969399e-03
-7.889167515071071612e-04 -4.411473911302699058e-04 -1.218155799225406621e-03 -8.761920101039155639e-04
2.292028046953775711e-04 2.480397457889083057e-04 1.690316082584020219e-04 1.146669010274603551e-04
2.955736517368801053e-04 1.070288868781910097e-04 3.055948166243438457e-04 4.163537255534310866e-04
-1.402070157458523703e-03 -6.044322781793842747e-05 -2.308176685046570142e-03 -6.722070994235052055e-04
-6.536560813773517609e-04 -9.368925516896053907e-04 -7.055326974643727489e-04 -8.228737646694128660e-04
-1.650792613164808742e-04 -7.286044396105362253e-04 7.979681373670999278e-06 -5.685585496175149522e-04
1.772496081454688621e-04 -2.206000430352572650e-04 4.866641732242937834e-05 -2.300121734679638763e-04
-1.206687783714688322e-04 -2.263779939060128754e-05 -6.486296520891166040e-05 -2.203326024121377014e-04
2.363040716024805699e-04 2.648810344343527357e-04 1.540191880005439828e-04 1.794882694388377775e-04
1.651701117879697533e-03 1.269505443754592733e-03 1.613416709913634284e-03 1.506179148146866154e-03
2.142388375816206558e-04 2.729902717994586725e-04 1.731705527084487217e-04 2.150946429264263826e-04
1.305925708755484305e-03 1.281987427943886981e-03 1.081190297622380836e-03 1.248755392229836114e-03
-3.154844655193778102e-04 -2.432337954056396079e-04 -1.467437825429657172e-04 -3.477515476469350553e-04
3.617812473230563874e-05 -1.562672362977746143e-04 8.160115006249774039e-05 -9.716812693072451879e-07
-4.790308918436250729e-04 -6.843601596714515845e-04 -5.466874225043549806e-04 -1.032524476324347962e-03
2.249568514919725315e-04 1.174532504498448926e-04 3.407913916176896763e-04 2.434182522045857944e-04
-2.087582508054908192e-05 -2.826720243520597364e-05 -5.026868855666222213e-06 2.847015847262657218e-05
-7.771414815750665728e-05 -3.539620145898147996e-05 -8.545614090038622379e-05 -1.236845260753072218e-04
4.701699034387329945e-04 -7.870442516971776215e-04 9.013249601765860319e-04 4.837708303885579486e-05
2.036308087075555662e-04 2.855575204017690716e-04 2.267867615631247169e-04 2.994061931538560817e-04
4.858199609730773361e-05 4.384895084450501912e-04 -1.299389529879624305e-05 2.902564918092487289e-04
-9.088037593601994146e-05 1.661386289261157501e-04 -3.777623526771134443e-05 1.346869909099601692e-04
7.088978975844373309e-05 1.110703834461546080e-05 3.720210935331813573e-05 1.238770700842106720e-04
7.293908332021425966e-04 8.136204115283263150e-04 1.087707240269158993e-04 8.889818290555018265e-04
3.496046121262419426e-05 1.685493042385965978e-04 -5.732524851698173052e-05 -2.597463868708738133e-05
-3.371981107869181926e-05 -8.252071644987424293e-05 3.668587530566980170e-05 -4.256938674568333525e-05
3.380852339474049728e-05 -8.504747429247117019e-05 -3.467407219082119241e-05 4.976961845662430939e-06
4.553658791352221957e-05 -6.997895530383435592e-05 -3.574305616149686671e-06 2.485202827939847481e-05
-9.590485804747417298e-06 2.365162051257141407e-05 -1.707748873870651440e-05 -4.041653892639107681e-05
-8.775633837066071363e-01 -8.774808965022515839e-01 -8.775796867410980973e-01 -8.774850668639754270e-01
1.279656107019485743e-05 1.361238041598802169e-05 1.062358830897245032e-05 1.147456530627081289e-05
