-1.053800475262623326e+00 1.646157170632043032e+00 -9.126554602350901435e-01 0.000000000000000000e+00
-4.031371817321359186e-01 8.250987960542418564e-01 -2.105382962759740351e-01 0.000000000000000000e+00
8.444643728040055475e-01 -1.325741389292920715e-02 -3.801911272077708737e-01 0.000000000000000000e+00
-2.463625007419500967e-01 7.900032671789000149e-01 -7.418318699678899675e-01 0.000000000000000000e+00
-2.049087732114504221e-02 4.081154257128988827e-01 1.453642592207918249e-01 0.000000000000000000e+00
-2.783443977955405435e-01 -5.970154760737955701e-01 -8.643309633778639700e-01 0.000000000000000000e+00
-1.686617797221851289e-01 3.461993996157421427e-01 -7.190750448362023817e-02 0.000000000000000000e+00
2.732803925078621243e-01 3.345369836081493187e-01 -3.882892190124505594e-01 0.000000000000000000e+00
-3.636868043966483555e-01 -1.908599979452574591e-01 -6.572466096425825244e-01 0.000000000000000000e+00
-6.648595931665796099e-01 2.989036673605688921e-01 -8.929086047031640216e-01 0.000000000000000000e+00
1.101072045514145809e-01 1.505075452460344632e-01 2.687551102537556469e-01 0.000000000000000000e+00
3.052290133043216933e-02 3.271535604357481142e-01 -1.727419578601063765e-01 0.000000000000000000e+00
-1.687840253079577191e-01 -1.676271646168301099e-01 -3.326396036466118256e-01 0.000000000000000000e+00
1.802801674299775725e-01 -8.965186485834527597e-01 -4.940659784653881476e-02 0.000000000000000000e+00
-3.780566850418127789e-01 9.045548336712634641e-02 -8.107639897335704171e-02 0.000000000000000000e+00
4.648446780139553480e-01 -5.298028151913168893e-01 1.534822763090161746e-01 0.000000000000000000e+00
4.311239663715466658e-02 -6.632653777477872659e-01 2.821868799792199289e-01 0.000000000000000000e+00
-2.857460792435605468e-01 -4.494876365270823459e-01 1.120934327183458340e-01 0.000000000000000000e+00
4.609102507356798717e-01 1.590148790112480559e-01 -1.515975020006886942e-01 0.000000000000000000e+00
2.260532590863419816e-02 -1.956030036511507628e-02 -4.370654727561253949e-01 0.000000000000000000e+00
9.688826665171777763e-02 -1.720442848459658933e-02 1.824518073582968858e-01 0.000000000000000000e+00
-6.151552996541418544e-02 1.811516328099963269e-01 -4.007398455199488729e-02 0.000000000000000000e+00
-3.283348450991036005e-02 -1.684236419550878480e-02 -3.490813014893008603e-02 0.000000000000000000e+00
3.791607014631626776e-02 -7.531945643797557377e-01 -4.197247301425198474e-02 0.000000000000000000e+00
1.614317538660088869e-01 -2.420943442275488022e-01 2.033337259365767397e-02 0.000000000000000000e+00
-5.362417380781384774e-02 -3.098139438323216366e-01 4.119812130652700070e-03 0.000000000000000000e+00
-1.308355771173141946e-01 -3.040741327610747835e-02 -3.925163787542498839e-02 0.000000000000000000e+00
-1.423817012990691300e-01 -3.854940955329994590e-01 1.951539936869182978e-01 0.000000000000000000e+00
8.859639814806932745e-02 6.807941044045170975e-02 -1.026813505801570381e-01 0.000000000000000000e+00
-2.467461169994633052e-01 -3.312407806617875816e-01 -4.714696681710569409e-02 0.000000000000000000e+00
6.946589727408034598e-01 -2.136071142122462962e+00 -1.484632332731433135e-01 0.000000000000000000e+00
-6.659488079115744030e-02 1.144702011961452381e+00 -1.917433618977186227e-01 0.000000000000000000e+00
-1.570478900778599363e-01 -7.691674989327547118e-01 -2.143396721329299537e-01 0.000000000000000000e+00
9.467959370597195390e-02 4.016343329076910162e-01 -6.774434391272925460e-01 0.000000000000000000e+00
1.146394723056387982e-01 -1.251057942579296478e+00 7.390914275248988696e-01 0.000000000000000000e+00
1.242538586403528489e-02 -9.013872451355321724e-02 -5.139341603982863077e-02 0.000000000000000000e+00
-7.310053760384183086e-02 9.558856430666045484e-03 3.333253135989121436e-03 0.000000000000000000e+00
8.146622507729756046e-02 1.200862548720463968e-01 1.387665647273420011e-01 0.000000000000000000e+00
-3.048886829946342858e-01 -3.839086556531217109e-01 -3.493395634225223145e-01 0.000000000000000000e+00
9.674298257518353095e-02 -3.014426994735250331e-01 -6.494014152568254594e-02 0.000000000000000000e+00
-1.814031389015437479e-01 3.107066407991500648e-02 -2.394211896258338357e-01 0.000000000000000000e+00
3.369679933342930450e-02 9.797979912705765196e-03 -1.304564267801869848e-01 0.000000000000000000e+00
2.834638516826229471e-01 2.110560181537479985e-01 1.374376987748624213e-01 0.000000000000000000e+00
-7.780976951872148328e-02 2.623266968912831842e-01 -2.814513502067384279e-02 0.000000000000000000e+00
-1.880509440828562282e-03 8.234021126073491625e-02 2.222943244349847303e-01 0.000000000000000000e+00
6.849202322369852824e-01 -1.965547812292612884e+00 5.073142481499569589e-01 0.000000000000000000e+00
3.934264090990680779e-02 8.302165714968169352e-01 7.701111060857697144e-01 0.000000000000000000e+00
-7.001685758602228526e-01 9.818965884520929333e-01 -6.610614531537974958e-01 0.000000000000000000e+00
2.128991120352300564e-02 -6.102287276586390030e-01 9.862543459144438307e-01 0.000000000000000000e+00
1.400656617364546552e-01 -6.375902604539988028e-01 4.400856628558756922e-01 0.000000000000000000e+00
2.455015204721780198e-01 -8.499933013714758845e-01 1.179329201379554354e-01 0.000000000000000000e+00
7.679444365337224909e-02 -1.329422413290990201e+00 7.751240193678300416e-01 0.000000000000000000e+00
9.056764598639585051e-01 -1.511544920468186115e+00 1.220957907212506743e+00 0.000000000000000000e+00
2.814094618262921732e-01 -1.616846752753052563e+00 7.378737491494358203e-01 0.000000000000000000e+00
5.087738947658598798e-01 -5.555855551134091658e-02 3.978898818666585790e-01 0.000000000000000000e+00
3.114831091539000396e-01 -1.030781496722384671e-01 -3.080135091384622048e-01 0.000000000000000000e+00
