1.439100730384628157e-01 1.494871211803947553e-01 1.321255503154085131e-01 5.400121722611225805e-02
3.192420626137948414e-02 2.151607664835025746e-02 6.463502355107039743e-02 6.261646988551708426e-02
3.387279598446119033e-03 6.044202992077196690e-02 4.147745435935701330e-02 6.225912870778455011e-02
-8.122551572926910435e-01 -8.322041596362343974e-01 -7.948459984744189466e-01 -6.980878846752688327e-01
7.687158490394552235e-02 3.757703403517945184e-02 1.421855886054579354e-01 2.538605107289895746e-02
9.954479688474293653e-04 4.359986855096670277e-03 6.280083260019997393e-03 1.833333140241089065e-02
7.673317819469793744e-02 5.086527908562388234e-02 -1.933848336154750380e-02 6.349372300198163899e-03
3.285333875750751087e-03 -5.546666062998950597e-02 -3.030098640677958421e-02 -7.360283857556648712e-02
4.868770516626855227e-02 2.305620749867209884e-02 5.553579717623269296e-03 4.924569243764026494e-02
2.874811391922753590e-01 2.986817883487491998e-01 2.782330109776406379e-01 2.244804543924781293e-01
-3.902116938700195270e-02 -1.106875465659604152e-02 2.745381845667446696e-02 2.463958421800038767e-02
1.333412199710665158e-02 1.761441006125943898e-02 6.802903632901868836e-03 3.442816476113735868e-02
-3.780117929291959555e-02 -2.632449239383377604e-02 -1.516326475855452882e-01 1.694597152624799374e-02
-1.365580769295366981e-01 -1.850283760810927935e-02 -3.523241519702735580e-03 -2.623745093604928913e-02
1.239151417492945217e-02 -4.977517229119016173e-03 -5.340361128209736297e-03 -2.855680858043579962e-02
3.541121210775344252e-02 1.023689606142622610e-01 1.003634222699255618e-01 9.424645099073036825e-03
1.696105924659715436e-01 1.961741542235539981e-02 4.258708473371169978e-02 -1.529733276997458091e-03
2.671343059256209296e-02 7.437821928057419818e-04 3.346438823819186670e-03 4.821286004009883719e-03
-2.051655735412853676e-02 -3.982905930769026215e-04 -7.341736413452870647e-04 1.270332632000159556e-04
-3.229994183220814136e-02 -3.389674585705922810e-02 -3.039510401330431516e-02 -1.823440113388178491e-02
5.323406325443369447e-03 -9.696492566571013327e-04 -8.212284799027330662e-03 -1.768757378476207287e-02
-9.152737855216058760e-03 -1.858013643337055876e-03 -2.356000134578623006e-04 -5.984012296760640726e-03
1.198541284665327611e-02 5.512055806760417231e-03 4.160446982509524716e-02 -6.746291977927310057e-03
-8.330385746004143055e-03 1.316506578517402659e-03 1.114192457028345684e-03 7.999469639226486350e-03
7.340196728635528522e-02 3.801137747254976218e-03 3.096190384812985696e-04 2.510054232277014741e-03
-4.325339472442069066e-03 -3.233896148834827788e-02 -3.200514907235219031e-02 1.342101801304862452e-02
-1.241794503903616564e-01 -8.019904710621417188e-03 -2.140495845680490117e-02 3.044919616412844476e-03
-7.932320805248749274e-03 -3.871332289347578781e-04 -1.994893803743180705e-03 9.459183018918071451e-03
1.868759363035249477e-02 2.447394741635147697e-04 3.988425274101398132e-04 3.775738365797642881e-03
-4.456911363569437956e-02 1.949646069564338335e-02 2.283816942134034300e-02 3.910179215489334448e-03
2.972272681777793357e-02 2.479824075948156015e-03 9.094940179271392144e-03 -5.792833259158469694e-03
-2.124898809915215514e-02 1.399772197114568240e-04 -5.956206961436893987e-04 -3.461729262070445401e-02
-1.225070253027626954e-02 1.879194258058297651e-04 7.112282816303244770e-04 -1.474816460983108257e-02
5.087399831326069877e-03 4.386193316460035296e-04 -1.600596643095697491e-04 9.429635624388810200e-03
8.486597987010733313e-01 8.563323367630601979e-01 8.496505627869097577e-01 8.722162781105139429e-01
1.762735706140278495e-03 1.699782231622639413e-04 2.608281375247681073e-04 2.022788483768682855e-03
