-1.041266920483002734e+00 1.026695253924076567e+00 3.777993565896228256e-01
1.526057962159480308e+00 9.048624568344474373e-01 1.724389402672704685e-02
5.176018807263564891e-01 1.408187278507753826e+00 5.187678577217714748e-01
1.498947077444479303e+00 -5.444578194986974262e-01 -2.722847256204678490e-01
4.951165510218265009e-01 3.851905895315605566e+00 2.922675836666599469e+00
5.020667901988274950e-01 -3.700518778144526455e-02 3.947698294404675678e-01
8.427097838111978767e-01 1.483971738658269868e-01 1.574449285500244988e+00
-5.090882440887601890e-01 -1.941337759153306752e+00 -5.700708482172621716e-01
3.686997523069114879e-01 1.178766816122408523e+00 2.503852700923200558e+00
-6.445737061605737450e-01 1.583900337995134411e-01 1.713743527340069184e-01
-1.067111753509132122e+00 -7.392825209803156605e-01 -1.293333522498447685e+00
1.326061621307436378e-01 8.759967316565001605e-01 3.120854648602501280e-01
-7.338795756638966106e-01 -1.632153735732830180e+00 -1.436035394863859560e+00
-3.945588127087944486e-01 -6.813614677276913500e-01 -2.782893073802403805e+00
-4.667988381951381771e-01 6.222718689165231826e-02 -1.003409577887917625e-01
-2.638585444319332840e+00 -7.958591262796087529e-01 2.336207598478604597e-01
-6.132344245540035654e-01 -1.612362753029664031e+00 -5.277841169489159157e-01
3.534979725616634039e-02 -2.275738079919320533e-01 -3.683249199932133733e-01
1.491782251845416574e-02 2.551918609062949622e-02 -1.053532971291591402e-01
8.837530617326398719e-02 -1.979071334155437997e-02 -2.806261263452173096e-02
1.853839705570148044e-01 1.685018821799738054e-01 2.591574979363434617e-01
-6.327337108035326063e-03 -1.311997429288447037e-01 -1.394427454980141645e-01
1.211865296078082355e-01 -7.653130027520486933e-03 -9.765023771009169462e-02
1.076987766188943624e-01 -1.855735437753883166e-02 -1.326309405377024825e-03
1.002026528060195737e-01 8.850308600331560638e-02 9.803528419082383483e-01
6.959594366314805214e-01 1.584766932251348015e+00 3.209012164650989485e-01
2.292453698785546223e-01 7.046052929411146248e-01 7.873074795762635691e-01
-1.612183686808872640e-02 9.605810147167560820e-02 4.421973454575468532e-01
-6.288841530259575707e-03 -9.100082916684668066e-03 1.041287727938395580e-01
-1.333412710900129527e-01 -4.328018217509516319e+00 -2.414611297189849903e+00
-5.098211886201436949e-02 -4.733610412400729994e-01 -2.233921267148600620e+00
-2.167965314677533506e-02 -5.277698543356969252e-02 -1.078714267734326882e+00
-7.693325354926838777e-03 -1.284406118266854385e-02 -3.574243437095206422e-01
-3.910998445755736741e-03 1.368102745148438992e-03 -2.142616034866592356e-01
4.851321791172122366e-02 -7.831858245468912294e-01 -3.889555270911069784e-01
8.480181444566602111e-03 7.110804244572255760e-03 8.921318308091133464e-02
