-2.437309138803130382e-01 1.570106100946637162e-01 1.110618706809955863e-01 -2.766599032097760702e+00
-1.026911047176923553e-01 3.680417441696368641e-01 2.271679230457549215e-01 3.939048563280901361e-01
-1.815736003221599393e-01 2.492813452851393441e-01 -1.241283140581216082e-01 5.772787687216468511e-01
9.679439684729238547e-01 7.474938621708191455e-01 7.840856822830688522e-01 6.343959988257426019e+00
-2.228675716795215089e-01 5.917082356216298855e-01 4.885332099693182051e-02 9.108083903048680430e-01
-4.869347651915314490e-01 2.058520709302134044e-01 9.527538410809230363e-02 7.413183186905916711e-02
1.054754893542350302e+00 -9.115842587779987571e-01 1.921214425840337414e-01 1.459804002020447022e+00
1.598912881003105024e-01 -8.015562693527780169e-01 2.140843319394034605e-01 -8.595554329709657049e-01
-2.713086565807962258e-01 1.188766255028927521e+00 3.943112125674401724e-01 2.394605642175582361e+00
-6.191833536100899149e-01 -7.526433352115253772e-01 -5.648399593647754902e-01 -3.324363156779964523e+00
-9.187876279651973066e-01 1.687467785153328625e+00 -3.821360626536781657e-01 -4.630158750290615188e+00
-7.118622141264293463e-03 6.181513315869429093e-01 -1.234095786804244588e-01 7.174546596549453703e-01
7.611345908273583483e-01 -9.598766132687287511e-01 1.941238957974263102e-01 3.990313419176335863e+00
2.415635516439915420e-01 -1.062309995820988728e+00 -4.422459326835689319e-01 -2.159640090054170347e+00
4.944247119017354253e-01 -2.582240149286911812e-01 -1.143187820873036442e-01 -1.260883342465241252e+00
-2.368984021886076652e-01 1.365981634707186254e-01 -2.918321803353117749e-01 1.049516875853623299e-02
-4.554919346974006800e-01 -2.346015294250268224e-01 -1.315029547564020296e-01 -1.185434410275486572e+00
-6.010015255772268583e-01 -1.310703952391512883e-01 -6.638985179958899197e-02 -1.017063389305753907e+00
3.027538719789733129e-02 -1.640408518119801373e-01 -3.625102394673897915e-02 -1.204476238044696057e-01
1.050460321447889561e-01 2.375804332030092558e-01 9.533431457297712741e-02 2.738540855989558542e-01
2.077856791829610916e-01 -9.429025599276148473e-01 1.030240158096759479e-01 2.880653746655837288e+00
-1.344808052777741320e-02 -1.485382897710958161e-01 2.299204381467792602e-02 -3.476288210200076945e-01
-2.659497177494931641e-01 1.115014368803751932e+00 -9.734709211563638553e-02 -3.119117315838974669e+00
-1.210227926781793362e-01 2.084594273778222345e-02 3.205182138204493159e-02 1.515760238772410062e-01
-6.312759175856608174e-02 1.851732655447383968e-01 1.168294430603186163e-01 1.058550434386519079e+00
2.236458137494191922e-02 -1.142790475023209185e+00 1.284617541070824376e-01 -9.201327115309155813e-01
2.118928545184987633e-01 6.163938070674326308e-01 6.074050622845599684e-02 1.253533581148605913e+00
2.542973810352045505e-01 4.586781592903811933e-01 3.234221854501102139e-02 1.689204141551849947e+00
-2.603667806269332335e-02 2.731794283392838807e-01 1.833930012044021618e-02 -7.541140872087445657e-03
-1.153254653433816584e-01 1.025094562344501109e-01 1.482981191894588158e-01 -2.521263495593261794e+00
8.708151177973993962e-02 -1.054055656311072786e+00 2.068817198121813278e-02 -3.372442599821675380e+00
-7.125263529630976311e-02 -7.162806893496296290e-01 -7.474920122024946920e-03 -2.598157873916934202e-01
-4.481581584020461612e-02 -4.096956190313628121e-01 -7.737778108511311759e-03 -7.243788214147622861e-02
9.789818944989370220e-04 2.376430882317061288e-02 7.638744051420825326e-03 5.663680336860673625e-01
-1.543977774526007485e-01 -3.889059425541381287e-01 -3.904418406991224666e-01 -2.013744324932108254e-01
7.770843120444563545e-03 3.711788653392241594e-02 3.806565888692866727e-03 7.339643357498175369e-02
