-4.362708645531676588e-03 -1.643742517396018510e-03 1.768024315818911285e-02 6.649891346171776796e-03
-9.370149151783813135e-02 -1.036499582796681501e-01 -8.249382544198374800e-02 -9.987395917825592218e-02
-9.416996417031658906e-02 -9.885699878186376965e-02 -1.028482963902408176e-01 -1.014294669625478984e-01
-2.477624367790935977e-01 -2.459040139533236191e-01 -2.711066415383981409e-01 -2.611939713808049679e-01
-3.532195682192140751e-02 -1.031392023278773773e-02 -3.288422372756516499e-02 -5.984067955712157882e-04
2.212385829165386397e-03 -9.556470319360410581e-04 2.500311195548665655e-03 -1.250369511698296021e-03
-7.930838885389346338e-02 -5.048627257898341547e-02 -1.090388565899557127e-01 -7.152624163233162191e-02
5.130010609584051418e-02 5.810358790709641008e-02 6.790498173980974439e-02 6.804354386291486256e-02
3.900707435040118298e-03 2.017372806794259787e-03 2.524960306015011646e-03 2.257826330322509900e-03
6.672371367837381939e-04 -2.314781979615598839e-03 1.077791068921896134e-02 6.709972786024087643e-03
-8.461480555670308767e-03 -3.192157989907218330e-02 1.367908748807034058e-02 4.198884483403997336e-04
-1.307345468406412303e-02 -1.647987323408767191e-02 -2.333398332836478239e-02 -2.327064048316168643e-02
4.037530358711238776e-02 1.041323597022258962e-02 4.795644676486265912e-02 -1.843315393344957531e-02
-5.303479136277822192e-03 -3.729412759042149972e-03 -6.781238449764526166e-03 -5.239131965300458660e-03
-1.622929357765867664e-03 5.930949171637778239e-04 -2.431185727270412933e-03 6.483030470639250531e-04
7.410527111779030562e-03 -4.684163570603486204e-03 -1.963232055765651296e-03 -1.496356602699477900e-03
-6.737242276586785650e-03 -3.183383860203989335e-03 1.215961874516557906e-02 2.389187439085005416e-03
-1.602809663805992990e-04 -3.130294609015815688e-03 6.282728705033768790e-04 2.337540206554626632e-03
-9.678738179871859693e-05 -6.865881179468624751e-04 -9.322087426102965146e-05 1.463464575167994219e-03
-3.334337283249499961e-04 4.925059203273532416e-04 -1.819267553983719421e-03 -5.406566013975849794e-04
-1.205719453951162312e-02 -6.116252896598145528e-03 -1.701378001909747972e-02 -2.359127396568730384e-02
1.380021773865331564e-03 2.048321537291980521e-03 3.555429078939138787e-03 2.574581692191574289e-03
-2.032760627541663201e-02 -9.390986557537533974e-03 -2.735620231925239842e-02 1.301076738786022258e-02
3.216528743024693604e-04 -9.467383622890901407e-05 5.921776954536002446e-04 3.408132991975509896e-04
1.146614701738768449e-03 1.574506844289398633e-03 1.572334406116870920e-03 5.179313534572238531e-03
-6.831153018862057280e-03 2.257545769595664664e-03 5.168140751294680868e-03 3.041681535099399758e-03
2.516635025821223337e-03 3.142354105388101004e-03 -8.677192827978352785e-03 -7.334322843019269733e-03
2.002638399229983435e-04 8.576101459216722844e-04 -9.460061356518778553e-04 -3.085267863511820252e-03
3.021626010019096142e-05 -9.144405989322534900e-05 -8.835837473794572183e-05 -1.163933467519639997e-03
1.177827195816955053e-02 5.906236829161248814e-04 9.919122126028301345e-03 -8.904520367427892769e-04
7.196779156679045109e-05 1.367807721672997801e-03 8.273205862578514314e-03 2.058344622356433895e-03
3.331845527015930841e-04 -1.446090984958625647e-03 4.180302059078044863e-03 3.536956834753302026e-03
1.746267611756197047e-04 -1.407222751139219907e-03 7.387985583140604939e-04 1.157581542026275834e-03
9.216271748241355866e-06 -4.714054762101904661e-05 -5.250199202688765610e-05 1.568352888220159169e-04
7.016579322247201711e-01 6.991621315278678805e-01 6.944703162886082248e-01 6.980981345258888693e-01
4.209475275167890872e-05 4.206013479457421176e-05 9.012402720546180751e-05 6.885621137575064377e-04
