6.603951699208541193e-01 -6.462684640995049190e-02 -1.939980302176480265e-01 -3.765349103011039755e-01
1.779533520184356066e+00 -5.021610381557219116e-02 -3.694343475624224937e-01 8.412625075192395330e-02
1.704245429202947970e-01 -1.269718527395745089e-01 -1.275991259747180084e-01 8.526690147118173857e-02
9.832813116718095436e-01 1.206552991474034942e+00 1.502804250662723495e+00 1.668931169325367225e+00
1.508369614923114277e+00 9.139905055924912869e-01 7.268675652502026852e-03 7.700028705586944300e-01
1.391152787545030800e-01 -4.172429664806199395e-02 1.509628471894354784e-01 3.480412596332765895e-02
-4.056563371762225145e+00 -1.268627496124079990e+00 -1.126539661402955028e+00 -9.808498258430782268e-01
3.090669570486301865e-01 1.035093900737372175e-01 6.424966436735252140e-01 -3.622903872322674745e-02
-4.563141751694271830e-01 1.583382455058182092e-01 -2.411432065211785714e-01 4.229409031005804676e-01
-8.512773473946475544e-01 -7.309048810115720274e-01 -1.012737724734485978e+00 -9.397416005206918888e-01
2.971622099552375662e+00 1.209663028754485614e+00 1.453423999472453376e+00 4.983621569586047517e-01
-2.783093897337908240e-01 3.824825461173442243e-01 -4.245127465990399807e-01 2.522862251685710211e-01
-1.697160489632340674e+00 -9.893408037136942612e-01 -2.150632775014884590e-01 -4.353893592575425187e-01
9.808149171221093310e-01 -5.471114209540661744e-02 5.633113493226939994e-01 6.749705851958742731e-02
-1.046611508497510279e-01 2.752931853508063242e-01 -1.259078026003427886e-01 2.966815527915217521e-01
-4.278496845830697559e+00 2.466138756379126495e-01 5.669095651165980687e-01 -5.642827820803864025e-02
-2.494831692266145096e-01 -2.902229689898596643e-01 2.770632229534525925e-01 -1.178152899633398976e+00
-1.654651894191461192e-02 -3.557421473732666484e-01 4.550601514649693646e-02 -9.503748879935900451e-01
-2.796989773132918522e-03 -2.432426450266376439e-01 -5.689266536156208087e-03 9.171471633342170859e-03
1.416243834502803334e-01 1.031093887230681294e-01 1.658037866067775534e-01 9.905953744358350632e-02
-6.740785200019738799e-01 -1.983382702682948140e-01 -3.820236470158094866e-01 4.933806399944368204e-02
5.132185579302289691e-02 -2.220193213514193853e-01 7.726559231996295296e-02 -1.539012132481936135e-01
9.087214709775629506e-01 4.898980410507323691e-01 5.101043343056714807e-01 1.017770278128367734e+00
2.087401277159620094e-02 -1.303767214326352897e-01 3.022068341276683973e-02 -2.114942140735636966e-01
-2.792159905384841712e-01 1.999208734037364599e-01 -1.390497292587148936e-01 2.765298182219352308e-01
2.337008684557908555e+00 -8.362853995320140843e-01 2.413067432408489699e-01 -2.117505016864265954e+00
3.130736534915586899e-01 4.077037661050029738e-01 1.523869076158759772e-02 8.793826953890848674e-02
1.579965347584783020e-02 2.524445344856961482e-01 -4.985046165842998978e-03 7.535592101622401451e-01
4.102817434818051279e-03 2.257526837080390258e-01 4.216552502746245823e-03 -3.126946007181441445e-03
-1.880952264538388263e+00 -8.455816140823948501e-01 4.375097657944588825e-01 -5.806288054968279377e-01
-6.426926589852444138e-02 -7.745966094885804454e-01 2.070082757002135176e-01 4.159235781827597123e-02
1.150173852175807865e-02 -1.680716604228636446e-01 3.594233434559718221e-02 -2.657579294382041435e-01
-2.103276137776019517e-02 -6.792329759443826998e-04 4.101868425480936775e-03 -1.303108840639438659e-02
-1.128778969869827231e-03 -4.791163126008407547e-02 -7.832706699033437081e-03 1.118253430676330318e-02
-9.485572332629461645e-01 -4.880630405222090018e-01 -4.096637858142553323e-01 -4.281968151215133633e-01
2.652527978267388981e-03 4.836644270531433726e-02 4.638715410967676409e-03 7.597475896507012091e-03
