2.654360994625584169e+00 2.338300674207330232e+00 6.979363430057911044e-01 0.000000000000000000e+00
3.343444766294713766e+00 7.876322419539647512e-01 -1.654221454886602993e-01 0.000000000000000000e+00
-2.433688224454161553e+00 2.916361488735981222e-01 -1.981998232857989262e+00 0.000000000000000000e+00
9.099215759493333167e-01 3.858914741096025836e+00 -8.998636457765379904e-01 0.000000000000000000e+00
1.550088229959717623e+00 6.910122260872461064e-01 1.841342839643472507e-01 0.000000000000000000e+00
-5.369009853634414853e+00 2.836001121449663653e+00 -2.107580444507712869e+00 0.000000000000000000e+00
-3.464647406648371675e+00 -1.953615396624796441e+00 -2.183313101092768382e-01 0.000000000000000000e+00
-1.890753766138113079e+00 9.990660466395182571e-01 -3.608126226801806613e-01 0.000000000000000000e+00
2.320813000692897088e+00 -7.795813060526869398e-01 -7.616458528922021021e-01 0.000000000000000000e+00
-4.047406234146792237e+00 -2.146612792395253821e-01 3.760246942188584240e-01 0.000000000000000000e+00
5.066973478728216129e-01 6.429830925991678603e-01 6.797318722267859936e-01 0.000000000000000000e+00
-6.607258900112583655e-02 -4.389314417279070457e-01 -1.711223893521506723e+00 0.000000000000000000e+00
9.566143587045189411e-01 -2.291531147535657009e-01 1.106268046138605854e+00 0.000000000000000000e+00
-3.400283672092858200e+00 -1.859195841493162416e+00 -2.939312602186971546e+00 0.000000000000000000e+00
-3.972222458070128859e+00 -1.774804439521441290e-01 -3.944604421401308958e+00 0.000000000000000000e+00
-1.773967456736364356e+00 1.392503233387428985e+00 7.509866060705873148e-01 0.000000000000000000e+00
-2.564298571351529610e+00 -4.238346313543030597e+00 -4.143938893831981218e+00 0.000000000000000000e+00
-6.141461771412475734e+00 -4.810688167966437945e+00 -2.877102589676219235e+00 0.000000000000000000e+00
-5.096436333080486492e+00 4.176027830469417168e+00 -1.186939193473407261e+00 0.000000000000000000e+00
-3.694129319525302879e+00 1.171363192058000546e+00 5.809251306160540196e+00 0.000000000000000000e+00
2.026436659378754238e-02 1.830853538666716435e-02 1.129912937632242320e+00 0.000000000000000000e+00
3.411301969390860278e-01 -7.990779591829946238e-01 -1.703971515229599332e+00 0.000000000000000000e+00
1.083402491958573632e+00 -4.689154933664766572e-02 1.713183634633861585e+00 0.000000000000000000e+00
-3.779653145326875574e+00 -2.578701641857311877e+00 -2.824373219845478289e+00 0.000000000000000000e+00
2.360606608019269359e+00 -4.791462650875782936e-02 -4.094602572392745388e-01 0.000000000000000000e+00
-1.998661112725419242e+00 1.060918207839712357e+00 -2.683547730316165669e+00 0.000000000000000000e+00
-4.663479795963518804e+00 -1.473353556815539145e+00 -6.387765411736332943e+00 0.000000000000000000e+00
-5.534397549138495798e+00 -3.702885708714568347e-01 -5.879232550548120884e+00 0.000000000000000000e+00
-9.216715311818290957e-02 3.719838729796355326e-01 8.642258880098376006e-02 0.000000000000000000e+00
2.330324836997645477e+00 1.309304607760114203e-01 -3.106522525628327536e+00 0.000000000000000000e+00
-7.482067961617724805e+00 3.821147361228333317e+00 -6.082364413108702905e+00 0.000000000000000000e+00
-2.751428974710923292e+00 -6.651485461335271410e+00 -1.125148059273473056e+00 0.000000000000000000e+00
2.961359342329013433e+00 -4.814982350150504686e+00 -7.771721363929519066e-01 0.000000000000000000e+00
-3.633387426535400699e+00 -3.054265136658603774e-01 -1.380441592032995324e+00 0.000000000000000000e+00
-3.554164107150404650e+00 -3.832930148696020112e+00 2.708619263411229938e-01 0.000000000000000000e+00
