8.708109730404853810e-01 -7.210922807790435263e-01 0.000000000000000000e+00
3.010789347565656637e-01 -5.296704006385600794e-01 0.000000000000000000e+00
2.195987082746833075e-01 4.071186480380507011e-01 0.000000000000000000e+00
5.753742083592572332e-01 -1.527707297318056136e-02 0.000000000000000000e+00
-6.842388839497259845e-01 -3.605693901672541446e-01 0.000000000000000000e+00
9.358307837208466040e-01 -8.305927567413762258e-01 0.000000000000000000e+00
8.448193617997137306e-01 -7.909130308243995655e-01 0.000000000000000000e+00
4.163439304818929987e-01 -3.934957361580287416e-01 0.000000000000000000e+00
2.432133111694375904e-01 -2.193253201416512088e-01 0.000000000000000000e+00
-1.753578744104933307e-01 2.444751838531102894e-01 0.000000000000000000e+00
-6.411160578474975891e-01 8.297554575892068796e-01 0.000000000000000000e+00
7.142940826729575754e-01 -4.792208526871453711e-01 0.000000000000000000e+00
-3.745162514030541678e-01 -9.996553078088149524e-02 0.000000000000000000e+00
8.109456400864041292e-01 -3.177711028037297214e-01 0.000000000000000000e+00
1.427986796527537516e-01 2.376348232891171142e-01 0.000000000000000000e+00
-4.342761977433268195e-01 -3.767651737021787128e-01 0.000000000000000000e+00
2.808743949130968476e-01 5.747418150441792051e-01 0.000000000000000000e+00
7.320070204583573048e-01 -2.765016043282207958e-01 0.000000000000000000e+00
2.665751351982343365e-01 4.993749138082311800e-01 0.000000000000000000e+00
5.834161686363562582e-01 -1.753651872217630303e-01 0.000000000000000000e+00
