1.794554159666119642e-01 4.086528500476077630e-01 0.000000000000000000e+00
-1.605378724631458254e-01 -6.056489826270752275e-01 0.000000000000000000e+00
7.989730652013375956e-01 6.236682872102737862e-01 0.000000000000000000e+00
-1.922770291576893775e-01 5.264598720655150332e-01 0.000000000000000000e+00
-5.201065346190075767e-01 -7.014551730228869575e-01 0.000000000000000000e+00
5.174982378240784442e-01 6.734726475623127318e-01 0.000000000000000000e+00
3.012712050209948589e-01 5.594324231904661548e-01 0.000000000000000000e+00
8.462013373581265263e-01 6.499385064163701875e-01 0.000000000000000000e+00
3.560888691008566864e-01 -7.774124720147755629e-02 0.000000000000000000e+00
1.732471844306971986e-01 8.899924800087344323e-01 0.000000000000000000e+00
-2.485159493904919303e-01 -4.937762299415496825e-01 0.000000000000000000e+00
7.823086387209582382e-01 6.566585642496067798e-01 0.000000000000000000e+00
-1.132316189753802271e-01 6.453287417867703546e-02 0.000000000000000000e+00
5.400420749458296754e-01 5.923546167892973502e-01 0.000000000000000000e+00
3.249099686163510192e-01 8.722779016983983613e-01 0.000000000000000000e+00
1.420032486293078544e-01 4.123737573448328642e-02 0.000000000000000000e+00
8.264802648996913970e-01 6.736858162636094605e-01 0.000000000000000000e+00
-5.639736411495280821e-01 6.546513857229033784e-01 0.000000000000000000e+00
5.345333301690888828e-01 3.023384812521865417e-01 0.000000000000000000e+00
6.438524824982320462e-03 3.944395261004205455e-01 0.000000000000000000e+00
