-2.821825666890431794e+00 4.917484473465252748e+00 -5.427778072632566619e+00 0.000000000000000000e+00
4.134180049778858335e-01 -5.965428423344985021e+00 -5.021942764399006665e-01 0.000000000000000000e+00
-2.049769574590331267e+00 -3.669507581403883112e+00 4.674522405149353688e+00 0.000000000000000000e+00
9.218690301076679638e-01 1.160735273393043832e+00 1.731840099329959304e-01 0.000000000000000000e+00
-4.225859754037754323e-02 -9.121317033341697078e-01 2.004057972625063577e+00 0.000000000000000000e+00
-1.643498752419878306e+00 -8.566897243628400105e+00 3.276338104168198040e+00 0.000000000000000000e+00
-1.884471047830692525e+00 4.614904931354921302e+00 -3.685357421026989488e+00 0.000000000000000000e+00
-8.095284704075642601e-01 -4.205317571508849994e+00 -7.028551703281507024e-01 0.000000000000000000e+00
-1.869556901003278371e-01 5.569478263515732497e-01 -9.680128236310392431e-01 0.000000000000000000e+00
-3.074659308328592910e+00 -3.987857007165428680e+00 -2.204423120944998260e+00 0.000000000000000000e+00
-9.293862754644660953e-03 3.291480541366672341e+00 1.306860018414648827e+00 0.000000000000000000e+00
3.083717598399183246e-01 3.858048931360557710e+00 -2.337461046727014935e+00 0.000000000000000000e+00
3.650314195188971156e-01 -4.246321059369123851e+00 -4.884933346340478155e-01 0.000000000000000000e+00
5.316435081226940085e-01 -6.686063890909603735e+00 2.265649704312531654e+00 0.000000000000000000e+00
-1.034803191649224408e+00 1.601691270765864594e+00 -1.608815860711890089e+00 0.000000000000000000e+00
7.891632017562905110e-01 -3.128208827959907179e+00 2.214577860837100010e-01 0.000000000000000000e+00
2.137186784343796386e+00 9.619048870456724742e+00 -3.384098831174148447e+00 0.000000000000000000e+00
2.323261960425199446e-01 2.449526959988231223e+00 -1.617837585960158808e+00 0.000000000000000000e+00
-5.332499082257788903e-01 -1.514025700759277893e+00 -4.387235535811899179e-01 0.000000000000000000e+00
-1.510145141947708103e+00 -4.692630052462606893e-01 1.889613371528640950e+00 0.000000000000000000e+00
3.614495025092146485e-01 -2.624876917206622640e+00 -2.876292003854338253e-01 0.000000000000000000e+00
-1.390286546403101564e+00 4.388948182301288803e+00 5.076739831042105522e-02 0.000000000000000000e+00
2.716351533896135262e-01 8.624125934422868234e-01 3.459605200495337041e-01 0.000000000000000000e+00
5.313707163576860681e-01 -4.500067783577549330e-01 -1.359485063290167606e+00 0.000000000000000000e+00
4.684876100649602026e-01 2.426535003222785036e+00 4.631864104797153159e-01 0.000000000000000000e+00
2.505741263853275003e-01 6.721141655553375394e-01 1.519748376868519157e+00 0.000000000000000000e+00
-5.292861498690236699e-01 1.015506764567974862e+01 -6.277474655535489667e+00 0.000000000000000000e+00
-1.964891267094480476e+00 5.384596754931876283e+00 1.012686071165376372e-01 0.000000000000000000e+00
-1.506546851006286936e+00 -2.716492895751938086e+00 -5.369019179364024064e-01 0.000000000000000000e+00
-1.932825073864385734e+00 6.375192270573569742e-01 -3.497433919110831679e-01 0.000000000000000000e+00
2.179671884007447158e+00 7.642666887847674673e+00 -1.024688488062665037e+01 0.000000000000000000e+00
3.237075505322247970e+00 1.621381578337413254e+00 -4.559408051486865787e+00 0.000000000000000000e+00
-2.026016510913565494e+00 -4.043205522008830322e+00 5.355381415375481069e+00 0.000000000000000000e+00
-1.686050157284129547e+00 4.727550042530813124e-01 5.983585878365899058e-01 0.000000000000000000e+00
1.531390777531936309e-01 -1.800254186843547766e+00 -1.988105495661824373e-01 0.000000000000000000e+00
