2.374748813428530170e+00 5.807636325441510650e+00 3.445401281299169671e+00 0.000000000000000000e+00
1.705356772357748740e+00 -2.938865061851890559e+00 -7.171166780526695428e-01 0.000000000000000000e+00
-3.432002548270523534e-01 -2.940225169334260702e+00 -5.378975772028281810e+00 0.000000000000000000e+00
2.265072838244200248e+00 1.310599864296343009e+00 -2.129284629397052431e+00 0.000000000000000000e+00
-8.476912612783168433e-01 -1.554613356042359396e+00 -2.354189638385163708e+00 0.000000000000000000e+00
-2.537081350535905777e-01 -5.159824781262966731e+00 -4.479634641887497160e-01 0.000000000000000000e+00
2.151974502471133199e+00 4.825313796984789683e+00 1.059808107180789216e+00 0.000000000000000000e+00
-1.522660590951136816e+00 -2.647338384335840455e+00 -2.337741247456444516e+00 0.000000000000000000e+00
-7.075095046587290826e-01 2.862710189182741116e-01 3.407525313212728807e-02 0.000000000000000000e+00
2.806966328370908315e+00 5.351285097123258810e-02 5.058567090911951780e+00 0.000000000000000000e+00
-1.416532546369279721e+00 -4.247482879657240584e-01 -1.217951733783680712e+00 0.000000000000000000e+00
-1.364051892858040516e+00 2.341267464453354208e+00 1.697522584131895496e+00 0.000000000000000000e+00
-8.423207632151921698e-02 -1.015177006342687260e+00 -7.323604408429734702e-02 0.000000000000000000e+00
-5.988794461097509680e-01 -2.634173131307507632e+00 2.455966383339028170e+00 0.000000000000000000e+00
2.564313617820986213e+00 8.720500242953185266e-01 -5.547830179394730443e-01 0.000000000000000000e+00
-3.393574286160070952e-01 4.664191962836734540e-01 4.187867944870484194e-01 0.000000000000000000e+00
5.109448948714395478e+00 8.448905529881068688e+00 1.609620302601654007e+00 0.000000000000000000e+00
-3.041390893631623182e+00 3.534268466231766492e+00 5.028814478844009450e+00 0.000000000000000000e+00
-1.676416376136337538e+00 -1.334889739328150471e+00 2.937672824777337155e+00 0.000000000000000000e+00
3.912950341807310828e-01 -1.044928632286690418e+00 2.195843461693486667e-03 0.000000000000000000e+00
2.233531898243738267e-01 -9.147041901461478997e-01 -1.795814237169466587e-01 0.000000000000000000e+00
1.705312807524296037e+00 3.112189808231145882e+00 2.252802991866994731e+00 0.000000000000000000e+00
7.182168343451235393e-02 -2.572494473905779233e-01 2.319676255844905222e-01 0.000000000000000000e+00
5.912417416082715871e-01 3.623973906879584650e+00 4.365859478741847433e+00 0.000000000000000000e+00
-7.626024441571236379e-01 9.813417726562382315e-01 -1.307576721672905951e+00 0.000000000000000000e+00
-1.327425826057435421e+00 2.844273239494257144e-01 -2.486256147113194981e+00 0.000000000000000000e+00
6.672112070068251910e+00 8.261863538105254534e+00 3.452091380233624385e+00 0.000000000000000000e+00
-1.021788558916414624e+00 2.224251587153543763e+00 3.146286014402933429e+00 0.000000000000000000e+00
2.178026591706153869e+00 -3.135218079071171005e+00 1.608995013127110019e+00 0.000000000000000000e+00
-3.688425884140758004e-01 -3.011281405722451288e-01 -3.999715750359774113e-01 0.000000000000000000e+00
-1.435729123775927540e+00 6.841444970024451955e+00 6.749383705046175130e+00 0.000000000000000000e+00
-1.544588168501111802e+00 -3.785512528055052783e-01 -1.989180972384225754e+00 0.000000000000000000e+00
-3.052113323475047935e+00 -6.192820079729728810e+00 -5.123259889906696118e-01 0.000000000000000000e+00
-1.377853148865150201e+00 8.911443417202483674e-01 2.671489232219020238e+00 0.000000000000000000e+00
1.567992271535019633e+00 -2.505251121650097446e+00 6.492923713330777113e-01 0.000000000000000000e+00
