1.150927528606717765e+00 -6.299606314212974345e-01 5.642060178278870408e-01 4.412846044342876306e-01
-1.509218763000885755e-02 4.826635735001028604e-01 4.839619554448558181e-01 -1.073151770731834709e-01
-7.313840661418816724e-01 2.868989117991601612e-01 -2.438014851225340229e-01 -2.314264667841002820e-01
-1.509398681333566694e+00 1.233203973238489182e+00 -1.101314592772881101e-01 -1.376653132019283465e-01
4.806436041779732493e-01 2.144290875377141969e-01 6.597643941069529783e-01 5.344669501466672301e-01
-2.140945708915970580e-01 8.646188671376004997e-01 -4.739285854767109896e-02 1.124838667305814305e-01
1.124751423714166920e+00 1.373359882527104281e-01 -8.411570724125835286e-01 4.955967020792187983e-01
9.707956985327640398e-01 -1.532245342678597577e+00 2.543252540640884019e-01 2.776504393578871355e-01
-3.865715523903540118e-02 2.637000702491229198e+00 4.836714013458862094e-02 4.287918198778730705e-01
8.737110545731144873e-01 -5.505416015155019105e-01 -4.052294832286089388e-02 2.622411208562747814e-02
-1.280197722162296436e+00 -7.373370598402049225e-01 3.540438389727877944e-01 -4.938986776601749784e-01
-4.589259536654249350e-01 1.285823192007941929e+00 -9.570721761995017174e-02 -1.290938391942838825e-01
1.016059450332634784e+00 1.654586568073908692e+00 -4.820131863788421067e-01 -3.014657410504353874e-01
-1.037548493270912531e-01 -2.489945764083573376e+00 -6.198062208392968175e-02 -4.667526705806838150e-01
4.996636439760999693e-01 -1.094857319315827970e+00 4.148170488721197868e-02 -1.221940338008884325e-01
-9.769893341745538029e-01 -1.615114407310620226e-01 5.151987027496183202e-01 5.386808220224008348e-02
7.196868579623113549e-01 -7.536843131831388876e-01 -1.090683268869723464e-02 6.598232966454269099e-02
2.208467590553830906e-02 -2.283015680148323956e-01 -2.017568880333642928e-02 -7.924333741234063089e-02
-2.129281800058779525e-02 8.732111054237087777e-02 -5.136905636797067104e-03 2.009416552661325364e-02
-1.665022670464090249e-01 1.175339688664597815e-01 9.577164353042896122e-03 -7.734666428192663902e-03
3.843649805338902881e-01 -1.689391866709179235e-01 -4.634561629929996596e-02 1.070765926578641503e-01
7.976103866846961932e-02 -3.438219447040805066e-01 1.261890761027876021e-02 2.096587355337466499e-02
-6.949446035762255613e-01 9.970219488321265811e-01 7.916663106015124629e-02 5.383914953561818456e-02
-1.847000530790435802e-01 6.804520735424124910e-03 -8.821143977571938369e-03 2.507899531083054509e-02
2.887101699789763887e-02 6.124947719957589687e-01 1.513123039195589208e-02 1.122960459094593383e-01
6.059334519589666401e-01 -3.225493543055353740e+00 -1.358563765494102127e-01 1.716380395192568242e-01
-4.544525393606215768e-01 1.132932465152473034e+00 5.787555230133477162e-03 -1.952675326531042033e-02
1.402261989462701662e-02 1.876078340707826086e+00 8.605531513653359027e-03 5.251891104348600098e-02
2.225525445352060858e-02 4.688726222653922804e-01 1.882143864145309313e-03 -7.737553496188209756e-03
-1.277886222825307172e+00 8.679161291551962254e-01 2.590518686250038449e-01 1.526698575029631910e-01
5.003983738675731319e-01 -1.522062901970371529e+00 1.284342419971607439e-02 8.991464525893862192e-02
3.779433343301378811e-01 -2.397061372778478638e+00 -6.068474690463087230e-04 4.228937633069695945e-02
4.808865492790323493e-02 -1.284989924248665538e+00 -3.043012264790543545e-04 -1.659716750907449384e-03
-2.018120560657176710e-01 -7.074332761289274518e-02 -1.495587630579463907e-03 -5.795430228703411964e-03
-4.405251984098701445e-01 -2.399179112464100150e-01 -4.937957701830329449e-01 -3.917050171631827338e-01
3.719724486493822257e-02 9.419882178719399257e-02 2.567911778707209370e-03 7.532295172797861572e-03
