4.087687284321120385e-02 -5.793609164164877784e-02 -5.747350897877133713e-01 -1.150520578771540681e+00
-9.063308159614504866e-01 1.838120302310096710e-01 -5.561189382316266139e-01 -2.167617165511511179e-01
-5.652760504501617156e-01 1.009464220314124222e-01 -1.144028299621189654e-01 -4.840974174653420864e-02
-5.546138052978053512e-01 -7.684258754311489303e-01 -1.824466960002825711e-01 -8.166514874089220166e-02
1.191737243286173697e+00 2.430594796399701829e-01 9.119819550324516078e-01 -7.994546739246487510e-01
3.939922443146801762e-02 6.243142536361127037e-01 -1.673829219291290624e-02 1.673366790244169844e-01
9.963229371354054287e-01 3.674202493384756685e-01 1.202153641886139976e-02 5.359052379935874688e-01
7.038189111945868381e-01 -1.467103205565200685e+00 -2.932625629931997699e-02 -2.683582138419944585e-02
-7.869874087981010291e-02 1.702949974045599557e+00 5.785988614205482550e-02 1.673713001003801215e-01
3.398125421710379568e-01 4.524263428240809515e-01 2.522038830947344601e-01 4.231315963494766130e-01
-4.510225738094115200e-01 -3.504367305525252774e-01 1.180179706937725115e-01 -1.026291160300128125e+00
-2.819683882190244795e-01 1.335949729305893730e+00 6.289044374952518224e-02 -1.197869732911091001e-01
-9.253531004167735441e-01 9.560865813383668810e-01 -7.986538630801380823e-01 2.935701798910653526e+00
2.141995033849981578e-01 -1.790021030017191483e+00 -7.513714081063740946e-02 3.191824443078081219e-01
-6.370323112989186021e-02 -7.214384279339385309e-01 1.176761663255237317e-02 -1.492740069530596736e-01
1.031265018424729174e+00 -1.700323157557497855e-01 1.647518884674874284e+00 -4.845235091427262941e-01
2.087320266443610517e-01 -2.707713495858046771e-01 1.802436703378434979e-01 -2.277920500649519286e-01
-6.015704529068351819e-02 1.655106702474878899e-01 -1.959499801503175598e-02 -1.101428127263474055e-01
2.743978940798017831e-03 -6.304019148632451774e-02 -1.724475899458495151e-03 -3.383887286131781469e-02
-5.001083726512776939e-02 3.940491741016869526e-02 -4.374895226160896433e-02 -9.805052058079333221e-02
7.286200361641975709e-02 -6.716074177463353667e-01 -2.469465499219109655e-02 4.388549556201210566e-01
3.582581050685518242e-02 -3.342605331872134378e-01 -1.383006855592002968e-02 7.936230534032703843e-02
1.811397694879979814e-01 1.863084653623946263e+00 1.547133417304326630e-01 -1.692422323458852462e+00
1.887668919671220413e-02 -5.215286153085665899e-02 -2.455642143932217775e-03 1.851401148608641106e-02
-7.017539850857322514e-02 2.087516301582307277e-01 1.954287497364622095e-02 -3.594258602937042690e-01
-3.849568289973523960e-01 -3.082578092413461146e+00 -5.180725633388912899e-01 1.110808542420518963e+00
-8.956312732136094412e-02 1.215201213175844730e+00 -8.665753786273357184e-02 4.934140862052264209e-01
2.738907346133803017e-02 1.228402349154144702e+00 9.115060627666062704e-03 1.079603627101524133e-01
2.339004984813058789e-03 3.478258324611615548e-01 -1.718351380294326752e-04 2.548372638381325023e-02
-1.091705796994516253e-01 7.572712674287025436e-01 3.410402747622336972e-01 -7.338872983735351962e-02
-4.259318382421042187e-02 -7.678652419680690455e-01 1.010422947275857984e-02 -1.838428198161870183e-02
1.348412325965517820e-02 -1.804689913761986286e+00 -1.101770998980682427e-03 -4.948780643782971916e-02
1.551866476766606065e-02 -7.266588341765991554e-01 3.212556143551222650e-03 2.876545746334978945e-03
3.532672519666149352e-04 1.648382689488642194e-01 3.715068765291014343e-03 3.722302382400677779e-03
1.085866288451644429e-01 2.443546928700376097e-01 4.410162217253335015e-01 7.939863221953578076e-01
2.354653836298348669e-03 8.321503961698706320e-02 3.428798601001287194e-03 2.042018915517462146e-02
