2.886733180167882828e+00 5.050036574236138165e+00 -6.193410126048079611e+00 0.000000000000000000e+00
6.709150011266140634e-02 -3.088364614192149027e+00 -2.291633957035049907e+00 0.000000000000000000e+00
-3.304919869933231169e+00 -2.354699877409749120e-01 3.518372931217117028e+00 0.000000000000000000e+00
1.023325716274696484e+00 3.638703963788501028e+00 -1.841886488404679501e+00 0.000000000000000000e+00
-2.288398059595656342e+00 -2.527617552419322955e+00 2.283880634211687966e+00 0.000000000000000000e+00
-6.204228205972865062e+00 -5.713445696705806931e+00 -6.248289736504263336e-01 0.000000000000000000e+00
3.020883398866745839e+00 4.111250667287877469e+00 -3.068684765809513326e+00 0.000000000000000000e+00
4.994010165768000831e-01 -2.549015010272265847e-01 -2.373666412762432287e+00 0.000000000000000000e+00
5.367946222389027300e-01 -1.969821023347474220e+00 -4.429370047395461002e-03 0.000000000000000000e+00
5.638022090653656448e+00 1.278601314326051952e+00 -2.793023230421751268e+00 0.000000000000000000e+00
-1.331896984431451436e+00 -9.308993144152485355e-01 2.381750085322999144e+00 0.000000000000000000e+00
1.461144314920806098e+00 2.221398897913351433e+00 -2.817439383204915604e+00 0.000000000000000000e+00
-1.985470311319287307e+00 -1.761514208883744548e+00 2.120801702423152635e-01 0.000000000000000000e+00
-1.702669847988070861e+00 -1.755156293526479505e+00 -1.174787498344673498e-01 0.000000000000000000e+00
-2.255538823981509289e+00 2.523414338996184725e+00 1.963069648481201024e-01 0.000000000000000000e+00
2.192225366051547386e+00 -3.639008653547837202e-01 -9.992152327719711069e-02 0.000000000000000000e+00
7.785702640584858392e-01 6.495731293650999660e+00 -2.452797330216720528e+00 0.000000000000000000e+00
6.757945270412891503e+00 -2.463550948559707798e+00 -2.788619909602500613e+00 0.000000000000000000e+00
-1.858677754270599558e-01 -3.367099645705329714e+00 -1.621041474508654101e+00 0.000000000000000000e+00
-1.176256461206398818e+00 2.333761964780948439e+00 1.001024260298357671e+00 0.000000000000000000e+00
2.798849885170507368e-01 -4.204266691574685133e-01 -7.933892143931143837e-01 0.000000000000000000e+00
3.426987475941752903e-01 2.548054031344054504e+00 1.292067026671287477e+00 0.000000000000000000e+00
5.201254337241396630e-01 7.901361058291482553e-02 3.047307334400951584e-01 0.000000000000000000e+00
4.106817323584048829e+00 2.992964318707235893e+00 -2.390762317823049710e+00 0.000000000000000000e+00
-8.245636002624923133e-01 4.593256488149759509e-01 9.848079155522208028e-01 0.000000000000000000e+00
3.069588447923884411e-01 1.247571838448812809e+00 -2.142997321757775242e-01 0.000000000000000000e+00
5.742803712280198702e+00 5.327894836475731921e+00 -3.741713172503514873e+00 0.000000000000000000e+00
-2.671505891741967065e-01 2.250581004620162417e+00 -9.086899108066430752e-01 0.000000000000000000e+00
3.137052497494418057e-01 -2.036342276970460330e-01 -9.186864070690166084e-01 0.000000000000000000e+00
-4.915081328013144457e-01 -2.226288759850235888e+00 6.117057371749275996e-01 0.000000000000000000e+00
4.590355434985938565e+00 -2.042428301385250111e-01 -4.117874610678735614e+00 0.000000000000000000e+00
-4.597562502488847791e+00 -1.153968565272846414e+00 1.970091759154807054e+00 0.000000000000000000e+00
-4.171407713949581542e+00 -6.336189283445456510e+00 4.146086713942159996e+00 0.000000000000000000e+00
1.508512086392520768e+00 -2.357984165671718646e+00 -1.749960244640362816e+00 0.000000000000000000e+00
-2.361377583466563124e+00 -1.104340218492953163e+00 6.906614674950034560e-01 0.000000000000000000e+00
