9.681708667836466664e-02 -9.560611864123250703e-01 -3.942114475444361867e-04 -2.113316453554100194e-01
7.700370110458347982e-03 -7.839455328910399645e-01 -5.125743254020337369e-02 3.426939113814342353e-01
2.955360181277006393e-01 1.169941313842296216e-01 6.382201824234984278e-02 9.617084165652695082e-02
-9.479527501388999022e-01 -6.258799373261561549e-02 -4.192701391192399374e-01 -5.753465849733961912e-01
-4.514117894869682512e-01 -1.995930478437789368e+00 4.660886850877599130e-01 5.677418097516797602e-01
4.708896314286627194e-02 -5.027048742070043541e-02 -1.922334757312095799e-01 -4.113362404848032450e-02
1.029852853144244129e+00 2.423539789424419055e+00 5.396634339678730852e-01 7.061480003948599204e-01
-7.025111408003267277e-01 -4.190431430486707409e-01 -1.864565952315973274e-01 -3.328756154702217640e-01
5.220424566953890677e-02 1.091720926049163931e-01 -8.239886942065419162e-02 3.377369447833672989e-01
5.602382175749361926e-01 2.319299513621073672e-01 3.396214040391901667e-01 3.962459479670986662e-01
-9.109912299759473919e-01 -1.794517774378060260e+00 -9.451622320673148669e-01 -8.822570963635137931e-01
3.946452010619952433e-01 2.368446351352189172e-01 -4.434379462622992790e-02 1.752044204647503767e-01
8.175849921574476209e-01 2.049381795262261718e+00 -6.637073945058024060e-01 -1.175591845226625631e-01
-1.518624578157258542e-01 -3.425162898533841704e-01 7.887334227819654819e-03 -4.225999111329351021e-01
-1.095045874886908521e-01 3.430203046083856594e-02 -1.353162034272321901e-01 3.358454891316925428e-02
2.460046210097507624e-01 3.527132745151863258e+00 -5.550110176193954192e-01 2.175681461599295319e-01
6.321402902932037049e-02 2.820278261423476707e-01 4.154532920193657053e-01 1.210649790890471200e-01
1.334985476294615891e-02 -7.619101525022659548e-03 9.557543671625249315e-01 2.101828933037912933e-02
-1.728401784985764827e-02 1.734162415653694653e-03 2.517131404945381901e-01 -2.086528356681922533e-03
-8.436052513210390291e-02 -3.619509874428910451e-02 -8.644644600510491966e-03 -5.678083378996143238e-02
1.754219300428243311e-01 3.785853774989205167e-01 -1.672426417771791796e-01 2.202814666378294928e-01
-7.628009524336659686e-02 -3.680771900167908312e-02 1.472418039151971413e-02 -2.528394689611985699e-02
-4.288257499112377302e-01 -6.924262453675400497e-01 3.802369690771608690e-01 -1.941436492448095352e-01
3.018381580858159330e-02 -6.091603225616741557e-03 7.470182971834450625e-02 -6.777341946937733182e-03
-2.768944842227830799e-02 9.408130271156800450e-02 1.881362095658094258e-01 8.559384296200894804e-02
1.131585348050438561e-01 -1.643617165389036572e+00 1.906360202761501643e+00 -1.696752535168840892e-01
-1.384492265762828946e-02 -1.566596981588841975e-01 -8.135839792625552125e-01 -1.010099348812594361e-01
1.028292849532562274e-02 1.679365551356952219e-03 -2.595932304282425052e-01 -3.624433250872133219e-03
1.303582885575342749e-02 -1.383858307431255329e-03 -2.454531775619900325e-02 1.303048001341589393e-04
6.307806086187029981e-01 4.990471323405774595e-01 6.414163387368634894e-02 -3.827827928605070928e-02
3.765554723553029004e-01 -9.427415419295717691e-02 7.997912421109867331e-01 -2.518894980434774333e-02
1.137296665239330984e-01 -2.304860422225149530e-03 -3.249670055802262869e-01 1.250624926424105318e-02
2.976353691336703147e-02 8.434256895637742141e-03 -2.981346861680519988e-01 -2.199152324960109827e-03
7.397337600892392624e-03 1.247761777924410228e-03 4.349931926534156279e-03 2.329882270237617140e-04
3.829957151033298590e-01 8.458423936816337196e-01 4.101738740762134183e-01 4.276612021472961378e-01
6.703242381038219087e-03 1.601378482452737572e-03 1.336106873497659546e-02 1.156863368581237742e-03
