4.093488071538036940e-03 3.421313725971061870e-02 -1.563124020326177310e-03 -1.219965856567709062e-02
-7.105122637725849732e-02 -4.026923118880694485e-02 -6.180458068284469531e-02 -7.261993664597400644e-02
-7.107850509710930687e-02 -6.300313263212001247e-02 -6.733725623810428440e-02 -6.883535395784461108e-02
-2.022462893860849931e-01 -2.182211166090121390e-01 -1.931773290939725052e-01 -1.806744454080561890e-01
-4.427596299160666514e-03 5.401027071587960471e-03 -2.672491424428327655e-02 -9.447776602343770092e-03
2.622184228630261593e-04 -1.063659282616834234e-03 1.479440194199405090e-03 1.064607987139171152e-03
-4.854206049549383145e-02 -1.491301552236513062e-01 -6.637518391335525680e-02 -4.432180607274567585e-02
4.556569446470402907e-02 4.276446061536987725e-02 3.730094061688043333e-02 3.911873452601476175e-02
7.506236062228687379e-04 -3.683676181953746132e-02 3.257246280984719966e-03 3.433771012540170683e-03
7.191203345205053957e-03 5.819939893086781280e-03 9.324977325045648302e-04 -4.642766975400051954e-03
-6.308038368256437683e-03 6.304767373599536040e-02 1.497367955991563138e-03 -1.192790838528398623e-02
-1.620106322519787242e-02 -1.550737087972613518e-02 -9.743867060253427054e-03 -1.057897925501977490e-02
2.098897167988478338e-03 2.714158242085146222e-02 3.036820770501999500e-02 1.692659785696085800e-02
3.566464692548892458e-04 2.140070312318654092e-02 -4.997428054381296281e-03 -2.899144810483634399e-03
-7.420756137922518599e-04 3.284420073385951530e-03 -1.129215464616868669e-03 -5.763941754104578985e-04
9.073721035777433186e-04 -5.367894071672091316e-02 1.228239017428192636e-02 4.971263462399955202e-03
6.167294567055843718e-04 1.680767939237420849e-02 -1.057740010780343354e-03 1.121453340470437987e-03
6.487647026974127607e-04 -8.561401644669730526e-03 1.921336491480449271e-04 6.284121338824590064e-04
3.905900132136356563e-04 -9.075413496139467240e-04 -9.228207795060165697e-05 1.460823355818249847e-04
-1.726850850343474280e-03 -6.374592665279914597e-04 -4.086311463730280761e-04 4.428098761996420926e-04
-1.073297182695595077e-02 -1.808805778462703115e-02 -1.037480403429260484e-02 -7.785950730446767123e-03
2.718391272576961559e-03 2.103051283918573426e-03 1.043102131091919616e-03 1.188984245979704622e-03
-3.748516694328629228e-03 -4.543919115499985006e-02 -1.425112562311368902e-02 -1.115658537086135563e-02
9.231483080705913270e-05 -8.231206918947126319e-04 2.403173993308282616e-04 8.974527336762542704e-05
-1.901968892779281033e-03 -9.373392106236198146e-04 1.314806067748508153e-03 5.328409951290847407e-04
-1.249261683840638567e-04 6.232117931991229542e-02 -1.062719973937268497e-02 -4.630594797824759412e-03
5.705669595140609772e-04 -1.931604099084361162e-02 -1.327359210975473380e-03 1.116275077486517109e-04
-1.746163473554058012e-04 4.454205149587199541e-04 -1.986749255980593820e-04 -8.961536917903578647e-05
1.004967882499192703e-04 3.293358365162625534e-04 3.498454149181325079e-05 -5.441216220198295817e-05
2.525551321772915615e-03 1.173210231637546175e-02 1.277486925128250468e-02 -1.308187222570553719e-03
5.097883590586047182e-03 2.255390835822122797e-02 8.459632557078317419e-03 7.510250077248006167e-04
2.544087042551710851e-03 7.432152181540696567e-03 1.333162636464839748e-03 2.862132449446305564e-04
2.077840757712162885e-04 1.979353804715949794e-04 9.433159237787550055e-05 2.576262762488991387e-05
-1.901247023805861314e-04 -6.468277862762454936e-06 -3.065480300135613179e-05 -7.727579483893503437e-06
7.872380013350525063e-01 7.768469956183284841e-01 7.889624031906552482e-01 7.912832086697985101e-01
6.165832232417670609e-04 4.289922734198027375e-05 3.915883681372484064e-05 1.302934877459791720e-05
