6.803502689949366911e+00 -1.343784905360601245e+00 2.809401694722324816e+00 0.000000000000000000e+00
-1.370693432586489902e+00 -8.903160368885379983e-01 2.315643236364191893e+00 0.000000000000000000e+00
1.693806980919984495e+00 4.081723925912390527e+00 1.669466393266553661e+00 0.000000000000000000e+00
9.252174777534806216e-01 -1.283387908944803923e+00 -3.241579874091583546e-01 0.000000000000000000e+00
-3.531248690120068812e+00 -4.615803061911878391e-01 -3.368094238587371336e-01 0.000000000000000000e+00
-3.648572870808516333e-01 4.264620320802174902e+00 -1.273916131956658759e+00 0.000000000000000000e+00
4.876428772451715687e+00 1.746515107017094115e+00 2.455143907013850324e-01 0.000000000000000000e+00
5.627129814343613257e-01 2.817584190680984868e+00 4.401344269224988004e+00 0.000000000000000000e+00
-9.129879283617964303e-01 -2.247521323118570891e+00 1.727371769278593039e+00 0.000000000000000000e+00
-6.767464643439803362e-01 3.039016957309003120e-01 2.236831001927361007e-01 0.000000000000000000e+00
-2.105053956306348617e+00 -4.281343841429688379e-01 -7.067467307844218505e-01 0.000000000000000000e+00
8.409012429314167703e-01 2.128653481622860166e+00 3.233513061907350217e+00 0.000000000000000000e+00
-1.378420403497641056e+00 2.439488666977950304e-01 7.869273845723473437e-01 0.000000000000000000e+00
1.292406920290922523e+00 1.198428067513050310e+00 -3.096374569873792559e+00 0.000000000000000000e+00
9.423263454778531001e-01 -1.619432107526575404e+00 -2.255585692740355308e-01 0.000000000000000000e+00
1.699808181777747285e+00 2.493918243269147017e-01 1.329896849072115694e+00 0.000000000000000000e+00
-4.580437285417280791e+00 9.690975421005039170e-01 1.437227232267884180e-01 0.000000000000000000e+00
1.603747455223873963e-01 2.094214495983570234e+00 -2.803894311331909250e+00 0.000000000000000000e+00
5.294084090145582344e+00 3.470613118367808614e+00 -1.786127334140616973e+00 0.000000000000000000e+00
3.028521731223527524e+00 -1.114933404517441107e-01 -2.481490767074985282e+00 0.000000000000000000e+00
5.054625876581916311e-01 1.270618748478770932e-01 2.073879745134783736e-01 0.000000000000000000e+00
2.810267110038693339e+00 1.245189926778359935e+00 -4.528925642098691751e-01 0.000000000000000000e+00
1.316888379576954538e-01 4.331932496882906491e-01 -3.120059576123867529e-01 0.000000000000000000e+00
4.025861762624801443e+00 -2.081194025539734316e+00 -5.717662327172244652e+00 0.000000000000000000e+00
-9.740774800423804836e-01 -3.322732025784809751e-01 -3.494691520306039689e-01 0.000000000000000000e+00
7.249762742299041829e-01 -5.976745359224505671e-01 -2.014018657127677248e+00 0.000000000000000000e+00
1.323618094683712831e+00 -2.940410511865405141e+00 -3.694553061105999348e+00 0.000000000000000000e+00
1.322099084117630108e+00 -8.627993193275640404e-01 -1.084578583734202795e+00 0.000000000000000000e+00
1.238163170536253466e+00 1.089407991337034254e+00 1.998691593678220135e+00 0.000000000000000000e+00
-1.975896074809180059e+00 -6.256358328348703424e-01 5.267876885343529825e-01 0.000000000000000000e+00
6.628603319959075257e+00 1.292114119446039044e+00 -2.821043623482359930e+00 0.000000000000000000e+00
-2.877888858642174696e+00 1.273838374034760523e+00 1.322075534621911075e+00 0.000000000000000000e+00
-4.381464967721839798e+00 3.950386500693787273e+00 -2.281889260625633575e-01 0.000000000000000000e+00
-1.491925114670097918e-01 2.140180787547194985e+00 -1.735652060322413259e+00 0.000000000000000000e+00
1.075776619382181609e+00 2.104951045563380418e+00 -6.310343665352364795e-01 0.000000000000000000e+00
