-1.411871088534682128e+00 3.167981350018563881e-03 -2.479571487668557062e-01 0.000000000000000000e+00
-7.634893682033024875e-01 -3.940463803155979772e+00 1.673227868866170587e-01 0.000000000000000000e+00
3.736858093120602464e-01 1.741475193032602009e+00 -1.954345243862963155e+00 0.000000000000000000e+00
3.834288610458911783e+00 8.746646764792388451e-01 -4.559387730384973914e+00 0.000000000000000000e+00
-4.038577030008916324e-01 -2.369798412643441488e+00 1.101959093189565309e+00 0.000000000000000000e+00
-5.833146482818206913e+00 1.092087761867524820e-01 -2.491519121113335622e+00 0.000000000000000000e+00
-3.742502025602271187e-01 5.727995035008500047e+00 -1.941999006192138832e+00 0.000000000000000000e+00
2.803355459952892037e-01 6.999597629203471172e-01 -2.346174929647238283e+00 0.000000000000000000e+00
7.870734783613820840e-01 7.893268285225188974e-01 1.595867730550228458e+00 0.000000000000000000e+00
1.009202991039809927e+00 5.924150364243249811e+00 1.753066662710245360e+00 0.000000000000000000e+00
1.564588909437270303e-01 -7.365408914725669609e-01 9.565306082120966780e-01 0.000000000000000000e+00
-1.999618814961221513e-01 1.269756068154468620e+00 -9.032717081645799118e-01 0.000000000000000000e+00
-1.194165997523845280e-02 -1.814382360051788545e+00 2.059605397595546172e+00 0.000000000000000000e+00
-5.217162798303268900e+00 4.106754714681294938e-01 -1.933982170386502997e+00 0.000000000000000000e+00
-1.571127558469149310e+00 3.065974320023151733e+00 -8.704545069648371713e-01 0.000000000000000000e+00
-8.758256194141573747e-01 -4.079275159451841749e-03 1.322070137954792501e-01 0.000000000000000000e+00
-2.365547843893935465e+00 1.296420863501187792e+00 -2.728111105023330207e+00 0.000000000000000000e+00
-6.840962424425276467e+00 -2.714223953542628909e+00 -2.490612821461429593e+00 0.000000000000000000e+00
-2.474118238802716363e-01 1.215770089680136889e+00 -1.915035534348619395e+00 0.000000000000000000e+00
4.064975697414747735e-01 -1.530168813320472943e+00 6.446143920443976605e-02 0.000000000000000000e+00
5.984257583314389617e-01 -2.150457708043979413e-02 -3.918705999074675872e-01 0.000000000000000000e+00
-1.045059914608890361e+00 1.908674052382091091e+00 1.037044011274639022e-01 0.000000000000000000e+00
-2.001486820502835773e-01 5.759521174463502202e-01 -4.854733121678141416e-01 0.000000000000000000e+00
-4.295668257700616444e+00 1.517950561297205292e+00 -1.091810478165168741e+00 0.000000000000000000e+00
5.830242228743438559e-01 -1.330676469000608764e+00 -1.215843843084491848e-03 0.000000000000000000e+00
-1.230375381546299884e+00 -1.325278357975050447e+00 -1.018236658744296586e+00 0.000000000000000000e+00
-5.632460048747647718e+00 1.739881933660304636e+00 1.404064930130898059e+00 0.000000000000000000e+00
-5.573339250390294985e+00 -1.017755023618538868e+00 -5.662937378054085258e+00 0.000000000000000000e+00
-5.374125614672761037e-02 -4.178794001968549332e-01 1.607105811767375103e+00 0.000000000000000000e+00
1.037840178025180471e+00 1.174587914878031103e-01 1.725936614658151846e+00 0.000000000000000000e+00
-1.590126272573809896e+00 1.707853835424027800e+00 -6.865144095291658033e+00 0.000000000000000000e+00
5.708604820723500062e+00 -2.187282006336765949e+00 -9.896107286876317799e-01 0.000000000000000000e+00
-2.002593446519067122e+00 -2.316000031133221615e+00 2.685587240311609225e+00 0.000000000000000000e+00
-7.845129073167781408e-01 4.147770148803987533e-01 -2.464898209713464183e+00 0.000000000000000000e+00
-4.969741405803913548e-01 3.092364383118994642e+00 5.882367122402418769e-01 0.000000000000000000e+00
