-2.426087352052053170e+00 3.072304227820464861e-01 -2.759076230986764244e+00 0.000000000000000000e+00
4.477602204564579580e+00 3.052625756333464668e+00 -3.794243465943684113e-01 0.000000000000000000e+00
2.962035074534152823e+00 -3.333755001763795356e+00 -2.057757283556107542e-01 0.000000000000000000e+00
4.633838491898205347e-02 -3.675630446230929049e+00 -1.081440935281226201e+00 0.000000000000000000e+00
1.066118413768901263e+00 1.697243301416637984e-01 1.076057210167444378e+00 0.000000000000000000e+00
-4.131900214696855755e+00 1.873536412787373928e+00 4.622793525693634109e+00 0.000000000000000000e+00
-3.999499274098817558e+00 -3.660083489582500516e+00 -3.360637565900750912e-01 0.000000000000000000e+00
2.279404728248696888e+00 2.483092972963071576e-01 -2.900609380637786949e-01 0.000000000000000000e+00
2.315374689477275094e+00 -9.564860931124383736e-01 -3.253362608141219692e+00 0.000000000000000000e+00
4.100272773520655001e+00 2.360100460916618292e+00 1.100590151144669848e+00 0.000000000000000000e+00
-6.003192328170686709e-01 2.058796249695411251e-01 1.584745612907703549e+00 0.000000000000000000e+00
-1.883441061882762169e+00 -2.332107830296353157e+00 -4.899020485369649514e-01 0.000000000000000000e+00
-7.820742143408179192e-01 6.941080840212300596e-02 -7.130461978484798902e-01 0.000000000000000000e+00
-2.016007503483697505e+00 -2.894303900188998746e+00 8.234470559288307179e-01 0.000000000000000000e+00
1.382801333998887827e+00 -6.032824419495747215e+00 -2.608937059659394153e-01 0.000000000000000000e+00
2.901471948010014401e+00 -5.921179091605042188e-01 -3.558317207151937556e-01 0.000000000000000000e+00
1.553621001938791490e+00 -2.268089632165204428e+00 -1.352166654764367371e+00 0.000000000000000000e+00
-3.053713110868305769e+00 4.405890970989576161e+00 5.327994254266641860e+00 0.000000000000000000e+00
2.878404186323408442e+00 3.267633055746272497e+00 -1.365151384262562329e-01 0.000000000000000000e+00
-5.689137727761250929e+00 -2.781468729982052857e-01 2.641523027381579514e+00 0.000000000000000000e+00
5.489856228696841089e-01 1.230835119073331457e-01 3.426775567284051638e-01 0.000000000000000000e+00
-1.097662839212925068e+00 -1.378864954632093243e+00 -3.659024988491560659e+00 0.000000000000000000e+00
7.951653376422176400e-01 3.030794369141612821e-01 1.453208950373260144e+00 0.000000000000000000e+00
-4.358316940602418477e+00 -4.025090257378337588e-01 -6.776261122742902820e+00 0.000000000000000000e+00
-5.905958737379422008e-01 2.055956747381230798e+00 -2.828173336117629222e-01 0.000000000000000000e+00
-3.240246829721364907e+00 2.011955802107745050e+00 -1.110723281757622471e+00 0.000000000000000000e+00
-1.990772480165444058e+00 -2.199484738168369091e+00 -2.958745902920974391e+00 0.000000000000000000e+00
-5.581365783895952504e+00 5.140074218417277407e+00 5.280206726060403949e-02 0.000000000000000000e+00
5.269179763437461528e-01 2.030408879119289800e+00 2.204729645297957674e+00 0.000000000000000000e+00
1.451251900664940697e+00 1.322785685964563029e+00 -3.451533436491886486e-01 0.000000000000000000e+00
2.319942858010407338e+00 5.708322691117240666e+00 -8.724913110057457288e+00 0.000000000000000000e+00
5.161382969637423379e+00 -9.240953150965646179e-01 -1.097636665348013407e+00 0.000000000000000000e+00
-8.497457798304649534e-01 3.429584054402709192e+00 5.093954852407198253e+00 0.000000000000000000e+00
4.018444401400323329e+00 -1.177738156954595272e-01 -4.412477399314697624e-01 0.000000000000000000e+00
-2.406361234482369493e+00 -3.906387028821412866e+00 -1.832600520879293704e+00 0.000000000000000000e+00
