-1.000000000000000000e+00
-9.994154592631757650e-01
-9.988310894202387935e-01
-9.982468904711893076e-01
-9.976628624160273073e-01
-9.970790052547525706e-01
-9.964953189873650974e-01
-9.959118036138651098e-01
-9.953284591342526078e-01
-9.947452855485273693e-01
-9.941622828566893944e-01
-9.935794510587389050e-01
-9.929967901546757902e-01
-9.924143001445001611e-01
-9.918319810282115734e-01
-9.912498328058105823e-01
-9.906678554772970768e-01
-9.900860490426708349e-01
-9.895044135019317455e-01
-9.889229488550803637e-01
-9.883416551021162455e-01
-9.877605322430395018e-01
-9.871795802778500217e-01
-9.865987992065480272e-01
-9.860181890291334073e-01
-9.854377497456062729e-01
-9.848574813559661800e-01
-9.842773838602136838e-01
-9.836974572583485621e-01
-9.831177015503709260e-01
-9.825381167362803314e-01
-9.819587028160773334e-01
-9.813794597897617100e-01
-9.808003876573334612e-01
-9.802214864187924759e-01
-9.796427560741389762e-01
-9.790641966233728510e-01
-9.784858080664938784e-01
-9.779075904035025024e-01
-9.773295436343985010e-01
-9.767516677591818741e-01
-9.761739627778525108e-01
-9.755964286904106331e-01
-9.750190654968561299e-01
-9.744418731971890013e-01
-9.738648517914090252e-01
-9.732880012795166458e-01
-9.727113216615116409e-01
-9.721348129373940106e-01
-9.715584751071635328e-01
-9.709823081708206516e-01
-9.704063121283651450e-01
-9.698304869797970129e-01
-9.692548327251160334e-01
-9.686793493643226505e-01
-9.681040368974166421e-01
-9.675288953243980083e-01
-9.669539246452665271e-01
-9.663791248600226425e-01
-9.658044959686661324e-01
-9.652300379711969969e-01
-9.646557508676150139e-01
-9.640816346579206275e-01
-9.635076893421136157e-01
-9.629339149201939785e-01
-9.623603113921614938e-01
-9.617868787580166057e-01
-9.612136170177589811e-01
-9.606405261713888422e-01
-9.600676062189058557e-01
-9.594948571603104659e-01
-9.589222789956024506e-01
-9.583498717247818099e-01
-9.577776353478482108e-01
-9.572055698648023192e-01
-9.566336752756438022e-01
-9.560619515803724378e-01
-9.554903987789886699e-01
-9.549190168714921656e-01
-9.543478058578831469e-01
-9.537767657381612807e-01
-9.532058965123270111e-01
-9.526351981803800051e-01
-9.520646707423204846e-01
-9.514943141981481167e-01
-9.509241285478633454e-01
-9.503541137914658377e-01
-9.497842699289558155e-01
-9.492145969603329458e-01
-9.486450948855975618e-01
-9.480757637047496633e-01
-9.475066034177891394e-01
-9.469376140247156570e-01
-9.463687955255298823e-01
-9.458001479202313710e-01
-9.452316712088203454e-01
-9.446633653912964723e-01
-9.440952304676600848e-01
-9.435272664379111829e-01
-9.429594733020495445e-01
-9.423918510600751697e-01
-9.418243997119882804e-01
-9.412571192577888768e-01
-9.406900096974768477e-01
-9.401230710310518601e-01
-9.395563032585145802e-01
-9.389897063798645638e-01
-9.384232803951018109e-01
-9.378570253042265437e-01
-9.372909411072387620e-01
-9.367250278041382439e-01
-9.361592853949251003e-01
-9.355937138795992203e-01
-9.350283132581608259e-01
-9.344630835306099170e-01
-9.338980246969460497e-01
-9.333331367571698900e-01
-9.327684197112809938e-01
-9.322038735592794723e-01
-9.316394983011652142e-01
-9.310752939369384418e-01
-9.305112604665991549e-01
-9.299473978901471316e-01
-9.293837062075822608e-01
-9.288201854189050977e-01
-9.282568355241151981e-01
-9.276936565232126730e-01
-9.271306484161974115e-01
-9.265678112030696356e-01
-9.260051448838292343e-01
-9.254426494584762075e-01
-9.248803249270104443e-01
-9.243181712894321667e-01
-9.237561885457412636e-01
-9.231943766959377351e-01
-9.226327357400214701e-01
-9.220712656779926908e-01
-9.215099665098512860e-01
-9.209488382355972558e-01
-9.203878808552304891e-01
-9.198270943687512080e-01
-9.192664787761593015e-01
-9.187060340774547695e-01
-9.181457602726373901e-01
-9.175856573617076073e-01
-9.170257253446653101e-01
-9.164659642215100543e-01
-9.159063739922423952e-01
-9.153469546568621107e-01
-9.147877062153692007e-01
-9.142286286677636653e-01
-9.136697220140452824e-01
-9.131109862542144961e-01
-9.125524213882710844e-01
-9.119940274162148253e-01
-9.114358043380461627e-01
-9.108777521537648747e-01
-9.103198708633709613e-01
-9.097621604668643114e-01
-9.092046209642451471e-01
-9.086472523555133574e-01
-9.080900546406688312e-01
-9.075330278197116796e-01
-9.069761718926419025e-01
-9.064194868594596111e-01
-9.058629727201646942e-01
-9.053066294747569298e-01
-9.047504571232367621e-01
-9.041944556656039689e-01
-9.036386251018585503e-01
-9.030829654320002842e-01
-9.025274766560296147e-01
-9.019721587739463198e-01
-9.014170117857503994e-01
-9.008620356914416316e-01
-9.003072304910203494e-01
-8.997525961844865527e-01
-8.991981327718401307e-01
-8.986438402530808611e-01
-8.980897186282091882e-01
-8.975357678972248898e-01
-8.969819880601278550e-01
-8.964283791169180837e-01
-8.958749410675959091e-01
-8.953216739121611090e-01
-8.947685776506133504e-01
-8.942156522829532994e-01
-8.936628978091806230e-01
-8.931103142292953212e-01
-8.925579015432970609e-01
-8.920056597511865082e-01
-8.914535888529633301e-01
-8.909016888486274155e-01
-8.903499597381787645e-01
-8.897984015216177101e-01
-8.892470141989440302e-01
-8.886957977701576139e-01
-8.881447522352584611e-01
-8.875938775942469050e-01
-8.870431738471226124e-01
-8.864926409938858054e-01
-8.859422790345360399e-01
-8.853920879690739820e-01
-8.848420677974992987e-01
-8.842922185198118790e-01
-8.837425401360117228e-01
-8.831930326460990521e-01
-8.826436960500738671e-01
-8.820945303479359456e-01
-8.815455355396852877e-01
-8.809967116253221153e-01
-8.804480586048464286e-01
-8.798995764782580054e-01
-8.793512652455568457e-01
-8.788031249067431716e-01
-8.782551554618169831e-01
-8.777073569107779472e-01
-8.771597292536263968e-01
-8.766122724903622210e-01
-8.760649866209855308e-01
-8.755178716454961041e-01
-8.749709275638939410e-01
-8.744241543761792634e-01
-8.738775520823519605e-01
-8.733311206824119211e-01
-8.727848601763593672e-01
-8.722387705641942990e-01
-8.716928518459164943e-01
-8.711471040215260642e-01
-8.706015270910228976e-01
-8.700561210544072166e-01
-8.695108859116789102e-01
-8.689658216628378673e-01
-8.684209283078843100e-01
-8.678762058468181273e-01
-8.673316542796394302e-01
-8.667872736063477745e-01
-8.662430638269437155e-01
-8.656990249414270311e-01
-8.651551569497978322e-01
-8.646114598520556749e-01
-8.640679336482011141e-01
-8.635245783382339280e-01
-8.629813939221542274e-01
-8.624383803999615683e-01
-8.618955377716565058e-01
-8.613528660372388179e-01
-8.608103651967082826e-01
-8.602680352500654548e-01
-8.597258761973098906e-01
-8.591838880384417010e-01
-8.586420707734608859e-01
-8.581004244023672234e-01
-8.575589489251611575e-01
-8.570176443418424661e-01
-8.564765106524110383e-01
-8.559355478568670961e-01
-8.553947559552105284e-01
-8.548541349474413353e-01
-8.543136848335595168e-01
-8.537734056135648508e-01
-8.532332972874577814e-01
-8.526933598552380866e-01
-8.521535933169055443e-01
-8.516139976724605987e-01
-8.510745729219030276e-01
-8.505353190652328310e-01
-8.499962361024497870e-01
-8.494573240335543396e-01
-8.489185828585462668e-01
-8.483800125774255685e-01
-8.478416131901920227e-01
-8.473033846968460736e-01
-8.467653270973874990e-01
-8.462274403918162990e-01
-8.456897245801322516e-01
-8.451521796623358007e-01
-8.446148056384266134e-01
-8.440776025084049117e-01
-8.435405702722703625e-01
-8.430037089300234099e-01
-8.424670184816638319e-01
-8.419304989271916284e-01
-8.413941502666065775e-01
-8.408579724999090121e-01
-8.403219656270989324e-01
-8.397861296481760052e-01
-8.392504645631406746e-01
-8.387149703719927185e-01
-8.381796470747320260e-01
-8.376444946713588191e-01
-8.371095131618727647e-01
-8.365747025462743069e-01
-8.360400628245631127e-01
-8.355055939967391820e-01
-8.349712960628028480e-01
-8.344371690227538885e-01
-8.339032128765921925e-01
-8.333694276243179822e-01
-8.328358132659309243e-01
-8.323023698014313521e-01
-8.317690972308192654e-01
-8.312359955540943313e-01
-8.307030647712568827e-01
-8.301703048823069198e-01
-8.296377158872443314e-01
-8.291052977860687845e-01
-8.285730505787809452e-01
-8.280409742653804805e-01
-8.275090688458672794e-01
-8.269773343202413418e-01
-8.264457706885028898e-01
-8.259143779506519234e-01
-8.253831561066882205e-01
-8.248521051566117812e-01
-8.243212251004229385e-01
-8.237905159381213593e-01
-8.232599776697072658e-01
-8.227296102951802137e-01
-8.221994138145408693e-01
-8.216693882277887884e-01
-8.211395335349241931e-01
-8.206098497359466393e-01
-8.200803368308567931e-01
-8.195509948196542105e-01
-8.190218237023388914e-01
-8.184928234789110579e-01
-8.179639941493705990e-01
-8.174353357137176257e-01
-8.169068481719519159e-01
-8.163785315240734697e-01
-8.158503857700825090e-01
-8.153224109099789230e-01
-8.147946069437626004e-01
-8.142669738714337635e-01
-8.137395116929923011e-01
-8.132122204084383243e-01
-8.126851000177716111e-01
-8.121581505209920504e-01
-8.116313719181001973e-01
-8.111047642090956078e-01
-8.105783273939781708e-01
-8.100520614727484414e-01
-8.095259664454059756e-01
-8.090000423119508843e-01
-8.084742890723829456e-01
-8.079487067267027145e-01
-8.074232952749097469e-01
-8.068980547170041540e-01
-8.063729850529857135e-01
-8.058480862828549807e-01
-8.053233584066115114e-01
-8.047988014242554167e-01
-8.042744153357864745e-01
-8.037502001412051289e-01
-8.032261558405111579e-01
-8.027022824337046725e-01
-8.021785799207852286e-01
-8.016550483017533812e-01
-8.011316875766089085e-01
-8.006084977453518103e-01
-8.000854788079818647e-01
-7.995626307644995157e-01
-7.990399536149045412e-01
-7.985174473591968303e-01
-7.979951119973766049e-01
-7.974729475294437542e-01
-7.969509539553982780e-01
-7.964291312752401764e-01
-7.959074794889692273e-01
-7.953859985965858748e-01
-7.948646885980898968e-01
-7.943435494934810714e-01
-7.938225812827598427e-01
-7.933017839659259884e-01
-7.927811575429795088e-01
-7.922607020139201817e-01
-7.917404173787484511e-01
-7.912203036374640952e-01
-7.907003607900670028e-01
-7.901805888365572850e-01
-7.896609877769349417e-01
-7.891415576112000840e-01
-7.886222983393526009e-01
-7.881032099613922703e-01
-7.875842924773195364e-01
-7.870655458871341770e-01
-7.865469701908361921e-01
-7.860285653884253598e-01
-7.855103314799020131e-01
-7.849922684652661520e-01
-7.844743763445176654e-01
-7.839566551176563314e-01
-7.834391047846825940e-01
-7.829217253455961201e-01
-7.824045168003969097e-01
-7.818874791490852960e-01
-7.813706123916610569e-01
-7.808539165281241923e-01
-7.803373915584745912e-01
-7.798210374827122537e-01
-7.793048543008375129e-01
-7.787888420128500355e-01
-7.782730006187498217e-01
-7.777573301185372046e-01
-7.772418305122119619e-01
-7.767265017997739829e-01
-7.762113439812234894e-01
-7.756963570565601485e-01
-7.751815410257842931e-01
-7.746668958888959233e-01
-7.741524216458947061e-01
-7.736381182967809744e-01
-7.731239858415547284e-01
-7.726100242802157458e-01
-7.720962336127640269e-01
-7.715826138391999045e-01
-7.710691649595230457e-01
-7.705558869737336725e-01
-7.700427798818313407e-01
-7.695298436838167166e-01
-7.690170783796893561e-01
-7.685044839694494812e-01
-7.679920604530967587e-01
-7.674798078306315219e-01
-7.669677261020536596e-01
-7.664558152673632829e-01
-7.659440753265600588e-01
-7.654325062796443202e-01
-7.649211081266159562e-01
-7.644098808674750778e-01
-7.638988245022212409e-01
-7.633879390308551116e-01
-7.628772244533762459e-01
-7.623666807697846437e-01
-7.618563079800805271e-01
-7.613461060842637851e-01
-7.608360750823345287e-01
-7.603262149742925358e-01
-7.598165257601378064e-01
-7.593070074398705627e-01
-7.587976600134906935e-01
-7.582884834809980878e-01
-7.577794778423929678e-01
-7.572706430976752223e-01
-7.567619792468449624e-01
-7.562534862899019661e-01
-7.557451642268461223e-01
-7.552370130576779861e-01
-7.547290327823971134e-01
-7.542212234010033933e-01
-7.537135849134972698e-01
-7.532061173198786319e-01
-7.526988206201472575e-01
-7.521916948143032577e-01
-7.516847399023464105e-01
-7.511779558842771598e-01
-7.506713427600953947e-01
-7.501649005298006712e-01
-7.496586291933935442e-01
-7.491525287508737918e-01
-7.486465992022414140e-01
-7.481408405474962997e-01
-7.476352527866386710e-01
-7.471298359196684169e-01
-7.466245899465853153e-01
-7.461195148673898103e-01
-7.456146106820816799e-01
-7.451098773906609241e-01
-7.446053149931275428e-01
-7.441009234894814250e-01
-7.435967028797227929e-01
-7.430926531638515353e-01
-7.425887743418674303e-01
-7.420850664137709218e-01
-7.415815293795617880e-01
-7.410781632392400287e-01
-7.405749679928056439e-01
-7.400719436402584117e-01
-7.395690901815987761e-01
-7.390664076168265151e-01
-7.385638959459414066e-01
-7.380615551689438947e-01
-7.375593852858337574e-01
-7.370573862966109946e-01
-7.365555582012754954e-01
-7.360539009998273707e-01
-7.355524146922666207e-01
-7.350510992785933562e-01
-7.345499547588072442e-01
-7.340489811329087289e-01
-7.335481784008975881e-01
-7.330475465627738219e-01
-7.325470856185374302e-01
-7.320467955681881911e-01
-7.315466764117264375e-01
-7.310467281491519476e-01
-7.305469507804650542e-01
-7.300473443056655354e-01
-7.295479087247533911e-01
-7.290486440377285104e-01
-7.285495502445908933e-01
-7.280506273453408728e-01
-7.275518753399782268e-01
-7.270532942285027334e-01
-7.265548840109147255e-01
-7.260566446872142032e-01
-7.255585762574010555e-01
-7.250606787214751714e-01
-7.245629520794365508e-01
-7.240653963312855268e-01
-7.235680114770218774e-01
-7.230707975166453805e-01
-7.225737544501563692e-01
-7.220768822775548434e-01
-7.215801809988405813e-01
-7.210836506140138047e-01
-7.205872911230741806e-01
-7.200911025260220422e-01
-7.195950848228573893e-01
-7.190992380135798889e-01
-7.186035620981898742e-01
-7.181080570766873450e-01
-7.176127229490720794e-01
-7.171175597153442993e-01
-7.166225673755036718e-01
-7.161277459295505299e-01
-7.156330953774847625e-01
-7.151386157193062587e-01
-7.146443069550153515e-01
-7.141501690846117079e-01
-7.136562021080955498e-01
-7.131624060254664332e-01
-7.126687808367250243e-01
-7.121753265418708789e-01
-7.116820431409039971e-01
-7.111889306338246008e-01
-7.106959890206326902e-01
-7.102032183013280431e-01
-7.097106184759107705e-01
-7.092181895443807615e-01
-7.087259315067382381e-01
-7.082338443629832003e-01
-7.077419281131152040e-01
-7.072501827571348043e-01
-7.067586082950418902e-01
-7.062672047268362396e-01
-7.057759720525179636e-01
-7.052849102720869512e-01
-7.047940193855434243e-01
-7.043032993928872720e-01
-7.038127502941183833e-01
-7.033223720892369801e-01
-7.028321647782429515e-01
-7.023421283611364085e-01
-7.018522628379171291e-01
-7.013625682085850022e-01
-7.008730444731405829e-01
-7.003836916315834271e-01
-6.998945096839134239e-01
-6.994054986301310173e-01
-6.989166584702359852e-01
-6.984279892042284388e-01
-6.979394908321081559e-01
-6.974511633538750255e-01
-6.969630067695294917e-01
-6.964750210790713325e-01
-6.959872062825004368e-01
-6.954995623798170268e-01
-6.950120893710209913e-01
-6.945247872561123303e-01
-6.940376560350908219e-01
-6.935506957079569101e-01
-6.930639062747103729e-01
-6.925772877353510992e-01
-6.920908400898793111e-01
-6.916045633382948976e-01
-6.911184574805978587e-01
-6.906325225167881943e-01
-6.901467584468656824e-01
-6.896611652708307671e-01
-6.891757429886832265e-01
-6.886904916004228383e-01
-6.882054111060500468e-01
-6.877205015055646298e-01
-6.872357627989665874e-01
-6.867511949862559195e-01
-6.862667980674324042e-01
-6.857825720424964855e-01
-6.852985169114479413e-01
-6.848146326742865497e-01
-6.843309193310127547e-01
-6.838473768816263343e-01
-6.833640053261272884e-01
-6.828808046645155061e-01
-6.823977748967910983e-01
-6.819149160229540652e-01
-6.814322280430045176e-01
-6.809497109569421225e-01
-6.804673647647673240e-01
-6.799851894664799001e-01
-6.795031850620798508e-01
-6.790213515515670650e-01
-6.785396889349415428e-01
-6.780581972122036172e-01
-6.775768763833528441e-01
-6.770957264483896676e-01
-6.766147474073138657e-01
-6.761339392601253273e-01
-6.756533020068242745e-01
-6.751728356474103743e-01
-6.746925401818840706e-01
-6.742124156102450305e-01
-6.737324619324932540e-01
-6.732526791486290740e-01
-6.727730672586522687e-01
-6.722936262625627268e-01
-6.718143561603606706e-01
-6.713352569520457669e-01
-6.708563286376183488e-01
-6.703775712170784162e-01
-6.698989846904256362e-01
-6.694205690576603418e-01
-6.689423243187825330e-01
-6.684642504737920987e-01
-6.679863475226889280e-01
-6.675086154654730208e-01
-6.670310543021447103e-01
-6.665536640327036633e-01
-6.660764446571498798e-01
-6.655993961754835819e-01
-6.651225185877047696e-01
-6.646458118938132209e-01
-6.641692760938091578e-01
-6.636929111876922471e-01
-6.632167171754628221e-01
-6.627406940571207716e-01
-6.622648418326659847e-01
-6.617891605020987944e-01
-6.613136500654188676e-01
-6.608383105226263154e-01
-6.603631418737210268e-01
-6.598881441187032237e-01
-6.594133172575729063e-01
-6.589386612903297413e-01
-6.584641762169740620e-01
-6.579898620375057572e-01
-6.575157187519249380e-01
-6.570417463602313823e-01
-6.565679448624250902e-01
-6.560943142585062837e-01
-6.556208545484748518e-01
-6.551475657323306834e-01
-6.546744478100740006e-01
-6.542015007817046923e-01
-6.537287246472228697e-01
-6.532561194066283106e-01
-6.527836850599209040e-01
-6.523114216071012050e-01
-6.518393290481687696e-01
-6.513674073831234868e-01
-6.508956566119659115e-01
-6.504240767346955998e-01
-6.499526677513126627e-01
-6.494814296618171001e-01
-6.490103624662088011e-01
-6.485394661644879877e-01
-6.480687407566545488e-01
-6.475981862427082625e-01
-6.471278026226495728e-01
-6.466575898964783686e-01
-6.461875480641944280e-01
-6.457176771257978620e-01
-6.452479770812884485e-01
-6.447784479306666316e-01
-6.443090896739321893e-01
-6.438399023110850106e-01
-6.433708858421253174e-01
-6.429020402670529988e-01
-6.424333655858680547e-01
-6.419648617985702632e-01
-6.414965289051600683e-01
-6.410283669056372480e-01
-6.405603758000016912e-01
-6.400925555882536200e-01
-6.396249062703928123e-01
-6.391574278464194903e-01
-6.386901203163335428e-01
-6.382229836801348588e-01
-6.377560179378236604e-01
-6.372892230893997256e-01
-6.368225991348631654e-01
-6.363561460742140907e-01
-6.358898639074523906e-01
-6.354237526345779541e-01
-6.349578122555910031e-01
-6.344920427704913157e-01
-6.340264441792790029e-01
-6.335610164819541756e-01
-6.330957596785165009e-01
-6.326306737689664228e-01
-6.321657587533037193e-01
-6.317010146315283903e-01
-6.312364414036404359e-01
-6.307720390696396340e-01
-6.303078076295264287e-01
-6.298437470833004870e-01
-6.293798574309618088e-01
-6.289161386725107272e-01
-6.284525908079470202e-01
-6.279892138372706878e-01
-6.275260077604816189e-01
-6.270629725775798136e-01
-6.266001082885656048e-01
-6.261374148934385486e-01
-6.256748923921990890e-01
-6.252125407848470040e-01
-6.247503600713821825e-01
-6.242883502518048466e-01
-6.238265113261146633e-01
-6.233648432943120765e-01
-6.229033461563967533e-01
-6.224420199123686936e-01
-6.219808645622282306e-01
-6.215198801059750311e-01
-6.210590665436093172e-01
-6.205984238751309778e-01
-6.201379521005396800e-01
-6.196776512198360898e-01
-6.192175212330198741e-01
-6.187575621400908110e-01
-6.182977739410492335e-01
-6.178381566358951416e-01
-6.173787102246283132e-01
-6.169194347072489704e-01
-6.164603300837566691e-01
-6.160013963541520754e-01
-6.155426335184347453e-01
-6.150840415766046787e-01
-6.146256205286622087e-01
-6.141673703746070023e-01
-6.137092911144392815e-01
-6.132513827481588242e-01
-6.127936452757656305e-01
-6.123360786972599223e-01
-6.118786830126416998e-01
-6.114214582219105187e-01
-6.109644043250670453e-01
-6.105075213221108354e-01
-6.100508092130420001e-01
-6.095942679978604284e-01
-6.091378976765663422e-01
-6.086816982491597416e-01
-6.082256697156402936e-01
-6.077698120760083311e-01
-6.073141253302637432e-01
-6.068586094784065299e-01
-6.064032645204368022e-01
-6.059480904563541159e-01
-6.054930872861591373e-01
-6.050382550098514223e-01
-6.045835936274309708e-01
-6.041291031388980048e-01
-6.036747835442524135e-01
-6.032206348434941967e-01
-6.027666570366233545e-01
-6.023128501236397758e-01
-6.018592141045436827e-01
-6.014057489793349642e-01
-6.009524547480135093e-01
-6.004993314105795399e-01
-6.000463789670329451e-01
-5.995935974173737248e-01
-5.991409867616018792e-01
-5.986885469997172970e-01
-5.982362781317202005e-01
-5.977841801576104785e-01
-5.973322530773880201e-01
-5.968804968910530473e-01
-5.964289115986054490e-01
-5.959774972000452253e-01
-5.955262536953723762e-01
-5.950751810845866796e-01
-5.946242793676885796e-01
-5.941735485446778542e-01
-5.937229886155543923e-01
-5.932725995803184160e-01
-5.928223814389698143e-01
-5.923723341915085872e-01
-5.919224578379345125e-01
-5.914727523782480345e-01
-5.910232178124489311e-01
-5.905738541405370912e-01
-5.901246613625126258e-01
-5.896756394783756461e-01
-5.892267884881260409e-01
-5.887781083917638103e-01
-5.883295991892887322e-01
-5.878812608807012507e-01
-5.874330934660011438e-01
-5.869850969451883005e-01
-5.865372713182628317e-01
-5.860896165852248485e-01
-5.856421327460742399e-01
-5.851948198008110058e-01
-5.847476777494349243e-01
-5.843007065919464393e-01
-5.838539063283453290e-01
-5.834072769586313711e-01
-5.829608184828050099e-01
-5.825145309008660233e-01
-5.820684142128143002e-01
-5.816224684186500626e-01
-5.811766935183729776e-01
-5.807310895119834893e-01
-5.802856563994813754e-01
-5.798403941808664142e-01
-5.793953028561390495e-01
-5.789503824252989483e-01
-5.785056328883463328e-01
-5.780610542452810918e-01
-5.776166464961030034e-01
-5.771724096408124005e-01
-5.767283436794090612e-01
-5.762844486118933185e-01
-5.758407244382649504e-01
-5.753971711585238458e-01
-5.749537887726702268e-01
-5.745105772807037603e-01
-5.740675366826248904e-01
-5.736246669784332841e-01
-5.731819681681289413e-01
-5.727394402517121952e-01
-5.722970832291827126e-01
-5.718548971005407155e-01
-5.714128818657859821e-01
-5.709710375249185121e-01
-5.705293640779386388e-01
-5.700878615248460290e-01
-5.696465298656406828e-01
-5.692053691003229332e-01
-5.687643792288924471e-01
-5.683235602513494467e-01
-5.678829121676937097e-01
-5.674424349779252363e-01
-5.670021286820442485e-01
-5.665619932800507463e-01
-5.661220287719443967e-01
-5.656822351577255326e-01
-5.652426124373941541e-01
-5.648031606109500391e-01
-5.643638796783932987e-01
-5.639247696397238219e-01
-5.634858304949418306e-01
-5.630470622440473250e-01
-5.626084648870399718e-01
-5.621700384239201043e-01
-5.617317828546876113e-01
-5.612936981793426039e-01
-5.608557843978848600e-01
-5.604180415103143797e-01
-5.599804695166313850e-01
-5.595430684168356539e-01
-5.591058382109274083e-01
-5.586687788989065373e-01
-5.582318904807730409e-01
-5.577951729565270300e-01
-5.573586263261682827e-01
-5.569222505896967990e-01
-5.564860457471128008e-01
-5.560500117984159552e-01
-5.556141487436068171e-01
-5.551784565826849427e-01
-5.547429353156504428e-01
-5.543075849425033175e-01
-5.538724054632435667e-01
-5.534373968778710795e-01
-5.530025591863860779e-01
-5.525678923887883398e-01
-5.521333964850780873e-01
-5.516990714752552094e-01
-5.512649173593197061e-01
-5.508309341372715773e-01
-5.503971218091107120e-01
-5.499634803748373324e-01
-5.495300098344511053e-01
-5.490967101879524748e-01
-5.486635814353412188e-01
-5.482306235766173375e-01
-5.477978366117808307e-01
-5.473652205408316984e-01
-5.469327753637698297e-01
-5.465005010805954466e-01
-5.460683976913082160e-01
-5.456364651959085821e-01
-5.452047035943963227e-01
-5.447731128867714379e-01
-5.443416930730339276e-01
-5.439104441531837919e-01
-5.434793661272208087e-01
-5.430484589951454222e-01
-5.426177227569572992e-01
-5.421871574126566617e-01
-5.417567629622432879e-01
-5.413265394057173996e-01
-5.408964867430788859e-01
-5.404666049743277467e-01
-5.400368940994637601e-01
-5.396073541184873701e-01
-5.391779850313981326e-01
-5.387487868381964917e-01
-5.383197595388822254e-01
-5.378909031334553337e-01
-5.374622176219158165e-01
-5.370337030042635629e-01
-5.366053592804986838e-01
-5.361771864506210683e-01
-5.357491845146310494e-01
-5.353213534725282940e-01
-5.348936933243130243e-01
-5.344662040699851291e-01
-5.340388857095446085e-01
-5.336117382429912404e-01
-5.331847616703253578e-01
-5.327579559915468499e-01
-5.323313212066557165e-01
-5.319048573156520687e-01
-5.314785643185357955e-01
-5.310524422153067858e-01
-5.306264910059652617e-01
-5.302007106905108902e-01
-5.297751012689441152e-01
-5.293496627412644928e-01
-5.289243951074723560e-01
-5.284992983675677047e-01
-5.280743725215504281e-01
-5.276496175694204149e-01
-5.272250335111778874e-01
-5.268006203468225124e-01
-5.263763780763546229e-01
-5.259523066997739971e-01
-5.255284062170809678e-01
-5.251046766282752021e-01
-5.246811179333569219e-01
-5.242577301323259054e-01
-5.238345132251823744e-01
-5.234114672119259959e-01
-5.229885920925571030e-01
-5.225658878670754737e-01
-5.221433545354814409e-01
-5.217209920977746718e-01
-5.212988005539552772e-01
-5.208767799040233681e-01
-5.204549301479786116e-01
-5.200332512858213407e-01
-5.196117433175513334e-01
-5.191904062431688116e-01
-5.187692400626737754e-01
-5.183482447760660028e-01
-5.179274203833457157e-01
-5.175067668845126923e-01
-5.170862842795669323e-01
-5.166659725685086579e-01
-5.162458317513376471e-01
-5.158258618280541219e-01
-5.154060627986579712e-01
-5.149864346631493062e-01
-5.145669774215279046e-01
-5.141476910737938777e-01
-5.137285756199471143e-01
-5.133096310599878365e-01
-5.128908573939158222e-01
-5.124722546217312935e-01
-5.120538227434341394e-01
-5.116355617590244709e-01
-5.112174716685020659e-01
-5.107995524718670355e-01
-5.103818041691192686e-01
-5.099642267602589873e-01
-5.095468202452859696e-01
-5.091295846242004375e-01
-5.087125198970022799e-01
-5.082956260636914969e-01
-5.078789031242680885e-01
-5.074623510787320546e-01
-5.070459699270832843e-01
-5.066297596693219996e-01
-5.062137203054479784e-01
-5.057978518354614428e-01
-5.053821542593622818e-01
-5.049666275771504953e-01
-5.045512717888260834e-01
-5.041360868943888240e-01
-5.037210728938391613e-01
-5.033062297871767621e-01
-5.028915575744018485e-01
-5.024770562555143094e-01
-5.020627258305141449e-01
-5.016485662994013550e-01
-5.012345776621759397e-01
-5.008207599188376768e-01
-5.004071130693870106e-01
-4.999936371138236080e-01
-4.995803320521476354e-01
-4.991671978843590929e-01
-4.987542346104579249e-01
-4.983414422304441316e-01
-4.979288207443176573e-01
-4.975163701520784465e-01
-4.971040904537267768e-01
-4.966919816492623152e-01
-4.962800437386853947e-01
-4.958682767219957932e-01
-4.954566805991936218e-01
-4.950452553702788250e-01
-4.946340010352513472e-01
-4.942229175941111330e-01
-4.938120050468584044e-01
-4.934012633934929393e-01
-4.929906926340150153e-01
-4.925802927684244104e-01
-4.921700637967212355e-01
-4.917600057189053797e-01
-4.913501185349769540e-01
-4.909404022449356808e-01
-4.905308568487818377e-01
-4.901214823465154802e-01
-4.897122787381365527e-01
-4.893032460236449444e-01
-4.888943842030407105e-01
-4.884856932763239068e-01
-4.880771732434942556e-01
-4.876688241045521455e-01
-4.872606458594972989e-01
-4.868526385083299379e-01
-4.864448020510499515e-01
-4.860371364876573952e-01
-4.856296418181521579e-01
-4.852223180425342952e-01
-4.848151651608036405e-01
-4.844081831729605270e-01
-4.840013720790046770e-01
-4.835947318789363125e-01
-4.831882625727553227e-01
-4.827819641604617074e-01
-4.823758366420554666e-01
-4.819698800175366005e-01
-4.815640942869049423e-01
-4.811584794501608253e-01
-4.807530355073039163e-01
-4.803477624583345484e-01
-4.799426603032525551e-01
-4.795377290420579364e-01
-4.791329686747506922e-01
-4.787283792013308226e-01
-4.783239606217981610e-01
-4.779197129361530405e-01
-4.775156361443951281e-01
-4.771117302465247012e-01
-4.767079952425417044e-01
-4.763044311324460822e-01
-4.759010379162378346e-01
-4.754978155939167950e-01
-4.750947641654832410e-01
-4.746918836309369505e-01
-4.742891739902782011e-01
-4.738866352435067708e-01
-4.734842673906227706e-01
-4.730820704316261449e-01
-4.726800443665168383e-01
-4.722781891952947952e-01
-4.718765049179602378e-01
-4.714749915345129438e-01
-4.710736490449531910e-01
-4.706724774492807573e-01
-4.702714767474957536e-01
-4.698706469395980689e-01
-4.694699880255877589e-01
-4.690695000054647124e-01
-4.686691828792292069e-01
-4.682690366468808540e-01
-4.678690613084200423e-01
-4.674692568638466605e-01
-4.670696233131605979e-01
-4.666701606563619098e-01
-4.662708688934506518e-01
-4.658717480244265463e-01
-4.654727980492899819e-01
-4.650740189680406811e-01
-4.646754107806788658e-01
-4.642769734872044252e-01
-4.638787070876173591e-01
-4.634806115819176675e-01
-4.630826869701054060e-01
-4.626849332521802971e-01
-4.622873504281427293e-01
-4.618899384979923695e-01
-4.614926974617295508e-01
-4.610956273193541066e-01
-4.606987280708660371e-01
-4.603019997162653421e-01
-4.599054422555519106e-01
-4.595090556887259647e-01
-4.591128400157872269e-01
-4.587167952367360302e-01
-4.583209213515722080e-01
-4.579252183602957049e-01
-4.575296862629066319e-01
-4.571343250594049334e-01
-4.567391347497904430e-01
-4.563441153340634937e-01
-4.559492668122237524e-01
-4.555545891842715522e-01
-4.551600824502066711e-01
-4.547657466100292201e-01
-4.543715816637391436e-01
-4.539775876113363862e-01
-4.535837644528208923e-01
-4.531901121881929395e-01
-4.527966308174521948e-01
-4.524033203405989911e-01
-4.520101807576331066e-01
-4.516172120685546520e-01
-4.512244142733635166e-01
-4.508317873720598112e-01
-4.504393313646433139e-01
-4.500470462511143022e-01
-4.496549320314725540e-01
-4.492629887057182914e-01
-4.488712162738514588e-01
-4.484796147358719454e-01
-4.480881840917798065e-01
-4.476969243415750976e-01
-4.473058354852575413e-01
-4.469149175228274151e-01
-4.465241704542847745e-01
-4.461335942796295639e-01
-4.457431889988616724e-01
-4.453529546119811555e-01
-4.449628911189880132e-01
-4.445729985198821343e-01
-4.441832768146637411e-01
-4.437937260033326115e-01
-4.434043460858889674e-01
-4.430151370623326978e-01
-4.426260989326638029e-01
-4.422372316968822825e-01
-4.418485353549881367e-01
-4.414600099069812544e-01
-4.410716553528618578e-01
-4.406834716926296691e-01
-4.402954589262850216e-01
-4.399076170538277486e-01
-4.395199460752578502e-01
-4.391324459905753264e-01
-4.387451167997801771e-01
-4.383579585028722359e-01
-4.379709710998518357e-01
-4.375841545907186436e-01
-4.371975089754729926e-01
-4.368110342541147162e-01
-4.364247304266438143e-01
-4.360385974930602315e-01
-4.356526354533640788e-01
-4.352668443075551341e-01
-4.348812240556337305e-01
-4.344957746975995350e-01
-4.341104962334528805e-01
-4.337253886631936006e-01
-4.333404519868216398e-01
-4.329556862043371090e-01
-4.325710913157397863e-01
-4.321866673210299492e-01
-4.318024142202073756e-01
-4.314183320132723432e-01
-4.310344207002246297e-01
-4.306506802810643464e-01
-4.302671107557913821e-01
-4.298837121244058479e-01
-4.295004843869075217e-01
-4.291174275432966811e-01
-4.287345415935731041e-01
-4.283518265377370127e-01
-4.279692823757883513e-01
-4.275869091077270090e-01
-4.272047067335530968e-01
-4.268226752532665036e-01
-4.264408146668671740e-01
-4.260591249743553299e-01
-4.256776061757307494e-01
-4.252962582709936545e-01
-4.249150812601439342e-01
-4.245340751431815884e-01
-4.241532399201066172e-01
-4.237725755909190761e-01
-4.233920821556186875e-01
-4.230117596142058400e-01
-4.226316079666802561e-01
-4.222516272130421577e-01
-4.218718173532914339e-01
-4.214921783874280847e-01
-4.211127103154521101e-01
-4.207334131373635100e-01
-4.203542868531621735e-01
-4.199753314628483225e-01
-4.195965469664216796e-01
-4.192179333638825778e-01
-4.188394906552308505e-01
-4.184612188404664979e-01
-4.180831179195895198e-01
-4.177051878925997497e-01
-4.173274287594975207e-01
-4.169498405202824998e-01
-4.165724231749550199e-01
-4.161951767235149147e-01
-4.158181011659621285e-01
-4.154411965022967723e-01
-4.150644627325187908e-01
-4.146878998566280172e-01
-4.143115078746247848e-01
-4.139352867865087604e-01
-4.135592365922802216e-01
-4.131833572919391129e-01
-4.128076488854853787e-01
-4.124321113729189636e-01
-4.120567447542399786e-01
-4.116815490294482016e-01
-4.113065241985439102e-01
-4.109316702615268824e-01
-4.105569872183973956e-01
-4.101824750691552279e-01
-4.098081338138004903e-01
-4.094339634523330718e-01
-4.090599639847530833e-01
-4.086861354110603028e-01
-4.083124777312550080e-01
-4.079389909453369767e-01
-4.075656750533064310e-01
-4.071925300551632598e-01
-4.068195559509075188e-01
-4.064467527405390967e-01
-4.060741204240580493e-01
-4.057016590014642654e-01
-4.053293684727579671e-01
-4.049572488379389323e-01
-4.045853000970073832e-01
-4.042135222499632086e-01
-4.038419152968064640e-01
-4.034704792375370386e-01
-4.030992140721548211e-01
-4.027281198006601448e-01
-4.023571964230527320e-01
-4.019864439393328048e-01
-4.016158623495002522e-01
-4.012454516535550741e-01
-4.008752118514972707e-01
-4.005051429433268417e-01
-4.001352449290436764e-01
-3.997655178086479411e-01
-3.993959615821395248e-01
-3.990265762495185942e-01
-3.986573618107850381e-01
-3.982883182659388566e-01
-3.979194456149799941e-01
-3.975507438579085617e-01
-3.971822129947243929e-01
-3.968138530254276541e-01
-3.964456639500182344e-01
-3.960776457684962448e-01
-3.957097984808616853e-01
-3.953421220871145003e-01
-3.949746165872546899e-01
-3.946072819812821986e-01
-3.942401182691969708e-01
-3.938731254509992841e-01
-3.935063035266888054e-01
-3.931396524962658678e-01
-3.927731723597302493e-01
-3.924068631170820609e-01
-3.920407247683211915e-01
-3.916747573134475857e-01
-3.913089607524615210e-01
-3.909433350853626643e-01
-3.905778803121512932e-01
-3.902125964328273522e-01
-3.898474834473907302e-01
-3.894825413558415383e-01
-3.891177701581796655e-01
-3.887531698544050562e-01
-3.883887404445179325e-01
-3.880244819285180724e-01
-3.876603943064057534e-01
-3.872964775781807534e-01
-3.869327317438431280e-01
-3.865691568033928771e-01
-3.862057527568300563e-01
-3.858425196041543881e-01
-3.854794573453663165e-01
-3.851165659804653973e-01
-3.847538455094520193e-01
-3.843912959323260714e-01
-3.840289172490874425e-01
-3.836667094597361882e-01
-3.833046725642723085e-01
-3.829428065626956923e-01
-3.825811114550065617e-01
-3.822195872412046391e-01
-3.818582339212902577e-01
-3.814970514952632508e-01
-3.811360399631236184e-01
-3.807751993248713607e-01
-3.804145295805064775e-01
-3.800540307300288578e-01
-3.796937027734386683e-01
-3.793335457107357978e-01
-3.789735595419204128e-01
-3.786137442669924025e-01
-3.782540998859517112e-01
-3.778946263987984500e-01
-3.775353238055323968e-01
-3.771761921061538847e-01
-3.768172313006626362e-01
-3.764584413890588177e-01
-3.760998223713424293e-01
-3.757413742475134155e-01
-3.753830970175717208e-01
-3.750249906815174561e-01
-3.746670552393503995e-01
-3.743092906910708839e-01
-3.739516970366785764e-01
-3.735942742761738100e-01
-3.732370224095563627e-01
-3.728799414368263454e-01
-3.725230313579836472e-01
-3.721662921730283791e-01
-3.718097238819603190e-01
-3.714533264847797445e-01
-3.710970999814864335e-01
-3.707410443720806636e-01
-3.703851596565622128e-01
-3.700294458349311366e-01
-3.696739029071874905e-01
-3.693185308733311634e-01
-3.689633297333620998e-01
-3.686082994872805219e-01
-3.682534401350862074e-01
-3.678987516767793786e-01
-3.675442341123599799e-01
-3.671898874418279002e-01
-3.668357116651831951e-01
-3.664817067824258645e-01
-3.661278727935557975e-01
-3.657742096985732161e-01
-3.654207174974778982e-01
-3.650673961902700659e-01
-3.647142457769496082e-01
-3.643612662575165251e-01
-3.640084576319708165e-01
-3.636558199003123715e-01
-3.633033530625414120e-01
-3.629510571186576606e-01
-3.625989320686614503e-01
-3.622469779125526146e-01
-3.618951946503311534e-01
-3.615435822819970668e-01
-3.611921408075503548e-01
-3.608408702269909063e-01
-3.604897705403189434e-01
-3.601388417475341885e-01
-3.597880838486369748e-01
-3.594374968436271356e-01
-3.590870807325046155e-01
-3.587368355152695254e-01
-3.583867611919218099e-01
-3.580368577624613025e-01
-3.576871252268883361e-01
-3.573375635852025778e-01
-3.569881728374043606e-01
-3.566389529834935179e-01
-3.562899040234699943e-01
-3.559410259573339008e-01
-3.555923187850851819e-01
-3.552437825067236710e-01
-3.548954171222496456e-01
-3.545472226316628839e-01
-3.541991990349636632e-01
-3.538513463321517616e-01
-3.535036645232272901e-01
-3.531561536081901376e-01
-3.528088135870404152e-01
-3.524616444597779008e-01
-3.521146462264027610e-01
-3.517678188869151068e-01
-3.514211624413148827e-01
-3.510746768896019776e-01
-3.507283622317764471e-01
-3.503822184678383467e-01
-3.500362455977874543e-01
-3.496904436216240475e-01
-3.493448125393479042e-01
-3.489993523509592466e-01
-3.486540630564579635e-01
-3.483089446558440549e-01
-3.479639971491175765e-01
-3.476192205362784171e-01
-3.472746148173265213e-01
-3.469301799922621110e-01
-3.465859160610849088e-01
-3.462418230237953032e-01
-3.458979008803930166e-01
-3.455541496308781046e-01
-3.452105692752505672e-01
-3.448671598135104044e-01
-3.445239212456574496e-01
-3.441808535716920359e-01
-3.438379567916138857e-01
-3.434952309054232211e-01
-3.431526759131199311e-01
-3.428102918147040157e-01
-3.424680786101754748e-01
-3.421260362995342530e-01
-3.417841648827803502e-01
-3.414424643599139331e-01
-3.411009347309347239e-01
-3.407595759958430559e-01
-3.404183881546387624e-01
-3.400773712073217880e-01
-3.397365251538922437e-01
-3.393958499943499074e-01
-3.390553457286951122e-01
-3.387150123569275806e-01
-3.383748498790474790e-01
-3.380348582950548075e-01
-3.376950376049494551e-01
-3.373553878087315328e-01
-3.370159089064009850e-01
-3.366766008979576452e-01
-3.363374637834017911e-01
-3.359984975627332004e-01
-3.356597022359521509e-01
-3.353210778030584205e-01
-3.349826242640521201e-01
-3.346443416189331388e-01
-3.343062298677015876e-01
-3.339682890103572444e-01
-3.336305190469003867e-01
-3.332929199773307927e-01
-3.329554918016487397e-01
-3.326182345198540058e-01
-3.322811481319466465e-01
-3.319442326379266617e-01
-3.316074880377941070e-01
-3.312709143315487603e-01
-3.309345115191908993e-01
-3.305982796007203017e-01
-3.302622185761371898e-01
-3.299263284454414524e-01
-3.295906092086330896e-01
-3.292550608657121014e-01
-3.289196834166785433e-01
-3.285844768615321376e-01
-3.282494412002732731e-01
-3.279145764329016721e-01
-3.275798825594175567e-01
-3.272453595798208159e-01
-3.269110074941114497e-01
-3.265768263022894580e-01
-3.262428160043547298e-01
-3.259089766003074873e-01
-3.255753080901474528e-01
-3.252418104738749594e-01
-3.249084837514898405e-01
-3.245753279229920962e-01
-3.242423429883817265e-01
-3.239095289476587314e-01
-3.235768858008229443e-01
-3.232444135478746983e-01
-3.229121121888137158e-01
-3.225799817236401634e-01
-3.222480221523540411e-01
-3.219162334749552934e-01
-3.215846156914438647e-01
-3.212531688018198661e-01
-3.209218928060830756e-01
-3.205907877042338261e-01
-3.202598534962717847e-01
-3.199290901821972843e-01
-3.195984977620101586e-01
-3.192680762357103519e-01
-3.189378256032979753e-01
-3.186077458647729177e-01
-3.182778370201351237e-01
-3.179480990693848708e-01
-3.176185320125218259e-01
-3.172891358495463221e-01
-3.169599105804581374e-01
-3.166308562052573272e-01
-3.163019727239439471e-01
-3.159732601365178861e-01
-3.156447184429790886e-01
-3.153163476433276657e-01
-3.149881477375637839e-01
-3.146601187256872212e-01
-3.143322606076980330e-01
-3.140045733835962194e-01
-3.136770570533818359e-01
-3.133497116170546604e-01
-3.130225370746149705e-01
-3.126955334260625441e-01
-3.123687006713976033e-01
-3.120420388106200371e-01
-3.117155478437298455e-01
-3.113892277707270284e-01
-3.110630785916115859e-01
-3.107371003063834070e-01
-3.104112929150427136e-01
-3.100856564175892838e-01
-3.097601908140233395e-01
-3.094348961043447699e-01
-3.091097722885535748e-01
-3.087848193666497543e-01
-3.084600373386333083e-01
-3.081354262045040704e-01
-3.078109859642623736e-01
-3.074867166179079403e-01
-3.071626181654409926e-01
-3.068386906068614195e-01
-3.065149339421691654e-01
-3.061913481713643415e-01
-3.058679332944468920e-01
-3.055446893114167062e-01
-3.052216162222739504e-01
-3.048987140270185137e-01
-3.045759827256505070e-01
-3.042534223181699304e-01
-3.039310328045767284e-01
-3.036088141848708455e-01
-3.032867664590522816e-01
-3.029648896271211478e-01
-3.026431836890773330e-01
-3.023216486449209484e-01
-3.020002844946519938e-01
-3.016790912382703582e-01
-3.013580688757761528e-01
-3.010372174071692664e-01
-3.007165368324496990e-01
-3.003960271516175617e-01
-3.000756883646726880e-01
-2.997555204716153554e-01
-2.994355234724453418e-01
-2.991156973671627584e-01
-2.987960421557674939e-01
-2.984765578382596041e-01
-2.981572444146389778e-01
-2.978381018849058925e-01
-2.975191302490600154e-01
-2.972003295071016238e-01
-2.968816996590306068e-01
-2.965632407048469643e-01
-2.962449526445507519e-01
-2.959268354781418586e-01
-2.956088892056202289e-01
-2.952911138269860847e-01
-2.949735093422392040e-01
-2.946560757513798090e-01
-2.943388130544077885e-01
-2.940217212513231426e-01
-2.937048003421258713e-01
-2.933880503268159745e-01
-2.930714712053933413e-01
-2.927550629778581937e-01
-2.924388256442103096e-01
-2.921227592044499111e-01
-2.918068636585768871e-01
-2.914911390065912378e-01
-2.911755852484929630e-01
-2.908602023842818962e-01
-2.905449904139583706e-01
-2.902299493375221084e-01
-2.899150791549733319e-01
-2.896003798663118745e-01
-2.892858514715378471e-01
-2.889714939706511942e-01
-2.886573073636519160e-01
-2.883432916505398458e-01
-2.880294468313153167e-01
-2.877157729059779956e-01
-2.874022698745282156e-01
-2.870889377369658102e-01
-2.867757764932907238e-01
-2.864627861435030676e-01
-2.861499666876027859e-01
-2.858373181255897122e-01
-2.855248404574641796e-01
-2.852125336832258551e-01
-2.849003978028750161e-01
-2.845884328164116073e-01
-2.842766387238355175e-01
-2.839650155251468577e-01
-2.836535632203455171e-01
-2.833422818094314954e-01
-2.830311712924049039e-01
-2.827202316692655759e-01
-2.824094629400137890e-01
-2.820988651046493212e-01
-2.817884381631722279e-01
-2.814781821155825092e-01
-2.811680969618802206e-01
-2.808581827020651400e-01
-2.805484393361375450e-01
-2.802388668640972136e-01
-2.799294652859443677e-01
-2.796202346016789519e-01
-2.793111748113008552e-01
-2.790022859148101331e-01
-2.786935679122066745e-01
-2.783850208034907014e-01
-2.780766445886619920e-01
-2.777684392677207681e-01
-2.774604048406669188e-01
-2.771525413075004440e-01
-2.768448486682213439e-01
-2.765373269228296182e-01
-2.762299760713251562e-01
-2.759227961137081797e-01
-2.756157870499784668e-01
-2.753089488801362394e-01
-2.750022816041813867e-01
-2.746957852221139085e-01
-2.743894597339337493e-01
-2.740833051396410203e-01
-2.737773214392355547e-01
-2.734715086327175748e-01
-2.731658667200868029e-01
-2.728603957013435721e-01
-2.725550955764877159e-01
-2.722499663455192342e-01
-2.719450080084380716e-01
-2.716402205652443391e-01
-2.713356040159378701e-01
-2.710311583605188313e-01
-2.707268835989871114e-01
-2.704227797313428217e-01
-2.701188467575859620e-01
-2.698150846777164769e-01
-2.695114934917343108e-01
-2.692080731996394638e-01
-2.689048238014320469e-01
-2.686017452971119490e-01
-2.682988376866792812e-01
-2.679961009701339880e-01
-2.676935351474761249e-01
-2.673911402187055808e-01
-2.670889161838224668e-01
-2.667868630428265608e-01
-2.664849807957181405e-01
-2.661832694424970391e-01
-2.658817289831633679e-01
-2.655803594177170712e-01
-2.652791607461582046e-01
-2.649781329684866571e-01
-2.646772760847024841e-01
-2.643765900948055747e-01
-2.640760749987961509e-01
-2.637757307966740461e-01
-2.634755574884393714e-01
-2.631755550740920713e-01
-2.628757235536321457e-01
-2.625760629270595947e-01
-2.622765731943744183e-01
-2.619772543555765054e-01
-2.616781064106660781e-01
-2.613791293596429144e-01
-2.610803232025072362e-01
-2.607816879392589327e-01
-2.604832235698980036e-01
-2.601849300944244492e-01
-2.598868075128382693e-01
-2.595888558251393530e-01
-2.592910750313279222e-01
-2.589934651314037550e-01
-2.586960261253670734e-01
-2.583987580132177664e-01
-2.581016607949557784e-01
-2.578047344705812205e-01
-2.575079790400939261e-01
-2.572113945034941174e-01
-2.569149808607815166e-01
-2.566187381119564570e-01
-2.563226662570187719e-01
-2.560267652959684614e-01
-2.557310352288054700e-01
-2.554354760555299086e-01
-2.551400877761415553e-01
-2.548448703906407431e-01
-2.545498238990271944e-01
-2.542549483013010758e-01
-2.539602435974623873e-01
-2.536657097875110178e-01
-2.533713468714470785e-01
-2.530771548492704581e-01
-2.527831337209811569e-01
-2.524892834865792857e-01
-2.521956041460647335e-01
-2.519020956994376115e-01
-2.516087581466979195e-01
-2.513155914878455466e-01
-2.510225957228805482e-01
-2.507297708518029800e-01
-2.504371168746126197e-01
-2.501446337913097451e-01
-2.498523216018942728e-01
-2.495601803063660640e-01
-2.492682099047253130e-01
-2.489764103969719644e-01
-2.486847817831059626e-01
-2.483933240631272243e-01
-2.481020372370359994e-01
-2.478109213048321213e-01
-2.475199762665155068e-01
-2.472292021220864056e-01
-2.469385988715446512e-01
-2.466481665148902713e-01
-2.463579050521231550e-01
-2.460678144832435243e-01
-2.457778948082512682e-01
-2.454881460271463867e-01
-2.451985681399287686e-01
-2.449091611465986362e-01
-2.446199250471558784e-01
-2.443308598416004951e-01
-2.440419655299323753e-01
-2.437532421121517412e-01
-2.434646895882584539e-01
-2.431763079582525688e-01
-2.428880972221339474e-01
-2.426000573799027837e-01
-2.423121884315590224e-01
-2.420244903771026357e-01
-2.417369632165334847e-01
-2.414496069498518471e-01
-2.411624215770575563e-01
-2.408754070981506401e-01
-2.405885635131310152e-01
-2.403018908219988481e-01
-2.400153890247540556e-01
-2.397290581213966654e-01
-2.394428981119265110e-01
-2.391569089963438421e-01
-2.388710907746485479e-01
-2.385854434468406282e-01
-2.382999670129199721e-01
-2.380146614728868015e-01
-2.377295268267410056e-01
-2.374445630744825841e-01
-2.371597702161114263e-01
-2.368751482516277540e-01
-2.365906971810314563e-01
-2.363064170043224221e-01
-2.360223077215008736e-01
-2.357383693325666718e-01
-2.354546018375198724e-01
-2.351710052363603365e-01
-2.348875795290882584e-01
-2.346043247157035827e-01
-2.343212407962062538e-01
-2.340383277705962162e-01
-2.337555856388736364e-01
-2.334730144010384589e-01
-2.331906140570906283e-01
-2.329083846070300889e-01
-2.326263260508570074e-01
-2.323444383885713005e-01
-2.320627216201729681e-01
-2.317811757456619270e-01
-2.314998007650383438e-01
-2.312185966783021351e-01
-2.309375634854533010e-01
-2.306567011864917305e-01
-2.303760097814176455e-01
-2.300954892702309351e-01
-2.298151396529315993e-01
-2.295349609295195270e-01
-2.292549530999949403e-01
-2.289751161643577282e-01
-2.286954501226078629e-01
-2.284159549747452889e-01
-2.281366307207702004e-01
-2.278574773606824866e-01
-2.275784948944821195e-01
-2.272996833221690438e-01
-2.270210426437434259e-01
-2.267425728592052103e-01
-2.264642739685542583e-01
-2.261861459717907641e-01
-2.259081888689146445e-01
-2.256304026599259271e-01
-2.253527873448244456e-01
-2.250753429236104497e-01
-2.247980693962838561e-01
-2.245209667628446093e-01
-2.242440350232926261e-01
-2.239672741776281284e-01
-2.236906842258510053e-01
-2.234142651679612568e-01
-2.231380170039587996e-01
-2.228619397338437724e-01
-2.225860333576161476e-01
-2.223102978752758974e-01
-2.220347332868229107e-01
-2.217593395922574095e-01
-2.214841167915792830e-01
-2.212090648847885310e-01
-2.209341838718850426e-01
-2.206594737528690120e-01
-2.203849345277403837e-01
-2.201105661964991023e-01
-2.198363687591451121e-01
-2.195623422156786075e-01
-2.192884865660994498e-01
-2.190148018104076666e-01
-2.187412879486031747e-01
-2.184679449806861407e-01
-2.181947729066565089e-01
-2.179217717265142240e-01
-2.176489414402592026e-01
-2.173762820478916946e-01
-2.171037935494115334e-01
-2.168314759448187468e-01
-2.165593292341132237e-01
-2.162873534172951862e-01
-2.160155484943645232e-01
-2.157439144653211238e-01
-2.154724513301652100e-01
-2.152011590888966708e-01
-2.149300377415155061e-01
-2.146590872880216050e-01
-2.143883077284151895e-01
-2.141176990626961485e-01
-2.138472612908644543e-01
-2.135769944129200515e-01
-2.133068984288631342e-01
-2.130369733386935638e-01
-2.127672191424113957e-01
-2.124976358400164911e-01
-2.122282234315090443e-01
-2.119589819168889999e-01
-2.116899112961563023e-01
-2.114210115693108960e-01
-2.111522827363529475e-01
-2.108837247972823736e-01
-2.106153377520991743e-01
-2.103471216008032663e-01
-2.100790763433948161e-01
-2.098112019798737404e-01
-2.095434985102400394e-01
-2.092759659344936296e-01
-2.090086042526346777e-01
-2.087414134646631003e-01
-2.084743935705788975e-01
-2.082075445703819583e-01
-2.079408664640725046e-01
-2.076743592516503978e-01
-2.074080229331156933e-01
-2.071418575084682523e-01
-2.068758629777082969e-01
-2.066100393408357161e-01
-2.063443865978503988e-01
-2.060789047487525394e-01
-2.058135937935420823e-01
-2.055484537322189720e-01
-2.052834845647831530e-01
-2.050186862912347918e-01
-2.047540589115738330e-01
-2.044896024258002210e-01
-2.042253168339139002e-01
-2.039612021359150373e-01
-2.036972583318035490e-01
-2.034334854215794630e-01
-2.031698834052426128e-01
-2.029064522827932482e-01
-2.026431920542312581e-01
-2.023801027195566427e-01
-2.021171842787693185e-01
-2.018544367318694521e-01
-2.015918600788569603e-01
-2.013294543197318431e-01
-2.010672194544939895e-01
-2.008051554831436214e-01
-2.005432624056806001e-01
-2.002815402221049812e-01
-2.000199889324166258e-01
-1.997586085366157560e-01
-1.994973990347022330e-01
-1.992363604266761123e-01
-1.989754927125372552e-01
-1.987147958922858837e-01
-1.984542699659218590e-01
-1.981939149334452088e-01
-1.979337307948558500e-01
-1.976737175501539767e-01
-1.974138751993394503e-01
-1.971542037424122151e-01
-1.968947031793724378e-01
-1.966353735102200351e-01
-1.963762147349550069e-01
-1.961172268535772700e-01
-1.958584098660869910e-01
-1.955997637724840865e-01
-1.953412885727685566e-01
-1.950829842669402903e-01
-1.948248508549995095e-01
-1.945668883369461033e-01
-1.943090967127800717e-01
-1.940514759825013036e-01
-1.937940261461100211e-01
-1.935367472036061132e-01
-1.932796391549895798e-01
-1.930227020002603100e-01
-1.927659357394184980e-01
-1.925093403724640884e-01
-1.922529158993970255e-01
-1.919966623202172540e-01
-1.917405796349249680e-01
-1.914846678435200289e-01
-1.912289269460024921e-01
-1.909733569423722188e-01
-1.907179578326294034e-01
-1.904627296167739625e-01
-1.902076722948058962e-01
-1.899527858667251212e-01
-1.896980703325318041e-01
-1.894435256922258615e-01
-1.891891519458073212e-01
-1.889349490932760167e-01
-1.886809171346321978e-01
-1.884270560698757535e-01
-1.881733658990066838e-01
-1.879198466220248775e-01
-1.876664982389305569e-01
-1.874133207497236109e-01
-1.871603141544039284e-01
-1.869074784529717315e-01
-1.866548136454269091e-01
-1.864023197317694613e-01
-1.861499967119992771e-01
-1.858978445861165507e-01
-1.856458633541212266e-01
-1.853940530160132494e-01
-1.851424135717925634e-01
-1.848909450214593631e-01
-1.846396473650135095e-01
-1.843885206024550583e-01
-1.841375647337838706e-01
-1.838867797590001407e-01
-1.836361656781037854e-01
-1.833857224910948047e-01
-1.831354501979731153e-01
-1.828853487987388837e-01
-1.826354182933920267e-01
-1.823856586819325443e-01
-1.821360699643603531e-01
-1.818866521406756198e-01
-1.816374052108782611e-01
-1.813883291749682769e-01
-1.811394240329455563e-01
-1.808906897848103212e-01
-1.806421264305624608e-01
-1.803937339702019749e-01
-1.801455124037287525e-01
-1.798974617311430158e-01
-1.796495819524446258e-01
-1.794018730676336382e-01
-1.791543350767099141e-01
-1.789069679796736478e-01
-1.786597717765247839e-01
-1.784127464672631835e-01
-1.781658920518890410e-01
-1.779192085304023008e-01
-1.776726959028029074e-01
-1.774263541690908053e-01
-1.771801833292661610e-01
-1.769341833833288913e-01
-1.766883543312790239e-01
-1.764426961731163923e-01
-1.761972089088412741e-01
-1.759518925384535026e-01
-1.757067470619531058e-01
-1.754617724793399725e-01
-1.752169687906143247e-01
-1.749723359957760516e-01
-1.747278740948251530e-01
-1.744835830877615179e-01
-1.742394629745853685e-01
-1.739955137552965936e-01
-1.737517354298951933e-01
-1.735081279983810565e-01
-1.732646914607544053e-01
-1.730214258170151009e-01
-1.727783310671631989e-01
-1.725354072111985604e-01
-1.722926542491214075e-01
-1.720500721809316014e-01
-1.718076610066291698e-01
-1.715654207262140296e-01
-1.713233513396863750e-01
-1.710814528470460671e-01
-1.708397252482931339e-01
-1.705981685434274919e-01
-1.703567827324493078e-01
-1.701155678153585260e-01
-1.698745237921550910e-01
-1.696336506628389196e-01
-1.693929484274102337e-01
-1.691524170858689224e-01
-1.689120566382149025e-01
-1.686718670844483403e-01
-1.684318484245691527e-01
-1.681920006585773397e-01
-1.679523237864727903e-01
-1.677128178082557264e-01
-1.674734827239260371e-01
-1.672343185334836946e-01
-1.669953252369286711e-01
-1.667565028342610778e-01
-1.665178513254808867e-01
-1.662793707105880703e-01
-1.660410609895825174e-01
-1.658029221624644223e-01
-1.655649542292337295e-01
-1.653271571898903836e-01
-1.650895310444343289e-01
-1.648520757928657321e-01
-1.646147914351845376e-01
-1.643776779713906899e-01
-1.641407354014841335e-01
-1.639039637254650350e-01
-1.636673629433333110e-01
-1.634309330550889616e-01
-1.631946740607319035e-01
-1.629585859602623032e-01
-1.627226687536800775e-01
-1.624869224409852264e-01
-1.622513470221776666e-01
-1.620159424972575368e-01
-1.617807088662248094e-01
-1.615456461290794565e-01
-1.613107542858213672e-01
-1.610760333364507635e-01
-1.608414832809675343e-01
-1.606071041193715687e-01
-1.603728958516630887e-01
-1.601388584778419555e-01
-1.599049919979082246e-01
-1.596712964118617573e-01
-1.594377717197027478e-01
-1.592044179214311406e-01
-1.589712350170468802e-01
-1.587382230065499111e-01
-1.585053818899404277e-01
-1.582727116672182910e-01
-1.580402123383835289e-01
-1.578078839034360581e-01
-1.575757263623760451e-01
-1.573437397152034067e-01
-1.571119239619181429e-01
-1.568802791025201704e-01
-1.566488051370096557e-01
-1.564175020653865156e-01
-1.561863698876507500e-01
-1.559554086038022758e-01
-1.557246182138412316e-01
-1.554939987177675897e-01
-1.552635501155813225e-01
-1.550332724072823187e-01
-1.548031655928708006e-01
-1.545732296723466570e-01
-1.543434646457098602e-01
-1.541138705129603825e-01
-1.538844472740983349e-01
-1.536551949291236896e-01
-1.534261134780363911e-01
-1.531972029208363839e-01
-1.529684632575238623e-01
-1.527398944880986875e-01
-1.525114966125608040e-01
-1.522832696309103784e-01
-1.520552135431473550e-01
-1.518273283492716785e-01
-1.515996140492832933e-01
-1.513720706431823659e-01
-1.511446981309688131e-01
-1.509174965126426349e-01
-1.506904657882037479e-01
-1.504636059576523188e-01
-1.502369170209882643e-01
-1.500103989782115566e-01
-1.497840518293221679e-01
-1.495578755743202370e-01
-1.493318702132056808e-01
-1.491060357459784713e-01
-1.488803721726385809e-01
-1.486548794931861484e-01
-1.484295577076210626e-01
-1.482044068159433792e-01
-1.479794268181529593e-01
-1.477546177142500250e-01
-1.475299795042344375e-01
-1.473055121881062246e-01
-1.470812157658653307e-01
-1.468570902375118670e-01
-1.466331356030457778e-01
-1.464093518624670631e-01
-1.461857390157756675e-01
-1.459622970629717020e-01
-1.457390260040551111e-01
-1.455159258390258947e-01
-1.452929965678839697e-01
-1.450702381906295024e-01
-1.448476507072624098e-01
-1.446252341177826917e-01
-1.444029884221902649e-01
-1.441809136204852959e-01
-1.439590097126676738e-01
-1.437372766987373707e-01
-1.435157145786945254e-01
-1.432943233525390547e-01
-1.430731030202709309e-01
-1.428520535818901260e-01
-1.426311750373967790e-01
-1.424104673867907789e-01
-1.421899306300721810e-01
-1.419695647672408467e-01
-1.417493697982969980e-01
-1.415293457232404961e-01
-1.413094925420713688e-01
-1.410898102547895605e-01
-1.408702988613951823e-01
-1.406509583618881787e-01
-1.404317887562685496e-01
-1.402127900445362396e-01
-1.399939622266913597e-01
-1.397753053027338543e-01
-1.395568192726637236e-01
-1.393385041364808841e-01
-1.391203598941855024e-01
-1.389023865457774953e-01
-1.386845840912568628e-01
-1.384669525306235216e-01
-1.382494918638776105e-01
-1.380322020910191017e-01
-1.378150832120479674e-01
-1.375981352269641245e-01
-1.373813581357677116e-01
-1.371647519384587011e-01
-1.369483166350370651e-01
-1.367320522255026927e-01
-1.365159587098558058e-01
-1.363000360880962658e-01
-1.360842843602240448e-01
-1.358687035262392540e-01
-1.356532935861418376e-01
-1.354380545399318236e-01
-1.352229863876090732e-01
-1.350080891291737806e-01
-1.347933627646258903e-01
-1.345788072939653468e-01
-1.343644227171920946e-01
-1.341502090343063003e-01
-1.339361662453078805e-01
-1.337222943501968353e-01
-1.335085933489730814e-01
-1.332950632416367853e-01
-1.330817040281878638e-01
-1.328685157086263169e-01
-1.326554982829520613e-01
-1.324426517511652635e-01
-1.322299761132658125e-01
-1.320174713692537638e-01
-1.318051375191290064e-01
-1.315929745628917069e-01
-1.313809825005417542e-01
-1.311691613320792038e-01
-1.309575110575039170e-01
-1.307460316768161157e-01
-1.305347231900156613e-01
-1.303235855971026091e-01
-1.301126188980768206e-01
-1.299018230929384898e-01
-1.296911981816875614e-01
-1.294807441643239798e-01
-1.292704610408476895e-01
-1.290603488112588848e-01
-1.288504074755574269e-01
-1.286406370337433436e-01
-1.284310374858165515e-01
-1.282216088317772174e-01
-1.280123510716252577e-01
-1.278032642053605894e-01
-1.275943482329833789e-01
-1.273856031544935430e-01
-1.271770289698910816e-01
-1.269686256791759116e-01
-1.267603932823481716e-01
-1.265523317794078340e-01
-1.263444411703548709e-01
-1.261367214551891991e-01
-1.259291726339109574e-01
-1.257217947065201180e-01
-1.255145876730166254e-01
-1.253075515334004519e-01
-1.251006862876717085e-01
-1.248939919358303674e-01
-1.246874684778763870e-01
-1.244811159138096979e-01
-1.242749342436304527e-01
-1.240689234673385960e-01
-1.238630835849341000e-01
-1.236574145964169091e-01
-1.234519165017871623e-01
-1.232465893010447899e-01
-1.230414329941898061e-01
-1.228364475812220996e-01
-1.226316330621418510e-01
-1.224269894369489770e-01
-1.222225167056434775e-01
-1.220182148682252693e-01
-1.218140839246945190e-01
-1.216101238750511293e-01
-1.214063347192951281e-01
-1.212027164574264182e-01
-1.209992690894451522e-01
-1.207959926153512609e-01
-1.205928870351446747e-01
-1.203899523488255324e-01
-1.201871885563937647e-01
-1.199845956578493716e-01
-1.197821736531922837e-01
-1.195799225424226397e-01
-1.193778423255403565e-01
-1.191759330025454616e-01
-1.189741945734378581e-01
-1.187726270382177124e-01
-1.185712303968849274e-01
-1.183700046494395169e-01
-1.181689497958814117e-01
-1.179680658362107643e-01
-1.177673527704274775e-01
-1.175668105985315653e-01
-1.173664393205229445e-01
-1.171662389364017814e-01
-1.169662094461679930e-01
-1.167663508498215791e-01
-1.165666631473624565e-01
-1.163671463387907917e-01
-1.161678004241064877e-01
-1.159686254033095720e-01
-1.157696212763999477e-01
-1.155707880433777673e-01
-1.153721257042429615e-01
-1.151736342589955303e-01
-1.149753137076354043e-01
-1.147771640501627222e-01
-1.145791852865774146e-01
-1.143813774168794817e-01
-1.141837404410688400e-01
-1.139862743591456562e-01
-1.137889791711098469e-01
-1.135918548769613290e-01
-1.133949014767002550e-01
-1.131981189703265694e-01
-1.130015073578402446e-01
-1.128050666392412249e-01
-1.126087968145296492e-01
-1.124126978837054480e-01
-1.122167698467686214e-01
-1.120210127037191000e-01
-1.118254264545570087e-01
-1.116300110992823058e-01
-1.114347666378949775e-01
-1.112396930703949405e-01
-1.110447903967823613e-01
-1.108500586170571428e-01
-1.106554977312193128e-01
-1.104611077392687740e-01
-1.102668886412056792e-01
-1.100728404370299590e-01
-1.098789631267416134e-01
-1.096852567103405729e-01
-1.094917211878269764e-01
-1.092983565592007544e-01
-1.091051628244619071e-01
-1.089121399836103510e-01
-1.087192880366462527e-01
-1.085266069835695152e-01
-1.083340968243801661e-01
-1.081417575590781083e-01
-1.079495891876634944e-01
-1.077575917101362551e-01
-1.075657651264964043e-01
-1.073741094367438309e-01
-1.071826246408787153e-01
-1.069913107389009743e-01
-1.068001677308106079e-01
-1.066091956166075466e-01
-1.064183943962919293e-01
-1.062277640698636727e-01
-1.060373046373227351e-01
-1.058470160986692277e-01
-1.056568984539030948e-01
-1.054669517030243503e-01
-1.052771758460328971e-01
-1.050875708829288879e-01
-1.048981368137122533e-01
-1.047088736383829932e-01
-1.045197813569410383e-01
-1.043308599693865274e-01
-1.041421094757193910e-01
-1.039535298759396154e-01
-1.037651211700471587e-01
-1.035768833580421322e-01
-1.033888164399244941e-01
-1.032009204156942167e-01
-1.030131952853512584e-01
-1.028256410488957301e-01
-1.026382577063275764e-01
-1.024510452576467973e-01
-1.022640037028533233e-01
-1.020771330419472933e-01
-1.018904332749286379e-01
-1.017039044017973570e-01
-1.015175464225533675e-01
-1.013313593371968357e-01
-1.011453431457276786e-01
-1.009594978481458821e-01
-1.007738234444513908e-01
-1.005883199346443574e-01
-1.004029873187246846e-01
-1.002178255966923864e-01
-1.000328347685473934e-01
-9.984801483428984437e-02
-9.966336579391966988e-02
-9.947888764743680057e-02
-9.929458039484137521e-02
-9.911044403613332443e-02
-9.892647857131263434e-02
-9.874268400037926330e-02
-9.855906032333332234e-02
-9.837560754017476983e-02
-9.819232565090357800e-02
-9.800921465551969136e-02
-9.782627455402326255e-02
-9.764350534641419443e-02
-9.746090703269250088e-02
-9.727847961285811251e-02
-9.709622308691116810e-02
-9.691413745485159825e-02
-9.673222271667938910e-02
-9.655047887239449900e-02
-9.636890592199705285e-02
-9.618750386548696740e-02
-9.600627270286427040e-02
-9.582521243412886469e-02
-9.564432305928090294e-02
-9.546360457832031576e-02
-9.528305699124711703e-02
-9.510268029806120960e-02
-9.492247449876274612e-02
-9.474243959335165721e-02
-9.456257558182792899e-02
-9.438288246419151983e-02
-9.420336024044255463e-02
-9.402400891058095012e-02
-9.384482847460673405e-02
-9.366581893251982316e-02
-9.348698028432034235e-02
-9.330831253000823611e-02
-9.312981566958350443e-02
-9.295148970304609182e-02
-9.277333463039610928e-02
-9.259535045163350131e-02
-9.241753716675819852e-02
-9.223989477577033969e-02
-9.206242327866984154e-02
-9.188512267545673184e-02
-9.170799296613092733e-02
-9.153103415069255289e-02
-9.135424622914156689e-02
-9.117762920147794159e-02
-9.100118306770163534e-02
-9.082490782781275918e-02
-9.064880348181125758e-02
-9.047287002969713055e-02
-9.029710747147030869e-02
-9.012151580713093080e-02
-8.994609503667892747e-02
-8.977084516011429871e-02
-8.959576617743697513e-02
-8.942085808864708163e-02
-8.924612089374457657e-02
-8.907155459272943221e-02
-8.889715918560160690e-02
-8.872293467236121167e-02
-8.854888105300819101e-02
-8.837499832754254492e-02
-8.820128649596421788e-02
-8.802774555827332092e-02
-8.785437551446979854e-02
-8.768117636455363684e-02
-8.750814810852480807e-02
-8.733529074638339551e-02
-8.716260427812937139e-02
-8.699008870376270797e-02
-8.681774402328336360e-02
-8.664557023669144931e-02
-8.647356734398692346e-02
-8.630173534516968892e-02
-8.613007424023989833e-02
-8.595858402919749619e-02
-8.578726471204245474e-02
-8.561611628877471847e-02
-8.544513875939442615e-02
-8.527433212390149453e-02
-8.510369638229595135e-02
-8.493323153457771335e-02
-8.476293758074691931e-02
-8.459281452080348596e-02
-8.442286235474742717e-02
-8.425308108257868744e-02
-8.408347070429737780e-02
-8.391403121990344272e-02
-8.374476262939689608e-02
-8.357566493277764075e-02
-8.340673813004582937e-02
-8.323798222120139256e-02
-8.306939720624433032e-02
-8.290098308517457326e-02
-8.273273985799224628e-02
-8.256466752469730774e-02
-8.239676608528972990e-02
-8.222903553976947111e-02
-8.206147588813664240e-02
-8.189408713039120213e-02
-8.172686926653312256e-02
-8.155982229656234817e-02
-8.139294622047901773e-02
-8.122624103828306186e-02
-8.105970674997448056e-02
-8.089334335555320443e-02
-8.072715085501937227e-02
-8.056112924837291467e-02
-8.039527853561376225e-02
-8.022959871674203991e-02
-8.006408979175770602e-02
-7.989875176066073281e-02
-7.973358462345107867e-02
-7.956858838012885460e-02
-7.940376303069400510e-02
-7.923910857514653017e-02
-7.907462501348636041e-02
-7.891031234571363462e-02
-7.874617057182828339e-02
-7.858219969183030673e-02
-7.841839970571963525e-02
-7.825477061349639385e-02
-7.809131241516054089e-02
-7.792802511071204863e-02
-7.776490870015087542e-02
-7.760196318347713229e-02
-7.743918856069077761e-02
-7.727658483179178361e-02
-7.711415199678009480e-02
-7.695189005565584994e-02
-7.678979900841897965e-02
-7.662787885506948393e-02
-7.646612959560729339e-02
-7.630455123003254680e-02
-7.614314375834516091e-02
-7.598190718054516346e-02
-7.582084149663247119e-02
-7.565994670660720900e-02
-7.549922281046932138e-02
-7.533866980821882220e-02
-7.517828769985561432e-02
-7.501807648537985040e-02
-7.485803616479146105e-02
-7.469816673809044627e-02
-7.453846820527675054e-02
-7.437894056635047102e-02
-7.421958382131157994e-02
-7.406039797015999404e-02
-7.390138301289585210e-02
-7.374253894951907085e-02
-7.358386578002966416e-02
-7.342536350442757653e-02
-7.326703212271293286e-02
-7.310887163488564988e-02
-7.295088204094574147e-02
-7.279306334089313824e-02
-7.263541553472797896e-02
-7.247793862245019425e-02
-7.232063260405978411e-02
-7.216349747955667915e-02
-7.200653324894101814e-02
-7.184973991221271783e-02
-7.169311746937180596e-02
-7.153666592041819927e-02
-7.138038526535202266e-02
-7.122427550417322062e-02
-7.106833663688179314e-02
-7.091256866347768473e-02
-7.075697158396100639e-02
-7.060154539833170262e-02
-7.044629010658977342e-02
-7.029120570873514939e-02
-7.013629220476796933e-02
-6.998154959468814995e-02
-6.982697787849571902e-02
-6.967257705619059327e-02
-6.951834712777289760e-02
-6.936428809324259037e-02
-6.921039995259964384e-02
-6.905668270584401636e-02
-6.890313635297581896e-02
-6.874976089399499612e-02
-6.859655632890149235e-02
-6.844352265769540478e-02
-6.829065988037670565e-02
-6.813796799694538109e-02
-6.798544700740136171e-02
-6.783309691174478628e-02
-6.768091770997557155e-02
-6.752890940209373138e-02
-6.737707198809922415e-02
-6.722540546799213312e-02
-6.707390984177241666e-02
-6.692258510944007477e-02
-6.677143127099505193e-02
-6.662044832643745917e-02
-6.646963627576722711e-02
-6.631899511898438349e-02
-6.616852485608885892e-02
-6.601822548708075056e-02
-6.586809701196003064e-02
-6.571813943072667141e-02
-6.556835274338064512e-02
-6.541873694992203503e-02
-6.526929205035079951e-02
-6.512001804466693855e-02
-6.497091493287039665e-02
-6.482198271496128483e-02
-6.467322139093954758e-02
-6.452463096080518490e-02
-6.437621142455814127e-02
-6.422796278219851385e-02
-6.407988503372627487e-02
-6.393197817914139658e-02
-6.378424221844385122e-02
-6.363667715163372207e-02
-6.348928297871096749e-02
-6.334205969967554584e-02
-6.319500731452754039e-02
-6.304812582326690951e-02
-6.290141522589365319e-02
-6.275487552240771594e-02
-6.260850671280920876e-02
-6.246230879709806921e-02
-6.231628177527430423e-02
-6.217042564733785831e-02
-6.202474041328884247e-02
-6.187922607312720119e-02
-6.173388262685293448e-02
-6.158871007446598683e-02
-6.144370841596646232e-02
-6.129887765135431238e-02
-6.115421778062953700e-02
-6.100972880379208069e-02
-6.086541072084205445e-02
-6.072126353177940278e-02
-6.057728723660411874e-02
-6.043348183531616069e-02
-6.028984732791562579e-02
-6.014638371440246545e-02
-6.000309099477667968e-02
-5.985996916903821297e-02
-5.971701823718717633e-02
-5.957423819922350733e-02
-5.943162905514721289e-02
-5.928919080495824445e-02
-5.914692344865669915e-02
-5.900482698624252842e-02
-5.886290141771572532e-02
-5.872114674307624821e-02
-5.857956296232419424e-02
-5.843815007545952178e-02
-5.829690808248221695e-02
-5.815583698339223118e-02
-5.801493677818967548e-02
-5.787420746687448742e-02
-5.773364904944662535e-02
-5.759326152590618642e-02
-5.745304489625312899e-02
-5.731299916048743920e-02
-5.717312431860906846e-02
-5.703342037061812086e-02
-5.689388731651455478e-02
-5.675452515629835631e-02
-5.661533388996948385e-02
-5.647631351752803452e-02
-5.633746403897395977e-02
-5.619878545430725958e-02
-5.606027776352787845e-02
-5.592194096663592046e-02
-5.578377506363134397e-02
-5.564578005451413512e-02
-5.550795593928424532e-02
-5.537030271794178560e-02
-5.523282039048670045e-02
-5.509550895691898292e-02
-5.495836841723859140e-02
-5.482139877144562995e-02
-5.468460001954003613e-02
-5.454797216152181688e-02
-5.441151519739091669e-02
-5.427522912714744657e-02
-5.413911395079134409e-02
-5.400316966832261617e-02
-5.386739627974121425e-02
-5.373179378504723547e-02
-5.359636218424063125e-02
-5.346110147732140161e-02
-5.332601166428949102e-02
-5.319109274514500357e-02
-5.305634471988789763e-02
-5.292176758851810381e-02
-5.278736135103574006e-02
-5.265312600744075089e-02
-5.251906155773313628e-02
-5.238516800191284073e-02
-5.225144533997996832e-02
-5.211789357193447048e-02
-5.198451269777634720e-02
-5.185130271750554992e-02
-5.171826363112217578e-02
-5.158539543862616927e-02
-5.145269814001754427e-02
-5.132017173529623832e-02
-5.118781622446235552e-02
-5.105563160751584728e-02
-5.092361788445671361e-02
-5.079177505528489900e-02
-5.066010312000051447e-02
-5.052860207860349756e-02
-5.039727193109385522e-02
-5.026611267747153888e-02
-5.013512431773664568e-02
-5.000430685188912705e-02
-4.987366027992897605e-02
-4.974318460185615798e-02
-4.961287981767075611e-02
-4.948274592737272881e-02
-4.935278293096207608e-02
-4.922299082843874934e-02
-4.909336961980283881e-02
-4.896391930505430978e-02
-4.883463988419314838e-02
-4.870553135721931298e-02
-4.857659372413290072e-02
-4.844782698493386303e-02
-4.831923113962219990e-02
-4.819080618819786277e-02
-4.806255213066094184e-02
-4.793446896701139548e-02
-4.780655669724918205e-02
-4.767881532137438483e-02
-4.755124483938695523e-02
-4.742384525128690714e-02
-4.729661655707418505e-02
-4.716955875674887916e-02
-4.704267185031094783e-02
-4.691595583776039108e-02
-4.678941071909716032e-02
-4.666303649432135270e-02
-4.653683316343291965e-02
-4.641080072643185422e-02
-4.628493918331812174e-02
-4.615924853409180545e-02
-4.603372877875286373e-02
-4.590837991730129658e-02
-4.578320194973704849e-02
-4.565819487606023047e-02
-4.553335869627078009e-02
-4.540869341036871121e-02
-4.528419901835396139e-02
-4.515987552022663470e-02
-4.503572291598668259e-02
-4.491174120563409811e-02
-4.478793038916884656e-02
-4.466429046659101121e-02
-4.454082143790055043e-02
-4.441752330309746422e-02
-4.429439606218170400e-02
-4.417143971515336692e-02
-4.404865426201240441e-02
-4.392603970275880954e-02
-4.380359603739254759e-02
-4.368132326591370185e-02
-4.355922138832223067e-02
-4.343729040461808549e-02
-4.331553031480135652e-02
-4.319394111887200904e-02
-4.307252281683002920e-02
-4.295127540867538229e-02
-4.283019889440815159e-02
-4.270929327402829545e-02
-4.258855854753580694e-02
-4.246799471493065137e-02
-4.234760177621291893e-02
-4.222737973138255413e-02
-4.210732858043956389e-02
-4.198744832338390659e-02
-4.186773896021565855e-02
-4.174820049093479202e-02
-4.162883291554129311e-02
-4.150963623403512714e-02
-4.139061044641637738e-02
-4.127175555268500912e-02
-4.115307155284100155e-02
-4.103455844688433385e-02
-4.091621623481507541e-02
-4.079804491663319849e-02
-4.068004449233868919e-02
-4.056221496193151282e-02
-4.044455632541175266e-02
-4.032706858277936013e-02
-4.020975173403434910e-02
-4.009260577917666407e-02
-3.997563071820639524e-02
-3.985882655112350792e-02
-3.974219327792798823e-02
-3.962573089861979453e-02
-3.950943941319902397e-02
-3.939331882166562104e-02
-3.927736912401955799e-02
-3.916159032026090420e-02
-3.904598241038962497e-02
-3.893054539440572032e-02
-3.881527927230914166e-02
-3.870018404409998614e-02
-3.858525970977820518e-02
-3.847050626934379186e-02
-3.835592372279671147e-02
-3.824151207013704729e-02
-3.812727131136475767e-02
-3.801320144647984262e-02
-3.789930247548225356e-02
-3.778557439837208071e-02
-3.767201721514928936e-02
-3.755863092581386564e-02
-3.744541553036577486e-02
-3.733237102880510028e-02
-3.721949742113179332e-02
-3.710679470734586788e-02
-3.699426288744726843e-02
-3.688190196143608518e-02
-3.676971192931227650e-02
-3.665769279107584239e-02
-3.654584454672674121e-02
-3.643416719626504929e-02
-3.632266073969073888e-02
-3.621132517700379611e-02
-3.610016050820418626e-02
-3.598916673329199262e-02
-3.587834385226717354e-02
-3.576769186512972903e-02
-3.565721077187961052e-02
-3.554690057251691515e-02
-3.543676126704158741e-02
-3.532679285545363423e-02
-3.521699533775301399e-02
-3.510736871393980996e-02
-3.499791298401397355e-02
-3.488862814797547701e-02
-3.477951420582438974e-02
-3.467057115756067703e-02
-3.456179900318433890e-02
-3.445319774269533369e-02
-3.434476737609374469e-02
-3.423650790337952332e-02
-3.412841932455268346e-02
-3.402050163961316959e-02
-3.391275484856107192e-02
-3.380517895139634882e-02
-3.369777394811900029e-02
-3.359053983872898469e-02
-3.348347662322637835e-02
-3.337658430161114659e-02
-3.326986287388329633e-02
-3.316331234004277206e-02
-3.305693270008966400e-02
-3.295072395402392357e-02
-3.284468610184556464e-02
-3.273881914355453865e-02
-3.263312307915092192e-02
-3.252759790863467976e-02
-3.242224363200581216e-02
-3.231706024926427750e-02
-3.221204776041015905e-02
-3.210720616544340822e-02
-3.200253546436403196e-02
-3.189803565717199557e-02
-3.179370674386736845e-02
-3.168954872445011589e-02
-3.158556159892023096e-02
-3.148174536727768591e-02
-3.137810002952255706e-02
-3.127462558565479583e-02
-3.117132203567437101e-02
-3.106818937958135893e-02
-3.096522761737571794e-02
-3.086243674905745499e-02
-3.075981677462652150e-02
-3.065736769408300422e-02
-3.055508950742686150e-02
-3.045298221465808988e-02
-3.035104581577665120e-02
-3.024928031078262872e-02
-3.014768569967597733e-02
-3.004626198245670052e-02
-2.994500915912475664e-02
-2.984392722968022549e-02
-2.974301619412306891e-02
-2.964227605245328689e-02
-2.954170680467083782e-02
-2.944130845077580147e-02
-2.934108099076813969e-02
-2.924102442464784901e-02
-2.914113875241489821e-02
-2.904142397406935319e-02
-2.894188008961118622e-02
-2.884250709904039034e-02
-2.874330500235693087e-02
-2.864427379956088413e-02
-2.854541349065220848e-02
-2.844672407563090741e-02
-2.834820555449694274e-02
-2.824985792725038733e-02
-2.815168119389120649e-02
-2.805367535441940022e-02
-2.795584040883493035e-02
-2.785817635713786974e-02
-2.776068319932818371e-02
-2.766336093540586877e-02
-2.756620956537089370e-02
-2.746922908922332790e-02
-2.737241950696313320e-02
-2.727578081859027836e-02
-2.717931302410483280e-02
-2.708301612350676180e-02
-2.698689011679606189e-02
-2.689093500397269840e-02
-2.679515078503674763e-02
-2.669953745998817143e-02
-2.660409502882696633e-02
-2.650882349155309764e-02
-2.641372284816664168e-02
-2.631879309866755681e-02
-2.622403424305584652e-02
-2.612944628133147262e-02
-2.603502921349451146e-02
-2.594078303954492140e-02
-2.584670775948270244e-02
-2.575280337330782335e-02
-2.565906988102035352e-02
-2.556550728262025826e-02
-2.547211557810753757e-02
-2.537889476748215328e-02
-2.528584485074417826e-02
-2.519296582789357433e-02
-2.510025769893034497e-02
-2.500772046385445549e-02
-2.491535412266597527e-02
-2.482315867536486614e-02
-2.473113412195113159e-02
-2.463928046242473691e-02
-2.454759769678574802e-02
-2.445608582503413370e-02
-2.436474484716989394e-02
-2.427357476319299406e-02
-2.418257557310349998e-02
-2.409174727690138046e-02
-2.400108987458659734e-02
-2.391060336615922696e-02
-2.382028775161922768e-02
-2.373014303096659949e-02
-2.364016920420131465e-02
-2.355036627132343560e-02
-2.346073423233293112e-02
-2.337127308722979774e-02
-2.328198283601400423e-02
-2.319286347868561998e-02
-2.310391501524461030e-02
-2.301513744569097172e-02
-2.292653077002467302e-02
-2.283809498824578357e-02
-2.274983010035426523e-02
-2.266173610635012145e-02
-2.257381300623331755e-02
-2.248606080000391944e-02
-2.239847948766189936e-02
-2.231106906920724692e-02
-2.222382954463993782e-02
-2.213676091396003451e-02
-2.204986317716750577e-02
-2.196313633426235160e-02
-2.187658038524453730e-02
-2.179019533011412532e-02
-2.170398116887109138e-02
-2.161793790151542854e-02
-2.153206552804710905e-02
-2.144636404846619535e-02
-2.136083346277265274e-02
-2.127547377096648470e-02
-2.119028497304766001e-02
-2.110526706901623764e-02
-2.102042005887218984e-02
-2.093574394261548538e-02
-2.085123872024618671e-02
-2.076690439176425915e-02
-2.068274095716970615e-02
-2.059874841646249302e-02
-2.051492676964268916e-02
-2.043127601671025639e-02
-2.034779615766519473e-02
-2.026448719250747987e-02
-2.018134912123716734e-02
-2.009838194385422938e-02
-2.001558566035866252e-02
-1.993296027075043900e-02
-1.985050577502962127e-02
-1.976822217319617811e-02
-1.968610946525010605e-02
-1.960416765119137733e-02
-1.952239673102005441e-02
-1.944079670473610258e-02
-1.935936757233952532e-02
-1.927810933383029141e-02
-1.919702198920845981e-02
-1.911610553847400279e-02
-1.903535998162692033e-02
-1.895478531866718122e-02
-1.887438154959484443e-02
-1.879414867440988221e-02
-1.871408669311229456e-02
-1.863419560570204678e-02
-1.855447541217920479e-02
-1.847492611254373737e-02
-1.839554770679564105e-02
-1.831634019493489154e-02
-1.823730357696154436e-02
-1.815843785287556827e-02
-1.807974302267696676e-02
-1.800121908636570858e-02
-1.792286604394185620e-02
-1.784468389540537492e-02
-1.776667264075624045e-02
-1.768883227999450483e-02
-1.761116281312014725e-02
-1.753366424013316077e-02
-1.745633656103351763e-02
-1.737917977582127682e-02
-1.730219388449641058e-02
-1.722537888705891890e-02
-1.714873478350877056e-02
-1.707226157384602455e-02
-1.699595925807065311e-02
-1.691982783618265623e-02
-1.684386730818200270e-02
-1.676807767406875149e-02
-1.669245893384287138e-02
-1.661701108750436931e-02
-1.654173413505321058e-02
-1.646662807648945070e-02
-1.639169291181306887e-02
-1.631692864102405813e-02
-1.624233526412239420e-02
-1.616791278110812913e-02
-1.609366119198123862e-02
-1.601958049674172269e-02
-1.594567069538955356e-02
-1.587193178792478329e-02
-1.579836377434738759e-02
-1.572496665465736645e-02
-1.565174042885468866e-02
-1.557868509693941320e-02
-1.550580065891151230e-02
-1.543308711477098423e-02
-1.536054446451780124e-02
-1.528817270815202058e-02
-1.521597184567361274e-02
-1.514394187708254999e-02
-1.507208280237888956e-02
-1.500039462156260196e-02
-1.492887733463368893e-02
-1.485753094159212098e-02
-1.478635544243795535e-02
-1.471535083717116256e-02
-1.464451712579174260e-02
-1.457385430829966945e-02
-1.450336238469499689e-02
-1.443304135497769716e-02
-1.436289121914777200e-02
-1.429291197720519366e-02
-1.422310362915001417e-02
-1.415346617498220924e-02
-1.408399961470177715e-02
-1.401470394830869361e-02
-1.394557917580300892e-02
-1.387662529718469706e-02
-1.380784231245375977e-02
-1.373923022161016930e-02
-1.367078902465397941e-02
-1.360251872158516236e-02
-1.353441931240371814e-02
-1.346649079710962246e-02
-1.339873317570292564e-02
-1.333114644818360339e-02
-1.326373061455165397e-02
-1.319648567480705310e-02
-1.312941162894984935e-02
-1.306250847698002017e-02
-1.299577621889756555e-02
-1.292921485470245775e-02
-1.286282438439474880e-02
-1.279660480797441442e-02
-1.273055612544145287e-02
-1.266467833679583987e-02
-1.259897144203762573e-02
-1.253343544116678442e-02
-1.246807033418329165e-02
-1.240287612108719774e-02
-1.233785280187847840e-02
-1.227300037655713015e-02
-1.220831884512313219e-02
-1.214380820757653308e-02
-1.207946846391730680e-02
-1.201529961414545336e-02
-1.195130165826095020e-02
-1.188747459626384416e-02
-1.182381842815411095e-02
-1.176033315393175231e-02
-1.169701877359674395e-02
-1.163387528714913098e-02
-1.157090269458889258e-02
-1.150810099591602874e-02
-1.144547019113051345e-02
-1.138301028023239528e-02
-1.132072126322165168e-02
-1.125860314009828091e-02
-1.119665591086225868e-02
-1.113487957551363532e-02
-1.107327413405238478e-02
-1.101183958647850882e-02
-1.095057593279198140e-02
-1.088948317299285283e-02
-1.082856130708109536e-02
-1.076781033505671246e-02
-1.070723025691967985e-02
-1.064682107267004435e-02
-1.058658278230778342e-02
-1.052651538583289359e-02
-1.046661888324535578e-02
-1.040689327454521335e-02
-1.034733855973244548e-02
-1.028795473880702790e-02
-1.022874181176900744e-02
-1.016969977861835982e-02
-1.011082863935508502e-02
-1.005212839397916225e-02
-9.993599042490634854e-03
-9.935240584889482029e-03
-9.877053021175702038e-03
-9.819036351349272329e-03
-9.761190575410239739e-03
-9.703515693358579983e-03
-9.646011705194293059e-03
-9.588678610917359887e-03
-9.531516410527820365e-03
-9.474525104025655411e-03
-9.417704691410863291e-03
-9.361055172683421452e-03
-9.304576547843376733e-03
-9.248268816890704846e-03
-9.192131979825407528e-03
-9.136166036647462227e-03
-9.080370987356910575e-03
-9.024746831953733492e-03
-8.969293570437929242e-03
-8.914011202809477008e-03
-8.858899729068420159e-03
-8.803959149214736143e-03
-8.749189463248426696e-03
-8.694590671169469265e-03
-8.640162772977905484e-03
-8.585905768673716271e-03
-8.531819658256899891e-03
-8.477904441727437262e-03
-8.424160119085368284e-03
-8.370586690330673874e-03
-8.317184155463331480e-03
-8.263952514483382736e-03
-8.210891767390806825e-03
-8.158001914185605483e-03
-8.105282954867757891e-03
-8.052734889437303950e-03
-8.000357717894222842e-03
-7.948151440238514567e-03
-7.896116056470161779e-03
-7.844251566589200905e-03
-7.792557970595613732e-03
-7.741035268489400260e-03
-7.689683460270541407e-03
-7.638502545939074469e-03
-7.587492525494982099e-03
-7.536653398938262562e-03
-7.485985166268897643e-03
-7.435487827486924640e-03
-7.385161382592326205e-03
-7.335005831585100604e-03
-7.285021174465229621e-03
-7.235207411232751420e-03
-7.185564541887646921e-03
-7.136092566429915254e-03
-7.086791484859538207e-03
-7.037661297176553941e-03
-6.988702003380943377e-03
-6.939913603472705646e-03
-6.891296097451823401e-03
-6.842849485318333071e-03
-6.794573767072216441e-03
-6.746468942713473513e-03
-6.698535012242085203e-03
-6.650771975658088808e-03
-6.603179832961466114e-03
-6.555758584152217121e-03
-6.508508229230323613e-03
-6.461428768195821154e-03
-6.414520201048692395e-03
-6.367782527788919122e-03
-6.321215748416537765e-03
-6.274819862931529241e-03
-6.228594871333894417e-03
-6.182540773623615947e-03
-6.136657569800727657e-03
-6.090945259865213936e-03
-6.045403843817073047e-03
-6.000033321656288512e-03
-5.954833693382895025e-03
-5.909804958996875239e-03
-5.864947118498228286e-03
-5.820260171886937686e-03
-5.775744119163038134e-03
-5.731398960326512283e-03
-5.687224695377359265e-03
-5.643221324315563468e-03
-5.599388847141157852e-03
-5.555727263854125936e-03
-5.512236574454466853e-03
-5.468916778942165859e-03
-5.425767877317254177e-03
-5.382789869579716197e-03
-5.339982755729551049e-03
-5.297346535766743990e-03
-5.254881209691326244e-03
-5.212586777503282198e-03
-5.170463239202611853e-03
-5.128510594789298729e-03
-5.086728844263374918e-03
-5.045117987624824808e-03
-5.003678024873648399e-03
-4.962408956009830077e-03
-4.921310781033400202e-03
-4.880383499944344027e-03
-4.839627112742645940e-03
-4.799041619428337166e-03
-4.758627020001402093e-03
-4.718383314461839853e-03
-4.678310502809635701e-03
-4.638408585044820863e-03
-4.598677561167379725e-03
-4.559117431177311421e-03
-4.519728195074602072e-03
-4.480509852859281168e-03
-4.441462404531333966e-03
-4.402585850090759596e-03
-4.363880189537545050e-03
-4.325345422871718082e-03
-4.286981550093263947e-03
-4.248788571202184380e-03
-4.210766486198463769e-03
-4.172915295082130736e-03
-4.135234997853171404e-03
-4.097725594511584905e-03
-4.060387085057359097e-03
-4.023219469490519999e-03
-3.986222747811054602e-03
-3.949396920018962906e-03
-3.912741986114230165e-03
-3.876257946096885437e-03
-3.839944799966913975e-03
-3.803802547724316214e-03
-3.767831189369078276e-03
-3.732030724901227482e-03
-3.696401154320749956e-03
-3.660942477627646130e-03
-3.625654694821902561e-03
-3.590537805903545703e-03
-3.555591810872562111e-03
-3.520816709728952654e-03
-3.486212502472703020e-03
-3.451779189103840097e-03
-3.417516769622350875e-03
-3.383425244028222343e-03
-3.349504612321480088e-03
-3.315754874502111101e-03
-3.282176030570115813e-03
-3.248768080525481650e-03
-3.215531024368233331e-03
-3.182464862098358712e-03
-3.149569593715857360e-03
-3.116845219220717132e-03
-3.084291738612963182e-03
-3.051909151892582498e-03
-3.019697459059575081e-03
-2.987656660113929222e-03
-2.955786755055669207e-03
-2.924087743884782459e-03
-2.892559626601268977e-03
-2.861202403205117487e-03
-2.830016073696351407e-03
-2.799000638074958594e-03
-2.768156096340939482e-03
-2.737482448494282360e-03
-2.706979694535010215e-03
-2.676647834463111771e-03
-2.646486868278586594e-03
-2.616496795981423408e-03
-2.586677617571645198e-03
-2.557029333049240689e-03
-2.527551942414209447e-03
-2.498245445666541064e-03
-2.469109842806256790e-03
-2.440145133833346216e-03
-2.411351318747808909e-03
-2.382728397549634461e-03
-2.354276370238844555e-03
-2.325995236815427917e-03
-2.297884997279374137e-03
-2.269945651630704900e-03
-2.242177199869408930e-03
-2.214579641995486226e-03
-2.187152978008926815e-03
-2.159897207909751080e-03
-2.132812331697949478e-03
-2.105898349373520710e-03
-2.079155260936455668e-03
-2.052583066386774301e-03
-2.026181765724466202e-03
-1.999951358949531802e-03
-1.973891846061960696e-03
-1.948003227061773264e-03
-1.922285501948959316e-03
-1.896738670723518852e-03
-1.871362733385442331e-03
-1.846157689934748835e-03
-1.821123540371429039e-03
-1.796260284695482511e-03
-1.771567922906900358e-03
-1.747046455005700797e-03
-1.722695880991874937e-03
-1.698516200865422560e-03
-1.674507414626334560e-03
-1.650669522274629151e-03
-1.627002523810297226e-03
-1.603506419233338785e-03
-1.580181208543745153e-03
-1.557026891741533680e-03
-1.534043468826695907e-03
-1.511230939799231617e-03
-1.488589304659132138e-03
-1.466118563406414816e-03
-1.443818716041070978e-03
-1.421689762563092168e-03
-1.399731702972495514e-03
-1.377944537269272128e-03
-1.356328265453422225e-03
-1.334882887524937783e-03
-1.313608403483835065e-03
-1.292504813330105830e-03
-1.271572117063750080e-03
-1.250810314684759790e-03
-1.230219406193151224e-03
-1.209799391588915925e-03
-1.189550270872054109e-03
-1.169472044042558188e-03
-1.149564711100443557e-03
-1.129828272045702410e-03
-1.110262726878334530e-03
-1.090868075598332978e-03
-1.071644318205712283e-03
-1.052591454700465071e-03
-1.033709485082591343e-03
-1.014998409352084159e-03
-9.964582275089573990e-04
-9.780889395532041224e-04
-9.598905454848245464e-04
-9.418630453038115153e-04
-9.240064390101787985e-04
-9.063207266039196739e-04
-8.888059080850340332e-04
-8.714619834535152626e-04
-8.542889527093766979e-04
-8.372868158526115085e-04
-8.204555728832199114e-04
-8.037952238011954013e-04
-7.873057686065508803e-04
-7.709872072992797346e-04
-7.548395398793820727e-04
-7.388627663468519315e-04
-7.230568867017013457e-04
-7.074219009439242437e-04
-6.919578090735148792e-04
-6.766646110904847447e-04
-6.615423069948282025e-04
-6.465908967865451442e-04
-6.318103804656300402e-04
-6.172007580320939494e-04
-6.027620294859314509e-04
-5.884941948271424361e-04
-5.743972540557215926e-04
-5.604712071716795455e-04
-5.467160541750110906e-04
-5.331317950657160111e-04
-5.197184298437894281e-04
-5.064759585092415330e-04
-4.934043810620670134e-04
-4.805036975022660317e-04
-4.677739078298337092e-04
-4.552150120447797494e-04
-4.428270101470993276e-04
-4.306099021367923354e-04
-4.185636880138543276e-04
-4.066883677782944114e-04
-3.949839414301079790e-04
-3.834504089692950305e-04
-3.720877703958512831e-04
-3.608960257097854106e-04
-3.498751749110929677e-04
-3.390252179997740628e-04
-3.283461549758246302e-04
-3.178379858392527471e-04
-3.075007105900543478e-04
-2.973343292282294866e-04
-2.873388417537743145e-04
-2.775142481666964750e-04
-2.678605484669920652e-04
-2.583777426546576697e-04
-2.490658307297003360e-04
-2.399248126921165131e-04
-2.309546885419061740e-04
-2.221554582790660119e-04
-2.135271219036027218e-04
-2.050696794155129155e-04
-1.967831308147966200e-04
-1.886674761014507456e-04
-1.807227152754814720e-04
-1.729488483368856822e-04
-1.653458752856634033e-04
-1.579137961218118164e-04
-1.506526108453365594e-04
-1.435623194562348133e-04
-1.366429219545065509e-04
-1.298944183401492516e-04
-1.233168086131680382e-04
-1.169100927735602951e-04
-1.106742708213260629e-04
-1.046093427564630376e-04
-9.871530857897584078e-05
-9.299216828886214129e-05
-8.743992188612192561e-05
-8.205856937075318796e-05
-7.684811074276000765e-05
-7.180854600214032471e-05
-6.693987514889413913e-05
-6.224209818301967552e-05
-5.771521510452053209e-05
-5.335922591339487925e-05
-4.917413060964271021e-05
-4.515992919326253420e-05
-4.131662166425741409e-05
-3.764420802262577779e-05
-3.414268826836763885e-05
-3.081206240148175044e-05
-2.765233042197065027e-05
-2.466349232983304068e-05
-2.184554812506788151e-05
-1.919849780767731747e-05
-1.672234137766024061e-05
-1.441707883501665435e-05
-1.228271017974577939e-05
-1.031923541184923867e-05
-8.526654531326186831e-06
-6.904967538176625579e-06
-5.454174432400034833e-06
-4.174275213997517429e-06
-3.065269882968489339e-06
-2.127158439312951833e-06
-1.359940883030644660e-06
-7.636172141221513194e-07
-3.381874325871477160e-07
-8.365153842563390234e-08
0.000000000000000000e+00
8.726141222307556509e-08
3.454071801822920864e-07
7.744468355148671869e-07
1.374380378220932130e-06
2.145207808300486810e-06
3.086929125753531227e-06
4.199544330580064958e-06
5.483053422780089272e-06
6.937456402353603323e-06
8.562753269301906460e-06
1.035894402362252958e-05
1.232602866531664159e-05
1.446400719438424419e-05
1.677287961082533736e-05
1.925264591463991774e-05
2.190330610582799209e-05
2.472486018439176269e-05
2.771730815032694356e-05
3.088065000363561502e-05
3.421488574431777707e-05
3.772001537237342292e-05
4.139603888780256613e-05
4.524295629060519315e-05
4.926076758078131752e-05
5.344947275833417154e-05
5.780907182325739906e-05
6.233956477555412394e-05
6.704095161522433263e-05
7.191323234226802512e-05
7.695640695668521498e-05
8.217047545847590219e-05
8.755543784764005966e-05
9.311129412418201064e-05
9.883804428809328481e-05
1.047356883393780563e-04
1.108042262780363117e-04
1.170436581040680508e-04
1.234539838174733008e-04
1.300352034182520212e-04
1.367873169064042253e-04
1.437103242819352529e-04
1.508042255448345872e-04
1.580690206951074054e-04
1.655047097327537074e-04
1.731112926577734932e-04
1.808887694701667899e-04
1.888371401699335704e-04
1.969564047570738347e-04
2.052465632315939525e-04
2.137076155934813199e-04
2.223395618427421712e-04
2.311424019793765334e-04
2.401161360033843793e-04
2.492607639147657091e-04
2.585762857135205498e-04
2.680627013996561385e-04
2.777200109731580552e-04
2.875482144340334558e-04
2.975473117822823943e-04
3.077173030179047625e-04
3.180581881409006687e-04
3.285699671512700587e-04
3.392526400490129324e-04
3.501062068341375842e-04
3.611306675066275882e-04
3.723260220664910219e-04
3.836922705137279935e-04
3.952294128483384490e-04
4.069374490703223882e-04
4.188163791796798113e-04
4.308662031764107182e-04
4.430869210605244872e-04
4.554785328320025244e-04
4.680410384908540453e-04
4.807744380370790500e-04
4.936787314706775386e-04
5.067539187916495109e-04
5.199999999999999544e-04
