-1.342586081891556482e+00 -1.207216348048287591e+00 1.389443685429523789e+00 0.000000000000000000e+00
-5.267064528764850984e-01 -1.255935111563596159e-03 3.389731310222618421e-01 0.000000000000000000e+00
2.332284988457237751e-01 -6.479232453402589131e-01 7.066826225748101820e-02 0.000000000000000000e+00
-8.765373717775621909e-01 1.293463304241420364e-01 1.159478701011056101e+00 0.000000000000000000e+00
4.743043064022828270e-02 1.982292269753881397e-01 -3.206986840948259920e-01 0.000000000000000000e+00
9.621614987725717327e-01 -8.227435764478859825e-01 -1.516774473346925944e+00 0.000000000000000000e+00
-5.768895639437254808e-01 -2.448979415283488170e-01 9.929678008342228690e-01 0.000000000000000000e+00
-1.596304300765351902e+00 -9.612560363455719958e-01 2.287732980937843053e+00 0.000000000000000000e+00
1.043231079936083328e+00 1.871382914199907488e-01 -1.117413889380065140e+00 0.000000000000000000e+00
-1.266691808338321623e+00 -4.109776190175335464e-01 2.713677614327237642e+00 0.000000000000000000e+00
1.354516429960070933e-01 1.531282466958533706e-01 -3.756618475712552030e-01 0.000000000000000000e+00
-8.681798227225826503e-01 -3.890316277298195846e-01 1.516014243035355813e+00 0.000000000000000000e+00
5.124644134533011819e-01 6.310283901487388769e-02 -6.265868846939718351e-01 0.000000000000000000e+00
-3.199092477627249465e-01 -4.221631055426044443e-01 7.562822772342179256e-01 0.000000000000000000e+00
1.339360205939477577e+00 8.142101954836863387e-01 -9.324887717523319131e-01 0.000000000000000000e+00
-2.955970300092795044e-01 2.955877460303089066e-01 8.878843239226703876e-02 0.000000000000000000e+00
1.309023815853570749e+00 -1.657363977998634330e-01 -1.359747371177490560e+00 0.000000000000000000e+00
-2.071473879519675876e+00 6.525011387340203806e-01 1.675360450506919507e+00 0.000000000000000000e+00
4.149079268232701567e-01 2.246988488574653275e-01 -4.545444566616050341e-01 0.000000000000000000e+00
-3.210093166207914073e-01 -2.605881024801877111e-01 1.778677590639376194e-01 0.000000000000000000e+00
6.809924538238608382e-02 6.096281050709626698e-02 -1.727425576867624712e-01 0.000000000000000000e+00
-1.833154050407081737e-01 -7.578996982320584420e-03 3.075246247456386861e-01 0.000000000000000000e+00
1.098127852152725320e-01 -3.432879939230486905e-04 -6.111837700303348470e-02 0.000000000000000000e+00
-8.730436147706388539e-02 -1.627360745599457925e-01 7.992451306318204551e-01 0.000000000000000000e+00
1.452679478937398405e-01 9.739057741462965601e-02 -2.490998014597732291e-01 0.000000000000000000e+00
5.829767892226035420e-01 5.814519150058480301e-01 -7.532578344626601474e-01 0.000000000000000000e+00
-7.329886246618312340e-01 -3.787040885049434147e-01 1.662782860038620969e+00 0.000000000000000000e+00
5.715140975966255255e-01 -3.414846060140497297e-01 -3.403028452348629829e-01 0.000000000000000000e+00
-8.205388469749050895e-01 1.169017195002248488e-01 7.802969397867425272e-01 0.000000000000000000e+00
6.497454670024096490e-01 3.355478726383201156e-04 -6.582917584401429822e-01 0.000000000000000000e+00
7.988067206587384783e-01 -8.320443274777704623e-01 -2.438510934273328878e+00 0.000000000000000000e+00
-4.289639290627080270e-01 3.644226650655955080e-01 2.281841387888753570e+00 0.000000000000000000e+00
1.181126366872009281e-01 6.709297672415746039e-01 -2.181944649855121487e-01 0.000000000000000000e+00
-1.350670831400849536e+00 -6.160006136143820754e-01 7.215349258479712979e-01 0.000000000000000000e+00
-4.813486578369073343e-01 -2.257015486537433321e-02 1.109074782523214564e+00 0.000000000000000000e+00
-3.017397195602616877e-02 -3.894914479497999654e-02 9.413153166236559732e-02 0.000000000000000000e+00
2.713693154394565821e-01 1.541815254383451794e-01 -5.707167674559904258e-01 0.000000000000000000e+00
-1.897796493352736924e-01 -7.499964100435677593e-03 3.365667667097172466e-01 0.000000000000000000e+00
-2.045849229150099174e-02 1.305248697049900264e-01 5.954931418198025073e-01 0.000000000000000000e+00
-1.446111412635076310e-01 -2.477791402157325795e-01 2.656207012900713149e-01 0.000000000000000000e+00
2.265719139704887586e-01 -2.176606285055313339e-01 -3.934681349008799928e-02 0.000000000000000000e+00
-3.024783376357693607e-02 -3.773066138546550541e-02 1.145188825908265429e+00 0.000000000000000000e+00
7.643254795117193634e-01 3.097863934387280402e-02 -1.046347336739114287e+00 0.000000000000000000e+00
-2.209878812754636213e-01 2.888340313521698399e-01 -2.227345467014891223e-01 0.000000000000000000e+00
-7.439549030707044708e-02 7.576775218478283558e-02 5.725358622215777349e-02 0.000000000000000000e+00
-8.566163134156833392e-01 -7.986238421798121934e-01 5.849419065000805995e-01 0.000000000000000000e+00
1.391211000558517430e+00 6.474041439483512184e-01 1.566490950331641818e-01 0.000000000000000000e+00
-7.339644089219593548e-01 1.062259023603121300e+00 4.501587119039223150e-01 0.000000000000000000e+00
3.230715604115493855e-01 -2.550844612674202372e-01 -1.848665257017620966e+00 0.000000000000000000e+00
-3.691830436521021941e-01 2.928319412104005148e-01 -2.930835029522505311e-02 0.000000000000000000e+00
2.118670092032928221e+00 1.382829895633541917e-01 -2.170987325944464974e+00 0.000000000000000000e+00
-2.187963479173290704e+00 7.392163390675513535e-01 -3.695544698106713599e-01 0.000000000000000000e+00
1.635254821120021074e+00 -1.085806302220710062e+00 4.069814313678358220e-01 0.000000000000000000e+00
4.042939079434392236e-01 2.734114698800200159e-03 1.464040407376451025e+00 0.000000000000000000e+00
4.646890572162719613e-01 9.604735149639438418e-01 -1.308022196400328907e+00 0.000000000000000000e+00
-3.779812092903535037e-01 -8.444595480488833461e-01 8.319841255836696314e-01 0.000000000000000000e+00
