5.949622515712562620e-01 5.441481431862029705e-01 2.665860843873355535e-01 3.655435766460031211e-01
-2.639312924059841192e-01 -1.797959329130531803e-01 -1.346481129432126056e-01 -2.043427238043604710e-01
3.363488982733655042e-01 2.507306251453038648e-01 -4.805983415508885415e-02 2.007553325688004042e-01
6.429601611104321934e-01 4.051175422906778678e-01 8.225497762376143829e-01 6.334970070720966628e-01
4.389236687230027023e-01 2.672113324088019048e-01 3.828580432383372756e-01 3.489821106678594465e-01
1.750731035118719969e-01 1.535336392442693265e-01 1.855535399677616937e-01 2.887596799155172089e-01
-1.290343209795097978e+00 -9.511833350697098677e-01 -1.160851344901668414e+00 -8.816550638064071244e-01
2.185810305227817718e-01 2.145811625404515366e-01 1.248265744709458946e+00 2.946605721661482713e-01
-4.336671064938719677e-01 -4.381459171358358939e-01 -5.940999298197022771e-01 -3.768833772141093608e-01
-7.000166228329539608e-01 -4.067748776436679314e-01 -6.653893495840534911e-01 -5.004665282443458985e-01
1.714266727321560602e+00 7.007879409781812008e-01 9.470291940671269337e-01 5.279045838447036232e-01
-5.586578847940555370e-01 -5.239534605836729808e-01 -1.633628911801627837e+00 -4.766475442374737415e-01
-1.805975892293177898e+00 -6.240840353680745523e-01 -8.841231573951802147e-01 -6.543034512586936025e-01
1.279216300475286117e+00 9.613645431977102529e-01 1.566155709745951086e+00 7.361886217955219136e-01
-2.415294181779028548e-01 -3.371935785060724000e-01 -3.965882965158344931e-01 -5.589272261292190791e-01
5.139114062407332817e-01 1.427970185911547341e-01 2.274314116268262298e-01 3.738857695032569151e-01
-7.854438305982758273e-01 -3.548753139000808687e-01 -5.471913647724413465e-01 -1.565099528116821181e-01
4.913014643120647840e-01 2.521918106704826301e-01 2.487273959569705761e-01 2.178271766050621228e-01
-1.105344806651680223e-01 -4.519852789869920062e-02 1.769738866383882003e-01 -1.947410297284325464e-01
2.557930300653296074e-01 1.475683606751932997e-01 2.179013013768826834e-01 1.534302112568806664e-01
-9.370971970995087830e-01 -2.832918145665881404e-01 -3.773543302716337866e-01 -1.458537673609356378e-01
2.941503493573152106e-01 2.864586061432595754e-01 7.674039655948972083e-01 2.028984367872987415e-01
1.608034603922213535e+00 4.115246207507288201e-01 6.395251343655803389e-01 3.625551445577166465e-01
1.439630817503285698e-01 2.348859530373784976e-01 2.166944441458729109e-01 3.285750399132114641e-01
-8.972499510051497040e-01 -6.422595299720486040e-01 -1.177776827486490152e+00 -4.281656751112768999e-01
-9.813895602258142503e-01 -2.192779765657854041e-01 -3.278314552004496507e-01 -4.366287731683107243e-01
9.743408058220557333e-01 4.592439920103469908e-01 6.147218352237333594e-01 1.749672789898583103e-01
-6.198187681302833596e-01 -3.448485152115505770e-01 -5.473657107213698580e-01 -2.846548824446157866e-01
1.827644034344109158e-01 6.422796692940013763e-02 -2.147395249745760459e-01 1.984726663131725077e-01
2.511302511892954947e-01 5.944236543890668578e-02 2.766251915991030375e-02 1.114868758027885987e-01
-2.903583139007142044e-01 -9.171594665082821729e-02 -4.302711792424380732e-01 1.403962439315509236e-02
8.320151686016430403e-02 1.163448775159741100e-01 2.505357841772637428e-02 8.954477097566398980e-02
2.472395312846940030e-01 -5.190866529337054280e-02 3.914822104747850418e-02 -9.120675092586771893e-02
-2.572636724120889173e-01 5.708264333868617868e-03 2.020752979628173129e-01 2.244178816827613332e-02
-3.333140941974078314e-02 -1.942582217651250137e-02 -2.638749910549631483e-02 -1.713619054723836133e-02
1.465742169753541102e-01 4.593067108296677858e-02 5.466152839498378269e-02 1.391050967765461444e-02
-4.988300630295061655e-02 -5.019382572760540395e-02 -1.241565055586309474e-01 -2.757542519715717663e-02
-4.809412807884783092e-01 -9.742471708222449900e-02 -1.644704673293738706e-01 -7.620948739701088881e-02
1.705300704620063001e-01 1.348085586426918669e-01 2.743679998652873708e-01 7.829502194563844886e-02
-2.844938938565566566e-02 -5.212692734797869792e-02 -2.849654291261116690e-02 -6.094404333750635949e-02
3.473813904057148072e-01 5.313702821866228554e-02 8.245571702646681267e-02 1.063544758105381960e-01
-4.315972687556932641e-01 -1.378744854650870988e-01 -1.471127018801555164e-01 -4.874696816369006314e-02
2.169610207252017364e-01 1.095295728722753686e-01 2.086675815242668430e-01 8.243375592732898882e-02
-5.438750261493741078e-02 -2.109350000583817830e-02 7.206936396313778914e-02 -4.928608246406032678e-02
1.051893960604310951e-02 -1.737768438336401156e-02 -8.315746383367406125e-03 -5.177065997768626193e-02
2.444924236673684526e-02 5.753944441594649462e-02 2.963236553672291551e-01 -1.167328672182857408e-02
-4.780341509293317692e-02 -6.533380139217495608e-02 6.198822456658614755e-02 -3.900910461426387865e-02
-1.389988029201925102e-01 3.105686670787838333e-02 -2.346852725928061378e-02 4.919063473060181213e-02
1.201452920775485378e-01 -3.131316488552221555e-03 -2.189598154101815020e-01 -9.858961457494874736e-03
6.812414349987738760e-02 4.117261559056102638e-02 1.201239915595136987e-02 6.844364478175157807e-04
2.473196492647260492e-01 -8.609915847898830243e-03 -9.966888526588002506e-04 -9.044875670943919310e-03
-2.746615543425718897e-01 1.022842527632805698e-02 2.851682878439183444e-01 3.740719603128109250e-02
1.160597204005313632e-01 -1.006089611973838560e-02 -4.002195064789693113e-02 2.922740459770183097e-02
1.273432318365556037e-01 3.260479074721212012e-03 -1.277358656104041756e-01 1.206494089586658547e-02
-1.700892764758304976e-01 -1.339728516065119557e-03 9.265602541684070381e-03 -4.559960295674458930e-03
-9.887847294091942629e-01 -9.374457985014832406e-01 -8.861367283101559966e-01 -9.111171657323984263e-01
8.444170044160136460e-03 1.200765091032578082e-03 7.049519393240018424e-03 3.911404388834552499e-03
