-3.632345875933108426e-01 2.117476817412450529e+00 1.548336560008314877e-01 -5.863750051479882375e-02
-1.137644708906608709e-01 -4.087145822466292655e-01 -3.494418238639225571e-02 1.715329004650238409e-01
-1.927276566951075659e-02 -3.789332627688123123e-02 -1.297667058723625533e-01 -1.523970519060862013e-02
1.548777806808071755e+00 -4.899382525795070720e+00 -1.118680964487640539e+00 -3.413279749106798988e-01
-2.586216313259530608e-01 6.656372028801452179e-02 -3.227200674487866738e-01 -7.351398344085949832e-01
-2.242402879002452776e-01 3.281399451779997700e-01 -4.448997157151420301e-01 -7.255485595790571729e-01
-6.994039318642990555e-01 3.500950710215845696e+00 1.480284442836215408e+00 1.064483831993386920e+00
-1.038063601273826686e+00 -9.026382876273254530e-01 -1.260808235350570072e+00 -1.558088164047174429e+00
4.681050425485185351e-01 8.500495108403918199e-01 7.263744276097254815e-01 9.022540958823828117e-01
-1.917165842892090133e+00 4.858191953643458127e+00 1.736983094714044773e+00 5.462381262424114148e-01
2.852040427616714169e+00 -5.417163823192459482e+00 -2.515604212891944247e+00 -1.716860653202113340e+00
1.568758016832930480e+00 1.102000664241283845e+00 2.412098733731618871e+00 2.320984480869779709e+00
7.129563719255206378e-01 1.180477170294908174e+00 1.708435205736054119e+00 4.366197309805333049e+00
-4.625673485669899998e-01 -2.363070772252559681e+00 -2.028325297064661470e+00 -3.143011499503410633e+00
2.187821343295629495e-01 -2.997029582441507745e-01 1.012735292245087182e+00 1.475994826721514608e+00
3.096814038186544993e-01 -3.757995714771771301e-01 4.476659598239270399e-01 -1.799572410962666513e+00
4.755753892214854561e-01 9.974335463890005027e-01 3.785014421551287089e-01 1.102257977224730290e+00
3.434810554041524133e-01 7.908925884875214196e-01 -1.997622663031259072e-01 -6.579386174805726961e-01
-1.764130102962802593e-01 -5.721457373962715032e-01 -1.153428303047256825e-01 1.599858463472209336e-01
9.844922311754897848e-01 -2.127793565937230902e+00 -9.438650612195860212e-01 -2.314461234730655903e-01
-2.185634150327259828e+00 3.325127923958163922e+00 1.656942788471551076e+00 9.863913041128825610e-01
-8.455443663861614834e-01 -4.250670156325714322e-01 -1.529052374338864650e+00 -1.265451952419517356e+00
-6.816124098429556799e-01 -1.845040025892157542e+00 -2.066001420328936078e+00 -4.568073548402742823e+00
-8.043252371102113663e-02 2.145917977359589057e-01 -6.670618082925932057e-01 -1.033101378605332243e+00
2.455685265824311680e-01 1.606902978466067777e+00 1.783034872553076688e+00 2.757127616094054989e+00
7.461407626462343567e-02 -1.677618691975071297e-01 2.836234202237231106e-02 2.723812794000689319e+00
7.728949016294572871e-01 -7.916493733129090771e-01 -7.300773037690788669e-01 -1.638290099047136072e+00
-9.056823109779990055e-01 -5.393206751906993723e-01 4.353230189552215190e-02 9.441466308434105503e-01
2.801035971287588744e-01 3.549905068556479248e-01 2.159508771421260187e-01 2.656870933035225257e-01
-6.527839182351607983e-02 -1.045425934119212030e+00 4.358750102542178206e-01 -6.024807159652072475e-01
1.893609405498136999e-01 1.066761533614473567e+00 -3.035903345645516449e-01 1.414427108881450845e+00
2.145967083738511139e-01 8.968072541582315926e-01 1.368562937257262746e-01 -4.352994288198624440e-01
-3.806961094351617170e-02 -3.379084101195894418e-01 -1.193912330038265912e-01 4.928054114315372214e-02
2.828825714543345415e-02 -1.137639362259867282e+00 -2.284629105295898910e-02 2.558357603032863636e-01
-1.833710629024239980e-01 3.361167221054789933e-01 1.649324410460261126e-01 2.125938754228549193e-02
4.415799040545913545e-01 -7.319192018582847403e-01 -4.038957846672818763e-01 -2.155143331933677131e-01
1.520925571855738512e-01 5.153403985543562882e-02 3.227061461699446410e-01 2.334318920683974841e-01
2.812621763828184185e-01 6.491880897160547947e-01 7.122801658372639455e-01 1.348265220993277724e+00
-7.674855383642248396e-02 -3.390263545176794846e-01 -4.769863470544294382e-01 -6.440972025930720157e-01
1.678739605276730745e-02 -8.603996561200030757e-02 1.340041413405802795e-01 2.360160733128882637e-01
9.131940118708911647e-02 2.501993748485476510e-01 1.382341327005974785e-01 -1.013439229612326686e+00
-4.415604542199058624e-01 1.273195105858445919e-01 2.459487536855206880e-01 4.621085772695848748e-01
3.749497948673419234e-01 1.710294970486462562e-01 1.248118801636684261e-02 -3.210054700544195949e-01
-3.361810793299437050e-02 -1.261095216937886954e-01 -1.174962309915139613e-01 -5.212797587119340215e-02
-2.274229904065590002e-01 6.989175162647613959e-01 -4.984487235649707193e-01 1.712646521002879063e-01
-5.108115674584676191e-02 -4.865992684193331530e-01 6.535883987589188870e-02 -1.129891400163449688e+00
-1.167773568852129851e-01 -4.582900857138690887e-01 8.754473018406326579e-02 2.873946914364186034e-01
1.754512597500189341e-01 2.802842843901781622e-01 1.315013419433748720e-01 -2.413429299662396554e-01
-1.035042935392448682e-01 6.816916058070310314e-01 -7.316912338013481509e-02 -1.334194629196571724e-01
-6.213060912309632533e-01 -2.001060307193325283e-03 -5.508248563117794649e-01 9.315670429555049648e-01
-6.066078555773924963e-01 2.708781663431716891e-01 1.149918749779358651e-01 5.821524260697013009e-01
3.238373643463144380e-01 4.399211830553950153e-01 -2.339737643336913531e-01 -2.866772381471185405e-01
3.305645955307039419e-01 -1.986494246117795903e-01 -8.940621614084529045e-03 -1.096430553212570935e-01
-2.897803848617286349e-01 -7.341822982387942176e-01 2.267068827529386543e-01 3.151401134689206240e-01
-3.088745601092499071e-01 4.628272510426772457e-01 7.177328063602109176e-02 -4.692266096554592036e-01
-5.741206787213562479e-02 -3.132967654465200202e-01 6.393431457289636480e-03 3.532435674011462357e-02
8.625924227983323977e-02 8.383455943200043836e-02 2.970611079291168508e-02 6.531285972295776399e-02
