-1.814039524608994647e-01 3.007979959316629426e+00 -2.750693069284389919e-02 -1.959182097885903973e-01
1.123223377065363238e+00 -1.835510482147715283e+00 -5.508968956091353508e-02 3.974295998560155307e-02
-9.925919307799749847e-01 6.490587829112870466e-02 -4.819761953853212572e-02 -1.486459044814561758e-01
-3.326077060226052318e+00 3.346509752890792555e+00 3.349114295108014394e-01 6.595137528930433701e-01
-1.633988131929609011e-03 -8.445691121756278008e-01 5.619128499065531579e-02 2.889969458013700310e-01
8.684154670396382336e-02 -2.910868154062081548e+00 -1.903930890836896123e-02 -1.225892170403002079e-02
-3.044263118723043782e+00 3.759265337040567090e+00 -3.204934968188702382e-01 -5.676421785198390024e-01
1.969367036611639588e+00 -4.097853364557591860e+00 2.327554839576065626e-01 6.450795145064728286e-01
-9.819925145977983494e-01 -1.003553483500813082e+00 -1.114619368093389823e-03 -1.700899461718615724e-01
6.576601178493338473e+00 -1.246029612901394401e+01 -9.485768485886879320e-02 -3.639857082690332590e-01
9.437396024611095502e-01 3.634595255474683650e+00 2.584842530289804263e-01 5.798966218936364436e-01
-1.313251089343014266e+00 6.251424101578828108e+00 -1.268361210173398201e-01 -6.845318329007459290e-01
4.088778618701531364e+00 -1.069492174059979561e+01 3.785745846250744562e-02 -5.159011306322042190e-01
-1.619308275608339009e+00 2.148202781457882793e+00 5.276625690357477499e-02 2.640707342213133302e-01
2.663686959008795263e+00 -3.453864782256399479e-02 3.244612833595271473e-02 1.177206035584337784e-01
-1.202740959872034665e+00 2.186610376155689206e+00 1.096525734757209103e-01 4.014584699078721508e-02
2.751961030776306938e+00 2.311376230299554635e+00 -1.810107200780560477e-01 2.357433616333401982e-01
-3.303498533517609470e+00 -4.367492746806669324e-01 -9.912627839744046765e-02 -3.133301990725836927e-01
1.346457689271370661e+00 1.601512264786336459e+00 -3.795164492809106199e-03 -1.166307172651200458e-01
-3.922581120912248309e+00 8.814419143894483000e+00 -5.558583768850489798e-02 4.307123638160318541e-02
7.874395404696774570e-01 -7.353219264742882011e+00 1.320394564972651730e-02 -1.549367484395905159e-01
6.404409518705290738e-01 -2.968677344875858104e+00 6.633961904943058707e-03 3.030522076446162671e-01
-5.858987445007530326e+00 1.622941632639148679e+01 -2.198601846206510446e-01 2.416836069817107358e-01
-2.297724242756885360e+00 1.070977628409009341e+00 -2.077893131644094338e-02 -9.390737543091046136e-02
2.128047104980220094e+00 -4.262891227836116848e+00 1.981390778209615039e-02 -1.780026952860397638e-01
3.461283293583504506e+00 -1.100622549931919281e+01 -2.065961380971509942e-01 -2.878186057848706181e-01
-4.342654047327295430e+00 4.911451756761458398e+00 1.641124470746373465e-01 -2.158584554862726101e-01
4.679785172630603896e+00 1.168219316909740790e+00 1.460713624268668576e-01 3.892677201988408719e-01
-1.265412477736659991e+00 -2.152709583576609020e+00 1.179176552107258358e-02 7.250793703825955672e-02
-3.181741225023682063e-02 3.280116776268386936e+00 -9.554675847044823145e-02 -4.025339567858690626e-01
1.808137131936590647e+00 2.776811852486130050e+00 -8.233445403685718533e-02 7.450797279718863741e-01
-2.961054179684932564e+00 2.712396122967363432e+00 -1.038694521157922102e-02 -2.861514385418421069e-01
8.297688935200826510e-01 7.295902984755686660e-01 -4.535626580973095567e-02 5.688520227348396741e-02
-8.209380867736015830e-02 4.538239152847694413e+00 3.894723613238217086e-02 -3.089337811637162673e-02
7.361370572464981388e-01 -1.852982867414303403e+00 1.455830960729143260e-02 1.499289489991735558e-03
-3.218502560125112710e-01 2.383976457702280172e+00 -2.246137938136170964e-02 4.705500548939527128e-03
-1.332839931370179976e-01 2.078120631540443242e-01 4.299168876118836247e-03 -4.901019228318894555e-02
1.979196199171268766e+00 -5.804689195742881225e+00 1.355272862082927132e-01 1.844561523709957462e-02
-7.861320728102478839e-01 1.991119771574950459e+00 -1.054736047391716808e-02 5.506467140952315403e-02
6.490153306192077975e-01 4.885889944143779751e-01 5.420304216340664921e-03 1.952588844472892549e-02
-1.306543011905336948e+00 6.228450481426203389e+00 6.218511633980775000e-02 1.453587318283408591e-01
1.607514612962425371e+00 -3.056056487108868680e+00 -3.353463922203863551e-02 4.226825047609357455e-02
-1.492944501852280670e+00 -1.066288682705806679e+00 -4.735565698312067806e-02 -9.560567488902300959e-02
-1.624973600074963720e-03 6.564669654116670472e-01 -1.828628432782690438e-04 -2.340592286385678733e-02
-3.581863926266768416e-01 -1.659252468090198107e+00 -4.032894312255300151e-02 9.643280215424177015e-02
2.250582906650866466e-01 -1.106929007552626132e+00 3.136874237236625396e-02 -3.698542811632467009e-01
-2.501806303476361570e-01 -8.489615407434896177e-01 -1.322257370194070136e-03 1.356104988292569924e-01
2.073434897284552658e+00 1.044543760967395762e-01 2.428105317513318609e-02 -3.599461481781968120e-02
-1.259375006816884301e+00 -3.250553257504984472e+00 -2.060228071871646194e-02 1.308318782945068828e-02
-5.006705468850778384e-01 2.027151241147938876e+00 -1.376517458639552327e-01 -2.440134247532952938e-01
-1.279805276260865154e+00 -3.435409886482855502e+00 6.988855883980054501e-04 1.020145275703871479e-01
1.748966691995601064e+00 1.507111154078188076e+00 -2.743745878244141165e-02 -1.272599709300138437e-01
-3.193834498319315429e+00 -4.111518856964861079e+00 -3.047662136646096809e-02 -7.003072205518921789e-02
2.389122584498049928e+00 -1.150267052460314687e+00 -1.211084065588377903e-03 -4.939829040256617232e-02
-3.410638657094908766e-01 1.711882019363588636e+00 -1.887792750429948679e-02 1.265647932230317130e-01
7.573121985554048807e-02 -6.176087781544240540e-01 -1.515043144286694066e-01 -1.234978123409624512e-01
9.043994994846059343e-02 7.179940063376813453e-02 1.171352988804700603e-02 1.289606666158496159e-02
