-2.326213221892175831e+00 -2.395275914372213322e+00 6.630972239541060853e-01 0.000000000000000000e+00
-1.732109940910073309e+00 -3.527616412414364966e+00 -5.673220052970492366e-01 0.000000000000000000e+00
-2.675861651848932543e-01 2.661429927640563964e+00 -1.203903761004227579e+00 0.000000000000000000e+00
-6.814436961620186084e-01 -3.298390962310412178e+00 1.513389899338325018e+00 0.000000000000000000e+00
-7.728152931926833835e-01 -3.285372011050980312e+00 -2.383572236523006371e-01 0.000000000000000000e+00
5.674261563341944647e-01 1.362397545989431302e+00 -1.767829338385128901e+00 0.000000000000000000e+00
-8.511659384037799647e-01 5.829314561190911403e-01 5.167232284616952304e-02 0.000000000000000000e+00
1.579927308540163833e-01 2.727520718499100827e+00 7.445302843950808436e-01 0.000000000000000000e+00
6.750510744373861005e-01 -1.556892243028105804e+00 4.907368100601199323e-01 0.000000000000000000e+00
7.853946645355666112e-01 -5.066946169285067025e-01 1.155383980296392554e+00 0.000000000000000000e+00
-1.624761397881149261e-01 -2.784092004025643607e+00 -6.409418770771252438e-02 0.000000000000000000e+00
2.043955309436044088e-01 1.002695964523763861e+00 5.374418235770452856e-01 0.000000000000000000e+00
1.797978606916736388e-01 2.303441484636018277e+00 -1.938027963708900403e-01 0.000000000000000000e+00
-1.283012628953819900e-01 1.945413683447282382e+00 -7.781446195433459057e-01 0.000000000000000000e+00
2.320702537958120870e-01 -1.683349085949307655e+00 6.182733309470623828e-01 0.000000000000000000e+00
1.189091083939916443e-01 -1.849392884449731822e+00 -9.028958902722611368e-01 0.000000000000000000e+00
-2.947634343396337564e-01 1.408395025347346508e+00 -6.506008172292986336e-01 0.000000000000000000e+00
-2.130334423513629838e-01 -4.712946804851440574e-01 7.029576392514931271e-01 0.000000000000000000e+00
1.346529419430120056e+00 2.499710518860664088e+00 1.748403342181591852e-02 0.000000000000000000e+00
4.192636767297905354e-01 -3.000446032563907739e+00 -1.643146312856556129e-02 0.000000000000000000e+00
9.234987592183742378e-02 -2.389796352051347217e+00 -9.127727851070096751e-03 0.000000000000000000e+00
1.112607212392517364e-01 1.157711312698249007e+00 1.603344482486102340e-01 0.000000000000000000e+00
-3.032400117598426509e-02 2.488998583729106873e+00 -2.494976049516784700e-01 0.000000000000000000e+00
2.914897105714896464e-01 1.386146978686646936e+00 4.745955674561704724e-02 0.000000000000000000e+00
3.739268659355788338e-01 -2.240645980750258115e+00 -1.515179005142157087e-01 0.000000000000000000e+00
-5.501950746119186469e-02 1.452785998442095217e+00 1.867433674119352849e-01 0.000000000000000000e+00
4.339500969236402828e-01 2.950658708192444024e+00 7.822658879772935725e-01 0.000000000000000000e+00
7.711393256711539523e-01 7.973900644028295570e-01 -1.164370979792667821e-01 0.000000000000000000e+00
3.976237705591362803e-01 1.985617115365967411e+00 1.284499649894758067e+00 0.000000000000000000e+00
5.077125898749849098e-01 -1.894315804730985375e+00 2.968158867306682214e-01 0.000000000000000000e+00
1.785291993533530741e+00 2.768741516799150482e+00 -1.415664937168026549e+00 0.000000000000000000e+00
7.387853317919219620e-01 2.859916085018157972e+00 -1.615259338533001410e+00 0.000000000000000000e+00
1.595919096546055238e+00 2.095776584498944661e+00 -1.548685247692449973e+00 0.000000000000000000e+00
7.986652918448743366e-01 -3.094667263683913205e+00 1.947576234921827742e+00 0.000000000000000000e+00
4.346815450982914608e-02 -5.997528196308234971e-01 3.128173484444281005e-01 0.000000000000000000e+00
1.023497766421151561e-01 -2.135983213058607610e+00 4.398014459974696790e-03 0.000000000000000000e+00
-5.414371894677105085e-02 1.765370642130371204e+00 -5.925937923633575743e-02 0.000000000000000000e+00
-5.604903544917677616e-02 2.277876958549502451e+00 -5.705074382813524192e-02 0.000000000000000000e+00
1.806207684933962276e-01 -1.616610373831079750e+00 3.097661302844922360e-01 0.000000000000000000e+00
-2.128926799397163061e-01 2.417762396362546529e+00 1.376498635750995903e-01 0.000000000000000000e+00
1.326758125417847600e-01 -2.014295927762086880e+00 3.120350874233265848e-01 0.000000000000000000e+00
3.952334450152804601e-01 1.846836428102642591e+00 4.998839950100633089e-01 0.000000000000000000e+00
2.388783809936173563e-01 1.907151084831342436e+00 -4.774492215239118931e-01 0.000000000000000000e+00
-1.916835989801422835e-01 8.652858785882950876e-01 1.508110209382675704e+00 0.000000000000000000e+00
-2.236904689831238913e-01 -1.060788616059582967e+00 3.753751042629712709e-01 0.000000000000000000e+00
1.263672354849024515e+00 2.703509305525013229e+00 1.605273103734836948e-01 0.000000000000000000e+00
-1.817684153635524547e-01 5.676196944350420104e-01 -7.644830955461439093e-01 0.000000000000000000e+00
7.700958016019984198e-01 -1.503379877528137620e-01 -5.517894114615422563e-01 0.000000000000000000e+00
1.158376219445883315e+00 -1.907082902744858588e+00 1.424914774296320408e+00 0.000000000000000000e+00
5.677170354488302317e-01 -9.648700617443026761e-01 -8.531423851241300982e-01 0.000000000000000000e+00
2.487968157200844688e-01 3.130105517451491792e+00 3.758887012572013631e-01 0.000000000000000000e+00
8.910664827422004608e-01 2.263180425979078425e+00 -2.367280000488532488e-01 0.000000000000000000e+00
1.312990734796325887e+00 -6.062177310744965020e-01 -1.831077831787958632e-01 0.000000000000000000e+00
-9.598686700318394271e-02 -2.622581149481176599e+00 -6.932087770339526722e-01 0.000000000000000000e+00
1.747557179739761768e+00 1.753097118981750802e+00 6.372476519854467503e-01 0.000000000000000000e+00
3.756684334068186581e-01 -1.825888689332812787e+00 -2.218992810137974947e-01 0.000000000000000000e+00
