1.224135846767176572e+00 -1.570594816481906797e+00 1.940030131267293623e+00 0.000000000000000000e+00
2.110661879098753246e+00 -5.997302922042020701e-02 8.284102505570354325e-01 0.000000000000000000e+00
-2.437316742087380916e+00 -5.106865845703160156e-01 -1.797087584148557293e-01 0.000000000000000000e+00
3.140489103253213621e+00 1.065394683682048704e+00 -5.769931929190527109e-01 0.000000000000000000e+00
1.054452920343493583e+00 4.246288965235646695e-01 -7.987528941113511971e-01 0.000000000000000000e+00
7.540960915010261889e-01 9.790049421175062161e-02 -1.260069958694556069e+00 0.000000000000000000e+00
5.187263864534007451e-01 -5.220870649859303825e-01 3.576507827341066093e-01 0.000000000000000000e+00
3.764456247877698281e-01 -7.282139280061741271e-01 2.798647058382633723e+00 0.000000000000000000e+00
-9.579761972099970491e-01 1.241999173393949940e+00 -2.691083726745813198e+00 0.000000000000000000e+00
-4.024646710588539872e-02 -1.823132058729518112e+00 2.744638650655638390e+00 0.000000000000000000e+00
3.606614044461637913e-01 4.404525138524786887e-01 -2.937408346869883946e+00 0.000000000000000000e+00
4.840678603549053438e-01 -2.293543472129332683e-01 2.753951699976248335e+00 0.000000000000000000e+00
-9.002813491933516765e-01 5.490339800258960956e-01 -2.456062260690651478e+00 0.000000000000000000e+00
5.749134385791658808e-01 7.001988928984718141e-01 9.464832555553571725e-01 0.000000000000000000e+00
3.120418067495550271e-02 -3.558383340741753109e-01 1.098386850921348884e-01 0.000000000000000000e+00
6.586921084748870170e-01 4.059614456426868800e-01 8.775042788379788794e-01 0.000000000000000000e+00
-1.776743762902429857e+00 -3.468744754346328452e-01 -1.240185202733954106e-01 0.000000000000000000e+00
1.079062315285655438e-01 -2.315549244517015048e-01 1.620786755933885326e+00 0.000000000000000000e+00
-1.546118017965032232e+00 1.453619618121525583e-02 -2.120176010737560457e+00 0.000000000000000000e+00
2.252443989743784236e+00 9.088487749625126511e-02 4.587712581466191208e-01 0.000000000000000000e+00
3.063821023573771660e-02 2.479394711167594023e-01 -3.349864215776582999e+00 0.000000000000000000e+00
1.334546187622577262e-01 2.340612701590096337e-02 2.098567998219590613e+00 0.000000000000000000e+00
-2.533391522171892785e-01 -4.675014889064390590e-03 -1.284133013462237516e+00 0.000000000000000000e+00
-1.799134353082442461e-01 4.241217857882064179e-01 1.196375718190781479e+00 0.000000000000000000e+00
-4.930336683454282498e-02 3.450795198268809538e-01 3.742029323546465225e-01 0.000000000000000000e+00
-1.410559477566823150e-01 -1.859515781765267994e-01 -9.244314831762924234e-01 0.000000000000000000e+00
4.196950960070303660e-01 -6.536834237620483545e-01 1.816942309882369377e+00 0.000000000000000000e+00
-1.757331537506342523e+00 4.574070646575927879e-01 8.787875759535207498e-01 0.000000000000000000e+00
4.912403551681722158e-01 -9.383647608205766266e-01 1.980415900116490269e+00 0.000000000000000000e+00
-9.982446724026847740e-01 4.874895865508697135e-01 -1.340497623648107650e+00 0.000000000000000000e+00
-4.664624033183086826e-01 1.746022917028687615e+00 -1.727886100798453617e+00 0.000000000000000000e+00
-4.076483700301796742e-01 -4.649480746624050642e-01 8.928776572899460584e-02 0.000000000000000000e+00
-2.725429899295426783e-01 4.270531196058035411e-02 -3.227124825153042109e-01 0.000000000000000000e+00
-4.690557610577990588e-01 1.481938961341987271e-01 1.679899156373073854e+00 0.000000000000000000e+00
8.490471107338034562e-01 -1.222837199989397217e-01 -1.560985829687463022e+00 0.000000000000000000e+00
-7.443622568200164435e-02 -1.028624537523746205e-02 -3.210663673826947839e+00 0.000000000000000000e+00
-7.530095195420086207e-02 4.185214382496614538e-02 1.744160984329646835e+00 0.000000000000000000e+00
2.124858122817079309e-01 -3.197784439267596368e-01 5.799223012580717596e-01 0.000000000000000000e+00
-3.684728253907908480e-01 1.639285423653369378e-02 6.460177877344297492e-01 0.000000000000000000e+00
2.352061162269187544e-01 -2.894910193755462213e-01 -1.405807722951886385e+00 0.000000000000000000e+00
-3.281612446834517027e-01 1.153989907372259330e-02 -1.291948424910993154e+00 0.000000000000000000e+00
7.614570686044694336e-02 -1.163512603042220622e-01 1.973012584204215214e+00 0.000000000000000000e+00
-8.565014281243857885e-01 -1.380428678411243226e-01 5.663180325871732812e-01 0.000000000000000000e+00
7.152522089354715895e-01 -9.205843164338112228e-01 2.723338772428756105e+00 0.000000000000000000e+00
-5.126006860123918374e-01 -7.824285211516145144e-02 -7.733354605770177415e-01 0.000000000000000000e+00
-1.217624139262151850e+00 1.594421369596372706e+00 7.980774703288516791e-01 0.000000000000000000e+00
1.195150998866007785e-01 -2.871820812742564843e-01 -1.037364366060147952e-01 0.000000000000000000e+00
-2.969846708997878615e-01 -1.669738192459439274e-01 1.470237043028927104e+00 0.000000000000000000e+00
-9.132950167729176894e-01 1.333186908295731499e+00 2.567546311392421843e-01 0.000000000000000000e+00
2.132698363243095696e-01 6.207011746295167942e-01 -1.814186011290495060e-01 0.000000000000000000e+00
-1.427574533212235819e+00 -5.501557512289607654e-01 -1.237193557327290368e-02 0.000000000000000000e+00
-5.150558288955209285e-01 -1.754929672615552549e+00 1.501539985093385265e+00 0.000000000000000000e+00
-1.723355248607443491e+00 1.412492711590547338e-02 1.156950703901828484e-02 0.000000000000000000e+00
-1.123977425266572183e+00 -1.217748875507278949e+00 2.780079689826681744e+00 0.000000000000000000e+00
-2.418864754997295807e-01 -2.080254382150336923e-01 -3.338106008616716913e-01 0.000000000000000000e+00
1.179727290863691103e+00 -1.976710836504663171e-01 5.558831121315054302e-01 0.000000000000000000e+00
