-3.347559992845763333e-01 -1.224964774385195743e-01 -6.415230365893638265e-01 2.646587094972943088e-01 -1.587721413210943511e-01 5.041886179647834254e-01 -2.944462830747873738e-02 9.526126914943779944e-01 -1.547917932676276531e-01 -1.913319112557442248e-01 -2.092703494446205570e-01 -2.371435592613558851e-01 -2.527433280468329158e-01 -2.950719412669702835e-01 -9.564202764299190029e-01 -1.713185229803098342e-01 -1.532011270759528365e+00 -1.477060265335536360e-01 4.516593312977446734e-02 -5.017615147903729811e-02
1.246274764397738155e-01 1.599312821412073038e-01 1.176365650686471698e-01 -8.997672608344862988e-02 2.060871515085759553e-01 -3.524892718406314601e-02 2.879622054685734844e-01 -5.938543467671907328e-01 -1.829811244533808834e-01 -1.503276374043551744e-01 -9.277070384512484114e-02 3.351444322270430987e-01 3.305602933663783771e-01 5.053346501724012563e-02 -4.719641447840643156e-02 -7.440998624253591931e-02 -5.276096576408362271e-01 6.963422151175457930e-02 4.394849356165776710e-02 1.753331470361251254e-01
1.144778752943638872e-01 1.396141473053197080e-01 7.380997519471037549e-01 3.346692572933203103e-01 1.766798173076253031e-01 -1.784633275177166523e-03 -3.209329119427913879e-01 -3.234605003236505905e-01 5.835053844338382312e-02 -1.580536421657681781e-02 3.364264370029096396e-01 2.762914862586726139e-01 -4.352668548838367624e-01 6.067254794694862396e-02 2.662247604233775600e-01 -1.930802012071589427e-02 7.452039600597579749e-01 1.773058983568346070e-01 5.982437684593662486e-02 -1.034818803505506077e-02
1.051488771204423522e-01 3.815805353894497626e-02 1.935334880243961830e-01 -3.364985982990122138e-02 4.734593293657182733e-02 -2.182977769064513296e-01 3.265332412488439195e-02 -2.238357468220045776e-01 5.281771009853414994e-02 6.302185390596949655e-02 6.331987067518976553e-02 5.537909424843516504e-02 9.843627735434017090e-02 9.508562522224960067e-02 2.928135406826574139e-01 6.270404441352731006e-02 5.440130590788330167e-01 6.741219355051604467e-02 -8.270863692262543990e-03 2.501781930885900451e-02
9.010983423048183338e-01 4.788495748201049285e-01 3.450071955794379863e-01 3.392206325542874157e-01 6.199939392578203146e-01 -4.833247958917501474e-01 2.639385577060996635e+00 1.069565204752286780e+00 9.270540656320056527e-01 1.071001307083790488e+00 5.824441387823807714e-01 1.233198684186760652e-01 2.484992615744328504e+00 8.082485873164088064e-01 4.726083319840347907e-01 1.478380244366753526e+00 -5.727136097842262519e-01 1.644751592552167851e+00 6.826054075188089376e-01 1.804835091211406672e-01
5.497873086511322060e-02 4.524291736820799936e-02 2.564909495533723160e-01 -8.017224627961032357e-02 1.682304266438329199e-01 6.644703016987186794e-01 -1.423385933800215553e-01 -4.750816129010997924e-01 -2.699459373639247900e-02 7.593515217105736848e-02 1.171582902223446826e-01 1.712044169573759267e-01 -1.641353197803078756e-01 9.255107035263999971e-02 5.213468678838101278e-01 -3.261059069772436619e-02 5.954735495746692475e-01 -2.428327659331676672e-02 1.177115884650602878e-01 1.282740245397070433e-01
4.404228033132325665e-02 1.442763484165301979e-02 1.203122877553104153e-01 1.568095415693472883e-01 7.121749531766790459e-03 2.608645210457917196e-01 -1.807508363909653692e-01 5.855797170096983528e-01 1.547412996679433106e-01 1.743371808676521528e-01 1.267454959487027688e-01 -1.352646731872461372e-01 -1.146404451101165484e-01 8.173952776936940778e-02 2.076713890413573183e-01 1.180228629670978940e-01 4.740580174712999417e-01 5.741669733338311543e-03 8.541028710288015025e-02 -2.180882061646449710e-02
2.987197961588798634e-03 -3.545618343213730039e-02 -5.341783536908448760e-01 -1.803832991785574158e-01 -9.643545419518893824e-02 -1.697175357764862946e-02 2.298003467640556130e-01 2.280110099738349438e-01 -6.791112395155955717e-02 6.315113162509043698e-02 -2.404581549213407887e-01 -1.487210053772002605e-01 1.903600921359070997e-01 3.398587803999456036e-02 -1.612528997099880457e-01 5.246936154871270630e-02 -6.326045723839219814e-01 -9.427894438350598039e-02 -2.130620829662378812e-02 -2.667789433783591263e-02
2.364525186345607932e-01 1.760608676972542641e-01 7.922409174597108139e-01 3.278118807309816085e-01 2.324014532496545271e-01 3.021731549095910130e-01 1.763053766837950898e+00 9.455519524130927556e-01 4.654332368677496778e-01 2.685185685013213863e-01 4.326870976200259955e-01 4.490487477359994539e-01 2.501685266340549774e-01 2.711651963359699158e-01 5.039522422624823639e-01 3.135210292862222192e-01 9.528570080014812094e-01 2.462481611994213337e-01 -2.690358586950369890e-01 5.370386997955520769e-01
-1.599881110826988041e-03 -4.525106174228961105e-04 -4.519508927507645546e-03 1.741835864278289299e-03 -4.797228262599737155e-04 1.112000198980648245e-02 -1.831276918482437413e-03 1.230778141431849385e-03 -8.860012770107026552e-04 -8.714239614818336793e-04 -1.247147032562169640e-03 -4.145880092849699508e-05 -1.831191347816878623e-03 -1.491544039930085093e-03 -7.923134890246541495e-03 -8.947637524329482214e-04 -1.912245926883140990e-02 -1.277847386545714415e-03 2.888561387953216312e-04 -3.703171410285551520e-04
-3.366597565087655307e-03 -5.381978461632572165e-05 -2.017555222716629557e-02 -1.198829956623229109e-02 1.583010440311181325e-03 -6.922131371401907263e-02 1.456783914598343450e-02 6.174069392759159308e-03 -1.325300021008227191e-02 -1.020262658870905309e-02 -1.598289737763244553e-02 -9.203270253827541825e-03 5.517039584367900047e-03 -5.587434804282763283e-03 -5.195717065061453491e-03 -6.838273513866070102e-03 -6.121278834452489881e-02 -3.626885360123076156e-03 -4.420384213387569192e-04 -6.447698666615143698e-04
-1.702005424035853663e-03 3.852993506592387049e-04 2.163511472022440138e-02 -2.675176873273351231e-03 1.655621912174695502e-03 -1.404523779619146380e-02 -4.486890424906523483e-03 3.029579287464710322e-02 -5.323240151271933698e-04 -5.731212592467130329e-03 6.606892377219788018e-03 -3.800677195923479398e-03 -3.695542348822500409e-03 -3.445976424656314353e-03 -7.704358789279696848e-03 -4.706980061236949037e-03 2.592972780431761562e-02 5.289424629886343206e-04 -4.032443225431644627e-04 4.895541934238969170e-05
-6.966735608686175363e-02 -3.312224097734145500e-02 -1.161543646883244837e-02 -6.142802903233377659e-02 -4.374661366136681218e-02 1.749715321425575620e-01 -9.306270986648000620e-02 -1.188266399080425972e-01 -7.775070399409121646e-02 -6.712872770777322806e-02 -5.340162980099533857e-02 2.478406315701491697e-02 -1.210111895764454104e-01 -6.518137888965973292e-02 -5.686888067243028866e-02 -8.945691371344052789e-02 2.082096975380447745e-01 -1.143653492494882545e-01 -3.218012869302864370e-02 -2.682093937328271574e-02
-7.890706467155027271e-03 -1.315624810221240623e-03 -6.501996015176867046e-03 4.404881075779042143e-05 -1.048806952527272032e-02 -1.235338654350168555e-02 6.403888455865625051e-02 5.744520139995706876e-02 8.211402643624760717e-05 -7.688336951025997144e-03 -3.579711235760792143e-03 8.093070704143100549e-03 2.024836100862106338e-03 -1.087810480195149088e-02 3.004455089295151107e-02 1.268536707799323288e-03 -4.127781871292011961e-02 2.100029038206496779e-03 -3.895709213599297775e-03 -2.861393419456823711e-03
-1.023438175073417174e-02 -2.083215400256545596e-03 -5.450339467972178942e-02 4.668776273761300610e-02 1.074566490261514217e-03 -5.556505053717043091e-02 -4.928455266698959780e-02 -2.520362357184418034e-01 -2.981006683305301858e-02 -1.260929386113417150e-02 -2.704768522152533466e-02 -2.129842241715255297e-03 -6.714934528472496326e-03 -1.365977700389578268e-02 1.243303106211275377e-01 -1.735629363025534277e-02 -2.074010499594017842e-01 -2.606620876987322810e-02 3.781210915070572828e-03 -1.784925556030040120e-02
-1.434838822006365422e-01 -2.173648738841321981e-01 -1.048458533822053673e-01 -1.816447410795179324e-02 -3.368791339622446701e-01 -1.277286310166700356e-04 -8.209025223708966978e-02 -2.360743038955898099e-01 1.093190179875928036e-01 -6.081968039194214637e-02 1.191185270335802515e-01 1.245122364154592626e-01 -8.933079806123706001e-02 -1.047952313430661891e-01 2.938931200321360723e-02 -6.659138339837880616e-02 -9.722009315109059191e-02 3.517063818138097681e-02 -3.356753409736767946e-01 -4.975114232871670483e-02
3.497950791541133524e-04 1.555236203470384063e-02 4.071318102239933623e-01 9.339198257776004652e-02 4.463699442523443028e-02 4.676580690230964232e-01 2.354730654289667324e-01 2.339775729533205839e-01 2.949475131975524134e-01 3.602898603122697135e-02 3.333020710076703974e-01 1.375996471075616179e-01 9.270636753541047770e-02 1.583241816273071520e-02 -9.679128629348908441e-02 8.258860249900037975e-02 5.872363273591830746e-01 1.916445414236974953e-01 7.843966246452271918e-02 1.859751875517021702e-01
-1.935040641388622792e-02 2.019602449664918697e-03 -6.561479987630234809e-03 9.040021120753709283e-02 2.996550209650873306e-02 2.106038631378815695e-01 9.809869471110690964e-02 -1.176752839976862725e-01 3.590484739163604666e-02 -8.670212254986741848e-03 3.516908611918056343e-02 9.573505669811972763e-02 -7.541748113400990883e-02 -2.872892201533142759e-02 -4.436426824447935180e-02 1.850759012322859137e-02 2.972540324272005541e-01 4.009895796154638870e-02 1.623710904743440320e-02 2.695993087981645928e-02
-1.388437687098461465e-02 -1.061168173437348605e-04 6.140642362777625624e-02 -8.404715427205677880e-02 1.503345947197895840e-02 4.063896416030068209e-02 -8.543921341740984277e-02 -2.519573753431441077e-01 3.495564755122138045e-02 1.698919441797891797e-02 3.993479930330456201e-02 4.474442608962017620e-02 -5.586012592173837665e-02 -1.813088739038884803e-02 1.175535512426798129e-01 1.636200979711068676e-02 4.183682984933333182e-02 2.149618538409173163e-02 -1.012454011640443255e-02 1.108097634332456081e-02
-6.050746387116903158e-01 -6.705012053996064481e-01 4.606749565742866426e-01 1.700470817316531158e-01 -6.918390524036786005e-01 9.022066731312298193e-01 -3.539184700892381130e+00 -7.473914204825828911e-01 -4.344535161505283516e-01 -9.141035921627569394e-01 7.321521234140440648e-02 3.388862497815203767e-01 -3.072628886103502932e+00 -4.644310635123548581e-01 -1.534224608784603983e-01 -1.463343344427022519e+00 1.391972669175535859e+00 -1.334593928794543416e+00 -1.252436375866183393e+00 5.012203632313185775e-01
-1.292184727360483620e-01 -4.102875567935976298e-02 -9.076782212569635133e-01 -6.641807707709419528e-01 -5.652359362587171532e-01 8.807785347007696108e-02 -4.199361163716251788e+00 -1.155281081362303786e+00 -2.967436845067827345e-01 -1.546612867146881509e-01 -3.537452565257818704e-01 -1.633901099859488837e-01 -8.707175460817200285e-01 -1.594957242698617217e-01 -1.050011634362195689e-01 -2.369422620196017792e-01 8.270905708878202311e-01 2.418754451555278628e-02 7.261573067778537283e-01 -7.495278660006574611e-01
1.438074013194142742e-01 -5.255089925907488815e-03 -1.126853915830263730e-01 -1.557247021419711497e-01 -1.823880248495829415e-01 -6.638948699293566458e-01 -2.005285163964667383e+00 3.982398524444941135e-02 2.224876541757665749e-01 -1.269889057004055209e-02 -4.425055686937211241e-02 -4.912752190027985799e-01 -1.610144851644907948e-01 1.029427716714009095e-01 -5.578787723693667822e-01 2.535221183752937035e-01 -2.586840376701021738e-01 1.638226664966113411e-01 -2.491415352724487414e-02 -9.887270132440592607e-02
8.377467207635484747e-02 -2.135146135295025449e-02 -2.165561596872239980e-01 3.297964001596062622e-01 1.598669329425933539e-01 -1.570985215445768191e-01 -8.454157912331300428e-01 5.384916918503822592e-01 -3.327949310457394005e-02 2.522749264689173529e-02 -8.857450203709860137e-02 -2.480260652794856191e-01 -1.889921897397590089e-01 7.533616301985683605e-02 -1.005512480492821936e+00 1.411555170043823360e-01 -5.879117456011745402e-01 1.524053610662439995e-01 1.319786614064037689e-02 1.029431720736614098e-01
4.895712164563285895e-02 -1.357041237525342253e-02 -1.522827105240586176e-01 -1.369262175832498540e-01 5.358919625676472620e-04 -5.735353663799696022e-01 2.806397245155052289e-01 1.816935992392793575e-01 1.267615085910274164e-01 6.837793796159098714e-02 -3.867512585738877573e-03 -1.256283547767799158e-01 1.782122911173597002e-01 3.873780062688058495e-02 -6.192012192996526609e-01 4.912585838073964956e-02 -4.128600945714897552e-01 2.467471064325268970e-02 1.775014459378959630e-02 -1.327759025830947404e-01
1.585951338654320031e-01 5.045895741254043110e-02 4.531769405481335666e-01 -3.810103175813024379e-01 5.932463481798202348e-02 -4.063747492201101874e-01 -3.140651588237100000e-01 -1.020067408979341339e+00 9.446685063053910855e-03 2.472322843072321391e-02 9.055454996024403513e-02 1.849528429091145953e-01 -7.954476673283129851e-02 1.237741150580079497e-01 6.830398777743584837e-01 -4.279273592380157532e-02 9.797084908306008533e-01 -1.248994341702130834e-01 -8.251163441980602364e-02 -5.275036114240171797e-02
1.474461596297716240e-02 1.467560416426210400e-02 2.317157797056354843e-02 3.057360653984804444e-02 1.848047761871020669e-02 3.121461227893734119e-02 3.606377442477971124e-02 5.779258481693984317e-02 1.655022998635366852e-02 1.984046735329358241e-02 1.792336599734276059e-02 2.393980852012631347e-02 2.905672967692618167e-02 1.488674483281668057e-02 2.994094404674760290e-02 2.311356741622279387e-02 5.158346032491912397e-02 2.172307796136451960e-02 1.619863282530219911e-02 1.227128117721881795e-02
