1.108259581426068507e+00 2.023972598900247166e-01 -2.011278881461962820e-01 8.650868698949158719e-02 -1.287235796223855366e-01 -2.064150699676356449e-01 2.263551561365174936e-01 -6.049801889292296675e-01 -1.153753315927627421e+00 -1.718976783546918297e-01 1.268013908804749956e+00 -1.824042875621027515e-01 -1.532046743151366242e+00 7.708106487112868777e-02 2.275860812425035962e-01 -5.040995870088816472e-03 -5.285891128926303167e-02 -1.368720174950315283e+00 -3.835861084115732567e-01 7.223263341451252595e-02
-1.693513593141318108e-01 -4.810902505758712366e-01 6.225036226462271616e-02 2.113409863803538957e-01 7.485004781270333529e-01 6.301065290407121822e-01 5.086843861767014197e-01 4.950804672688637886e-01 3.051743823984122139e-01 4.180874800279753001e-01 -1.150868923893715451e-01 -9.684792519561760682e-02 3.193180547292097105e-01 -2.832821643482579810e-01 5.680355539663715092e-01 -3.249857300181888120e-02 -1.486229771642213204e-01 1.025526898561629263e+00 -1.640201209515874947e-02 -3.565833265703269306e-02
-5.520135782184250051e-01 -2.248298914679168481e-01 -1.172551392846516438e-01 -8.631542763814410713e-02 5.559222883868660675e-02 8.711829601483908614e-02 6.368766138060958162e-03 -7.877217819230379892e-01 -1.748248245259897415e-01 1.428027099926583166e+00 -5.897322887488571919e-01 -1.362588343579771988e-01 1.701956465538560614e+00 5.869143703185200622e-02 -2.731415487361328609e-02 -2.504384078577049921e-01 -1.290462099861331424e-01 5.877076184696479189e-01 -7.815682389317557544e-02 -2.134701178137984323e-01
-3.112027620413788109e-01 -3.543648939699718670e-02 6.770162284172816236e-02 -2.360931599097627898e-02 7.078086350893304790e-02 8.518887523381460380e-02 -7.030994015372665773e-02 2.478861298653193823e-01 4.597941110139688869e-01 1.452915711866537285e-01 -3.621689700271447654e-01 4.736180881068098592e-02 7.882048331371154237e-01 -1.661829686958497115e-02 -2.314498236335937875e-02 5.068319380484409553e-03 2.776406891776921418e-02 5.035648019934563235e-01 1.754314408819577231e-01 -8.829738489089574566e-03
5.037019437559617230e-02 -4.873885657253828052e-01 4.537621093765226155e-01 -3.266010799954557897e-01 6.777562366755837120e-01 4.408629099454473010e-01 4.101873380891828819e-02 2.218141301535828891e+00 1.757274167072322868e+00 1.502787733347236809e+00 -1.635867723931781759e-01 8.108165242778839765e-01 1.962004411641481427e+00 -1.242451887573454428e-01 6.970351282887512490e-01 -4.418114577563044820e-01 -8.257720507831720069e-02 7.758435141020196824e-01 1.133556713469215937e+00 -7.054155658364861248e-01
-4.952862965387369587e-03 1.103672898608202696e-01 2.403174440599849804e-01 1.103840482188401806e-01 2.571135255542573717e-01 2.545816593114111903e-01 4.934762696283048755e-02 -3.276396339679715775e-02 -6.815904979411896436e-03 4.071617140509911636e-01 -1.656336101769933372e-02 6.363774883550832318e-03 1.020498628875431191e+00 1.039843515088257203e-01 2.113433909262381061e-01 1.037623300441541108e-01 9.825911270120706031e-02 2.477307530125934243e-01 1.793062008913712813e-01 1.116906443450777081e-01
-1.396795677365385291e-01 1.569505830005053781e-01 -4.479368905512358390e-02 -2.092761758847104248e-01 -5.529560216860895938e-01 -5.036609361558098685e-01 -4.334662578238532848e-01 -3.007599411492563046e-01 -1.280492518469359964e-01 -3.797580978814691366e-01 -1.105246670787423391e-01 8.020821135550139369e-02 -3.300623745068445580e-02 1.129635801736023765e-01 -5.336151325815956525e-01 -5.415893959761185206e-02 7.017480359558189718e-02 -6.498050413931295566e-01 -2.251179307924029011e-02 -6.490279664045470187e-02
2.943892005190156813e-01 1.259577115997567720e-01 7.976033958028357074e-02 5.550904349925211284e-02 -9.009934101604867573e-02 -1.015939826282601932e-01 -2.895318241999556355e-02 4.512123535679098962e-01 2.583905373486203860e-01 -1.151380077187718953e+00 3.294724044106563943e-01 3.287220923827895158e-02 -1.533827589649444878e+00 -7.251582213716756438e-03 -4.368080301931077936e-02 1.623508970809237062e-01 1.069029779145935916e-01 -4.884791620194161577e-01 1.768592487642076105e-02 1.501642970635989893e-01
2.673788017562369473e-02 1.889706309980210275e-01 1.180293586021710917e-01 -1.830792715399883475e-01 3.845931326057492883e-01 3.274940062168673616e-01 -7.250046050413215537e-02 9.620337099003601899e-01 1.091485504984109012e+00 1.660271161266509532e+00 4.065598853104761268e-02 6.326441169377621243e-01 2.297739974238610650e+00 3.448106954818350167e-02 3.028280447716560908e-01 -2.332490931357586450e-01 4.448193647419332319e-02 1.546086178997637450e+00 9.201014675353468286e-01 -1.658421348018694619e-01
6.779684380659836349e-03 1.478369402181659226e-04 -1.326412177897855205e-03 2.608562568214950169e-04 -2.240275196687213730e-03 -2.459040398812125695e-03 1.486828092903540047e-03 -1.639628414522522823e-03 -1.498785575672052957e-02 -6.937684548708156554e-03 8.577658639560996334e-03 7.003325698304991003e-04 -4.405628523387716822e-02 5.942034065548556067e-05 -7.155703544377111768e-04 -3.150194264295833090e-04 -7.064936828364129420e-04 -1.305884415526706137e-02 -5.732315070779702391e-03 -4.210372596822029067e-04
-6.093560060152949497e-04 -1.149120368780286259e-03 4.525886540510891919e-03 1.038447127435801302e-02 2.614915050663718654e-02 2.477537796669950984e-02 2.155459040739620899e-02 1.586770765958944729e-02 -1.152935041485844345e-02 1.378729489100260011e-02 2.285843874357436356e-03 -7.648766528353071782e-03 1.985642466024575836e-02 5.965545939161482573e-04 2.394969129443571404e-02 3.431062835464822238e-03 9.999292651458606580e-04 5.985116551593478579e-02 -1.317512594251598994e-02 4.254789795347704504e-03
-1.955885545815808438e-02 -3.103136145454499402e-03 -2.494698637058474604e-03 -2.220792188931508104e-03 5.323509557960741552e-03 4.942780936936842263e-03 2.213513540920460619e-03 -4.937490828446554521e-03 -3.275240614663784550e-02 8.871859259037775947e-02 -1.880775438639086666e-02 2.447912738383593856e-03 1.689484901402450445e-01 1.042851011887475617e-04 3.176092606218971007e-03 -8.114660247885400676e-03 -3.126278010139480965e-03 3.260191288834091150e-02 -4.218315452372207661e-03 -6.062568739772596429e-03
-4.213668981419731348e-03 1.342867903858637607e-02 -6.245454050396062433e-03 2.767434989313711374e-02 -3.500998955074294955e-02 -1.218837807725526787e-02 2.050803899684859946e-02 -2.526994043234460086e-01 -1.299230627811607808e-01 -1.266178946061370103e-01 -6.115935429532393108e-02 -1.059081642776187743e-02 -3.578468811557561358e-01 1.896686713501306160e-02 -7.372943908691545478e-02 2.187948306553560290e-02 2.166494710265798578e-03 -1.740610738692626724e-01 -7.955668704710375239e-02 3.815326717396029521e-02
7.293670106659497568e-03 -5.281691457283151266e-03 -8.465306529641733815e-03 -4.897000250485542341e-03 -2.385650432012614494e-02 -1.723836066580527321e-02 -1.163634762777592804e-03 6.841301051597928340e-02 -7.644480088500288373e-02 -8.177425819146559582e-02 1.042460585732723349e-02 -1.760759615810381096e-02 -1.269203261772363089e-01 -2.918628468626347731e-03 -9.341294617064403033e-03 -3.579202564641600047e-03 -4.241469751892041999e-03 -2.829449097817899467e-02 -4.066129194826161031e-02 -1.006096890903736447e-02
3.192674776010369364e-02 1.743081125145442027e-03 1.344675994985168252e-02 3.217040749095215896e-02 1.795550716577472283e-02 1.734222770170528935e-02 3.687779510830630630e-02 -9.266590863385334997e-02 -1.394608589958813427e-01 -1.898330127025004976e-01 3.453322932240748995e-03 -2.959629291556308689e-02 -2.525809741916800744e-01 8.670615134774337096e-03 -2.396968083718870567e-03 3.345682883689716364e-02 4.228846711400165853e-03 -4.586177940996344349e-02 -5.409320326695613024e-02 1.909690079081767869e-02
8.280301169537391814e-01 -2.793974429181958485e-02 -1.599953893203475419e-01 3.107307467005750168e-03 1.125841427702878317e-02 4.034778968143806765e-02 3.695690295328206421e-02 -1.139986566230120901e-01 -1.497051078235015487e-01 2.435845323605872748e-01 3.874299696390636760e-01 -1.548845782518623038e-01 -4.484662412487656624e-01 -1.451472939339292778e-01 2.516869727278984725e-01 -1.652783820417989130e-02 -1.426586344953202079e-01 -4.133021309176311830e-01 2.981188016413122699e-01 1.664030130661425105e-02
8.226737040461350459e-01 6.404189876802474091e-02 7.526155274543487594e-02 1.705815843757203798e-01 2.303436431222800340e-01 2.654334018758426339e-01 2.053182373440501640e-01 2.177990965186962224e-01 -1.881223228016582483e-01 1.641435715010571839e-01 3.051862313672528138e-01 1.550525872074263456e-01 -3.342986840439212126e-01 9.565883835457870965e-02 3.052934062160909123e-01 1.694664711043457339e-01 6.061472523109335403e-02 -1.394677002127445442e-01 3.209807005667876800e-01 1.563433280232938705e-01
2.554002938472922368e-01 1.148607807948043291e-02 3.154168257953551824e-02 4.473340626023462885e-02 1.106257173013551753e-01 1.023037017652463770e-01 7.795775456353229438e-02 -5.018571996741873209e-02 4.958695951774130806e-02 1.754081343223614087e-01 2.480449300401407764e-02 6.737480175211094102e-02 -3.061220427346635908e-01 1.177260465593121634e-02 1.214534401914535988e-01 5.163420405756709297e-02 1.049849528131880858e-02 9.213316338738528066e-02 1.205909762238106808e-01 2.629397687678364584e-02
4.696890583778347283e-02 -2.367760850576846807e-03 9.357686878769398871e-04 -1.613953850324049977e-02 1.788588699653060818e-02 1.313586017392721558e-02 -6.769993175618872067e-03 1.743110383974430522e-02 7.938311590853253108e-02 1.916075492109291234e-01 9.078763655813650024e-03 2.339688193475117708e-02 1.851640817280800905e-02 -5.514559533442282141e-03 3.511901118678512762e-02 -4.090952896070341321e-03 -1.010776296637021579e-02 4.530722044767396262e-02 1.061832964583261790e-01 -3.080171431833507792e-02
5.909439471885447048e-01 5.427333890785530635e-01 -7.475613290021365653e-01 -1.984581145255643331e-01 -1.079222877667500358e+00 -8.993963821386504742e-01 -7.301363399384283026e-01 -1.960162771952611793e+00 -2.031354844890265188e+00 -1.217328512020781961e+00 7.448898930477944047e-01 -1.358746968716948667e+00 -7.526321025104478757e-01 -5.193003075394208023e-01 -9.151566921072317173e-01 1.065614166650008382e-01 4.532996948124679015e-02 2.751384943913782744e-01 -1.089624655559017885e+00 3.412830853427167854e-01
9.800454499855202339e-01 2.027079943742742807e-01 -2.580447922123666471e-01 1.362441118778661975e-01 -1.092818107631176927e+00 -8.492585217971190259e-01 -3.114392560036390312e-01 -1.646956403753402354e+00 -1.290208193153182581e+00 -1.797710208305888013e+00 -1.643172310372472689e-01 -1.103570115711923316e+00 -2.676764380052167436e+00 3.531227256125321068e-01 -9.818008348784794670e-01 2.982072906448205440e-01 2.707406260030390532e-01 -1.678936176443504680e+00 -1.102175671900363696e+00 2.832978626026013136e-01
5.910515802848288480e-01 3.705978034746054695e-02 -2.480033265475977688e-01 7.202136962121001573e-02 -5.163700083632072335e-01 -5.557471705587965216e-01 -1.682066941316665287e-01 -1.686557117960981733e+00 5.546629569501342338e-01 -1.430428163814372877e-01 -3.763073710588911436e-02 -4.738208009504308316e-01 -1.968645270594050256e+00 8.913377759363623476e-02 4.986154635257777912e-02 6.078670157857112705e-02 -1.285507474850480225e-01 -1.374141064315734129e+00 -2.958275128654770936e-01 1.223846123073159819e-01
-8.273770816333078995e-03 -5.999138895392874815e-02 -5.774690318942714978e-02 -2.757050682921584339e-03 -2.688616875437137010e-01 -2.649375779826079746e-01 -1.216523475942882238e-02 -2.207006965338416116e-01 3.328126880392454634e-01 -8.253595850219716534e-03 6.596522149374470234e-02 -2.271438671239663920e-01 -9.641795169109519392e-01 -6.211671484054539366e-02 2.904124256474509558e-01 -8.624803401342553966e-02 -1.331500302881111902e-02 -1.069880080069252504e+00 -2.355205334737923983e-01 7.045944693005055937e-02
-4.063216510225820671e-02 -1.015641587127963028e-02 -1.395269080245058746e-01 -5.389468323196544564e-02 3.563379390655425916e-02 3.712836045831405252e-04 4.463886263184607683e-02 4.098937708935717628e-01 5.086394326691418000e-01 -2.229314312256140684e-01 -1.015438600688775006e-01 2.888943760005280859e-01 -3.156312750634320818e-01 -3.884284454107919671e-02 -3.086160132717202798e-01 -7.486432041703633411e-02 5.365725880501599765e-02 3.716568313981071792e-01 1.112560853160071833e-01 3.911262202787560427e-02
-1.029847690672236249e+00 -2.618308731557500435e-01 5.799415092739457211e-02 -1.651425240872607045e-02 -3.911829939897980279e-02 7.988411336501161086e-02 -1.345009577820059365e-01 9.384996379605999028e-02 5.965644545587271974e-01 -2.129842317790014705e-01 -1.135074868363750156e+00 7.597346771451915504e-02 4.585045044986888474e-01 -6.992196810472679769e-02 -3.609295176301360319e-01 6.078484106864193853e-02 -3.559005142102271424e-02 8.027209903857982498e-01 8.889718196975317233e-02 -2.916278425662995055e-02
4.347111992140181153e-02 2.154986574593594634e-02 2.033739555738140262e-02 3.008954040016658879e-02 2.766107183395300276e-02 2.490176475408636611e-02 2.327460232815212540e-02 4.831892318617815596e-02 3.570549490697817047e-02 3.994714601406434279e-02 4.249873932903844992e-02 4.123982960694407701e-02 3.251846735087316614e-02 2.818490369894635986e-02 3.356613480633122842e-02 3.066621197727014553e-02 2.011361943324438059e-02 2.671890010282673700e-02 3.139000898137424278e-02 2.272613480768483768e-02
