-2.252298068828178790e-01 -5.092111305302179369e-01 -7.626013201540071673e-01 -1.075774675806107750e+00 -2.802339790348027937e-01 -7.250317504977850103e-01 -5.092227557076769440e-01 -8.366608255721528220e-01 -1.054534586712170041e+00 -6.735488426125729733e-01 -7.300161960587545629e-01 -9.691774784901818762e-01 -5.086412802501836250e-01 -6.944872217751179022e-01 -3.966763321237664619e-01
-1.877819854151612788e-01 -4.823644573845770750e-02 2.996149982300262693e-02 4.535752619655958329e-02 -9.575865284045015358e-02 1.285904101052258997e-01 -4.823507539434773728e-02 -1.201449678353687933e-01 -7.232904856122010506e-02 8.589494859584062558e-02 1.410095220224656665e-01 4.333071885440252236e-01 -4.933371327479417479e-02 1.913454212185740008e-02 6.628891165372573224e-02
9.296378815318555311e-02 7.970868692761622076e-02 3.186873724670769015e-02 -1.699884237843072299e-01 1.917875618828566164e-01 9.698920870912529357e-02 7.969892469146618030e-02 9.500562038342991178e-02 1.168537224747591280e-01 2.764357150638371841e-01 7.487085372862078980e-02 7.359238527601259516e-01 7.879885723710061685e-02 5.422712823787267239e-02 1.521243593248025050e-01
5.186703885675481018e-02 1.354123102700658943e-01 2.188399470286846171e-01 2.925485140924222183e-01 5.827438821038560812e-02 2.011231058246147896e-01 1.354165184281128642e-01 1.999347258378168513e-01 3.108186504489583446e-01 1.690165321698174905e-01 2.072816700925475819e-01 2.131952280996580185e-01 1.352812581230385669e-01 1.954040229393100292e-01 9.591464119434806035e-02
-3.444469742036923576e-01 -1.950625879439982224e-01 -8.507210112209371428e-03 -1.501953523705201188e-01 -4.867567282895431391e-01 -4.327511536434689998e-01 -1.950553024055345364e-01 -5.263498626759324228e-01 -5.158892882481146414e-01 -6.984378705672525944e-01 -1.844786045183825773e-01 6.696360417767107664e-01 -1.961496529969854463e-01 -4.896444047530844335e-02 -3.994672206247764645e-01
5.451371783556276107e-02 3.185240879242703937e-02 -4.793566083859670396e-02 -2.193740909505417502e-01 6.496780496532231219e-02 -9.085121830994179193e-02 3.184965508624086616e-02 -3.300368021067411339e-01 3.545758737833553526e-02 6.946502592559022915e-02 -9.203331389404428853e-02 1.519554944418832210e-01 3.324054058538414291e-02 -3.864921232511935034e-02 2.026382364375037270e-03
7.743295022896309714e-03 -6.181906447634827328e-02 -1.187416987196057427e-01 -1.681863306027134852e-01 1.591703481674852649e-03 -2.173599469090671255e-01 -6.182147135228892310e-02 5.072307678491350114e-02 -6.323983554163886689e-02 -1.660414247210806049e-01 -2.067748036020304325e-01 -2.771327109004522171e-01 -6.124402982301681286e-02 -1.114680993276007392e-01 -1.341453746844984418e-01
-2.882254380063541815e-02 -2.866344470747477641e-02 1.859340962052652077e-02 1.211079866697058194e-01 -8.455545448050469370e-02 -8.073006217134687246e-02 -2.865795139300842190e-02 2.637007554300926926e-02 -6.527943960542144375e-02 -1.526784317218443376e-01 -3.740786436309047336e-02 -3.740933463986545471e-01 -2.821371879683162026e-02 2.834491083569638803e-04 -7.345837216447849427e-02
6.875732894786364124e-02 -3.856623784316514508e-03 -8.046873937219747863e-02 -4.239951798456571552e-01 1.206351457722365100e-01 -2.652806007270079869e-01 -3.866361146040937606e-03 -9.402154439254699625e-01 -4.703706893066330053e-01 -2.488422462461053752e-01 -1.530424000805021278e-01 4.652921112296694028e-01 -3.520263587767860462e-03 -7.860631415692798107e-02 -1.027494568662633972e-01
-6.181581696175796926e-04 -2.404326578234815097e-03 -4.737838767581666055e-03 -5.740498874045701395e-03 -5.605022354904570445e-04 -4.817624176237720983e-03 -2.404442403570753763e-03 -1.043602760373775907e-03 -8.103136373120916475e-03 -3.105074564410004612e-03 -4.836575207964993392e-03 -2.171438373934353461e-03 -2.402359847520425980e-03 -4.026494239443119232e-03 -1.528070870393368353e-03
-7.353288260283172978e-04 -3.925557336089073980e-04 1.473804732756119019e-03 8.108274245572548791e-03 1.158022025124918293e-04 7.845035655373328726e-03 -3.925301477800933764e-04 -1.963815220551068386e-02 -3.154668045206391810e-03 3.372869208041349466e-03 6.284362171044480597e-03 8.275106184788936711e-03 -4.158056113272661468e-04 1.290232640470906659e-03 2.871206290579679521e-03
-6.746286619064161851e-05 -5.722640979135490760e-04 -4.056761834302541857e-03 -7.177352861260645825e-03 1.472305474104602723e-03 2.890316241406679348e-03 -5.726042629741914629e-04 1.261631674936639080e-02 3.716435936403129654e-03 5.399253826929394443e-03 -1.105924404233900793e-03 1.163590688717382367e-02 -5.934674273983227624e-04 -2.815859462824442383e-03 1.481632231257155440e-03
2.107538244779820491e-03 9.796412889218527806e-03 1.367497281565605884e-02 1.068111865538097227e-01 3.601540221212241530e-03 6.413759970607678385e-02 9.796583065636330773e-03 -2.959301820715689452e-02 6.640464254496633578e-02 5.851442954653286732e-02 4.139183147350763980e-02 -5.824609545980871661e-02 9.860713230311120986e-03 1.174367974743471474e-02 2.823460458729938963e-02
-2.714420740964904825e-03 -4.674089601008982360e-03 -3.359456398377075499e-03 2.999729574455015091e-02 -6.183433182567558408e-04 1.298424192491015421e-02 -4.675711439564068234e-03 -1.415396822700540347e-02 4.225251073148297495e-03 -5.988696015527100389e-03 4.741446994387200908e-03 2.851492231016854867e-02 -4.894768030802526190e-03 -2.235038449455026537e-03 8.115994649356985356e-04
-4.183866428724368133e-03 -2.117181351953102177e-03 4.236124052409157709e-03 8.238571987631737592e-02 2.831545097121112783e-03 4.188550031887252473e-02 -2.118458976168794382e-03 -1.720155577168162170e-02 7.853221040795976826e-02 3.172239050097596519e-02 2.042104152577499040e-02 -2.081839244572725525e-02 -2.286622017336250364e-03 3.662663534288170160e-03 1.128810020317531221e-02
9.946870745492383814e-02 1.694985591806312253e-01 1.951769276683708310e-01 1.967833404172913137e-01 -1.843867640919307979e-02 2.367675543422392836e-01 1.695027983375162750e-01 3.064534947238999885e-01 2.500309983868206909e-01 2.116452891824088522e-01 2.132784348876381464e-01 4.559234770995781449e-01 1.695240749578874884e-01 1.939972703194415837e-01 1.746717085673124004e-01
5.098298631554631921e-02 9.485734533320970552e-02 1.131985892940689520e-01 2.753600031165662210e-01 3.509304377831502092e-02 2.231103417862477789e-01 9.486222811258228360e-02 2.504063705088787062e-01 1.432323431565856453e-01 1.050077926607352885e-01 1.635884829818906872e-01 -5.765223954308168475e-02 9.503754329340227680e-02 1.124633756528525541e-01 1.046856230538907029e-01
9.568492094422969066e-04 1.106018612308096345e-02 2.889481698791456984e-02 1.581715091571693488e-01 -1.408252111556784064e-02 9.439945464536442232e-02 1.105989265785865816e-02 -1.086186548850592154e-01 4.731620566337754741e-02 5.099498858204676299e-02 6.544947928191963138e-02 1.701281657150228652e-02 1.093209572211186441e-02 2.570377531619870426e-02 2.640956067329722906e-02
7.646112875679802806e-05 7.155014211031340311e-05 -4.066321885642563971e-03 4.144597221374887730e-02 -1.666726209827759219e-04 2.035860525875184471e-02 7.085859882443906917e-05 -4.012090430866820934e-01 -6.388081716138910640e-03 3.784801553367064808e-03 1.723018187738319801e-02 1.473511022491599820e-01 -1.114372790768651707e-05 -3.842956808149584815e-03 4.219615849789559378e-03
1.192070339420042480e+00 7.066404028042373442e-01 3.024821148165272033e-01 -1.556031420659864661e-01 9.915912111874441992e-01 4.748484364537811087e-01 7.066166653060282909e-01 1.014697277156093591e+00 5.211940735682373260e-01 8.606602601874194791e-01 2.875013011478020353e-01 -1.900433135807033103e-01 7.075234073965919190e-01 3.952766619777375312e-01 7.561939431301932801e-01
3.024270510425655645e-01 3.506374895316851648e-01 2.661111621422108664e-01 3.923949696674465804e-01 -3.412298174746197232e-01 3.678983148424336269e-01 3.506682098449410701e-01 2.729406301014011049e+00 6.720426045941811921e-01 3.492968882129461328e-01 2.109739965349919921e-01 -1.019639783281834688e+00 3.530250718745880922e-01 2.940991136165714281e-01 2.877273027704392860e-01
1.384250229531368281e-02 8.554894144494783192e-02 1.988040423787142685e-01 5.440727004285847990e-01 -5.771437905445962746e-02 2.521371268582506264e-01 8.559741815963126110e-02 1.847945249708812687e+00 3.523879708556882512e-02 -5.910763130593728321e-02 2.267800288594731262e-01 -6.597844204617966390e-01 8.757442922938146745e-02 1.888512386009991717e-01 3.436938227454948425e-02
-6.272114072124405915e-03 3.191931171743589424e-02 1.345973501538221262e-01 1.689722990788362633e-01 -1.134331072329792037e-02 9.313618023373324006e-02 3.195143982235033875e-02 2.409115248658324493e-01 -1.210055396762784591e-01 1.686383285509907015e-03 1.904730035399475052e-01 3.127756042842868567e-01 3.357569234414181647e-02 1.266834924458418721e-01 4.456016430066323669e-02
-1.063973583214836843e-02 1.702586670906595587e-02 5.158495498094721465e-02 1.074161410896889574e-01 -1.858737669960848493e-02 -6.639900770669924374e-03 1.704280196861010510e-02 2.428666801192258529e-01 -5.883307141392477013e-02 -6.353195796303362508e-03 5.232168850398262461e-02 -5.304197194091075929e-02 1.788839998516270763e-02 3.298012675397753168e-02 6.095377366168504285e-03
2.105949179131439142e-01 4.371613466268826076e-01 6.290550735517992376e-01 9.686486260273361459e-01 3.209786667158366358e-01 6.759750743603731848e-01 4.371685185117958339e-01 8.698496326003823942e-01 9.547699004152584434e-01 7.039090182641661864e-01 6.341272578843948349e-01 9.934818745809507190e-01 4.365389658664852734e-01 5.800492649925262922e-01 3.888283710231533186e-01
1.322409891351068907e-02 1.458568469490196390e-02 1.592866282057167973e-02 2.220936553298730881e-02 1.377888808718584490e-02 1.593393640561135971e-02 1.458530368914280444e-02 4.526143081099788523e-02 2.106659035519569886e-02 2.048559838761052077e-02 1.686819485086296297e-02 3.575932921776153739e-02 1.452557813547327402e-02 1.586158771742652782e-02 1.580611161087180222e-02
