1.331799570067887961e+00 -9.340005354252657321e-01 -2.237380792545166225e-02 -6.294366520368195328e-01 -1.204581407461773751e-01 -3.940040812782295010e-01 -4.579743971568133176e-01 1.645821934791330765e+00 1.581372780943784084e+00 3.306973493683229570e+00 1.031247202844688848e+00 1.079025021814068230e+00 2.866982927310311791e+00 -9.276784052913169543e-01 1.742794545051095101e-01 -7.435540870318749773e-01 -7.630907548523810924e-01 3.229720297819258068e+00 1.174715974430162957e+00 0.000000000000000000e+00
5.444929315549443816e-01 -2.471525045061038761e-01 -3.777136818998254042e-01 8.283574974901095067e-02 2.418675479523756944e-01 1.939599580003943113e-01 1.761373767477641405e-01 -6.200669556838155350e-01 8.978446281434792065e-01 4.634000947211832089e-01 2.729960730763175691e-01 -4.763842883404509898e-01 1.024553742228529352e+00 -4.446323673909197693e-01 3.081864916232287532e-01 7.764760346204233055e-02 -4.698314216348261629e-01 1.225033835431375284e-01 6.799458349843700011e-01 0.000000000000000000e+00
3.853765239810016396e-01 6.897489479340027652e-01 -8.190173012452548473e-01 -9.862624828800393706e-01 3.871998890026328022e-01 4.101401748004805670e-02 -2.252590681532478933e-01 -1.411381146604964609e+00 2.596080443041064445e+00 3.008171900616766870e+00 -1.211145307300682594e+00 -3.817838748086149203e-01 2.332055354226524990e+00 4.361602065033716724e-01 -1.224135738560542530e-01 -1.264227377210910719e+00 3.166077498354273323e-01 9.324154091910682451e-01 3.897232125580170070e-01 0.000000000000000000e+00
-2.474319233580730248e+00 7.024426573369101368e-01 -9.155430991347914826e-01 -4.982642425971085531e-01 -3.108593196680792259e-01 -1.324181433014811615e-01 -1.360789066955992721e-01 6.380522888949051730e-01 2.578590610337242239e+00 1.793099164845447735e+00 -2.357717302670705006e+00 -5.485699941824012660e-01 2.272396952688654270e+00 7.577070363924659491e-03 -1.329037072848363810e+00 -5.809675232903922515e-01 -1.560722619237875086e-01 1.703552715298098486e+00 -1.225774031459450297e+00 0.000000000000000000e+00
1.255012507267544083e-02 6.536941385399093474e-02 -4.077206925173600394e-01 1.982871995187954206e-01 2.142788654593851261e-01 2.441194600521416069e-01 2.379866962350014326e-01 -1.002445879763234293e+00 -2.128986694455684281e-01 -1.132953746586942589e+00 -1.886043452949763555e-02 -8.105660871826629865e-01 -4.750212231535710372e-01 2.308303552118499621e-03 1.499470564850834409e-01 2.117404007874102989e-01 -1.884552521400326974e-01 -1.415038879235979596e+00 9.174662659218787986e-02 0.000000000000000000e+00
-1.030093811010327709e+00 -4.883787447135932158e-01 6.260671771109140860e-01 1.770049945208166109e-01 -5.150327537169620273e-02 -9.789680441073543571e-02 4.634404696564788373e-01 1.000810277900540668e-01 -1.822134499148438724e+00 -1.321970120660836301e+00 -2.880804004064916768e+00 2.357239800382102957e-01 -2.888610201126581067e+00 -8.361859527927785196e-01 -1.207056242016919967e+00 2.427869522728966778e-01 -5.244181984043072564e-01 -1.445746653222733213e+00 -2.780316073691272427e-01 0.000000000000000000e+00
-4.812131116287984289e-01 -6.944884418252073033e-01 3.754283680231370601e-01 -1.713559361020374969e-02 -1.012215122605126111e-01 4.052094999524158414e-02 -1.431205331207644760e-01 1.272986441442485406e+00 -2.488790492932045351e-01 -6.217052044011880385e-01 -6.137628536667746326e-01 1.127874808913851945e+00 3.849913333765396795e-01 -7.326547319677354508e-01 -2.440560837988428045e-01 1.992852058190724140e-01 -6.130187978747987376e-01 2.617272541709730227e+00 -5.977055745500364781e-01 0.000000000000000000e+00
-1.355944897671868432e+00 2.391663760241872771e-01 -2.992151800765480152e-01 -1.495091409110140268e-01 3.969492062380001185e-01 4.274089076487052608e-01 5.134480761332907983e-01 -2.928468582286004596e-01 1.384493036553563927e+00 -1.601496755052215892e+00 -1.862838136114510990e+00 -2.049576291496967018e-01 1.521724089498361243e+00 2.183218244629706595e-01 -9.697658446545107669e-01 -4.520660289613517291e-01 2.260681359134804613e-01 6.839711481293969664e-02 7.754548072281407523e-01 0.000000000000000000e+00
-5.669152318037347094e-01 1.189255724396374586e-01 -1.706112522971084400e-01 -1.556075022326419144e-01 5.410123168401187455e-01 5.029129799185285687e-01 2.167351951481638894e-01 -4.780725432814399989e-01 -8.462908302938108029e-01 -2.060687299984529819e+00 -7.003233226439633530e-01 3.905131585251601090e-01 8.075676870522167095e-01 2.188032322252593531e-02 7.376020639596814372e-03 -3.009240241561502160e-01 4.023098820524902142e-02 1.088448136644057707e+00 -7.834541085721166143e-01 0.000000000000000000e+00
-3.605046659173501311e+00 1.136769899046452315e+00 8.529316324698658081e-01 8.741364888978713221e-01 -5.037291109290607111e-02 1.716948405676254064e+00 1.618305610956139784e+00 -3.449764323466244509e-01 -3.175004258569918303e+00 -3.470412070248107383e+00 -3.762210417411624430e+00 1.318319262954561477e+00 -1.376733999153083809e+00 -8.986795395240592121e-01 -2.819802058432333336e+00 1.235689378177403874e+00 -5.409192926220374176e-01 1.742196130236255858e+00 -1.316521402565635990e+00 0.000000000000000000e+00
-6.058029212673542163e-02 8.148106721645112169e-03 2.560145714973736594e-02 -2.043096030318425696e-02 -2.186430852636733410e-02 -2.070741333449353447e-02 -2.250086771985017331e-02 6.217377573767728267e-03 -5.339697504981806564e-02 -2.848641280041062929e-02 -4.587570842299896340e-02 1.508414702251109282e-02 -2.799732291203134715e-01 2.027720558141173773e-02 -2.120407368741891035e-02 -2.522256076731067484e-02 2.580436070774690810e-02 -4.181268267219832337e-03 -5.651838414628237994e-02 0.000000000000000000e+00
-2.377171033871930128e-01 9.534356339956743002e-04 1.090973039881276349e-02 -2.059015897608309706e-02 -5.334343069729726577e-02 -4.963750092698041017e-02 -9.599448032811176701e-02 2.752267800976088696e-01 -2.122795697749818300e-01 4.674238163403974800e-01 7.682971108141381511e-02 1.392797415121126425e-01 5.005569148723162387e-01 -2.139061626293089005e-02 -2.529360184765746741e-02 2.904971530146319147e-02 -3.767615942876194422e-03 4.236524136074956703e-01 -1.803427131799877070e-01 0.000000000000000000e+00
1.362563162394506977e-01 -2.076331641834922720e-03 4.218178100814899689e-02 5.688009720219657644e-02 -1.028894629588963244e-02 -1.039316907713142522e-02 -3.730453653402651323e-03 -1.409935838578598583e-02 -1.571366337124763257e-01 2.999949053266745547e-01 1.634167259169788666e-01 -4.644298712018108365e-03 5.291876933111266251e-03 2.249092015921630786e-02 -1.884216474397834573e-03 1.017826244514630357e-01 1.421252890958755490e-02 -8.244985749361732896e-02 1.946307874753220590e-01 0.000000000000000000e+00
-2.329582964274190093e+00 1.751998536419499541e-01 -9.110616712692989894e-02 -8.181518666309639531e-02 -7.705891782173839299e-01 -5.562679012467333095e-01 -2.768161749785663650e-01 3.049802935913306090e-01 -2.568800905902613341e+00 -1.111857834027940362e+00 -5.502078939211882957e-01 3.720769687334978815e-01 -2.068053534636331570e+00 -2.163668120747809231e-01 -1.573809794721395372e+00 -1.323447060421262950e-02 -6.277897797324938356e-02 -1.286444613679914306e-01 -2.344611136891349368e+00 0.000000000000000000e+00
-3.693591371901135401e-01 5.147423760332570097e-02 -1.141972176823474044e-02 -1.107467402454129224e-01 -1.224950597701214700e-01 -1.255988381561231326e-01 -1.069001761090080382e-01 -1.775187116127351639e-01 -2.301376501504786773e-02 1.313268476372025928e-01 -1.010287183887508544e-01 -1.335412357740149436e-01 4.245218696152037174e-01 4.931556828411716442e-02 -8.080438885581037178e-02 -1.703927780043946461e-01 -7.543933637365215356e-03 -7.958059273444577641e-01 -1.964551928792408753e-01 0.000000000000000000e+00
-3.660443445281436614e-01 -6.330991408890473959e-02 -6.590288182241782478e-02 -8.265131634043511311e-02 6.876973628011076589e-02 -1.281490629913021040e-01 -1.548077384137040158e-01 1.540980659353294036e-01 -6.552314569451713755e-01 3.473074620700488668e-01 7.000709515824230511e-01 -2.080712299907070406e-01 -5.132734764388589138e-02 -1.033337277490184308e-01 1.790600441806042276e-01 -1.947711574978173432e-01 4.989922316356716625e-02 3.008496686435264689e-01 -5.666780812464032868e-01 0.000000000000000000e+00
2.437388773576988132e+00 -6.436521375700238190e-01 5.281203575903493652e-01 1.565902133938061436e+00 1.815606283801939058e-01 7.963327559084709684e-01 1.438665215967630528e+00 1.018139500151014509e+00 -1.026847718187805958e+00 -4.181132171098386752e-02 3.672689498503447947e+00 9.767705484681522554e-01 -2.744145119781037367e-01 -1.179963854382115374e+00 2.685611178725573200e+00 1.467507833849147181e+00 -1.214590605201073981e+00 1.410752333864981445e+00 -5.855510746742176309e-01 0.000000000000000000e+00
-1.149418607687974880e+00 4.352524374878642965e-01 2.949508543098909308e-01 1.288472835016722107e-01 3.449984812464221284e-02 4.401462317395841983e-02 7.379783060264896166e-01 7.223270421835060739e-01 3.099477729193469422e+00 1.331523091309207985e+00 3.156431279182138283e+00 5.150775009438013363e-01 -1.990278851260031789e+00 -3.470750816302490271e-01 2.683057972233114263e+00 -4.883175690759668924e-02 8.532945825910638327e-01 -2.113105345295220427e+00 -1.691088327108388745e+00 0.000000000000000000e+00
-4.350493945465253587e-01 1.515353502810524722e-01 6.324821176748203211e-01 2.113355706918801369e-02 6.479053256836138086e-01 5.018956328164889680e-01 3.983363112479396118e-01 -1.718956429207092393e-02 -2.124332755244025428e+00 1.184599996159667601e-01 1.404677697007348236e+00 1.215753459316822882e-01 -2.769601163951410872e+00 -4.583120319240149149e-02 1.253620730751433765e+00 -2.186612109761116585e-01 6.413823934113281888e-01 -2.561308650415354382e+00 -6.236520088569356135e-01 0.000000000000000000e+00
9.202233411817428710e-01 2.124853385053817323e-01 8.856064432957636012e-02 -3.592178552285328896e-01 -1.846734495290917183e-02 -8.443474341268777938e-02 -3.179768228055744883e-01 1.021404823875320611e+00 -6.359858428835462041e-01 2.825363824252949962e-01 3.016497371165963171e-02 2.462609593375802708e-01 -1.203441027094647175e+00 1.037347562178684984e-01 5.576175798830067531e-01 -6.111091811389095518e-01 1.994378257713464719e-01 4.204904686697588656e-02 -2.236838169142233157e-01 0.000000000000000000e+00
1.519117311708054530e+00 -1.342826409435101009e+00 2.240433997394776000e+00 -1.644487705901944707e+00 4.569765242680434714e-02 -1.153251177450913822e-01 -7.751729480074375234e-01 1.214942230545736246e+00 2.167124072185775852e+00 2.075473531949855843e+00 1.695090401578845940e+00 1.343223924464139074e+00 -1.114166503832586308e+00 -1.058244437893465673e+00 1.335962139512361313e+00 -1.399102087727551291e+00 5.064125642815441031e-02 6.097452083128290790e-01 1.204143199192891700e+00 0.000000000000000000e+00
-2.172400638792890692e+00 -2.548964533012019196e+00 2.696497217451065964e+00 -4.235337313087004230e-01 -4.181388142518457585e+00 -4.300663147677858511e+00 -3.330598015029661241e+00 4.881204072147588557e-01 2.848233407983704613e-01 1.383845835388656020e+00 6.889778893142761707e-01 1.060989997765806381e+00 -2.502644237468736765e+00 7.043130729872845164e-01 -3.339279693989707809e+00 5.562559713529816596e-01 1.015277434689463520e+00 -1.555620070578002556e+00 -2.855618481419325061e+00 0.000000000000000000e+00
3.171520811252332983e+00 -3.582127443803558298e-01 9.099193357543101657e-01 1.349626322221081809e+00 -1.402965383654948939e+00 -1.413902420411142558e+00 -1.339978099810292256e-01 -3.770738574114338992e-01 -3.670546692017920609e+00 5.099087820735021676e-02 3.134207438432387693e+00 -2.788102697789839740e-02 -3.816742946068625297e+00 -4.456378422618160196e-01 2.752269743493204412e+00 2.076182504322720668e+00 -5.315220057135919829e-01 -4.065834489198042689e+00 1.461912066121016762e+00 0.000000000000000000e+00
-6.552867831987917446e-01 1.324034090616762249e+00 -3.423361981973517265e-01 -5.847970857929707389e-01 1.255861030995352401e+00 8.831008901030638070e-01 -3.952865704230189639e-03 -1.070112609812145621e+00 -2.906078850283717596e+00 -2.679147287243635933e+00 -1.460323618806631751e+00 -6.654463211053154859e-02 -3.876559114691468633e+00 -5.142168819736943064e-01 1.979304737271628589e+00 3.311009805488750457e-01 -1.587378275761039681e-01 -3.322346209657765836e+00 -9.823863051455812290e-01 0.000000000000000000e+00
-1.609044794906185460e+00 -4.942651631947614921e-01 1.304462635490483968e-01 3.377770951286560019e-01 -8.793963471675611543e-02 5.012709250576408149e-01 5.095061997918621799e-01 4.395747333032595239e-01 -1.425627326703845954e+00 -1.752818593833099126e+00 -1.295895822345448423e+00 3.844252867265919305e-01 -7.626813795955712516e-01 -6.040984515981000502e-01 -6.831722404969918783e-01 6.125564113718066084e-01 -3.734277382465099326e-01 6.576019220610792582e-01 -9.313462647933680172e-01 0.000000000000000000e+00
