-3.026738427680419341e-01 -8.844296000811011638e-01 2.580758518836896442e-01 4.215522069203190725e+00 -2.802949837588578075e-01 3.295201160034820997e+00 1.897285476505952806e+00 4.616532050571160006e+00 -1.471639816805683010e+00 -4.671865074902231685e-01 -2.113677105297285586e+00 3.483096929323397095e+00 2.226616034483182294e-01 -3.504730557338871511e-01 4.680624855708519050e+00 -6.961593043814939819e-01 1.875595349910789356e+00 -7.061596872095090571e-01 -5.369116093237660259e-01 0.000000000000000000e+00
4.651572240702442351e-01 9.871899936625620764e-02 6.001616089858495817e-01 -1.060720160696776437e+00 -1.044510684314973320e-01 -2.922610310063932793e-01 4.069754334550387265e-01 -1.765661510087102481e+00 6.707079299416061069e-01 4.763703396672020474e-01 6.481703819264227340e-01 1.545574942803786267e-01 9.781244357868250638e-01 5.102518690174842053e-01 3.067021090932871008e-01 4.317662576998675950e-01 6.538672631462568718e-01 5.161390022121241650e-01 -3.119126577227451791e-01 0.000000000000000000e+00
1.833142137737889588e+00 1.359770247361973494e+00 -3.982947943372393329e+00 -4.346953367868027773e-01 -9.511180953209860123e-01 -1.252016403399152988e+00 -3.028113367227026398e+00 1.267741755829183248e+00 -1.377468769984978580e+00 2.089967698537726015e+00 -2.287665694111452819e+00 -4.655404472395535009e+00 -3.464131910643616141e+00 1.810885249587549373e+00 -6.135691052391527123e+00 3.797489128015861248e-01 -5.355407606627000661e+00 -3.360975255659686689e-01 4.712336918718129652e-01 0.000000000000000000e+00
-2.763540652439266943e-01 1.355060802072844517e+00 -1.366933839035094911e+00 1.436827062752890738e+00 -2.290072379229386446e-01 -1.377066798958654470e+00 -1.179813499662156984e+00 3.991988105453516233e+00 -1.297574429056095324e+00 -4.371046578284657480e-01 -1.529777027455779592e+00 -1.869798223572623486e-01 -7.525896239627896667e-02 -3.247434728540920523e-01 1.427194151028988944e+00 -5.816461506406161996e-01 -5.385580234325322735e+00 -1.965577091562040468e-01 1.391130442467340300e+00 0.000000000000000000e+00
4.511255068381084810e-01 3.222563600727330058e-01 3.673350138105767604e-01 -1.631657988133871529e+00 1.508536861588620770e-01 -1.793476690417870500e+00 -2.900168570048257677e-01 -1.897700644899486422e+00 6.436940870524501257e-01 4.812640990182695533e-01 9.359272027285960860e-01 -1.014454934263731012e+00 3.467469562785835402e-01 4.786920333353299473e-01 -1.065669266209086308e+00 4.992993459636997922e-01 -3.562143498422303683e-02 5.155631126604577341e-01 1.684428169817625900e-02 0.000000000000000000e+00
-2.396564079744581965e-01 -6.662618768084087595e-01 -2.471639399611323673e-02 3.600612944517755043e+00 -3.970107511074943973e-01 2.403321091380044461e+00 -1.868570857199771895e+00 3.806960419222411574e+00 5.066616459968498631e+00 2.558161766737085063e+00 5.107273967777976154e+00 -3.842873348727241734e+00 -3.729193569380268691e+00 2.188177828538657166e-01 -5.968540226459316145e+00 1.609356378373897778e+00 -4.338607676809144387e+00 1.970916025341277633e+00 -4.431892819966432029e-01 0.000000000000000000e+00
-5.547036741876544275e-01 -5.537437094895486522e-02 8.308154349714950149e-01 4.082974764534871071e+00 -6.183567176954635897e-02 6.369692476248695279e+00 1.466393009174012940e+00 2.835277916988925284e+00 -2.033102718052067548e+00 -2.372354047490227824e+00 -1.646550940006953123e+00 4.727496946674563993e+00 -2.872841363241718238e+00 -8.344688526060175526e-01 2.983648908091364405e+00 -3.082588762793499360e+00 1.989614020355875423e+00 -3.761046722275726228e+00 -1.288660403771369617e-02 0.000000000000000000e+00
1.148750357582209558e+00 7.082483387956295395e-01 1.884545997292592645e+00 -9.930200082924051097e-01 -2.837390311441777063e-04 -3.027408741081787924e-01 -1.835246597774333299e+00 -1.869986974031761617e+00 6.653088603316037464e-01 -9.517671279946022800e-01 1.717392931799670786e+00 1.539661548004913616e+00 -3.148833798961321317e+00 1.309132722747715416e+00 1.330963586717155867e+00 -1.950548433244399860e+00 1.849104279127756767e+00 -2.146293304159820448e+00 8.106866547935002165e-01 0.000000000000000000e+00
3.367683900991076951e-01 6.803354034140564055e-01 -3.647407504352703222e-01 -4.573049365134452815e-01 1.584048663157724968e-02 4.738204568559702956e-01 1.714268633312987511e-01 -1.546666327630157767e+00 -1.034274391498094081e+00 2.906099169429887663e-01 -1.139316173275414679e+00 -1.166093874256738161e+00 1.985046252942713751e-01 2.622670289694722934e-01 -1.789447428852952271e+00 3.233726035838276058e-02 2.689731586329037860e+00 1.551981458318797413e-01 7.986403514747811849e-01 0.000000000000000000e+00
-7.022998534327936637e-01 3.095564030532994781e+00 -1.162021668124988860e+00 3.581090655564048930e+00 1.293374737556704845e+00 1.393941268734937289e+00 -6.503741893733039348e+00 -8.570763943917106831e-01 -1.423348601296542171e+00 -1.388595010862623269e+00 1.326747105988369757e+00 1.924444992566405110e+00 -6.302974712138112778e+00 -6.932744481032839801e-01 -4.780600564798877627e+00 -2.541034532161973392e+00 1.206134228246934947e+00 -2.568172245085582173e+00 1.332820865674476218e+00 0.000000000000000000e+00
-3.207323599062820302e-02 -8.900399852729345279e-03 -5.764793802015085594e-02 -2.649674426676476222e-02 -4.528837842937781175e-03 2.434967046989643807e-02 -3.495563953514002620e-02 -1.556182837363596569e-02 -5.166406155516346105e-02 -3.757170391647623314e-02 -8.288725305998127790e-02 9.546270669838210002e-03 -3.796386069878312369e-02 -3.765802417756992232e-02 -3.506633305522970784e-02 -3.539295638415849293e-02 -1.030215430098089802e-01 -3.672868889109692087e-02 2.704094048713257589e-03 0.000000000000000000e+00
-4.633548796113855228e-02 1.059929355307274827e-02 -1.271165309056779269e-01 5.605878445447933789e-01 5.740928029535634358e-02 3.973328404393340896e-01 3.985304380080701425e-01 5.762197025851203414e-01 -1.044242444505781159e-01 1.006021891080640697e-02 -2.390761404169276239e-01 -6.846518409459184662e-02 2.709709537867827089e-01 -7.574815381363496358e-02 2.808228554802822408e-01 8.918456430843246796e-02 -2.967739530372410783e-01 7.517082258775750758e-02 -2.131956901466629598e-02 0.000000000000000000e+00
-2.278896356188645986e-02 -3.780676273650954156e-02 2.552800334314179326e-02 1.902211501080410816e-01 -8.395068482130273527e-03 -1.559860479194119243e-01 8.080775031052921109e-02 8.046263155125833733e-02 6.901421602485084683e-02 3.741936209995424395e-02 7.145928240249402319e-02 1.774091755865047915e-01 1.001263100771772052e-01 -2.835221142301841413e-02 2.378356585212624760e-02 6.400831484587646281e-02 -4.024305550142272536e-01 4.787135760124307249e-02 6.159151310272541029e-03 0.000000000000000000e+00
5.103374886676114164e-01 5.833302464620274685e-01 -2.519929407237820218e+00 7.634709751705811565e-01 -1.126731295364666041e-01 -7.966862424063549941e-01 -1.007340079560677809e-01 7.152299925389324908e-01 -2.114609739384126552e+00 -2.011090506288995550e-01 -2.498102918194541111e+00 -3.435451648753266585e-01 -5.158281901492668409e-01 4.522140622710101310e-01 -1.196550984182927380e+00 -2.558750157697575189e-01 -1.733102039166600106e+00 -6.119029301000732390e-01 6.234335882781762983e-01 0.000000000000000000e+00
-1.322846682704762467e-01 -7.439072676942780349e-02 2.674448578420222100e-01 2.187284651279616798e-01 1.555901848343977933e-01 -5.132203102656857086e-01 -5.088095847672750860e-02 2.206501228911173507e-01 5.060641653528741291e-01 1.476428195370562690e-01 5.679283349193915420e-01 -2.207919682026100727e-01 4.289106967743715193e-02 -1.036002909486704454e-01 -1.557328301573616125e-01 2.784607958583492082e-01 1.820298855860374709e-01 3.840384484002845600e-01 -3.232777623036257875e-02 0.000000000000000000e+00
-1.730177591189910324e-01 -1.338614738885506895e-02 -9.739534756153074291e-01 -6.437547510295795750e-01 3.211436441081979010e-01 6.047201540169754308e-01 1.206707310458062926e-01 1.984569484617113855e-01 -7.125613774898235109e-01 -4.364894729689609565e-01 -1.159330146168962017e+00 1.567469912206454485e-01 6.321516208566786699e-02 -4.090797553294072131e-01 2.047721965767243635e+00 -3.587481038066205885e-01 -1.825844784698963830e+00 -5.067008323779671475e-01 1.960782238891242979e-01 0.000000000000000000e+00
-3.979430691381832919e+00 -4.861521762358720800e+00 6.900636835308411321e+00 1.948996675205498130e+00 1.003592790802133317e-01 3.758823223421098092e+00 2.896738347891091525e+00 2.166688582322727541e+00 3.707780105825333461e+00 -8.969719515453358216e-01 4.974517382040083646e+00 6.216309295155513226e+00 5.583967112038373592e+00 -4.056479133969411954e+00 7.751562833042635603e+00 2.041763738362706970e+00 8.608988218732942954e+00 3.825547442430373035e+00 -2.369096933219013934e+00 0.000000000000000000e+00
7.824364496628321008e-01 -1.754856968564446340e-01 9.049800557539233736e-01 -1.745183782570155495e+00 -8.042310228901716762e-02 4.553126325800641361e+00 1.282020968294696583e+00 2.973057925695681281e+00 2.340314380780593506e+00 1.058531949674832440e+00 1.144013845101884419e+00 -1.606097407228860741e+00 -2.895329892876048916e+00 8.212112582013983975e-01 -8.872376029231949790e-01 1.163541038533708605e+00 7.263413516715139906e+00 1.400537705892197282e+00 -2.414729457322362549e+00 0.000000000000000000e+00
1.270882481782855233e+00 -5.003917458083096542e-02 -1.922560726529925490e-01 -2.261267436406065201e+00 -5.380062128967921797e-01 -9.487223768806096746e-01 2.214299682834517113e-01 -2.413144049970400717e-01 1.709066539655589967e+00 4.230750706120245397e-01 1.744143380585595482e+00 -3.301914571701989876e-01 -2.168977388000768336e+00 1.516944851574177688e+00 -1.525858650528046478e+00 -4.109107583300967703e-01 3.142890968981507438e+00 -3.106320274378475133e-01 1.304469770888196933e-01 0.000000000000000000e+00
3.761388306032345530e-01 1.648673845255365644e-01 1.367654920803902163e+00 -6.382251410592303387e-01 7.116380648835173295e-01 -1.563033029107060712e-01 -2.495853816754106114e-01 -2.084673469513099509e+00 1.587951010116654738e+00 -8.419133494000093920e-01 2.025732674632290564e+00 2.331801167026268384e+00 -1.355441252242552741e+00 5.186935344943147674e-01 3.198878729376638752e+00 -1.120546310183366145e+00 2.250543510171730599e+00 -1.170384063449220413e+00 -7.133195668643986798e-01 0.000000000000000000e+00
-3.292950883612143276e+00 -5.262845419804476954e+00 7.826026124053122146e+00 4.443988174566004368e+00 2.196870887245817805e+00 7.874561218311997735e+00 -3.580585946279569498e+00 2.980216126453037351e+00 6.169564781243559004e+00 5.181874143818228085e-01 7.846548344865612812e+00 6.772932351540021934e+00 -6.619777823177934728e-01 -3.691743144168126989e+00 4.597829839533546625e+00 2.409558136205141032e+00 6.498651913049671158e+00 4.581509994562984467e+00 1.990814445913134945e+00 0.000000000000000000e+00
1.747297498176177966e+00 -7.679340587449132727e+00 9.379130260487050563e+00 4.144086956757168316e+00 9.461263945319556834e-01 5.401242335393193983e+00 3.689720702562314880e+00 5.084485015684848896e+00 -2.306150945634852345e+00 -2.801606831382266627e+00 5.811205916004404060e+00 7.049801678572429786e+00 -4.531301861287997390e+00 2.510607580069293743e+00 8.819010193765127070e+00 -5.252936975938738762e+00 9.142404062699752032e+00 -4.023841163236487439e+00 2.075875269566502812e+00 0.000000000000000000e+00
2.433286110264671454e+00 2.951896901789534677e+00 6.197534995019312459e-02 -1.158674537334076771e+00 -2.586370904469201371e+00 -3.483266210085046222e+00 -3.200557793300542020e+00 2.287469793764605352e+00 2.573893387726555293e+00 8.455933642101002290e-01 1.357925674815495531e+00 -6.418511977481200503e-01 -6.934551412442791829e+00 1.705243437884370827e+00 -4.378590373240655254e+00 -2.819003462801064508e+00 6.530423228595124918e+00 -4.144599144485762388e+00 -1.760249513149648060e+00 0.000000000000000000e+00
-3.012617327777628029e-01 2.515941265537846139e+00 -2.253252209786166471e+00 4.508295970118889606e-01 2.169706085529550521e-01 -5.821122251859224939e+00 -3.961571686047814289e+00 -3.513583671308040390e+00 1.206594032124269494e-01 2.561625762307217169e+00 -1.143913905127731390e+00 -2.148674182242662767e-01 -1.463640551127593614e+00 2.384260221045420014e-01 -5.401786695338810951e+00 2.688194296937568506e+00 7.416232381563776510e-01 2.614895357401881171e+00 -1.073633883414943924e-01 0.000000000000000000e+00
7.727680758747169643e-01 6.285669342419788475e-01 -3.717266723834169895e+00 1.750210815672483544e-01 -3.579808222828768094e-01 1.669693375859381712e+00 -1.904502953617807748e+00 1.980769354498105539e+00 -3.387370358327443043e+00 -6.425692667322482898e-02 -4.600612449951075433e+00 -3.145824764915547966e+00 1.685385378774340581e-01 9.463698522339217822e-01 -2.105805971393400977e+00 -8.021223434056963253e-01 -3.184163038287537439e+00 -1.903931601965996867e+00 -7.588014027480400880e-01 0.000000000000000000e+00
