-1.770554023585047654e+00 -2.635037395276565331e+00 8.772289682703863889e+00 3.309974021202342076e+00 -2.370977854989354316e+00 2.722035386393225842e+00 -6.220981570531373128e-01 -1.841989204709728378e+00 7.142372509007777204e+00 2.262364292126619159e+00 -1.375829522365036528e+00 -1.796408754212735159e+00 8.454099779888219146e+00 4.910554486364234528e+00 0.000000000000000000e+00
-2.640454200145237462e-01 1.439989571854344064e+00 4.800030070287939488e+00 2.368263284167172689e+00 1.772141240997804124e+00 1.918502376746950455e+00 2.254000527302196577e+00 -1.405369090002395627e+00 3.928519746405923385e+00 2.941887732266093902e+00 -1.009185943514504746e+00 9.198414077701640990e-01 4.950114365177639364e+00 -1.645716423905644599e-01 0.000000000000000000e+00
1.721264807203246594e+00 3.175516550991581144e-01 3.387129126797932877e+00 -3.480758868587209065e+00 4.556548032886623689e-01 -2.935326914155243827e+00 1.721399398126827185e+00 8.993070184499968311e-02 -3.358374410639019203e+00 1.523319450779441864e+00 1.225139835858302995e+00 -5.720671499999903098e-01 -3.324573245736643035e+00 -3.920664216294245552e+00 0.000000000000000000e+00
7.177806190052354873e-01 -1.399119153720301822e+00 2.322080179159070834e+00 -1.856231670258453370e+00 -1.154885390960411096e+00 -4.484332954291728734e-01 -1.401999088658380410e+00 -8.802025345329535233e-02 -1.618447650484732936e+00 -6.734798657484937223e-01 4.950729472739185399e-01 1.175437804813786125e+00 -3.865062479757609193e+00 6.054579391639172137e+00 0.000000000000000000e+00
2.746066484504794958e-01 2.079674886302132375e+00 -2.419355111373949541e+00 9.850072780402328032e-01 2.328412568681845762e+00 1.022553787769306721e+00 2.184199953993909205e+00 -9.527093249381549667e-01 -7.259200743302228753e-01 1.251579299940621670e+00 -6.315992832292345316e-01 1.201419837233417498e+00 -1.140629620139750555e+00 -1.282311640955207555e+00 0.000000000000000000e+00
-3.537681483321799547e-01 -5.894132758507028003e-01 5.916562892249973338e+00 -4.766447364701351108e-01 4.281316258663880880e-01 -9.113850302675162718e-01 2.212698280331202583e-01 7.346378001504821897e-01 5.143378630681644026e+00 4.182913919962010674e+00 4.165600318741086716e-01 -2.172676110830447094e+00 8.834439966155086310e+00 2.961276025840475223e-01 0.000000000000000000e+00
-7.795490348222802179e-01 -1.386855647643649325e+00 7.797956613724206676e+00 1.110931773751474783e+00 -8.142310446239949817e-01 3.247347196209577902e-01 3.388977616193292963e+00 -7.692535354974404660e-01 -2.187279723828181144e+00 3.037072316639807035e+00 -5.440317698884700182e-01 -6.192683649467686235e-01 3.915903382741617866e-01 2.500831717645926933e+00 0.000000000000000000e+00
6.756639359838239045e-01 -5.404332651635912477e-01 -9.395782943135718712e-01 -4.984771666562086700e+00 -4.029696847537894144e-01 -2.340148648317760482e+00 -1.120057626664353156e+00 2.292464928224426102e-01 1.970916580475355062e-01 -8.261459086828533138e-01 9.815710676538220714e-01 -3.734387912669390741e-01 1.341332824867127238e+00 -9.319336722081544844e-01 0.000000000000000000e+00
4.943132582136819941e-01 -9.289540204753676811e-01 3.200941674048014551e+00 -8.411867510636551470e-01 -8.604374843729386546e-01 2.203666954770680531e-01 3.256443411776002023e-02 -2.529590080159977439e-01 1.060291346250693323e+00 8.925058030602940617e-02 2.689275886651353031e-02 -3.782179503394523246e-01 1.426843487312639880e+00 9.404139741185949530e-01 0.000000000000000000e+00
1.471582955829246364e+00 4.585167004870019269e+00 -1.429047773084910933e+00 -1.057562401799376106e+00 4.518943843466105115e+00 -5.042374121353085492e+00 6.347753933139588245e-01 1.806237101736780370e-01 -8.413038953784504059e+00 3.495693876578866544e+00 -1.338623493843847656e-01 5.954624731872966592e+00 1.821577706429772903e+00 -3.381450798033858618e+00 0.000000000000000000e+00
-1.980910490514788732e-03 -2.081089912639414452e-01 -4.576472124516858253e-01 -2.080177201661479736e-01 -2.579272308171751682e-01 -1.475578279089128642e-01 -3.350516218471497054e-01 2.201093199983013629e-02 -2.073979494339189822e-01 -2.965403388542844354e-01 3.283515037848828283e-02 -1.123214279212133848e-01 -4.809640810544145162e-01 -2.382203167583313644e-02 0.000000000000000000e+00
-6.244557161023752551e-02 -1.491616169018668558e-01 2.618415866269293568e-01 3.993258439274909311e-01 -5.235572937029717849e-02 -1.332047791325975325e-02 -1.980162184501555941e-02 -1.280257977155216473e-03 -4.857442443000427046e-01 -1.926342584947705605e-01 -1.807826598925915407e-01 -2.782366299466913495e-01 2.084621643159124682e-01 4.044777316379528087e-01 0.000000000000000000e+00
5.096740703851615484e-02 2.816389480030355719e-01 -2.130461737014922807e+00 2.583190051663971643e-01 2.253766463588913194e-01 3.524156717698870289e-02 1.308127960999879991e-01 -1.289155833249873429e-01 -3.803508049471716057e-01 -1.580440974240213681e-01 -5.828696930765774747e-03 1.950732723423585779e-01 1.100447583769826876e+00 -9.039522809248239088e-02 0.000000000000000000e+00
8.948575436562720142e-01 8.325690452933501851e-01 -7.954841981117570349e+00 -3.606552583554824665e+00 6.799693245805938924e-01 -5.144530077250669464e+00 6.838381619454960703e-01 1.014746305476453392e+00 -7.279547636822892187e+00 -2.044262062904437460e+00 7.288851758454369945e-01 8.923309010450961587e-01 -7.764585160520975471e+00 3.710394566164134100e-01 0.000000000000000000e+00
2.084755603785401479e-01 6.380946614147967599e-01 -1.265447835609954330e+00 3.371102699903024136e-01 5.416803436070286581e-01 7.184077193221868329e-01 -1.969302732241435538e-01 3.403692996470288334e-01 1.242495100386791673e+00 -3.035049941959335196e-01 8.546028316574959260e-02 6.339786068201213043e-01 -2.948145867314218904e+00 4.042230706007122754e-01 0.000000000000000000e+00
-1.234844173765951431e-01 4.196147226185810708e-01 2.113685688580809963e+00 -7.737621570808430604e-01 -1.395176833918354009e-01 -1.193625067797499800e-01 6.103238610862293800e-01 4.713995699527434025e-01 -5.176675401003964783e-02 -1.569827705291495373e-02 3.784437282129586300e-01 -1.309723177452423448e-01 -8.841658456491688911e-01 3.050937521900640159e-01 0.000000000000000000e+00
-6.021130709949688686e+00 -1.537493416833458859e+00 -8.226127690499293266e+00 5.612524960327241352e+00 -4.142183875780872881e+00 6.499680995120858285e+00 -4.590331164205834646e+00 2.883977420749253895e+00 2.737901951405920187e+00 -2.670573082582736291e+00 2.206621500812895320e+00 2.522607192159646239e+00 -1.489369170453212377e+00 2.422572209680453170e+00 0.000000000000000000e+00
-5.981940086490691755e+00 -2.774269912010423944e+00 -2.540366575504195090e+00 7.391535266321892728e+00 -3.148196042484386670e+00 8.417860615860295326e+00 -1.521151414297160054e+00 1.588673523670203425e+00 9.336264092743068232e+00 6.328480000424869800e-01 -1.996140242980469326e+00 -5.450933133429654021e+00 3.080358349853265398e+00 -2.255228306417595530e+00 0.000000000000000000e+00
-1.187962131622663398e+00 -1.397160277786730687e+00 -1.665744705461793540e+00 4.036247483540715386e+00 -1.440443912690569095e-01 2.701087480192013057e+00 -5.981807214001250150e-01 5.736396885557505376e-01 6.743391001459921874e+00 1.351864611070027755e-01 1.437384277079227113e+00 3.358791327581200359e-01 3.114194160855209503e+00 -7.660319788021688892e-01 0.000000000000000000e+00
-3.433411158860860679e-01 -6.462167938362314290e-01 -8.122096734425119369e-01 -3.814183565575221535e-01 -4.781386107631446780e-01 -4.886521305720640806e-01 -1.014239033940710355e+00 -4.169829675527327861e-01 5.614614309052936569e-01 5.671677483290932242e-01 -2.055310554975883219e-01 -1.643875120262213496e+00 1.965873964812675290e+00 -2.057913153025212161e+00 0.000000000000000000e+00
-3.727302443982799751e+00 -5.278467486046421797e+00 7.604989521827824284e+00 5.894867061009944287e+00 -6.956941495723553359e+00 8.601061307484295426e+00 -3.754136108645211412e+00 3.359040397496486641e+00 7.395038681428241389e+00 1.814012723739937272e+00 1.607244265698420937e+00 -2.859040660987148819e+00 7.678196405102533539e+00 1.232347949784679875e+00 0.000000000000000000e+00
1.713583154528099117e-01 -9.589787073943078610e+00 9.297800781722575181e+00 5.853335829420241332e+00 -5.087290105866081547e+00 7.257419693346223610e+00 -7.545716542112929304e+00 9.095516479397887100e-01 1.006379058868438214e+01 -9.170786368304973735e+00 -4.092587664479019338e+00 -6.558808425199883274e+00 -3.649157969140917501e+00 2.914742431081709828e+00 0.000000000000000000e+00
3.089896837539159780e+00 -1.598111970255051695e+00 1.908267325318113716e+00 2.503676028525586350e+00 4.773550730689379296e-01 -3.730157714175777461e-01 2.589145511979124681e+00 1.534465964579350583e+00 -1.409740929715120883e+00 3.116523456649504809e+00 1.140959281318052465e+00 -2.066301439357708603e+00 3.654167551872531394e+00 -1.819957168803511216e+00 0.000000000000000000e+00
8.873294842274263017e-01 1.960732032656628432e+00 -2.285326127436393406e+00 -2.791291308096988805e-02 4.084775551392126336e-01 -1.442459996590240934e+00 4.512639740711357206e+00 1.331279031712004068e-01 -5.565885091192495082e-01 6.091517102227490099e+00 -5.283691647547080095e+00 4.362399187772080467e+00 -5.301635871748357154e+00 -1.166955955176176341e+00 0.000000000000000000e+00
1.174406109149861210e+00 2.469288893161584841e+00 1.395801887211198578e+00 -2.176515207815455266e+00 3.461644701857782280e+00 -5.022266925464035303e+00 3.058235707619499255e+00 -2.694345060454269025e-01 -1.519547270324389077e+00 6.089273031504762734e-01 -2.411751386866774205e-01 7.872238194347283002e-01 2.711043387776399971e+00 6.711166479388032124e-01 0.000000000000000000e+00
