3.844095532901273260e-02 -2.408696369116753444e-01 -3.878982288252217359e-01 -3.332242189990696213e-01 -2.067048050053307828e-01 -1.784607102278308322e-01 4.579172124614412920e-01 5.169093140622790794e-03 -2.921955819073442928e-01 -6.719826048807139296e-01 1.882799536087847447e-01 -2.387562715059267648e-01 -3.567201291640320071e-01 -3.155580415993364252e-02 1.725668701869143007e-02
-2.235555445513697781e-01 7.405888351474808340e-02 -3.015459659482025434e-01 -2.234758028918739092e-01 -3.715632195851920061e-01 1.063214658604432622e-02 5.415919002073366073e-02 -1.970587882358756926e-02 -6.659064922946613674e-01 8.494838616873329196e-01 -9.225524907666288188e-03 7.556326727690611256e-02 1.309428048070022388e-01 -9.082194585310224277e-02 4.282255681854204576e-01
-2.263524671268327126e-01 -2.985797249301974654e-01 -5.798282634475200314e-01 -3.065701252004200406e-01 -6.807226838507551836e-01 -2.644342559746644672e-01 -6.381030074165754407e-01 -2.381652116484310466e-01 -6.239547966792351463e-01 3.688532770627619417e-01 -1.179032676970063642e+00 -3.017508505121202500e-01 -2.119504655536035842e-01 -1.560422231578104668e-01 -1.707356005837235013e-01
1.253451300085846841e-02 9.402266720733727656e-02 1.206078879670248877e-01 1.169576590659338333e-01 6.455790173542724775e-02 7.765879038700382320e-02 -8.156500161751187306e-02 1.440786574975188097e-02 5.793499105532588095e-02 1.447989184519941075e-01 -9.850918484552551035e-02 9.340685018140279516e-02 1.364284008440027340e-01 1.908086703090526581e-02 6.001151036779711623e-02
-2.343355628641279331e-01 -1.936713348946516866e-01 -2.801243547858717764e-01 5.194660989593232608e-02 -1.669368219839559853e-01 -2.880697880032545011e-01 -8.470891610981989839e-01 -7.292062186961706383e-01 -1.011837670566953395e+00 -8.196345721540201357e-01 -9.778072752188344818e-01 -1.945221930166106672e-01 3.221026233915669779e-01 -1.177502813526355663e+00 9.247362856557551636e-01
-1.931362691445385332e-02 -8.681009943871451084e-02 -5.187015816003008872e-01 -1.977259009241822407e-01 -5.639651892559252033e-01 -9.076235990454237235e-02 -8.911478805005403903e-01 -3.293118740759755358e-02 -3.715459490758249994e-01 -2.569035899856117466e-01 -6.820590133120355558e-01 -8.648956582312858354e-02 -1.270302859919258953e-02 -9.178078066154782277e-03 -2.044132684591198901e-02
-6.721673469443037452e-02 -2.058855839338480376e-01 -1.159904083488470794e-01 -9.796770689245262731e-02 -5.478651733845449345e-02 -1.841192254344234946e-01 -5.657971151654256348e-01 -1.666244071028160911e-01 2.810278326251642866e-01 -8.250221340974104312e-01 -3.810519753157265432e-01 -2.066370568704332111e-01 -2.891861622794397180e-01 -1.923618166316305444e-01 -6.386119141526171994e-01
4.772662442699406038e-02 9.318103292432421136e-02 5.048830950822460473e-01 1.766613283135006207e-01 5.000976706978390585e-01 6.812538170270088234e-02 4.424378110884285009e-01 4.981176529871193803e-02 6.993543921416868203e-01 -1.392629327152380969e-01 9.028752124784056310e-01 9.498413291651180979e-02 1.192407643054740896e-01 8.605458797789369840e-02 5.993378309613581895e-02
-1.341397701056724623e-01 -2.868372649196938573e-01 -1.125820710703199445e+00 -4.314421182239770447e-01 -1.024815216890720748e+00 -2.223374714753780790e-01 -2.098578017194308032e+00 -2.279362805914375012e-01 -1.823832596564893160e+00 -1.491857505495606473e+00 -1.457955399681647002e+00 -2.885580603086334017e-01 -6.542377108524772833e-01 -8.995002300868477629e-01 -4.895685688871743713e-01
-8.126073268821385658e-05 -1.738845273670454501e-03 -1.038891048015336185e-03 -2.221513701558241669e-03 -3.015170697561411371e-04 -1.454569403191963281e-03 -1.058598022634727430e-02 -1.574024128806371316e-04 2.147430771538377543e-03 -4.468421541413311951e-03 5.450619664848395385e-03 -1.721916996828140199e-03 -2.823976554171344841e-03 -8.005078083668831952e-04 -3.768006757718837287e-03
8.968387977553443765e-04 5.123895784930099923e-03 4.806521710320435514e-03 1.884449705965231432e-04 4.161939166763210796e-03 3.985357340681037336e-03 1.503208820133208057e-01 2.138557131925133276e-03 -1.847546321447010587e-02 1.096923795635578597e-02 4.369051859704289192e-03 5.147203586131439759e-03 1.070009859608203953e-02 1.292307073356096028e-02 5.454680635364420049e-02
-3.647169991287538618e-04 -1.408236769078075523e-03 -3.246788777732700915e-02 -6.111399182044401253e-03 -2.669857810505487511e-02 -9.439326617929515769e-04 9.960242155890114413e-03 5.938186038858010371e-05 -4.782869917788026837e-02 -2.245221974109557622e-02 -5.768654182849924233e-02 -1.501223642026223515e-03 -4.096986969207660687e-03 -7.974423528239495129e-03 -1.133258679570778825e-03
-9.516029361240085221e-03 -3.210137122569137885e-02 -1.672927635223746545e-01 -8.781104723460825268e-02 -1.000649171114811331e-01 -2.371726416974773502e-02 -4.491681072452008427e-01 -2.450253505438074533e-03 -1.111247277926153826e-01 2.513926422190350118e-01 4.124525048737777422e-02 -3.223584910335622333e-02 -6.624613509831778213e-02 -5.306913301125083110e-02 -2.357537582840913137e-01
4.988891203900285400e-04 4.859119310584058757e-03 5.798370900795599830e-02 9.732027134459714929e-03 5.776967454515138239e-02 6.706756449739346808e-03 8.123060199633733158e-02 4.288214049861531832e-03 4.797293630065681269e-02 8.410370715300860556e-02 8.871548615654578640e-02 4.812809343534907476e-03 -8.364702806193842488e-04 2.029236664310437449e-02 5.942906858735254316e-04
1.958878868755971944e-03 1.060828444149819819e-02 1.804300708124485786e-01 1.883548438528470648e-02 1.126719691538877188e-01 9.304245200062651391e-03 -5.653497979431371112e-02 1.394035092803583113e-02 3.648392758432920102e-01 3.085479190779707448e-01 1.887304672339785161e-01 1.079662497864010244e-02 5.007524366699979412e-02 9.907966028137736580e-02 3.779801201963996216e-02
-1.697570644700952536e-01 -1.814612840584249320e-01 3.958216430502082828e-01 6.117663016811692583e-02 2.808025885797715837e-01 -1.402740145132969352e-01 1.695284591960724285e-01 -1.064845025537123069e-01 1.449299574946134594e-01 -1.791758773000835525e-01 6.998986780028954025e-01 -1.817304941312663513e-01 -8.264612818337561950e-02 1.194474143145852346e-02 1.063187580309514491e-01
-3.191777497736644070e-02 -8.622461842117751241e-02 -6.809041976432459453e-01 -1.830984828353734162e-01 -4.076127703610344377e-01 -7.843147221981353057e-02 -5.358073476308311545e-01 -2.745382813627655211e-02 -1.172644386775180125e+00 -9.142937831790345360e-01 2.558949198057680618e-02 -8.563726531614047899e-02 -2.848948086236462451e-01 -2.970300093528177587e-01 -2.982965647714700963e-01
-2.957796394918417796e-03 8.766047519312245018e-03 -1.922596099216977439e-01 -6.617684547204540774e-03 -8.585627313026880647e-02 1.546006141077124751e-03 -7.340028677297260051e-01 1.008926667436302674e-02 -5.816150136036556395e-01 -6.520842273760307783e-01 -6.019042763335893248e-02 8.848289688799738234e-03 -2.293954923350504868e-02 -9.783926423695959995e-02 -1.286960399129384591e-02
1.544265266160159411e-03 1.355242397056459144e-02 -7.489854460268494107e-02 -2.287501387753966206e-02 -6.332359092536959944e-02 1.664824817832269779e-02 -2.404463391221125790e-01 -5.543817106296387853e-03 -1.024497642894441479e-01 -5.739655560824785674e-02 -1.177996344330530937e-01 1.352566772789543306e-02 -2.891160578295553021e-02 3.427406363853217897e-02 5.212286202910919319e-02
-4.234043286048643773e-01 -1.618225074740278213e-01 -1.502319072071190698e-01 -4.387843271167287673e-01 -5.771402354317858308e-01 -7.308360613509254367e-02 1.465146203115918144e+00 4.308560874655101847e-01 1.112976761259909741e+00 -3.447876539195571244e-02 -3.306855538175310638e-01 -1.605890550314658105e-01 -9.065470711729738396e-01 1.309650060656593951e+00 -1.209384090703537584e+00
-8.283634619213313399e-02 8.165005732140760697e-03 1.317626024975589338e+00 2.934740047146789932e-01 1.165569589652451832e+00 -2.082494688764934543e-01 3.502082610585662614e+00 -5.481931212483315274e-02 1.793075767752548177e+00 1.924748460496497282e+00 8.764622981409866398e-01 1.217906069215391948e-02 5.888744804642250807e-01 9.971637876299224157e-01 5.646200354597633586e-01
-2.892545677787194958e-02 1.562679779764813981e-02 2.169186433231680144e+00 1.226523595141708056e-01 1.314203905575050069e+00 -6.339275812987710257e-03 2.886921186181764298e+00 -3.595091835623427656e-02 2.071407154213777524e+00 2.453379586552392411e+00 1.514892975653356011e+00 1.634883476838699945e-02 7.748995100163601213e-03 -9.437752127805731917e-02 -4.601126151765555505e-02
1.802061083889543169e-02 -2.459334177926394971e-02 -2.203907350380054919e-02 -1.419376061163385438e-02 4.079689410950602113e-01 5.048890889955556099e-02 1.525645733646955327e+00 -8.196030290245734373e-02 8.838048586145419439e-01 8.315996983009843468e-01 6.849254132944742057e-01 -2.594129987532796736e-02 6.817315942179144606e-02 -2.602641302900426945e-01 -2.333937036301725332e-01
7.880079025052923181e-03 4.949162593288466971e-03 7.463222299027827411e-02 8.000171594301103140e-02 2.304869552584905557e-01 -6.805799835891968019e-03 2.957395738376910055e-01 -2.420876466148855904e-02 1.803490380179045283e-01 -3.891225420773807842e-01 2.956282141867569990e-01 5.199606866571282460e-03 -1.518017440618686653e-02 -8.637736392261136098e-02 1.691047472358098158e-02
-1.392393646025139042e-01 1.128176782107582488e-01 3.456055533405736346e-01 2.266737973561058772e-01 1.781915133636540749e-01 5.783136862456997318e-02 -2.216212004554007631e-01 -9.398530467221777318e-03 3.628800748481241234e-01 7.533585262975515118e-01 6.231271692595047318e-03 1.109908230921798078e-01 1.587924730186245359e-01 1.025074450264072679e-01 -2.457859485575147329e-01
9.062724312190018061e-03 1.177786264783469046e-02 2.363704300537424266e-02 1.456476856419937176e-02 1.640749085983272265e-02 1.012186199215482640e-02 3.229943532918688048e-02 8.771093802316880239e-03 3.577546593060806218e-02 4.385695631504239050e-02 2.606543081050015712e-02 1.175578964855144952e-02 1.316026527387132578e-02 1.676949445100273800e-02 2.772991057717841962e-02
