6.299719913154612216e-01 1.012688806519010720e+00 1.634218574895204057e+00 1.269712679343826922e+00 1.072805158031459039e+00 1.087409079490504471e+00 1.188843824383661207e+00 5.166315844785316358e-01 1.434517337887359023e+00 1.324679457988779951e+00 9.400515980842021335e-01 8.938080979471986209e-01 1.702239505340626291e+00 1.145512568746234638e+00 6.593399543777589411e-01
3.239784793767694349e-02 5.446389886960001370e-03 2.620179496287144971e-02 -3.000041391622959575e-02 8.273093794367220033e-03 5.617314730900706266e-03 3.657196937743439902e-03 -8.226380764504170884e-02 5.199231107411184105e-02 2.765323898879859521e-03 3.093890878753375873e-01 -1.878921643008180098e-04 3.048697330674393635e-02 6.435009542034730856e-02 4.308923768143602118e-02
8.007814564976589722e-02 7.640450853497701700e-02 1.086164745871054660e-01 8.876709605555677118e-02 8.096644302200275978e-02 6.879213400089606578e-02 9.694077768199432787e-02 9.849038206964877418e-02 1.061594443909608110e-01 9.540864156374662119e-02 -1.779862104736107398e-02 8.072138417865276638e-02 1.189035672839008351e-01 6.830456331313472518e-02 6.294328249122632668e-02
-6.422075581705211089e-02 -1.541985430788586076e-01 -3.805407597199170766e-01 -2.334569629814317593e-01 -1.720897859894467419e-01 -1.742453213774451115e-01 -2.095027853584288113e-01 -5.407754680310139506e-02 -2.938324483108057938e-01 -2.592622537966059459e-01 -1.175764818677603740e-01 -1.209102380628254564e-01 -4.210795070064081713e-01 -1.734584722161192083e-01 -6.943771084788599723e-02
2.150143778856986043e-02 3.729345907959338846e-02 1.958408480420192888e-02 8.829889002958157818e-02 3.668602692185572028e-02 1.387714851090775525e-01 3.577835855940081355e-02 -3.946857523538085388e-01 6.827663875922151959e-02 2.416833759245390345e-02 -1.986985440134381165e-02 4.029989963336403497e-02 2.942818645502476294e-02 1.048714602143441255e-02 2.219198959616319744e-02
-1.123932208866432192e-03 -1.168718126291143355e-04 3.564402625228485499e-02 6.564581292542767677e-03 3.259876764653214104e-03 7.482100834951391222e-03 9.127997241733409872e-03 8.115693363013098960e-02 5.444114768987456943e-03 5.740987142600822990e-03 -6.310922594201040514e-02 2.320978985675473116e-04 2.516374086419770340e-02 3.431249078359011051e-02 1.296727699978197923e-03
6.061792547495568895e-02 7.105030483748303594e-02 5.443678623750258794e-02 9.414407081768128016e-02 6.965504609319309037e-02 7.829125239225356858e-02 7.275907297420608488e-02 3.524576376027965807e-02 2.352723065357473220e-02 7.183453982913119706e-02 -1.858713000964073991e-02 7.324512666981092268e-02 4.357009026039931898e-02 2.645045301598702991e-02 5.768238848157458687e-02
-8.991308615734355802e-03 -5.990536971210359829e-03 -2.608139427415845368e-02 -2.134869372476014271e-02 -8.415485102022168817e-03 -1.163026430554692237e-02 -1.850012771409417431e-02 1.848360001378690498e-01 -3.886178951281127336e-02 -1.847226203069132766e-02 1.697626860245027292e-02 -8.279462954967814481e-03 -5.170981874568836290e-02 -7.421639853972372691e-03 -6.509886261725481016e-03
7.504334398857656629e-03 8.379197720387289439e-03 3.489429013155020964e-02 2.492263928726590194e-02 7.889101573228550490e-03 1.253942606635027879e-02 8.809890321693547577e-03 -1.309069085436505020e+00 5.820792248076742115e-02 1.164755579048026846e-02 1.349378240063017209e-01 1.610196778484739022e-02 6.441559091470427934e-02 7.001884277154868386e-03 5.067494193109994827e-02
3.340810115542659688e-04 1.816619838477418359e-03 9.300868482820641436e-03 3.974387607364538236e-03 2.262216839278179126e-03 2.236688454001996285e-03 3.367703730886633870e-03 6.970747146043745901e-04 5.944584838485375902e-03 5.174778391224921052e-03 7.872551275222346850e-04 1.102654915563425209e-03 1.365629148591332442e-02 1.392811318619825711e-03 3.847471571881296536e-04
-2.138699485766896308e-04 -4.647051993387895513e-04 5.953479715992859855e-03 -1.828767045870233199e-03 -4.141506188737025668e-04 -1.240613460248626322e-03 -5.714267701330683069e-04 -8.058385663807232646e-04 5.731132921139067693e-03 -3.206959595226238635e-04 9.763197952185921624e-04 -5.455687204311276961e-04 4.135336981806292389e-03 3.176046456626224757e-03 -2.056829479495023150e-04
4.986110440499073176e-05 -1.317693072165474540e-04 -2.931141468520019611e-03 8.282821580086092983e-04 -8.813007734760625045e-05 4.250683017229779995e-04 4.336015257300771322e-04 -2.727733622806427505e-03 2.740582298407578249e-03 4.368251400901296613e-04 -2.808389008625445521e-04 -2.342332620183752365e-05 5.615548336552256270e-03 -7.116261676723550922e-04 1.040988694739316059e-04
1.172978663173120670e-03 1.111673756571063265e-03 6.271461183174370513e-03 -4.769526401026027984e-03 1.051875113572685403e-03 -1.442285675516865109e-02 9.611239231312358744e-04 -6.108387350246236025e-02 -9.044734983843505383e-03 3.659944064811467002e-03 4.005093924737475330e-03 7.143081300960219329e-04 2.136289608602653933e-03 -3.517689146922409194e-04 -6.810398655813995616e-04
5.093455135124751870e-05 -8.476718060820105302e-05 -6.129528990919175246e-03 -2.021074108476952555e-04 -3.498062475018465234e-04 -3.326917747988929891e-04 -1.041621429659474185e-03 4.624380130160976599e-03 2.749776767722509480e-03 -5.273942012109511523e-04 1.365649284421156795e-03 -1.894219491545401758e-04 -4.264076794428195427e-03 -4.460072283098068247e-03 3.570055276412055500e-05
2.691241004760249952e-04 2.622673262184741644e-04 -9.360337233216147607e-03 -2.718373123825081755e-03 4.070365003409634821e-04 -6.502130710664202895e-04 1.731871325621713031e-04 2.139272125224911392e-02 -8.352576585946819288e-03 4.014484694841655155e-06 -3.144713762558398740e-03 -3.375132868867394137e-04 -1.652144953100842528e-02 4.161236846171353920e-03 -2.182830733669949633e-03
1.239786278756935603e-02 1.343867060265154997e-02 -7.135120995338084526e-03 1.685043118184123556e-02 1.282427831196612453e-02 3.297979545260246170e-03 1.110895171145059521e-02 6.016797671220395216e-01 1.430792489607818352e-02 1.065501253432546078e-02 -2.714221785325418579e-03 1.562702769263030894e-02 9.681798130548424641e-03 -8.912240480225097627e-03 3.886974362323128429e-02
3.499060004679501595e-03 4.899162745806840205e-03 5.541494434747107345e-03 2.696082589742679336e-02 6.750436343251432769e-03 8.682688717968151115e-02 7.521306871342763739e-03 -2.795076192028371764e-01 4.313753300904063503e-02 8.784313530750112453e-03 1.018398699484918124e-02 4.425886559778786228e-03 2.836648552261679390e-02 1.729750493944126610e-02 1.945939404703733722e-02
3.178988924376242864e-04 1.164440997729635982e-05 1.347953726926101603e-03 7.111172803981491430e-03 4.436053211795652762e-04 9.097097528518945792e-03 7.471893190979170263e-04 -8.392659172303673643e-02 1.510978042713521929e-02 2.219678058320179517e-03 4.908493661526486251e-03 -2.801955430723462176e-04 1.861593337147687821e-02 3.094877719081901013e-02 -8.377858720792219493e-04
6.232522037226059797e-05 -1.900830635264512056e-04 1.151275848144284186e-03 2.414563886929899095e-03 -3.468031125616298505e-04 -5.056580109639510767e-04 -4.469288968596664760e-04 6.352526743370057183e-04 -7.997917274221236217e-04 -5.876671495888829977e-04 -3.651422991745700841e-03 1.076093049233563595e-04 2.983315005734232805e-03 7.677352682333771217e-03 -5.657336892837400155e-04
2.128242136205085733e-02 -3.626986089402900459e-03 -1.271494377180326651e-02 -6.175584138429288106e-02 -4.650414553941613349e-03 -1.273891163132259141e-01 -5.176940370492377763e-03 -9.843762203496595475e-01 -2.670170927391790627e-02 -5.531746714301344348e-03 -2.743312046473045385e-02 3.974730507243458277e-03 -9.289244460266632419e-03 2.022426343145800054e-02 -6.361928891105861350e-02
6.495364454177018909e-03 4.144730140742514113e-03 6.651169682182489495e-03 -3.182413503935677124e-02 3.834189315709071733e-03 1.051121215815975507e-02 4.494043112428985909e-03 1.762932260812727137e+00 -9.263912628977716279e-02 -4.799340667883667672e-03 -1.369374688454224609e-01 1.546037472129932477e-03 -5.870836645514188046e-02 -7.795669058806886653e-02 -8.514135153760377106e-02
2.615882098334181005e-03 3.135581915324710256e-03 -2.938042446705968480e-02 -3.206439487824386259e-02 3.190129785017731257e-03 -1.540800572873659291e-01 9.238711169346353058e-04 1.913710000301378500e-01 -4.638278040994081586e-02 -4.456409450122517102e-03 4.763082257225415006e-02 4.304463874900976011e-03 -6.497578862950414980e-02 -8.391457727094975283e-02 1.822815619416134902e-03
2.375772049756641469e-04 1.280593284392093217e-03 -1.589770794197897796e-02 -3.004272593639861766e-03 1.177647996050211476e-03 -3.229649741670419238e-02 2.986988322750266933e-04 -1.165094209015649085e-02 -1.091335340360835571e-02 -1.784798331873657662e-03 6.385985082167922045e-03 2.376919043410738452e-03 -2.613874835733426272e-02 -6.619838977424796767e-03 -1.383949252970084753e-03
2.131271985094940202e-04 1.679783419685085960e-03 -1.158019258840525811e-02 -4.717052451765346710e-04 7.791642826237080155e-05 -9.437749995582361828e-04 -1.900354368348261547e-03 8.127394429562395661e-03 -3.226963480685851593e-03 1.440219894264405109e-03 2.462252030743516951e-03 2.135268490548444809e-03 -5.825809698659201175e-03 1.690931210965457288e-02 -1.811076165772973479e-03
-1.256283485452234450e+00 -1.716300855553944960e+00 -2.185669726571753735e+00 -1.948014839717939983e+00 -1.771823492723216598e+00 -1.793380407368465157e+00 -1.871261461180942387e+00 -7.557885597833404745e-01 -2.065717844587510399e+00 -1.971651700295979470e+00 -1.754298622047304690e+00 -1.601562721797140210e+00 -2.216528211397533532e+00 -1.879860937548585520e+00 -1.302786166000562185e+00
2.887685721047037368e-04 2.487985853994999241e-04 7.539561454077445095e-04 5.511022883197929908e-04 2.286891131552984369e-04 6.448361043981506915e-04 3.052108574204984116e-04 5.453222798985515960e-04 1.229371753302351206e-03 4.051700574829851672e-04 4.087027232958022034e-04 3.279384606395608953e-04 7.587016332761556620e-04 5.549651105267116268e-04 5.942152890704273599e-04
