2.070414663903509256e-01 -1.157070499900556687e-01 -2.244249565099951382e-01 -3.821996399421997981e-02 -7.284526852447266443e-02 -1.954037000666908677e-02 5.314550627479117800e-02 2.309723611930449283e-01 -1.974171043983416196e-01 -2.695864529172287138e-01 -8.244740398256142355e-02 2.226827862133933661e-02 1.780103024668178990e-01 -1.781960621025706348e-01 -1.510107175840413873e-02
2.957852382955851733e-01 6.514605002596240979e-02 -5.410651950770087315e-02 -5.655195857897945405e-02 4.337102585184526848e-01 3.858489278647632137e-01 9.741699211763579780e-02 4.210968162486956601e-01 3.466528543528860640e-01 1.297812495817593781e-01 3.341353337022118786e-01 1.556688736783097826e-01 7.186753254941542768e-02 -6.273089163336724450e-02 -2.924152874558743065e-01
-1.015311118554140524e-01 2.937823186541381193e-01 -4.108505350071960105e-02 -1.126950668468907624e-01 1.534406188312820163e-01 -7.391587197089036221e-02 -1.620739216224264811e-01 -3.538090329229339193e-01 2.401622729369321807e-01 -6.894620924017658137e-02 -7.095731825472745280e-02 -1.844372873742521624e-01 -1.969327824222299184e-01 -1.047959973114379884e-01 -1.145464534993776151e-01
-3.433250848425841578e-02 2.638330988855255507e-02 4.758941643036380259e-02 7.504446429279713025e-03 1.742405638069671400e-02 3.357479700469150150e-03 -2.556469149366331385e-03 6.314499950763921912e-03 5.038749899003570204e-02 4.558642893475795682e-02 1.061746442209547323e-02 -4.699348276201279623e-03 -1.941515809441694135e-02 4.238775346142080458e-02 3.298856071655902316e-03
9.781326203688920362e-01 9.981887807993881090e-01 -8.923183936742585809e-01 -2.050057433519499872e-01 1.615072369319605405e+00 6.710681589342596398e-01 -2.242071271760589513e-01 -6.450375651055787474e-01 -4.865936691453576213e-01 -6.520581987718335748e-01 5.318192093042500151e-02 -1.043954219170439290e-01 3.727386723004701419e-01 -1.224195369378243248e+00 -5.924764793820667119e-01
-9.461414365202183707e-02 1.544724710466764683e-01 -3.978503879637242807e-03 1.728940477288120475e-04 4.805484690126470004e-02 1.625698178509494413e-02 -1.228240276479973248e-01 -6.577572649374573144e-02 1.816848107883661245e-01 3.970764719648018498e-02 1.566537907777959884e-02 -1.230246285996080269e-01 3.729822161602676378e-03 -4.128731907571709693e-03 4.282744816316892689e-02
-5.906376631296671176e-02 4.885887651221228201e-02 -3.891831315479502007e-02 3.386238953941523439e-02 -1.437295244819710924e-02 4.770861660095972873e-02 7.149686230114854837e-03 -8.123153504540145953e-01 -8.636684690718360313e-02 -6.789900787535564641e-02 -3.647176991249517775e-02 6.418889461654552799e-03 -1.448650935205677004e-01 -1.192514917689534333e-02 8.931027913105665794e-02
4.765940768742450012e-02 -1.420167910009760837e-01 -1.316398366417882715e-02 2.023518186918358414e-02 -6.672594044413643344e-02 1.779860368297358011e-02 5.049997579839718420e-02 5.833748126195009709e-02 -1.434999404410540746e-01 1.049552171685191534e-02 1.137224894988304175e-02 4.530606253261849209e-02 5.812659389682527100e-02 1.619255928921464055e-03 2.187353246794724454e-02
1.022148077652684922e-01 -4.857523068218952064e-03 1.232335246411124519e-02 4.043790162297417057e-03 4.693431389105188201e-01 1.683315085536742362e-01 5.110829314337390905e-02 -1.748406509951550558e-01 3.198225943506072255e-02 1.744718227686403722e-02 2.000603356644940073e-02 2.878236228696506166e-02 -1.821014904222736930e-01 2.359024980191540277e-02 -8.454269645552033030e-02
-2.271383262799974434e-01 -2.733073666231748966e-01 1.872108382814421587e-02 6.862683816979926743e-02 -1.112041839797333065e+00 -1.584424516594712617e+00 -1.255129097968934182e-01 1.226158589564306789e+00 -2.561008492410763449e-01 -3.128686438232136657e-01 -3.487995097089300889e-01 -2.533315277888071870e-01 6.021296345855696730e-01 -3.375519307376197847e-02 1.074646354403038379e-01
-5.082461740382551163e-01 -9.654400689845210604e-01 6.232564429954833285e-01 4.851969767150758894e-01 -1.336518110103579460e+00 5.003508345503231425e-01 3.062539632930599831e-01 1.984479972969727113e-01 -5.363070109569820776e-01 1.368554557586243725e-01 4.450602039019840306e-01 3.534362906320474007e-01 -4.334887486972659465e-01 1.210649713426509955e+00 5.756486700833549630e-01
6.042737976479028994e-02 -5.786486485561974646e-01 -1.418225141908069642e-01 1.581901125002581343e-01 -7.564583553365639146e-02 8.250025147407052950e-03 1.996319169724657672e-01 1.753098880876740484e+00 2.684663029616661534e-02 9.776328458572833280e-02 -1.289326069908760530e-01 1.538271839331530610e-01 1.100493406171831667e+00 -1.050777588420513525e-01 -2.402575352514194906e-01
-2.365787997354422134e-01 7.462084923854901408e-01 3.537666427038541617e-01 -5.051064662006319317e-01 4.372229211697592488e-01 -3.392257005858857699e+00 1.396901363374682126e-01 8.248034414799597647e-01 2.534883970822783272e+00 5.253903963381451048e-01 -7.386012117025337886e-01 -4.328011926759592343e-01 4.261331283702710637e-01 4.841805623437066275e-02 -1.958544936101872525e-01
4.136690332810964016e-02 -8.340009884776113935e-01 -1.111418079843874140e-01 -3.087727337502172917e-02 -1.112086427129670874e+00 -3.002153864017931828e-01 2.345480534019020458e-01 5.489541859634035070e-01 -5.751467911637695440e-01 -1.630479615318948527e-01 -9.828712794910399175e-02 2.363435026224594560e-01 -2.774237308862350510e-02 -1.821924708538452120e-01 -2.164270275329961690e-01
7.109293810265185365e-02 1.295467079866794713e-01 -1.173972009502550484e-01 -7.360835125348681729e-02 2.278012207868150563e-01 -6.996711678087026709e-02 -7.910073236719093737e-02 5.040290158481253169e-02 5.209436698879679750e-02 5.032619023022059414e-03 -7.575969571973825700e-02 -5.867046121308922696e-02 5.602862289642482341e-02 -2.469006445462008648e-01 -7.575171401885061329e-02
-9.931624256184623523e-02 2.045077283551953728e-01 1.206838675231625274e-01 -1.589365768467244922e-02 -2.458036147893378764e-01 8.920967128035801885e-02 -6.749118039832026350e-02 -2.906275180826093374e-01 1.276739654827094006e-01 -4.875506608626471727e-02 5.385317014647867523e-02 -1.305150352948426101e-02 -2.303378944315646326e-01 1.541842577177249818e-01 7.448484953012789178e-02
-2.353505130998335415e-01 1.309631199386464551e-01 1.792306677051189734e-01 -2.861168530482048264e-02 1.008495708803176238e-01 -3.921837734698016900e-03 -6.227044956707267903e-02 -2.309072134720867864e-01 2.290913786343688752e-01 3.105723345232541677e-01 8.991187672550368659e-02 -2.248084505366425984e-02 -2.032512649227606605e-01 9.288907184899035385e-02 -7.585748552637450182e-02
2.216077847297131739e-02 5.014718151602992613e-02 1.715635313459896311e-02 2.415551217029432429e-02 2.735737399072099910e-02 2.329568370850633452e-02 1.996841072806075298e-02 3.174666169004655703e-02 2.851528248142010113e-02 2.036291402009948043e-02 1.532342078324119145e-02 1.850390682652528970e-02 3.579208067142054805e-02 1.759412562442643976e-02 1.821027025535364857e-02
