2.147757304839152392e-01 -9.269669617324094446e-02 2.413979167805499482e-02 2.574499620570632197e-01 5.876679354969140956e-01 -1.400404867150688293e-02 -4.724536708363080706e-02 -5.134025459762978083e-02 2.686585028316718082e-02 -9.243778735771229771e-03
-9.453592492973867945e-01 -5.215297703887523673e-01 -7.744801473739950648e-01 -1.069182976859490930e+00 -6.850508149166818495e-01 -8.520649681948485599e-01 -3.147451631006964456e-01 -8.282146715801704806e-01 5.945781580104373409e-01 -6.652022526585696927e-01
2.278689306425591976e-01 -2.468257696622543351e-01 1.127229596772710840e-01 -8.091215188549072401e-02 7.449220257301257531e-02 3.956941690145457935e-01 -9.771066130212943679e-02 1.749858997795178395e-01 -5.647792192425323821e-01 -2.916450230701066459e-01
-5.944887918756884548e-02 1.572740459052698186e-02 -6.638518329831900877e-03 -4.388034201853249772e-02 -1.787074720386097049e-01 -2.063674271277538344e-02 1.101881100754486913e-02 4.891910178595254219e-03 2.113452798878225763e-02 7.287364112043568168e-03
6.314608844906728358e+00 -8.436313267232746771e-01 -4.803484937573218594e-01 -1.085734519757041161e+00 -7.568763513242027230e-01 -1.842915983923524736e+00 -4.052932648787430786e-02 -1.497903623427721875e+00 -2.716328402009740017e+00 -9.115485515668179106e-01
-5.019499102796151982e-03 2.567247892783805843e-02 -9.495528279786144554e-02 1.583171265049575782e-01 -2.212596422653809181e-01 -1.736895176670758822e-01 -1.566603163878077520e-03 -2.129387310709732473e-01 -1.016355430581773744e-02 4.843614005899671282e-02
4.282954267492058986e-01 7.191796219963259018e-02 1.108476911068709686e-01 4.610808376670839231e-02 1.313468258765064789e-01 1.234327558376487333e-01 7.010606703447010146e-02 7.920891037812090307e-02 -5.880511541166741907e-01 1.361153188527495228e-01
-1.271970518740407896e-01 5.187792323291075952e-02 -5.331951437081561967e-02 -4.404810349506791539e-02 -1.561189224832769951e-01 -2.123640912240039036e-01 1.250255956533272497e-02 -6.500285225368640507e-02 2.155599004439085198e-01 5.889530921145641473e-02
-1.047150162374422599e+00 -1.193872257328116859e-01 -1.286567692006395092e-01 9.300263815253162480e-02 1.911223356769183312e-01 1.799408217041005009e-01 -1.310953338001830670e-01 -1.737527024323710229e-02 -9.358541191052488495e-01 -4.654801151162856199e-01
2.432454711576641060e+00 3.794776660345220987e-01 1.015581740505896002e+00 2.114624975270781526e+00 6.309296849710092081e-01 1.051704861634484178e+00 -3.585658648018893446e-01 1.389907341485715708e+00 5.538348661377477944e-01 6.905141407216488503e-01
-7.879227096188183843e+00 -6.086320627530565630e-02 -1.309632298051919552e-01 -6.429458505691774128e-01 -7.272777556344944827e-01 3.473763802439481241e-01 -3.904758179659869044e-01 2.711257614405749861e-01 1.619973805932643840e+00 -3.139349488941298727e-01
4.288127649509649864e+00 7.475189410411903213e-01 1.567891641503067757e-02 6.790442485800353145e-01 1.470310928581621379e+00 5.510654650535152799e-01 3.205390680658987135e-01 -1.269752059052944165e-02 2.768501020338374197e+00 1.653170004582175112e+00
-2.705352067411167738e+00 1.301060110339235854e+00 1.131078213614935102e+00 3.186961193020046323e+00 2.436078935178253246e+00 2.409107111720145689e+00 9.877174844813256804e-01 1.974298849415552670e+00 9.177540117298912392e-01 2.738495424856359772e+00
1.782344728175742743e+00 -9.395669201988861297e-02 9.954306156495729141e-02 -3.139717041338747627e-01 8.202839861205428740e-01 4.900491141542926421e-01 -3.830410065345592890e-02 5.085629795993933389e-01 1.657226369136743482e+00 -1.983647591831080581e-01
1.895940465994142565e+00 3.742747664062082060e-03 3.456259384668853435e-02 1.079067430431497887e-01 2.753143420569048594e-01 -6.685785750766431307e-03 3.878649638231495417e-02 -3.409304885687745867e-02 -2.627280538513656616e-01 8.309192913986827161e-03
-2.136878488821005728e+00 -1.872939592510100004e-01 2.671654378955978446e-03 -7.546197964080486598e-05 -6.871203600192277161e-02 9.471360448090435091e-02 -7.667829005886410421e-02 4.763615891453850532e-02 7.636432637929901901e-03 -2.130023183184322211e-01
-1.930239857252019631e-03 1.834788436693934321e-01 -2.532761800364230487e-02 -1.539146445747761605e-01 -4.855974208682626303e-01 1.005352612397966972e-01 8.440016281944479060e-02 1.281956303302398126e-01 -8.533982866877462548e-02 4.977577003358387570e-02
1.043342222253625939e-01 1.588784871593530712e-02 2.141465022399566612e-02 1.106279490131544148e-02 3.082472283840889324e-02 2.364534478476921706e-02 1.869153732004608451e-02 2.450346170619932887e-02 4.478505423666252067e-02 1.929736131344787081e-02
