-1.376409193411887444e-01 3.543569467289958697e-01 -1.051482067909926821e+00 2.416107043738567883e-01 -2.904128182093320132e-01 -6.561642886841503874e-02 1.129564512260338854e-01 -6.292963278108684722e-02 -2.803402925198653639e-01 -1.291689236507151672e-01 -2.225621527906401220e-01 -7.754179293006541185e-02 9.621530509699537104e-02 -1.405673758680893969e-02 -1.795729211797398583e-01 4.747834684337554068e-02 -7.099984838060999226e-02 -2.727359643340368511e-01 1.904792799191044050e+00 -8.404867240049668231e-02
-6.542127920402269758e-01 6.534076358785542160e-01 4.513251539095506915e-01 -1.708510624344548701e+00 -5.013467618519378277e-01 -7.860234110142230168e-01 1.363541496024068267e-01 5.142378513883022473e-01 4.415378138897622096e-01 -1.025970766522353639e+00 1.667590402692605001e-01 -7.030003903037735924e-01 4.539758086615400257e-03 -5.273900465625124268e-01 -6.621168262543808414e-01 -4.859347382384745506e-01 -7.382501806993565507e-01 1.213778447714249920e-01 -4.939253181570871787e-01 -3.860444548035730228e-01
-1.600918924289741474e-01 9.822195775125011630e-03 2.391715738322075069e+00 7.265628113460814719e-01 1.252336261575911353e-02 -3.825256020794710887e-02 -1.051183479192690229e-01 -1.221930087431208900e-01 8.754921988107663422e-01 9.387764655512081946e-02 7.187632941573599554e-01 -1.975300694392349843e-02 2.983154558576843196e-01 8.603563201109135083e-02 2.393848985022013764e-02 -6.842040032627333401e-02 -3.530038983796939672e-02 -1.017897655397806689e-01 -8.824364756644845764e-01 -8.382182714466687723e-02
2.357428789475991132e-02 -1.229109163300752539e-02 2.282481879437244787e-01 -1.798298487506834187e-01 5.529683956978499043e-02 1.423997405240531693e-02 -1.729973586890054191e-02 5.923454392803036844e-02 4.419897350832463490e-02 3.472323082489598561e-02 2.292421902579202392e-02 1.415849564446219552e-02 -9.357182167455393995e-02 5.899651021556346665e-04 2.861054555262797575e-02 -6.055483277704518628e-04 1.283163704371123766e-02 1.249680114681251120e-01 -4.635728144685256069e-01 1.977593980991854128e-02
-1.550809606709873556e+00 3.593611891501276467e+00 -3.095099886092929964e+00 6.692771544617185597e+00 -1.025869002837564770e+00 -1.263666799470612778e+00 -1.495690133702714253e-01 1.422294140940704832e+00 -1.543743805160596172e-01 -1.085058813341352923e+01 -1.001785461725581250e+00 -1.629248295020382598e+00 5.665373756116448556e-01 -1.009611453688587845e+00 -2.335341899619681083e+00 -9.877842717737614908e-01 -1.843327861323049710e+00 -5.521108991421849188e-01 4.205726577791277343e+00 -3.500646408732001613e-01
5.362117622663265665e-02 2.048215338057711443e-01 5.852131095516499570e-01 -7.214967729630827886e-02 4.697636573425437168e-02 -9.319719825357222417e-03 -4.023712665046743492e-02 1.103090091285316710e-01 2.106637656924259527e-01 4.324443681239880655e-01 -7.882885770480983767e-03 2.431125006094589022e-02 3.370640456283257591e-01 6.740463232987822795e-02 6.329534970708868002e-02 -1.152034625574940505e-02 8.634789699725116743e-03 -3.161137079379895687e-02 -4.643720282466567983e-01 7.560752241721684086e-02
-2.929526171657260633e-02 -1.058185847093933707e-01 -2.981311949481570134e-03 2.891169043224000479e+00 3.544357086027877246e-03 1.162150348762069629e-01 -1.635248198722289992e-01 -8.211473884588128824e-02 -4.377291491091629405e-01 4.811459649341595646e-01 4.455516849195500367e-02 5.152340066629210180e-02 1.957472083995208112e-01 1.369943496472271309e-02 2.306081383898467979e-02 7.172530021163869840e-02 5.559925390914306764e-02 8.329876062276105053e-02 2.304449353029469350e-01 -1.000815501506748528e-01
1.474549054533877759e-02 8.129077315860439024e-02 -1.101718446943824814e+00 1.335737793541487139e-01 -5.200196518480215691e-02 1.915189778546430533e-03 2.733048213125798681e-02 1.198369094654353761e-01 -3.123556016080797915e-01 5.839665032169444325e-02 -2.673517867661769354e-01 -1.799366662568567445e-03 -1.582671550455990728e-01 -4.344984009649922874e-02 -1.356055373123824827e-02 7.874773779502701812e-03 2.946098011897935621e-03 1.127801792437034684e-01 6.768412777645655964e-01 -2.582218839104074085e-02
9.229640630192945117e-02 -4.870566790102086041e-01 3.025256357064060597e-01 -2.619833824977576775e+00 3.745200985519853143e-01 -2.126376880269947867e-01 -1.005247246880774659e-01 -3.490492847558137046e-01 -2.853566597534334948e-01 -1.254202451904272042e+00 5.343754986938039631e-01 -1.224982979563846996e-01 2.560962786799320101e-01 -5.745742802264820481e-01 -9.114065999047460398e-02 -3.531784568555190740e-01 -1.827580279369962479e-01 -5.077992286580795822e-02 -3.509812721816038539e-01 1.107860148223944324e-01
2.750987511851944678e+00 -7.252942435135166788e-01 -1.292398115760877431e-01 -2.521496848003915048e+00 1.348182826104617149e+00 1.627864111937364910e-01 -9.414852853788704956e-02 -4.377088631655952078e-01 -3.167851950525737981e-01 2.548602998805749920e+00 -3.659753201987681059e-02 1.950241486214922215e+00 -3.014595868290991243e-01 4.403735076437952922e-01 2.242814140371816478e+00 -2.340328659296832647e+00 2.035003216112167834e+00 -6.004894850499935544e-01 -2.419435702696492996e-01 2.687294078041400081e+00
6.275607239473520726e-01 -1.073202525462242818e+00 1.971532406210003030e+00 -5.252326065094797158e+00 1.472144036893552110e+00 3.153300495599004605e-01 2.043043614719559919e-01 -8.575472760323725463e-02 -3.775439553834627482e-01 1.483316736954892257e+01 2.012948618664494038e+00 4.504495751783977320e-01 6.590640351132340813e-01 5.214556134096948181e-02 9.133554597816454512e-01 5.036168244820530757e-03 3.992850016667462421e-01 9.047476809013186294e-01 -2.977343119817077444e+00 1.720058146548691658e-01
1.427962100664504685e+00 -7.927629456982382417e-01 -4.723851927774294523e+00 -5.410346415789605290e-01 9.419114966595503180e-01 -1.192030043061144962e-01 1.789427697197907424e-02 -7.100020367520575026e-02 7.092770153175217418e-01 1.640319569135806432e+01 -5.313337064815545352e-01 7.391994363245031618e-02 -3.952783036121180760e-01 3.874997247926828536e-01 5.823472282771924302e-01 -1.780147073835167404e-01 -2.190068221134409271e-03 6.432853507534717907e-02 9.194600032503195131e-01 1.270203110094645371e+00
3.041208040213675190e+00 -2.806120079967958425e+00 2.247552355897829646e+00 -2.425688854528618710e-01 -3.120336929103048051e-01 5.971380206552086012e-01 -4.618116467627653154e-02 -1.335835477102343072e+00 6.559352535397031669e-01 -2.792835796150665129e+00 -5.646602136177185649e-01 3.386143004216013441e+00 -1.689783264984610955e+00 1.195611092335670200e+00 3.588508730307217842e+00 -1.760282377660920661e+00 3.964901771682935561e+00 -6.882722891619812433e-01 -3.079481954810537658e+00 2.359289554826561996e+00
-3.798545918394050092e-01 -5.970600021607108676e-01 -1.985437038030773982e-01 -2.224041219114875068e-01 -8.580774081537816123e-02 2.628284414886829928e-02 -4.717742842954565641e-02 -3.916551938770984065e-01 7.234037243413315998e-01 -6.981877535619939179e-01 8.461065122833734409e-02 -3.821210340679546680e-01 -8.922328899848461781e-01 4.220850962675753992e-01 -6.310740166801253048e-01 -3.837901319530192396e-02 -4.108756123934526050e-01 2.052325872315597932e-01 -4.478840989358366942e-01 -4.203517929651278684e-01
-9.608821632428612980e-02 9.060094756638786828e-02 -4.721933782140044222e-01 4.463258370818861120e-01 -2.401794184551433731e-01 -3.637237524549727374e-02 -8.872055864231670474e-02 -8.073197939783882671e-02 -4.251736468748672504e-01 -4.402145421537901449e+00 -3.286982806294556081e-01 -7.000601429682770660e-02 2.823742942613386570e-02 -2.995405209368005028e-01 -1.408412914216018719e-01 -7.181280799528262995e-03 -6.065800781302814471e-02 -2.745608704367863973e-01 7.211404416574563880e-01 -4.147524342230440864e-02
-2.432683833533448581e-01 2.771408114718350996e-02 2.195207964280770696e+00 2.887592730238547345e-01 -2.195298037278049508e-01 -1.596466090999895671e-02 3.053769330061766041e-02 -1.777635410882481559e-01 -1.548281292455660818e+00 -1.202879600960862128e+01 1.377699257906053187e-01 3.259100745681362682e-02 2.624985235218106339e-01 -3.076979935294508750e-01 -1.053700668084620179e-01 -5.047991015203191073e-02 4.489345415526526523e-02 -7.845729753553049024e-02 -8.489284910600042311e-01 -6.421658409789329780e-02
1.754991803106313863e-01 -6.900815511256972457e-01 1.326876635971316443e+00 -4.373685416213095589e-01 2.061253754121171455e-01 1.197719080088377984e-02 -2.205442257823660712e-01 -8.583267790758486449e-02 4.591081884343842789e-01 8.404738789315883973e-02 -1.226725777681979823e-01 7.590858718644420688e-02 -2.575874101512561909e-01 6.365280708579541813e-02 2.569686882837303177e-01 -1.640629027648867200e-01 9.355548928641195527e-02 1.272893494920561974e-01 -1.489116662803340319e+00 1.261663280422894821e-02
6.699109146633417181e-03 2.419986285378522908e-02 4.003428310663922907e-02 4.390404972455536764e-02 1.217767907083473072e-02 1.849404014350561343e-02 2.475824022168645125e-02 1.426070729460819468e-02 4.468961992150701640e-02 4.962202564905800889e-02 1.242278769442769701e-02 1.678552620273093474e-02 1.442877015221180267e-02 2.478896460463048471e-02 1.393501428324270784e-02 2.204339327392303843e-02 1.726335458544736232e-02 2.984319916925201599e-02 8.849889762001229843e-02 1.025199009631783467e-02
