5.772892662039685874e-02 -9.895076642483580098e-02 4.042361368027028168e-01 -2.316910017258997367e-01 3.523147574247493252e-01 1.303746096695698742e-02 2.612801644184636340e-01 6.441890534201935581e-02 1.714622763690919205e-01 2.718629612029848097e-01
-2.059728425442504673e-01 -1.498544603080881887e-01 -4.696271706806941504e-01 -7.093542739669406183e-02 -3.166833874092052081e-01 -1.476513655535019454e-01 -2.067251703260206686e-01 -2.167958174161758733e-01 -1.923941423512979809e-01 -2.762563069768386170e-01
-2.029661219828210461e-01 -2.631587385138092761e-01 1.665918024994984120e-02 -3.716995897255657155e-01 -8.707001150939513989e-02 -2.211140487693509238e-01 -6.012574125200490505e-01 -4.198705871683555135e-01 -1.944519347757809880e-01 -7.640126263717431088e-02
4.309099905284689142e-02 1.194024981566609994e-01 -2.051975527146962866e-02 1.676670601526535909e-01 -8.854011962955285128e-03 8.256613300745255235e-02 -2.980115309194815432e-02 6.427326143310957418e-02 3.773873270122270890e-02 9.100826365872323118e-03
-1.032978713209646404e+00 -2.591373954228060050e-01 -4.233020650632092208e-01 8.867592054112893862e-01 -2.813066151497347622e-01 -2.965701075846224333e-01 5.873677852422864998e-01 5.924569276569702225e-02 -2.650137597548154478e-01 -3.496064995888433780e-01
-4.570513455763138000e-02 -3.193831138439238992e-02 -2.264976474738280079e-03 -9.842117401579268676e-02 -9.944373191858955213e-03 -2.689891759602168475e-02 -2.047555837632037135e-01 -7.245425629574146764e-02 -2.356993638262538243e-02 -3.457697797708342985e-03
-2.251312669722869975e-02 -5.421191559330199028e-02 9.026195102648706947e-02 -1.169827625031318041e-01 3.582031539161804196e-02 -5.587460910963047700e-02 1.260676788856779362e-02 -1.083391840220393476e-02 -2.614745943840118478e-02 1.610694818357317690e-02
1.151575672827384322e-01 1.340518748064496446e-01 8.995439920813547846e-03 2.072332937419276155e-01 4.198741058646821012e-02 1.064950600712614714e-01 4.139384669604276867e-01 2.380242606705602337e-01 9.020722498794438160e-02 3.877767465483668297e-02
-2.672532545726251652e-01 -1.739523704114369906e-01 -4.830286868968752118e-02 -2.348842245397837203e-01 -9.982916152015421096e-02 -1.537833940742209249e-01 -4.829248012218013697e-01 -2.244160612155700063e-01 -1.374434341651793456e-01 -1.103630363106129636e-01
1.309789931323550372e+00 -1.004339598148799167e-01 -2.796147781215619910e-01 -1.910786053847264576e-02 -2.047011746156132683e-01 -1.094338317650748044e-01 7.942104671927907589e-02 -5.317528948358399288e-02 -1.442816668071462138e-01 -1.707623491345983124e-01
6.261470943036445691e-01 2.233670896507087278e-01 2.931780843783420021e-02 -1.454371776159293361e+00 2.572278959585104496e-02 2.059690532557767462e-01 -9.579523970498957652e-01 -1.750246466852081184e-01 1.049677158290237278e-01 9.753027694779908829e-02
2.446448089191659570e-01 -5.094959916447247550e-02 4.683432449408794773e-02 -1.458474063516608243e-01 1.272271245837180986e-02 2.177594393962527936e-02 3.220790560047718243e-01 7.932878054278935664e-02 1.713038626272932879e-02 -5.588580641482095157e-02
-2.227964006356474513e+00 -5.672807171492817713e-02 -1.337199557804068795e-01 -6.756704050357220659e-03 -1.098467921747833809e-01 -5.390976612204605861e-02 -1.533924761452099828e-01 -3.414397061028648372e-02 -5.782775129884613202e-02 -7.697895342122552942e-02
-7.999017749734792238e-02 -2.722991630310801769e-02 2.143840651071090425e-03 -3.903009413123270654e-03 2.305879900059638193e-03 7.459727120671694189e-03 1.088301537640044003e-01 1.923814482000041348e-02 4.781449926342079548e-03 -2.206030185871479810e-02
-1.058124083259006365e-01 -1.100777486119963455e-01 -3.381645532860473591e-03 4.779978494753001073e-01 -1.162781620840997419e-02 -8.895777230319906748e-02 2.070177134934335084e-01 -6.868576742117271650e-03 -4.808578856108839533e-02 -3.206360783770050016e-02
-1.106904237368840915e-01 -2.835583133141610784e-02 -2.033002161462981600e-02 6.993479622864484657e-02 -2.325192233728295282e-02 -5.093175089320540333e-02 -2.081946428166444596e-01 -9.673573055663331477e-02 -4.406123431063039414e-02 -3.219325716749547178e-03
-4.895830794140170195e-01 -4.884253773404942378e-01 -9.266698800246662149e-01 -3.904675151282634982e-01 -8.760650173069489677e-01 -5.676743747166516085e-01 -6.809098256156997930e-01 -6.000018770772773680e-01 -7.045224933046791982e-01 -7.837505294147507628e-01
1.338707075907296512e-02 1.953357887596335590e-03 2.123732927392725251e-03 3.489625176217411428e-03 1.966269931303384327e-03 2.279868322166010881e-03 7.056261594711475682e-03 2.378989334710692079e-03 2.133451216406510084e-03 2.510153629026529859e-03
