1.233229523931859417e-01 2.057807832821546001e-01 2.442199698761022067e-02 1.264278873638376155e-01 1.044091635850601385e+00 -1.054308154315541923e-01 1.262832857473120129e-01 8.012175843752442073e-02 1.051053830275495288e-02 1.102141100590002115e-01 -6.261909275174845080e-01 1.071229059804209710e-01 2.070620320745772402e-02 6.286651708774991520e-02 1.082018469368310476e-01
9.262131970020055505e-01 3.611878613361392265e-01 -3.248740344688048898e-02 -7.245819018526890032e-01 -3.144658799059154219e+01 1.099679901815954208e-01 -4.279955086038898515e-01 1.174123522138647568e-01 4.099899415897121924e-01 -3.541217227682351421e-02 -1.686970971914790174e-01 1.930505205775715494e+00 6.092784940152122797e-01 -6.575492575267711803e-01 1.089304348600149408e-01
-9.881380643939458031e-02 3.800795932440828584e-01 -1.488938866211456102e-01 -2.820634797499993462e-01 4.783486147340383354e-01 1.002437976026898797e-01 -8.718117490869266295e-02 -6.716513155754774700e-02 7.263841213757574189e-02 -9.342383411070386001e-02 3.059390404233427452e-01 -3.530135572010383305e-01 -1.520354880435329514e-01 -2.458329186394335730e-01 -1.417264502730561093e-01
5.015812254173957624e-05 -4.443763081014035637e-02 -2.017811433934407934e-03 -1.401298104516640781e-02 -8.841266437737720085e-02 1.001129884044568708e-02 -1.642448110330827632e-02 -1.123301542599536990e-02 -8.203734226214766390e-03 -1.622080998003390742e-02 2.344812301280608524e-01 7.072556094846720043e-02 -3.971509418177198401e-03 -5.623087945752776144e-03 -1.212769904469427826e-02
-1.100103723821570068e+00 1.695599701588157426e-01 1.060543063733608626e+00 7.688452361470539120e-01 9.914286502800064227e+01 -1.831168652884523018e+00 2.662274701268751986e-02 3.429422305953132577e-01 -3.819848606974695082e-01 -3.583823587599366256e-01 -1.670746900316395278e+00 -4.106953497708212275e+00 6.200913653253625757e-01 -1.149158450283555566e-01 7.095333043601481648e-01
-1.002080407676146367e-01 -5.830146437907457457e-02 -2.876317190348565145e-02 -6.636152803623736329e-02 -4.205342506826896809e-01 -5.587059862647919539e-02 4.441656880746486236e-02 4.089586402103938256e-02 3.231990326625047011e-02 6.863589919951071372e-02 2.041367042561869349e-01 -5.665743131494724999e-02 -2.054133162648933905e-04 -1.449481321003517204e-02 5.720849593093227381e-02
-4.168819135943336862e-01 -1.107753292469339651e-01 2.886478039778647350e-02 1.835124430280575258e-01 -1.667273498948093513e+00 2.574663725945054438e-01 1.045353519936373932e-01 -1.682049014099583351e-02 -2.819831344116948552e-02 3.733864960128174815e-02 3.945848799943012936e-02 -1.864019632038291796e+00 -1.197920584605298433e-01 1.230206234680915889e-01 -8.784832275906404725e-03
5.215377955060754994e-02 -2.213623612119851869e-01 4.093082300704176113e-02 6.499930785368515651e-02 1.189975978067994433e-01 1.746739012907525066e-04 1.013347063815148684e-02 -4.600780985726344793e-03 -5.422011559220603349e-02 2.278701549605856649e-03 -1.836070858447987342e-01 -2.797627093936480569e-03 3.809471979205135417e-02 5.056729851749122012e-02 1.088088818116384263e-02
-6.544776959561841023e-01 3.386241137133780277e-02 -1.752403751439000901e-01 -2.954900138392630993e-01 -2.496966425940883916e+00 -5.138748885371758890e-01 -3.149237192849916323e-01 8.005979017514217033e-02 3.159369600896066999e-02 -4.771591468908473882e-02 1.283717396568876679e-01 2.769105688328426518e-01 8.737195907401903994e-02 -2.479883729687817895e-01 -8.033096963867870921e-02
-3.626756848994567295e-01 -2.132090949369190302e-01 -3.535097946465138308e-01 1.879606015677693920e-01 -1.145820274718469420e+02 -1.113492220771588270e+00 7.949783896141908446e-02 -2.273071606595539473e-01 -8.532468426949151308e-01 -3.079644020794524706e-01 -5.071236599906787240e-02 1.169474605874624984e-03 -1.282515236586324825e+00 5.017569236951439082e-01 -6.244327436143001231e-01
-1.459459836389715992e-01 -4.846524097856444446e-01 1.660102534332820734e-01 -8.680768547231074161e-02 6.475580662126995124e-02 1.172342954930727599e+00 1.355089220483087498e-01 1.176076442947590617e-01 1.047263862795701217e-01 6.269791006182818816e-01 2.447812014134907788e+00 3.320250611281754693e+00 5.295582741291382511e-01 1.902414002291600570e-01 -1.343888913147543163e-01
1.161028010205187311e+00 -5.806829707487168868e-01 -4.011010302614885781e-01 1.818096101832775424e-01 1.124841684706572309e+00 -8.217682893151705414e-01 -3.460967488029475514e-01 -1.103701146936061361e+00 -1.263685258399176004e+00 -4.121696521069534991e-01 -1.292840982190084809e+00 1.773235072399219625e+00 -3.798935289035197393e-01 1.339983401780335537e-01 -5.212554942544245229e-01
2.181028673804490392e+00 3.644009869411001246e-01 -2.037345978191209994e+00 -8.656359943536536816e-01 4.429601632745759332e+01 1.012892517682366655e+00 -1.519953367112509002e-01 -8.440228124748641036e-01 -5.607140205689589013e-02 -4.817029973544514343e-01 -2.773503439366533652e-01 1.313430088325589828e+00 -3.024026441710263136e+00 2.639205006746074278e-01 -9.748464801666755220e-01
1.055332446785590128e-01 -6.888724171501267590e-02 -4.677574713228188075e-01 1.377236857993888453e-01 6.950308423038163985e-01 -1.491911242686192463e-01 -1.637611476249479503e-01 -3.421459976455791252e-01 -1.605305586238659210e-01 -2.695695922318189219e-01 -7.616597153858165603e-01 4.385372308103376859e-01 -2.742704472391543358e-01 3.428357646004208392e-02 -9.448686117661847517e-02
7.236128209879927331e-02 1.267219189348513242e-01 -1.293072863008595808e-02 5.782974854532332669e-03 2.228059108533323451e-01 -2.325420963003845265e-01 -3.102542294685064692e-02 2.979321126087725036e-02 5.625233298658384451e-02 -1.113097799521729214e-01 -6.555171295172701473e-01 -2.996930950297047591e-01 -5.659230780390073906e-02 -4.039139233139173168e-02 4.015948091103268419e-02
-2.481371782228427303e-01 5.079149618162968061e-01 -4.816959744380255870e-02 -9.957666746046085759e-02 -5.971563286682449179e-02 2.582573062451932189e-01 2.564089148304185550e-02 5.814395778826343397e-01 7.129550635790137258e-01 2.154960727698171652e-01 6.633901792509546702e-01 -3.624799487559886568e-01 1.928078833906098355e-01 -5.816371559530657265e-02 2.311934983752933492e-01
-2.013637814664951953e-01 -1.490516723542047450e-01 -1.301334077110764265e-01 -3.045573210908199546e-01 2.211242161083415869e+00 1.199945020395073864e-01 -2.500487982503833972e-01 -1.788275345421086182e-01 4.036142496787641087e-02 -2.196818298631502686e-01 3.306838617933061109e-01 -5.410861489388341106e-02 -8.380660955574670279e-02 -2.033601253495598282e-01 -2.536607815274408706e-01
1.613738568618802022e-02 2.331600338651987694e-02 8.425915940684484268e-03 1.322140231755950142e-02 5.864462877313973005e-02 1.522126693099831729e-02 1.659763026372429798e-02 2.119351840046211979e-02 2.004583565301489706e-02 2.391943136147506310e-02 4.365954331654045562e-02 4.793764200622094296e-02 1.355770253786866934e-02 2.006160033717421104e-02 1.661684665389294088e-02
