5.741146552679673221e+00 -3.255151501598438024e+00 -7.254465756026355107e-03 1.402914430018414427e+00 -2.978572257175013394e-01 -6.828860570572047095e+00 2.849580185044537028e+00 1.327250168854592627e-01 -3.491754205716695481e+00 -2.234149600173894190e-01 3.940958036353682026e+00 -1.934135087045921464e-01 -2.526559174196176372e+00 6.847983820560007651e+00 0.000000000000000000e+00
1.863260523966225213e+00 9.344196836713660748e-01 3.112923085568608972e+00 -3.507463412091192723e+00 4.055256204407791110e+00 -3.189915783794476489e+00 4.161228324328878792e+00 4.263772516184197947e+00 6.570734208902140328e-02 -1.595131466661847019e+00 3.078882695299911543e+00 2.787348845753459425e+00 -2.178868098856951985e+00 -7.545330606864551370e+00 0.000000000000000000e+00
4.042948382261055129e-01 -1.107505516237963672e+00 -2.569220468419013859e+00 8.926764189742296907e+00 -5.235757533215443793e+00 2.315127394283685636e+00 -3.021951564459077755e+00 -2.151166057873009629e-01 2.162911907375829834e+00 5.029755241564981105e+00 -1.847581749138489382e+00 -2.543535400320154238e+00 2.314431995681966558e+00 8.258960928360211895e+00 0.000000000000000000e+00
-4.599825107393314738e+00 1.354625379001622942e+00 1.881342626194880241e+00 -5.248678805234173517e+00 4.719035524910836443e+00 3.150681052328047294e+00 6.346742465316462800e-01 5.462670014117550821e+00 -4.672103823090053787e+00 -3.597304641155656846e+00 1.304226328006947710e+00 6.248345058574665600e+00 -2.231720915709070940e+00 4.810943892755935813e+00 0.000000000000000000e+00
-3.288510167859946876e+00 8.345755678790519605e-01 -5.887134076462595678e-01 1.273234851439838833e+00 -1.248044100267552636e+00 1.746892773005795041e+00 -3.207815859027137506e+00 -2.186473496446613485e+00 1.203397063188468508e+00 1.339741714568271735e+00 -3.044671622430090263e+00 -7.346018363204070978e-01 -8.376802595270099738e-01 -5.216368877749272270e-01 0.000000000000000000e+00
7.660302345842191940e+00 -3.519033259768311162e+00 -5.844446828414072925e+00 8.874074796545837529e+00 -7.869309836074636522e+00 -3.586451627400531805e+00 6.898529751585639858e+00 4.175222148218720619e+00 -6.638948248640432759e+00 -6.634407061227588720e+00 2.358258068255600026e+00 -1.229327380854231856e-02 -5.771395513924236553e+00 5.153982331140196216e+00 0.000000000000000000e+00
3.763422088860799430e+00 -1.588903994288935140e+00 -2.540461660371845287e+00 -6.187865243007767413e-01 1.833866913000575805e-01 -9.619296571320289369e-01 3.920696686284089072e+00 5.898443475717154300e-02 -4.977302736491720836e+00 -6.086132146620998107e+00 4.456904856118894642e+00 -2.616416430680678751e+00 6.417270342208724720e+00 8.681291318241472155e+00 0.000000000000000000e+00
2.851976359940564532e+00 -1.694075479085511704e+00 1.652194184795376719e+00 -3.882857252518821856e+00 7.301232825933020587e-01 -2.771672741867829970e+00 9.733750715334757997e-01 1.951763748982070501e+00 1.720368244144453440e+00 -5.273458843797403262e+00 -1.054544460259944499e-01 2.201528111731434034e+00 5.394394086671400190e-01 -1.111018493421444431e+00 0.000000000000000000e+00
2.380050067897614419e+00 7.615454743962942752e-01 6.366828384557473575e-01 6.283976715397505686e-01 -1.840609207964740479e+00 7.919141063632948452e-01 -1.371012152927150840e+00 -1.456011285172358616e-01 4.117975226075942352e+00 2.824590257060625720e-01 -1.855240020377019183e+00 -8.162557892441917318e-01 -4.921205308867714123e+00 -4.813132211597381804e+00 0.000000000000000000e+00
9.079688515665681692e+00 -4.520879553577854537e+00 -1.892954657922449213e+00 -8.037634327880157414e+00 1.356830881846165029e-02 2.724733549126173715e-01 4.384292739196056665e+00 5.005463229708290385e+00 -7.682964548562210005e+00 -6.272109289722933134e+00 1.990072873104731466e+00 2.438966592516524923e+00 -2.017212641178042887e+00 5.618998515279337802e+00 0.000000000000000000e+00
-3.554488275080794346e-01 7.141009177952685194e-01 -9.338190523149023647e-01 1.021590986071386453e+01 7.080629049573503586e+00 -2.972896619389061357e+00 2.090548281636948502e+00 1.686830339291757810e-02 -5.612928979634279614e+00 4.372346089925720491e+00 -2.088415529452481156e-01 6.124400385708517192e-01 6.920772582566861786e+00 5.162640588025593225e+00 0.000000000000000000e+00
5.227770046109657898e+00 1.529752584105422697e+00 -8.599672694187591171e-01 -8.081764057756325670e+00 -1.038550092764694011e+00 -9.956446119325325084e-01 7.035755926439383856e+00 6.376543606754601079e+00 -2.337074054500821063e+00 -9.167180377884267983e+00 4.287535216409684047e+00 3.074474335671846248e+00 -4.973149780114229479e+00 -6.516648048650517389e+00 0.000000000000000000e+00
-8.176012782966610715e+00 -3.924371818349253971e+00 3.926365661089706638e+00 -2.411704017689907165e+00 6.871603709839453344e+00 -1.252297811227011115e-01 -3.993435934911027996e+00 -1.928634492818349422e+00 -5.685995836903617651e+00 9.210020304493035326e+00 -1.875029254406730850e+00 3.878765031010668718e+00 8.081371405668276608e+00 4.800965573220989491e+00 0.000000000000000000e+00
-1.647851010825337914e+00 -5.435709520003493722e+00 -5.366922293958570123e+00 1.095740471588705489e+01 2.441259236778204667e+00 1.390244691705724567e-01 5.439916698804675654e+00 -1.732842909844581225e+00 -6.100951855218244013e+00 -1.262792448035693571e+00 -2.946677490140751754e+00 -7.085491567211803066e+00 1.001180354635468639e+01 4.042452692023705829e+00 0.000000000000000000e+00
3.512874873149721910e+00 -1.359036950842813507e+00 5.066329117986414055e+00 8.042996677385335857e+00 1.574176202199460306e+00 -3.176243356138938045e-01 4.849611402575638053e+00 7.527893756063385178e-01 -8.477732813298013426e+00 -7.439655212863282685e+00 4.544321761837043283e+00 4.594206931201281208e+00 -9.688498490465642377e-01 -6.616985332319857527e+00 0.000000000000000000e+00
-4.379027435829711545e-01 1.234000402534270180e-01 1.666033057475291290e+00 -6.191300999552582063e+00 2.790726073402090002e+00 1.410240411600598431e+00 -2.585098230075426606e+00 7.739934453390889812e-02 1.907662159889053632e-01 -7.242133869778023758e+00 1.767351263749274759e+00 6.923878688121848368e-01 4.532796550641106315e+00 5.431861289015449401e+00 0.000000000000000000e+00
3.462491186483983352e+00 -4.439960883660077351e-01 -2.616556597044261689e+00 9.488395334840552309e+00 3.306733615291533313e-01 -3.002189266238694643e+00 3.978925131247939562e-01 -4.948638811113602820e+00 -4.790736004981495100e+00 8.603571161431604608e+00 2.291559530213818974e+00 -4.143819483046367935e+00 9.000367659663430331e+00 4.448527383863964957e+00 0.000000000000000000e+00
