2.055581350617531264e-02 1.144655387344733377e+00 -7.238654914015811848e+00 1.224194945433961834e+01 3.929528561996812996e+00 -1.790023704548857758e-02 -6.988716109060440829e+00 -3.371825899846640162e+00 -4.199446649541605403e+00 0.000000000000000000e+00
-2.727052308304262596e+00 6.188501694503648842e+00 -1.027167988460035014e-02 7.464636219390423655e+00 8.393262553990881614e+00 -2.634659050053580920e+00 -2.450279852454608331e+00 -2.200489498141179556e+00 5.709887341791203497e+00 0.000000000000000000e+00
6.574860931943592668e+00 -3.552232457358232676e+00 3.669422282413274949e+00 -7.257231141162083787e+00 -4.175392034363249572e+00 -7.784573225161024457e-01 -7.474055242432767754e-01 -5.577262737458369202e+00 -1.613646019368805806e+00 0.000000000000000000e+00
-7.253033633288024973e+00 -3.352189290614115968e+00 -3.153525184699667250e+00 6.599359081835038943e-01 -1.238901366271777826e+00 -4.085762981120275583e+00 7.015016622459782525e+00 -4.529936832027919635e+00 -1.844025997174327580e+00 0.000000000000000000e+00
1.125390700048693127e+00 -2.354545300043880296e+00 1.299563896930524987e+00 -7.200584305673155328e+00 -3.970627690956042510e+00 -3.558442734953797676e-02 1.574948594289476755e+00 1.262145248540560649e+00 -1.014213708639325695e+00 0.000000000000000000e+00
-8.664368337552016186e+00 -9.610270085633619841e-01 -5.143087478789697187e+00 1.023786065719501259e+01 5.142205664752117933e+00 -1.126227795306035517e+01 -5.689107971504119732e+00 2.125491965268754946e+00 -2.888728790560413984e+00 0.000000000000000000e+00
-3.594985496637224553e+00 -2.249351041105848381e+00 -7.314545057056227151e+00 7.302821349481084523e-01 -2.198614786325397752e+00 3.520418366845777136e+00 1.358703721852360324e+00 1.931534068333013165e-01 -8.879623147022736029e-01 0.000000000000000000e+00
-1.194948988347690255e+00 -2.096867834382620810e+00 2.118545753195770764e+00 6.030915276004570558e+00 -5.176068478589012090e-01 3.745214022415337962e-01 -2.700584048401051707e+00 2.662485647876149386e+00 1.052979540453656382e+00 0.000000000000000000e+00
-2.958500467903232511e+00 -1.112660317906302154e+00 1.262433960051484672e+00 4.775885738433424343e+00 -4.717900444773961421e-01 -5.981068108532308969e+00 -3.799271355713827791e+00 -1.992048578840353912e+00 6.126576064650904319e-02 0.000000000000000000e+00
4.232328225953678191e-01 -2.163083061247257799e+00 3.592271805720498534e+00 -1.328398135092544941e+01 -4.388591969764653378e+00 2.492909950311590794e+00 1.089613688164376804e+01 1.160641529429574348e+01 -2.521000421988089268e+00 0.000000000000000000e+00
8.754792814210816232e+00 5.559187435888362394e+00 -1.100545931586489834e+00 -9.443274425925178406e+00 -5.625015569708549990e+00 6.991471866878491426e+00 5.107618102713846753e+00 -7.667775538829447513e+00 1.604830766130851405e+00 0.000000000000000000e+00
-9.231020698052232021e+00 4.086103844513934824e+00 2.771967815269823499e-01 2.906454636878222253e+00 7.639430345629333097e+00 -9.920316890881125005e+00 -8.125783058563673666e-01 1.930901966427458261e+00 4.692579408947158193e+00 0.000000000000000000e+00
1.116513690596603858e+01 2.740720959030855219e+00 -1.240813065008697258e+00 -1.216799293874612076e+01 -6.689310575810342385e+00 1.114333681127334508e+01 3.073577682110285814e+00 -4.197269737825410019e+00 -1.914803038049270656e+00 0.000000000000000000e+00
1.182432817423811855e+01 -1.254991950041592697e+00 -1.022760170580416172e+01 8.236401275996851012e+00 3.496777836530199579e+00 9.342272333938385742e+00 9.320910098697314794e-01 4.226012775567235202e+00 -7.488367071271921027e+00 0.000000000000000000e+00
-5.949210499883365699e+00 1.959625284429389547e+00 2.442312723753354842e+00 -8.431877708708750419e+00 7.007897879638635530e+00 3.502573060351657830e+00 -8.289362468677168749e+00 -3.640196315595767729e+00 8.503036450572990512e-01 0.000000000000000000e+00
2.060169358655151051e+00 8.649680473512316725e-01 1.203959857982828674e-01 -7.015506813182172507e+00 -3.735566314975211188e+00 5.286278807159773052e+00 1.975096840948785903e+00 3.558111526740411201e-01 4.220710788349761253e-03 0.000000000000000000e+00
1.207913563736894424e+01 -1.145426165198963453e+00 -6.274942901925165017e+00 -1.018544328225066309e+01 -4.296881635828992074e+00 8.512323934691162108e+00 2.065444460088748102e-01 3.448738914019697788e+00 1.561155250818725415e+00 0.000000000000000000e+00
