-2.370565773367509177e+00 2.107911697489668779e+00 -1.906816881758496285e+00 -3.446180790494657309e-01 3.620401797054948911e+00 2.880578158195472138e+00 7.058708932188324792e-02 3.501368211410288200e+00 2.074001806180245211e+00 0.000000000000000000e+00
9.460287225183029447e-01 -1.523269748340259300e+00 6.788117154629779160e-01 1.308839153814294276e+00 -9.916320664924593853e-01 2.551830333469552459e-01 2.288483450270627717e+00 -1.173170069188140818e+00 -1.134194465366908045e+00 0.000000000000000000e+00
4.029584730220217459e+00 2.811594638182500994e+00 4.206868128950564056e+00 2.609028774544808194e+00 5.535767593663831754e+00 3.299126855567596106e+00 9.417179565214247816e+00 -6.051285925478448569e+00 -7.598254259644181552e+00 0.000000000000000000e+00
5.044530241026068396e+00 7.468567748357370029e+00 -6.866098577575003858e+00 -6.825020331894349646e+00 -8.548183076344016973e-01 -4.428685737235156239e+00 -1.349889683145886865e+00 6.038382085864205884e+00 1.005218546223664866e+01 0.000000000000000000e+00
-5.531324814834618353e-01 -9.724206154509081879e-01 2.268591740669941570e-01 -4.937009075655120482e-01 -6.368944721379743434e-01 -1.269762416891304202e+00 -7.727925545635982996e-01 -1.904022188233494672e+00 -2.512539499818030819e+00 0.000000000000000000e+00
-3.674263875860587891e+00 4.339950295604084296e+00 -6.266924114457211203e+00 4.597270559325165706e+00 -3.389596135277562761e-01 -3.946481978249437583e-01 -3.870914938304937269e+00 -2.235280763943968463e+00 -3.133977154042419944e+00 0.000000000000000000e+00
-4.026112971852684908e+00 -1.422673973965061123e+00 -3.172399865803749996e+00 9.557828031732732432e-01 -1.588278323427847472e+00 1.219206359620841562e+00 -1.784598453832322296e+00 6.164474489424385695e+00 1.756003813222587195e-01 0.000000000000000000e+00
7.673561873244385545e+00 5.625492810359006057e+00 -8.303183584603828216e-01 -2.470592391325229453e+00 2.543655185971173793e+00 9.535430859110867186e-01 8.615749100334897381e-01 7.239263057673535506e+00 8.116499738617173776e+00 0.000000000000000000e+00
6.745585095511436036e-01 -1.570172792851277366e-01 3.142382712867659578e+00 3.433680749568344126e+00 7.815061384298186420e-01 3.649311539605172516e+00 1.414569380344521843e+00 -2.085972295806345578e+00 -8.554408123197438929e-01 0.000000000000000000e+00
-3.852117686992178047e+00 -1.581745197676445613e+00 -7.516418774933530500e+00 -1.918208688259137595e+00 -4.701743439502688915e+00 -1.641687724556197159e+00 7.316036216687455962e-01 3.109887000389692346e+00 4.096280203169881950e+00 0.000000000000000000e+00
-7.251085884478674082e+00 6.444252335598558146e-01 -4.419108850071848948e+00 8.436445979142989771e+00 -8.557427850958855942e+00 -6.278209726355200582e-01 -9.899812082932575308e+00 1.045049490211543031e+01 1.131431519476874392e+01 0.000000000000000000e+00
7.501477460620601390e-01 -1.706683801914300747e-01 -4.225251890414891243e+00 2.168785403333817752e-01 -9.091436989036733030e-01 -2.801215202569579121e-01 1.858409416770130385e+00 8.170600339226531394e-01 4.819577386024514354e+00 0.000000000000000000e+00
-6.093147252916033096e+00 -9.824892455703221339e-01 -5.806661158027583980e+00 -2.142142197949735483e+00 -8.095376269636851418e+00 -7.112971245477732296e+00 -9.512328070267871638e+00 8.440960125540366121e+00 8.057525230227925661e+00 0.000000000000000000e+00
-1.141643290680481826e+01 -2.027936187051501360e+00 8.451202142348167357e+00 9.747484728336566207e+00 -9.905815668298728838e+00 -5.622860265166751415e-01 -7.666465565099045421e+00 2.841579693537971796e+00 7.868666668241657280e-01 0.000000000000000000e+00
6.976561150805414835e-01 5.503295601608326315e+00 6.338164975030145420e+00 -6.152685112926886468e+00 4.881276900488471959e+00 -1.095814621419943125e+00 -3.645196933823021901e+00 -9.562524257208409040e+00 -5.091754852387694541e+00 0.000000000000000000e+00
2.377398828678122467e+00 4.299991940720651051e+00 1.593198157299518636e+00 -3.578436666999201154e+00 3.282984052305085498e+00 2.223999344639014275e+00 1.322395770665935055e+00 5.618844448056727892e+00 5.513544517578782944e+00 0.000000000000000000e+00
-4.974081792050442985e+00 -3.596517013038945443e+00 -5.471140137008442039e+00 -4.016004786759835854e-01 -3.864609253451460891e+00 -6.031531812345372501e+00 -4.239356303453807762e+00 -2.283201934721114323e+00 -3.216375112400073455e+00 0.000000000000000000e+00
