-4.499703097722185241e-01 -9.917394398085493945e-02 1.017684095015653628e-01 -1.451150059870698783e+00 1.433480337726249720e+00 -2.737879933154069079e+00 7.784216470186424569e-03 2.729655988308939740e+00 1.149566394419536453e+00 1.550843979111705462e+00 8.804934428110188227e-01 3.548193069142953626e-01 2.533469096945305310e+00 -2.642475555207848270e-01 0.000000000000000000e+00
1.439168997986846943e+00 1.309159512235257727e+00 1.544563701657585497e+00 3.080915431923586523e-01 8.780206432445712972e-01 2.095766689412972283e+00 1.724740832161744952e-01 -1.205653890620827395e+00 1.254036290467760217e+00 5.983975921022723909e-01 -3.045137606475076253e-01 -7.536825483529990821e-01 -1.357626863934696448e+00 2.426445695325565310e+00 0.000000000000000000e+00
1.171326265266142252e+00 -5.206724634091642878e-01 -2.068802145899111267e+00 1.443638741805608028e+00 3.360943268651016780e+00 1.582252528729434671e+00 2.135641858746052169e+00 2.129200928337736887e+00 3.250447426464591061e-01 -3.123418246905724338e+00 3.717380777922781876e-01 1.292254317008060482e+00 2.231914323067307748e+00 -2.403153461487917752e+00 0.000000000000000000e+00
-1.187496222206315538e-01 2.456520410531802145e+00 -1.463285017183323156e+00 1.230313711579387848e+00 1.964039036081551837e+00 -1.845850230206811826e+00 -1.881649422621959111e+00 3.005872221177987580e+00 -4.726395930653305433e-01 1.165728792632532818e+00 3.947192504887995779e-01 -1.759140565839702131e+00 1.096145836946410101e+00 -3.243126144377204145e+00 0.000000000000000000e+00
-3.835377443413228171e-01 -6.513105362540345666e-01 -6.730736059794987236e-01 1.605551430581340921e-01 -2.802516880981246183e-01 1.460266726043497887e-01 -6.620509301930850576e-02 2.268347737233248895e-01 -5.954006271228311498e-01 -4.400477040432423381e-01 6.396345687342097630e-02 1.221702620324951749e-01 5.174232744570280568e-02 -8.126509308175796642e-01 0.000000000000000000e+00
2.888365921716106399e+00 -3.309636596564678790e+00 1.283754818085903526e+00 1.463430938551411875e-02 -4.624956528971286396e+00 -1.686690426780486751e+00 1.243108721598203070e+00 -7.560564380600132139e-01 -4.446661062936691167e+00 2.447546388127307182e+00 -1.320508710713059974e+00 2.289409686164651792e+00 5.417244376288291585e-01 -6.551954879687965638e-01 0.000000000000000000e+00
-1.575559037058625655e+00 1.169141015687243712e+00 1.082268762083014035e+00 6.834134620675457183e-01 -1.632834679608773820e+00 -1.337154532405915031e-01 6.852229991871296999e-01 -6.694938444624424223e-01 -4.726181522424054982e-01 6.780532932234460963e-01 1.620927560473479634e+00 9.609354659390706432e-01 -2.061959380359436600e-01 5.153021806565867280e-01 0.000000000000000000e+00
1.932913395226108833e+00 3.411976271154571361e+00 1.966128453881979654e+00 -1.349558803625182879e+00 7.346659046514607549e-01 -1.709683003416944125e+00 7.728174006890560221e-01 4.805302185104493695e+00 3.421489637512414639e+00 3.218906758330781770e+00 -7.915388585038962699e-01 1.010852608469253178e-01 3.202604733527084413e+00 3.369387106796458142e-01 0.000000000000000000e+00
8.504119395287242922e-01 1.646102515056776378e-02 9.075460758933678873e-01 -6.706044898460797876e-01 3.380968409330804558e-01 2.345533788217222526e-01 9.207901744478963479e-01 7.567415224061421752e-02 1.235374961375084624e+00 1.550453258358377717e-01 1.275779412518710521e-01 2.033488283000565722e-01 3.653807226165756705e-01 1.821157203728251739e+00 0.000000000000000000e+00
2.284400649380350146e+00 -4.300501017158022243e+00 -3.872985913585005879e-01 9.363215591216619282e-01 1.485272460590697285e+00 -6.880171869631532822e-01 7.782091811659677116e-01 -7.268487687311252721e+00 -5.277110965280646049e+00 6.256867738640611298e-01 2.291954729670902857e+00 3.428956800095360746e-01 -5.282533552623998929e+00 -2.664254591478029677e-01 0.000000000000000000e+00
-5.538319841361311724e+00 -1.532667009442838513e+00 -3.174343280604186024e+00 6.929856408034848592e+00 3.511476573827023273e+00 -5.918231171050757772e-02 -4.386130432579411931e+00 -5.720630078535350549e+00 -5.211557279764459594e+00 -4.226545590969446486e+00 4.661902608847999119e+00 -1.458706699813395735e+00 -5.043294369612223882e+00 3.098146657985753727e+00 0.000000000000000000e+00
2.549889747787036434e-02 8.763412993725162858e-02 2.072297505121270422e+00 8.127354177901481291e-01 -2.468282080876827767e+00 7.703355889131803247e-01 -2.589581665259033105e-01 -3.489981152677687160e+00 -1.375178787300754379e+00 1.635229594041603285e+00 -1.248288420362712925e+00 -1.280492541942530038e-01 -3.064352576280526375e+00 2.535622389460449710e+00 0.000000000000000000e+00
-3.770918383323320633e+00 1.815820988228747712e+00 -1.582099251422524944e+00 2.154306499811818210e+00 -6.432045572615078477e+00 2.505582630183068815e+00 1.393887529158061911e+00 2.822539249010544093e+00 -2.035997987371573614e-01 -3.673967621230177283e+00 2.443828273821476937e+00 4.232626548392420252e-01 7.332152110318417293e-01 3.696261337219311827e+00 0.000000000000000000e+00
-3.557600400417962661e+00 -3.552812368730351444e-01 -1.890186076317604380e+00 -2.230677702396665837e-02 1.568447397352499495e+00 5.163527242343696422e+00 1.243581056328185441e-01 -3.796351996076266389e+00 1.669606536774201622e-01 -5.547554514676320991e+00 -8.481845835448924564e-01 -1.064720525368939158e-01 -6.642298139916901212e-01 -4.563143734293434228e+00 0.000000000000000000e+00
2.291392623630195580e+00 2.183644736478936726e-02 -7.155026396820547696e-02 -5.656127895944226935e+00 -3.445274497320255591e+00 4.441372556182590969e+00 3.334442656076280098e+00 3.488351675011967856e+00 -1.823180476436504271e+00 3.347993107465104812e-01 -4.166133678566496634e+00 1.217084894138125817e+00 2.928859355505920359e+00 3.057431566223448804e+00 0.000000000000000000e+00
-5.987795886094194886e-01 -4.876139316849466554e-01 -6.646026509188888154e-01 -3.653065581196133227e-01 -2.720154486929725612e-01 -2.328957138381832159e+00 -3.663794241096967053e-01 -1.363157074415084935e+00 -1.970841143233408588e-01 -7.941182256771378567e-01 2.390525620042250332e-01 -2.181074952215307783e-01 -7.297073388689097329e-02 -5.809795270740871764e-01 0.000000000000000000e+00
-9.501717461538482512e-01 7.589759624998604348e-01 7.382390368304085904e-01 3.864726788070363961e-01 2.090169255860767183e+00 3.640508634727885884e-01 -9.014104078867256620e-01 -5.801018688587852301e-01 7.276052230860301506e-01 -9.423279115733045053e-02 -7.287006570964195129e-01 6.242688016621239511e-01 6.606756769977449872e-01 -1.664822310311100839e+00 0.000000000000000000e+00
