-2.276460952567323837e+00 2.603712980892354256e+00 -1.860040620313017090e+00 -2.727273379912443563e+00 -3.585070027337865728e+00 -5.963450587922274060e-02 2.170912113631601192e-01 7.373163588841386007e-01 -3.257614720207870462e+00 1.088670960371995067e+00 3.731162902818649929e+00 1.912205378685987833e+00 -8.014503475797063459e-01 -1.706255618968689713e+00 0.000000000000000000e+00
-4.427099035984350534e-02 -2.069262882522891811e+00 6.650924378244247315e-01 3.811877676859760644e-01 -9.309156377821299344e-01 -9.749385139714507043e-01 -2.326625868673021458e+00 -1.328383666706352273e-02 4.704136597958532562e+00 -7.776348746715135984e-01 6.365419711437847461e-01 -1.736903873091225181e+00 2.585359018920797336e+00 -4.458108531363977889e-01 0.000000000000000000e+00
5.552845472594561294e+00 1.670189659026870554e+00 -2.517270349969659815e+00 2.572687725208995690e+00 3.804847394267797611e+00 -8.741793088895178920e-01 -1.591773272950676166e+00 -7.047978040702880698e+00 1.663958324414935630e+00 -3.775973388896725513e+00 -1.472910541461025957e+00 1.182575884236545027e+00 -8.142736890400263050e+00 2.406740247525888332e+00 0.000000000000000000e+00
1.601383743263119941e+00 5.077782745661290065e+00 -3.256124797817241845e+00 -7.036189621011168960e+00 3.412673766794891428e+00 -3.723649659167869719e-01 -5.918868111418229994e+00 8.830099696868413950e-02 2.047392984440363328e+00 1.018848684441973629e-01 1.313814407251305605e+00 8.260913108100092828e+00 -3.038916680910336954e+00 -3.135091906378636661e+00 0.000000000000000000e+00
-6.594147943371721221e-02 1.312436642216663896e-01 4.025267322487375288e-01 3.633975135514512234e-01 2.420533279400101725e-02 4.718236445071641305e-01 8.196233234762287934e-01 1.466789441221324486e-01 -1.005007234106812142e+00 2.579202182050525649e-01 -1.861142091358066519e+00 -9.119740892294553314e-02 -2.666031220436939075e-01 5.820555189613881852e-01 0.000000000000000000e+00
-6.504298558383508899e-01 1.078271095416554859e+00 -6.436098708412337110e+00 -4.429517074807559851e+00 1.814548573409039856e+00 1.205111473705576669e-01 -1.442953240108966195e+00 -9.671223294846446050e-01 3.025991458886048147e+00 8.870657884767289003e-01 -9.271324885970667395e+00 3.717142034625728897e+00 -3.382311853485060027e+00 -3.718275102648644470e+00 0.000000000000000000e+00
-4.499205061754974477e-01 1.504796844563038194e+00 -4.413875866560432293e+00 -8.153023838368974596e-01 -3.047396915922389038e+00 -2.492974830876343861e-01 -2.179036421486575670e-01 7.372619994006054389e-01 -9.842244626299184729e-01 1.268572201206391803e+00 5.768517094757589447e+00 -1.910026474754486614e+00 -3.633713275127660403e+00 -3.016376858154862006e+00 0.000000000000000000e+00
2.547406129732934676e+00 2.562981759524828540e+00 -1.524976524168234759e-01 -4.377129577079352352e+00 4.295136261832099400e+00 4.749201066775402325e+00 -3.162472566217191083e+00 -1.205760606199861362e+00 1.155667985394329911e+00 -1.316802997355805083e+00 2.891581323978543949e+00 7.406507858169659286e+00 1.866470488323949350e+00 -4.582590974924084293e+00 0.000000000000000000e+00
8.035756726536807948e-02 -1.666450326671643722e+00 -3.082177407396325952e-01 4.136400772749609378e-01 1.092557524305921346e+00 -5.911197140420001439e-01 5.385587743369325137e-02 -1.178429076972964396e+00 3.792193154936850108e-02 -1.830081570141611769e+00 -1.748859955109129949e+00 -6.936118176250585243e-01 1.059407926772582442e+00 -9.680099516072665500e-01 0.000000000000000000e+00
3.547925647154106965e+00 -3.222795532990911926e+00 -3.772282116467159607e+00 3.536829635467320987e+00 6.417562975722044705e+00 -4.427578784967676206e+00 1.644519811416067290e+00 4.024247805302638703e+00 -4.151227708774328562e+00 6.542118447678689996e+00 -6.439240960993243945e+00 -1.120155525452207534e+01 -1.221932480352126094e+00 4.152569910026052469e+00 0.000000000000000000e+00
-5.005867360308601910e+00 -9.429909946283869360e+00 9.122997975490349631e+00 5.982765894618717439e+00 -2.342138822861282055e+00 -3.833303701750907067e+00 7.092379378005492008e+00 4.859815994840710474e+00 -1.028291027233174404e+01 4.949566298889136462e+00 3.628379590938739074e+00 -9.061546182022601315e+00 2.507002685320883550e+00 9.159043231207652624e+00 0.000000000000000000e+00
9.493891785664270166e-01 5.227313212882180871e-01 -3.651926598092937848e+00 6.124389435487084254e-01 9.871847963303270745e-01 -2.439396290667793732e+00 -1.194131367287353918e+00 -2.976090125084482896e+00 3.311017852589949406e+00 -4.342469839238818352e-01 -3.347733131012665897e+00 -2.035219657565258355e+00 -1.533062054700915056e+00 -1.073255504521896553e+00 0.000000000000000000e+00
-3.842012451175135457e+00 -5.131313458735265343e+00 1.465117521252176314e+00 7.695537741797956244e+00 -6.711591003195136906e+00 4.828766351990901207e+00 4.076969243541909371e+00 -2.117905711124944190e+00 -7.479215078593349553e+00 1.311733356331761913e+00 4.188106329849243525e-02 -6.869421358645846354e+00 -3.468029232568136333e+00 3.400835032145584691e+00 0.000000000000000000e+00
-1.013975200902647700e+01 -8.453054228868488451e-01 8.956150426613126214e+00 1.607506182492605684e-01 -4.276030286201217834e+00 6.955673424499445368e+00 1.125420554324274791e+00 -3.398817815416457222e+00 -3.440569064675025324e+00 -1.271699101550860078e+00 5.996571778979878253e+00 -6.465610729153092429e+00 -8.285492153578625008e+00 9.572292329946465728e+00 0.000000000000000000e+00
-3.907481730651371610e+00 -7.356579421366078009e+00 1.076421789066790069e+01 -5.429015438370755620e-01 1.892590084554897745e+00 1.986860059333000139e+00 -3.286515935393129695e+00 2.617201381546689354e-01 7.301615217021709014e+00 -5.314512242424199728e-01 -9.038227155157267489e+00 -1.643232017938146550e+00 4.768984464982445104e+00 9.689543529968903945e-02 0.000000000000000000e+00
1.988356561356675045e-01 2.764073656581507721e-01 -3.290857921574226186e-01 6.130482861532415839e-01 -9.757647591219364980e-02 -2.075214993788474960e+00 9.369104624477799792e-01 -4.659369928862212018e-01 -3.441160070925070702e+00 -4.078957876674793592e-02 2.897690475532161081e+00 -3.465824614513472457e-01 -3.720652434885403648e-01 6.107997749100240181e-01 0.000000000000000000e+00
-3.314607170384979984e+00 1.450268190208418240e+00 4.979738208023099411e+00 -7.803470185805764237e-01 -7.977031309184766883e+00 3.747935649235075939e+00 -2.139245069449484116e-01 1.337264161448071143e+00 -3.502936534046841466e+00 3.339528700369954528e+00 4.716198299205493605e+00 4.998853441881092041e-01 -4.418648376318784265e+00 1.292635819256331642e+00 0.000000000000000000e+00
