-1.776822730475807965e+00 -3.899405488949613474e+00 2.038708863159617746e+00 2.939086921760470261e+00 -6.347994007578787734e-01 -1.983288848411628891e+00 -2.907854097327963183e-01 2.271589349771215183e+00 -1.079036486569065811e+00 4.077999129401301381e+00 -2.408477786566394663e+00 -8.788553006919170851e-01 -1.706907380443766664e+00 1.936688723019262204e+00 0.000000000000000000e+00
-1.884718765666281437e-01 -2.577680874714568526e-01 2.858635634434686601e+00 4.815127136252144724e-01 -2.497436702990404600e-01 3.564110902065749653e-01 -6.494744446515146041e-01 6.877478852779081997e-01 -6.810142257507598718e-01 -2.670750739560609599e+00 -6.471084573959494657e-01 3.907417952220646473e-01 4.783633599244522805e-01 -1.703160143616202049e+00 0.000000000000000000e+00
-4.969304851052905647e+00 7.786802854369689886e-01 -1.436734774528811431e-01 -8.243851734761200589e-01 1.149130283090817217e+00 -3.956267850872563052e+00 4.201382992480606760e+00 4.933958878469680842e-01 -5.038254325208781026e+00 2.594651129769053544e+00 -6.719587222897737133e-01 -1.750454735750188950e+00 -7.967890574202425302e-01 -1.417049899462802465e+00 0.000000000000000000e+00
-3.457910552598699727e+00 -7.685610032995836782e+00 3.987486480759284468e+00 -5.080351930495377033e+00 1.384812525538431371e+00 -4.941056728298546474e+00 -6.965156513514414449e-01 2.962976188337496097e+00 -2.214937199637298182e+00 5.632389330446812892e+00 1.299481765057060034e+00 -7.578974736770028864e-01 -4.236045305464745780e+00 1.933454855778647508e+00 0.000000000000000000e+00
6.196602228486776109e-01 7.210259818538193866e-01 -1.272828835998171648e+00 -1.071021026331198112e+00 5.099395629760806736e-01 4.229771758761121103e-01 8.770776092637561083e-01 -7.788259727775043162e-02 6.761864997162998492e-01 4.633078123092192468e-01 5.114850129928463218e-01 1.677485767140977635e-01 6.120039555616132443e-01 4.872134463523994374e-01 0.000000000000000000e+00
4.739729960225634642e+00 1.495025124760812174e+00 -1.025142316837466261e+01 1.690468066862252705e+00 -2.139616960489566733e+00 4.465523822949158728e+00 -5.628558681180042989e+00 -4.567553038997089310e+00 4.633967499968896675e+00 -5.312415715294323881e+00 3.508552892470370832e+00 3.899154860021441849e+00 -1.681378820302968924e-01 7.129790588254794059e+00 0.000000000000000000e+00
5.258033126590205830e-01 -2.435914124733117525e+00 -7.800177037655346979e+00 2.093060494436686181e+00 4.584221336349071363e-01 2.141233928530666963e-02 -3.971384345426955509e+00 -7.013742989925829896e+00 1.656131129261969370e+00 -4.320982769074084295e+00 -7.302613743583993289e-01 9.069448359353945444e-01 -1.794333151630376211e+00 -2.002060738894848591e+00 0.000000000000000000e+00
-2.787544113473538587e+00 -6.541274114095632974e+00 1.224425959556082466e+00 1.038425026821297781e+00 -2.094105380398270988e+00 -2.879697141776231373e+00 5.766205749741431852e+00 -8.612701013848870213e-01 -2.565352003597977770e+00 5.095170036168087613e+00 -2.559829806382461381e+00 -1.948416035802611190e-01 -4.949866851751456132e+00 1.593784882126551450e+00 0.000000000000000000e+00
-7.637279601589193057e-01 2.590454940718266430e-01 -4.053441585670508829e+00 1.735025331722695574e+00 -9.599212505199740120e-01 -2.196914088430318157e-01 5.768597070323487896e-01 -2.423220535605952630e+00 -1.026417725279458848e+00 -1.070489487901319814e+00 -9.817294169928364456e-01 -5.540815100081388778e-01 1.426720663519371324e-01 -1.262613812050713102e+00 0.000000000000000000e+00
4.730675402135799956e+00 5.398248998755205141e-01 -7.465195989964859002e+00 2.312593881470618840e+00 -1.084681563060794884e+00 4.379723382146902821e+00 -4.214236281075380397e+00 -6.745826491223429144e+00 5.045053918917961511e+00 -7.916438169277316916e+00 8.519428109757786416e+00 2.053676839401811893e+00 5.139821210574329946e+00 2.971123897140270476e+00 0.000000000000000000e+00
7.843040536685620623e+00 2.273248437153565504e+00 7.747066312718137837e+00 7.598742370088339415e-01 -7.520024838771502407e-02 6.757439984505483999e+00 -9.944783037067825404e+00 6.501586601194307313e+00 7.641055842034637280e+00 -9.949891101602934995e+00 2.441935844552662882e-01 -8.388778824698450265e+00 1.048029985179157997e+01 -8.410956610472526407e+00 0.000000000000000000e+00
3.519270216272649243e+00 4.060459693103357637e+00 -6.402507167607786265e+00 -4.689973119234166488e-01 -3.073873448651371465e+00 3.355424132417095695e+00 -6.470944414812946022e+00 -3.361198431896131655e+00 3.564629865971355560e+00 -5.028305392327156120e+00 2.479466833462633524e+00 2.706966894287998304e+00 1.243152641457505148e+00 3.617108781476001234e+00 0.000000000000000000e+00
-5.850656683263742330e+00 1.278535538304766739e+00 4.556080949904300681e+00 7.146000490203496813e-01 -8.796132665888579893e+00 -2.723077213756651904e+00 -9.248767382036863438e+00 -2.720047305578355168e+00 -8.399432363419364833e+00 -6.963222399955209418e+00 -8.476068441667653275e+00 -6.667019627721291641e+00 8.386205918449997299e+00 -8.172375609660303297e+00 0.000000000000000000e+00
4.259056229813622529e+00 3.720742371737295051e-01 3.688302427503450165e+00 -5.057887540589988795e+00 5.580402867353368990e+00 5.635969722126683124e+00 -6.833998705657388761e+00 3.358038478117060244e+00 2.682617717433137372e+00 -9.989576679133399750e+00 5.805518807044279583e+00 -7.575121578069018646e+00 3.803581283338464125e+00 -8.261285429306747474e+00 0.000000000000000000e+00
-2.871460680994634806e+00 -1.939055015930316372e+00 6.973039174755681913e+00 -1.091014256277288297e+01 -7.565444659055754251e+00 -6.105565471399858168e+00 -2.429533514887448398e+00 5.685198173339351513e+00 -8.128446564665113172e+00 1.718397507994663620e+00 1.985357632687063945e-01 -6.581054337287081779e+00 -3.205988671376941213e+00 -4.062314389883835197e+00 0.000000000000000000e+00
-8.738568638522761223e-01 9.337065252821707961e-01 2.754613539575717862e+00 1.520383176589225283e+00 1.477385392259650487e+00 -5.488286125486417921e-01 -2.348187352962471941e+00 2.269041494134890202e-01 -3.069443585649112571e-01 1.128564942418399886e+00 5.794762672182306451e-01 4.897284037954643399e-01 7.362920332908966525e-01 -7.234210863962688975e-01 0.000000000000000000e+00
1.788387689385452450e+00 -3.527232388885250369e+00 7.303907905110439636e+00 -8.552566962744452272e-01 -1.485169492441595906e+00 1.131879674828630389e+00 -7.589835041487288159e+00 -4.686105175923758193e-01 1.396186343409712372e+00 -1.873315380747124115e+00 -3.387604503555160296e+00 -1.610034908036671153e+00 -7.184454222946958346e+00 -3.709051636581614186e+00 0.000000000000000000e+00
