-9.134150123173212510e-02 5.063057298281137264e+00 -8.220408057225618847e+00 9.359897629724667212e+00 -4.660942219039802659e+00 2.200423556898788213e+00 9.963926224447440916e+00 6.498374673047858430e+00 -3.798965099346962027e-01 0.000000000000000000e+00
-2.707752562381033457e+00 3.505194178014297002e+00 -3.190980658366397105e+00 5.256306935481993570e+00 1.234417596031725184e+00 2.518449116169967361e+00 1.712276572815347953e+00 5.135433840418797580e+00 4.359272117783118183e+00 0.000000000000000000e+00
9.344885431944807141e-01 -2.224583427576226402e+00 2.189020565888533387e-01 7.370190199779456108e+00 -2.923660036537253148e+00 -6.479878862363336323e-01 7.841839331812510139e+00 2.244207026323168375e+00 -3.350904207771086440e+00 0.000000000000000000e+00
4.319553510744250424e+00 1.631066602851010891e-02 -5.164307404925073008e+00 3.395962334672563809e+00 8.792193564252262505e-02 -7.903733801552317306e-01 -7.677164755828779219e-01 2.668197087368211040e+00 1.956290994506898473e-01 0.000000000000000000e+00
1.187603087556759751e-01 -3.474993972037263568e+00 2.663622746326910651e+00 -6.601321917987969634e+00 5.060957724986834272e-01 -2.304655073893584039e+00 -4.706561595417504407e+00 -5.727971952356862850e+00 -2.207204210435912639e+00 0.000000000000000000e+00
-1.587423834601027206e+00 5.135883813414885424e+00 -7.778581929291693342e+00 8.436292231781964190e+00 2.927363113960764096e+00 2.665041539141219218e+00 8.379815110171504600e+00 1.955749660765759179e+00 2.213259444118818919e+00 0.000000000000000000e+00
1.654915517086033905e+00 1.192573260455285444e+00 -4.415787883250952284e+00 1.215162362394199613e+00 -1.853493011237285160e+00 4.018585751477500523e+00 5.706642239499687408e-01 5.747356444434465139e+00 2.837698819276949003e+00 0.000000000000000000e+00
-1.478254625629599861e+00 6.927685509532157226e+00 -4.768325010412171494e+00 1.857280534727284493e+00 1.568641208414304211e+00 3.777218117101299288e+00 -1.106427213324903347e+00 6.036697669334166072e+00 4.914386208138469492e+00 0.000000000000000000e+00
9.348268359708884478e-01 6.499433637817489950e-01 1.047551955987700678e+00 2.957428016884992017e-01 -7.039145736847464141e-01 8.401160546207575575e-01 5.272774003613627691e+00 1.491049016050613352e+00 -1.106462611502268406e-01 0.000000000000000000e+00
3.054614498561537772e+00 1.423193364135255434e+00 1.404091489705208362e+00 -5.085281263421653764e-01 1.747462019971684599e+00 -2.228493604333865896e+00 -7.184369692852167866e+00 1.897388638818082063e+00 1.774841192688356717e+00 0.000000000000000000e+00
7.610041582333187726e+00 -2.821264253514065512e+00 -5.890560321088231355e+00 1.410687760268383162e+00 -8.315105057701694946e+00 -5.768322001841797331e+00 1.029486145293875943e+01 -3.915617484725525177e+00 -7.586733950073782928e+00 0.000000000000000000e+00
-3.622662329798212344e+00 2.004209599187384505e+00 -2.872465240754712212e+00 3.663416484039443421e+00 2.608075708080933364e+00 1.833910754632258611e+00 -3.034528157329836606e+00 3.627146997807032758e+00 3.224158528491128717e+00 0.000000000000000000e+00
-1.064053830549989810e+00 -2.106678173886360028e+00 7.374584050364807908e+00 -4.427820917118644672e+00 -1.129961897390577175e+00 -4.195673976787425374e+00 -1.712950104307210175e+00 -4.862654708237393208e+00 6.881406356393888757e+00 0.000000000000000000e+00
7.704453862587346435e+00 4.188883667396317456e+00 5.497607621062399197e-01 6.523348439528099618e+00 -5.765593297359833613e+00 3.866673420408367257e+00 7.954109464924009387e+00 7.031216561846886037e+00 -7.392200725779632942e-01 0.000000000000000000e+00
5.432812365211477923e-01 6.653444457008188984e+00 2.082261204150312572e+00 -1.705624651372806277e-01 4.060770120023975416e+00 5.600783471263820479e-01 9.170697853046663184e+00 -3.206497594626739556e+00 -5.401392468064850405e+00 0.000000000000000000e+00
1.475617251920388728e+00 -2.457459260981917470e+00 -6.365075820964660736e-01 -5.983763107187228591e+00 -1.628665561588316768e+00 -2.802006437929409066e-01 -6.284119060632815668e+00 -1.882923440277689764e+00 -4.984670392474487288e-01 0.000000000000000000e+00
-3.387755135160924080e+00 -1.899495150652470210e+00 -1.465890441390777177e+00 -1.402233883910265044e+00 1.158113179958336625e+00 5.304732762057805528e-01 3.657718701017910412e+00 -2.010959494969360772e+00 -4.006757407188996645e+00 0.000000000000000000e+00
