-1.732134426873451982e+00 -4.020664286002721410e-01 2.362220737955993410e+00 -3.420180857597188595e+00 7.799313058631850426e-01 4.539598496626383373e+00 9.332129891687012194e-03 -1.857108228402120920e-01 -8.864149793471476357e-01 -7.566899027361801977e+00 1.045602008105820824e+00 2.663544804319586401e+00 -2.758518679807714591e+00 -1.950063387474617604e+00 0.000000000000000000e+00
-8.140538723828361078e-01 -5.268084865996469635e-01 -5.018639845098225472e+00 -9.771217205575953857e-01 -6.689834909621575898e-01 -3.327144548974362515e+00 -4.984871821190821173e+00 3.569578942157392909e+00 -2.078069804094229145e+00 1.799856547461764933e+00 2.259556788109282621e+00 2.003922176032403302e-01 5.806218400713068384e+00 -2.010502212438408431e+00 0.000000000000000000e+00
6.083264493870261802e+00 3.616932367051390873e+00 6.258671239861361535e+00 -5.396363331892328752e-01 -8.801544964769743018e+00 -1.589146831105828994e+00 6.526661091429932782e-01 -4.935232678575602883e+00 4.713121667890250444e-01 -6.601863030030612478e+00 -9.803531532248991098e+00 -7.604887953607251561e+00 -4.327171887138892004e+00 1.711691396260996978e+00 0.000000000000000000e+00
1.294268073630126281e+01 -9.655909074399962932e+00 -2.400094462646155336e+00 -3.696516996019187040e+00 4.850538547817930812e+00 1.009764073575011700e+01 6.866001121069508883e+00 -7.176594435762049251e+00 -4.765511698187064660e+00 -8.221607388787459669e+00 -1.118370611286539695e+00 1.880245978704757182e+00 -9.962320479605637047e+00 3.059989525291781920e+00 0.000000000000000000e+00
-4.473557288053625625e-01 8.135942549932201340e-01 8.025989505648885025e-01 1.069262573750520140e+00 -1.378517670054692834e+00 -1.406053641830885770e+00 4.562253803135278563e-02 -1.604251443962799950e+00 7.356694718976672931e-01 8.850039707148453783e-01 -1.651994131535849730e+00 -1.685308503737057428e+00 -1.860599523691175650e+00 -7.645676199377510196e-01 0.000000000000000000e+00
1.702989008112788083e+00 -2.229049941928535450e+00 7.126431211696796497e-01 -5.064469732984606232e+00 1.197029286160834705e+00 -2.721703064630336844e+00 7.483157288005929608e+00 -5.213979943839634146e+00 -5.764098452367278913e-01 -7.075676639686725444e+00 2.062167776389628226e+00 -2.512208896356951104e-01 -6.096752498757374461e+00 -5.270812802080817594e-01 0.000000000000000000e+00
-4.757672665925936961e+00 -1.477911576224156143e+00 1.600933073392135642e+00 9.326076488661440012e-01 1.091598246580111731e+00 -3.622655254559584925e+00 -1.154637987294771628e+00 -1.446090537135366505e+00 2.034620594216374645e+00 -2.218800383451066338e+00 3.063836231567378832e+00 -4.764764003839087048e-01 -2.269416677124914461e+00 -2.170459964669354758e+00 0.000000000000000000e+00
9.030255473621107143e+00 -8.779760452370318546e+00 4.138919503172559189e+00 -4.408351268187752581e+00 5.930883527907123920e+00 9.946193972074675926e+00 6.244729434028542414e+00 -2.852597364875801844e+00 2.654620359086007131e+00 -5.541152938196125532e+00 4.521996969894964913e+00 4.428790549923626862e+00 -4.641599090378469405e+00 2.321015569366719156e+00 0.000000000000000000e+00
-1.652972964262912958e+00 3.051466740857571858e-01 -7.031586368585898139e-01 -1.594349745458771839e+00 8.358662029826390283e-01 1.219145196918487439e+00 6.410683423315053364e-01 -2.638209328982225266e+00 -1.337320012252148249e+00 -1.944256458083112316e-01 -2.076448262857951921e+00 -9.838732567589835165e-01 -4.786798935037375191e-01 2.259070662248201522e+00 0.000000000000000000e+00
-9.564729579233624435e+00 1.233540613139400277e-01 2.369113819418790234e-01 6.721882393255963706e+00 5.330043213655129897e+00 -9.007286235570006738e+00 -5.150387483118222143e+00 8.357560296127527266e+00 2.741555913569916569e+00 -4.799877708185515957e+00 1.040408961865899329e+01 8.015001712026920799e+00 3.693380683391974451e+00 4.450231690677582286e+00 0.000000000000000000e+00
-8.425146833296931703e+00 3.309709487148486229e+00 -3.885451742866659064e+00 9.529905972312093354e+00 -1.723741278150792144e-01 -7.018998996480961594e+00 -5.808112739954157888e+00 2.855069445310196574e-01 4.133235288471929003e+00 -7.380290588135967056e+00 4.813257465179550665e-01 -2.448750911185517687e+00 2.023695210879346007e+00 6.294015502100848147e-01 0.000000000000000000e+00
-5.502249177077531694e-01 -2.792659247964286995e-01 -3.202772755340483446e+00 -3.350154920769097266e+00 2.142977229723671329e+00 -2.510508766989146601e+00 1.428760892357612944e+00 2.719759247390345802e+00 -2.202752326157437324e+00 -1.632118211212766790e+00 9.080919233802589030e-01 1.230263548409671115e+00 2.963809741830352618e+00 1.285973561030146151e+00 0.000000000000000000e+00
-1.185177858102158766e+01 -1.960073308662745983e+00 9.162389037956383930e+00 4.900608905204911103e+00 -4.240337036222585176e+00 -7.258825060407991359e+00 5.568198967358775953e+00 1.062790262720579726e+01 8.597246608476995178e+00 -2.104356091422676212e+00 -1.360628773452810192e+00 -6.865888714325154574e-01 7.487599020087229107e+00 -1.443514900336997586e+00 0.000000000000000000e+00
-1.087479852436598726e+01 1.966343177108790696e+00 -2.470067127827020759e+00 6.247022660029299068e+00 4.444664125762026075e+00 -9.510896642623067887e-01 -8.882776325473615842e+00 -2.941529583642567669e+00 7.147733964727257749e+00 2.473062676032047325e+00 -2.859430267184596142e-01 -2.251489759333755725e+00 -4.207691408535198185e+00 -1.871438742829448332e+00 0.000000000000000000e+00
-6.291323241748622230e+00 -2.557354250971439313e+00 -2.482919539643531071e-01 -8.270373026893969026e+00 7.415842093321500794e-01 5.038813016660176558e+00 3.461725459081362199e+00 1.269725118755334003e+00 3.846509740304679514e+00 -4.231869790467788661e+00 4.723984889419584832e+00 -1.846723377023747226e+00 6.906225887451736156e+00 -8.631233186662149448e-01 0.000000000000000000e+00
-6.110467041976315183e-01 -1.649374024602578981e+00 4.429817945979316329e-01 1.539172131978949198e-01 1.975967536192192009e+00 3.158862874369221085e+00 1.749949600402648020e+00 4.008286586835598658e-02 -7.565165297150823198e-01 -1.820954823730968286e+00 8.863044493324896689e-02 3.421047134612519525e+00 -8.156550155025530380e-01 3.695992392512156943e+00 0.000000000000000000e+00
-1.675271693408816098e+00 2.035448037047325798e+00 3.424859048840160458e+00 1.408664920745275495e+00 -3.106209823703907080e+00 1.417531408064198230e-02 -3.572308452853198979e+00 7.736045604285187949e+00 6.175112739856349009e+00 2.281172010851340914e+00 3.561533816652474371e+00 -6.412565894722299653e-01 5.094135028098179419e+00 -6.344626213304608520e+00 0.000000000000000000e+00
