-5.710311515678911931e-01 4.110888689927922335e-01 4.502070535504165694e-01 0.000000000000000000e+00
-3.422436836493681356e-01 2.098909402154080506e-01 1.908596292917460469e-01 0.000000000000000000e+00
7.137130878693015434e-02 -3.272708801167748503e-03 -1.199657350193887584e-01 0.000000000000000000e+00
-3.818514146430949108e-01 -9.352585794035297995e-02 -1.778062363546976665e-01 0.000000000000000000e+00
-1.342644717389790132e-01 4.421219402115545566e-02 3.370245295081076425e-02 0.000000000000000000e+00
-1.979071276303022153e-01 -1.149951146477237382e-02 -3.405363024099465896e-01 0.000000000000000000e+00
-2.626844067456556853e-01 8.374445302789678205e-03 2.882298456880106885e-01 0.000000000000000000e+00
7.729848490660641558e-02 1.087062799584236419e-02 -1.035386032745786999e-01 0.000000000000000000e+00
-3.033253578623128499e-01 -1.879679590133208344e-02 -1.434219804152154221e-01 0.000000000000000000e+00
2.312117889838932461e-01 -6.265134438817702989e-02 6.954377078999169487e-03 0.000000000000000000e+00
6.652625041054866656e-03 -5.726666277089736967e-02 -2.706463708734877655e-02 0.000000000000000000e+00
5.367003931485033602e-02 8.249156547403628179e-03 -7.390691441651116300e-02 0.000000000000000000e+00
-1.971551361021398607e-01 4.618964163636176366e-03 -8.603658852188145190e-02 0.000000000000000000e+00
1.967857852373405547e-01 -1.480122210603550537e-01 -3.288016097510593205e-01 0.000000000000000000e+00
1.441798825818552954e-01 -8.795247473202033595e-02 4.251192952930330123e-03 0.000000000000000000e+00
2.288690724189991754e-01 -2.399672918670691657e-01 1.120851809351990774e-01 0.000000000000000000e+00
-2.176460091947559489e-02 1.350388510932976072e-02 -1.317544913827260744e-01 0.000000000000000000e+00
2.107773684534793024e-01 6.992838224978999151e-02 2.017956260560779813e-01 0.000000000000000000e+00
1.386302009726051720e-01 9.144354341498189820e-02 4.247539649794481592e-02 0.000000000000000000e+00
-2.578783512888593310e-01 -4.169871183426490657e-02 -1.594638702795981577e-01 0.000000000000000000e+00
4.436657413879357276e-02 -6.093889671167843775e-02 -2.707843411479922066e-02 0.000000000000000000e+00
2.277505568556154394e-02 3.652777943033807574e-03 -3.943869836936240991e-02 0.000000000000000000e+00
-7.837777851121038863e-02 1.109598886528960840e-02 -3.675399493115603239e-02 0.000000000000000000e+00
1.263066982413184325e-01 -7.873492848790702991e-02 -2.050540839058738740e-01 0.000000000000000000e+00
2.060323443691751133e-01 -7.506949194268175418e-02 7.673116236309769633e-02 0.000000000000000000e+00
4.524844752369062278e-02 -5.298853176196104131e-02 1.025500613778398094e-02 0.000000000000000000e+00
-3.637768347015166159e-02 3.121675024614831845e-03 -9.514407057014116764e-02 0.000000000000000000e+00
3.368868179832285037e-01 -2.961808626539439056e-03 2.789933977983437563e-01 0.000000000000000000e+00
2.843297140293496450e-02 3.227541478017681431e-02 2.041174253155344231e-01 0.000000000000000000e+00
-7.273005694583972724e-02 -2.003743302502925330e-02 -9.193738303542162149e-02 0.000000000000000000e+00
2.246448003342659816e-01 -2.637291230162428501e-01 -2.969132166853934995e-01 0.000000000000000000e+00
-6.539483009891326748e-02 1.328489677909673872e-01 8.973906415952820348e-02 0.000000000000000000e+00
-6.744546084011748821e-02 -4.070435543069105266e-01 -1.349373886396913191e-01 0.000000000000000000e+00
-1.957589409961990878e-01 1.145947269569156657e-01 -7.625986757480303704e-03 0.000000000000000000e+00
2.400271754128432966e-01 -6.409122787785424824e-02 -1.082439661143407700e-02 0.000000000000000000e+00
1.203115939377347350e-02 1.711144795554907921e-02 4.551883732425722126e-03 0.000000000000000000e+00
-1.591521511655326002e-02 -2.754820859948124701e-03 -2.511645065655326945e-03 0.000000000000000000e+00
3.880511274556026902e-02 4.269540667454265956e-03 5.135418251307256356e-03 0.000000000000000000e+00
-1.021416699055407440e-01 9.162586361913886701e-02 -8.439769501646042504e-02 0.000000000000000000e+00
-4.928929283115435211e-02 1.572238407198554150e-02 1.468609369706099128e-02 0.000000000000000000e+00
3.297694970800272435e-02 6.243009663160706268e-02 1.163433411807346801e-01 0.000000000000000000e+00
-5.123888598323838445e-02 -9.315983601165060343e-03 -6.315929088905210265e-02 0.000000000000000000e+00
3.920574678350387532e-01 -6.512000275205047373e-02 3.315750166196062554e-01 0.000000000000000000e+00
-6.697344399123428271e-02 -3.579220276788316196e-02 2.939372333373621027e-01 0.000000000000000000e+00
1.078827012301906974e-01 -2.800821044313514877e-02 -1.813518560834466789e-02 0.000000000000000000e+00
4.145301926887934862e-01 -3.036831584340500823e-01 -1.328381072014715447e-01 0.000000000000000000e+00
-5.372524019794754774e-02 7.260097932847688063e-02 6.030913839587286746e-02 0.000000000000000000e+00
-4.390189099680692486e-01 3.202534165260014221e-01 1.340057948213654593e-01 0.000000000000000000e+00
-5.464910035890997719e-02 2.847183260891598261e-02 -1.468128989463511336e-01 0.000000000000000000e+00
4.186748316140621040e-01 1.089743863517887157e-01 -2.128524995275652421e-01 0.000000000000000000e+00
-7.263485711617764795e-02 -5.300276831585106624e-02 -4.719231229631462576e-02 0.000000000000000000e+00
2.449378276684055500e-01 2.230005163637207855e-01 -3.493019110868805788e-02 0.000000000000000000e+00
-2.146572251904066975e-01 -1.259830940235650287e-01 2.999989387678416164e-01 0.000000000000000000e+00
3.814896174607370072e-01 7.729098388047306312e-02 2.614982082033259769e-01 0.000000000000000000e+00
2.056851814243050303e-01 1.455059092261702103e-01 -1.972077948068320583e-02 0.000000000000000000e+00
-1.020781966388213807e-01 -1.256561281081589876e-01 3.110649399428407416e-02 0.000000000000000000e+00
