-1.019897778251980691e+00 6.004395508632603962e-01 1.146097917853797998e+00 0.000000000000000000e+00
-5.904352940547243911e-01 1.069881406244280297e+00 -1.846687255832099028e+00 0.000000000000000000e+00
-7.210842004027843144e-01 1.961180130624601725e+00 -8.873590558401845962e-01 0.000000000000000000e+00
7.878247886990669135e-01 -7.156886132906279396e-01 9.722940598366661691e-01 0.000000000000000000e+00
-2.090834926611871425e-01 3.559495813998079239e-01 -1.038581343650809563e+00 0.000000000000000000e+00
5.124603574367126990e-01 -7.034285361384411406e-01 1.553544964251126759e+00 0.000000000000000000e+00
-4.557146308066225560e-01 3.919906866696227787e-01 -1.210954412189343132e-01 0.000000000000000000e+00
7.910464873063841051e-02 7.520797068958141596e-01 1.849696934041410168e-01 0.000000000000000000e+00
9.738850831358909776e-02 5.319150409417217062e-01 7.909736795020051725e-02 0.000000000000000000e+00
-6.915339098426649400e-01 -1.286754325072434479e-01 -1.128007412598570625e+00 0.000000000000000000e+00
1.120297621090170052e-02 -2.374464790650572532e-02 -2.985308723731043834e-01 0.000000000000000000e+00
6.617894023707072693e-01 -5.626516001238875964e-01 6.054521443081145593e-01 0.000000000000000000e+00
-2.722644098116277708e-02 2.548971871523255661e-01 -1.102177455447505977e-01 0.000000000000000000e+00
5.017818692632705080e-01 1.829590486936686911e-01 -4.530329364509035894e-01 0.000000000000000000e+00
-2.717207115216926372e-01 -1.476361840997706676e-01 8.255502024067603584e-01 0.000000000000000000e+00
-2.241763749363999969e-01 2.444068613354137554e-01 -8.542700263096751900e-01 0.000000000000000000e+00
-2.848741778723513571e-02 5.545861963097488134e-01 1.355152669649258179e+00 0.000000000000000000e+00
-9.532060663078243401e-01 2.857071830881889873e+00 -1.056187700121150375e+00 0.000000000000000000e+00
-1.417505630700396591e+00 2.729193599064107523e-01 7.642110486324142915e-01 0.000000000000000000e+00
1.373556810828957753e+00 -6.248372746048350690e-01 -4.203672558884342936e-02 0.000000000000000000e+00
7.155638568867733751e-02 -1.132532048193068130e-01 5.634431934579749862e-02 0.000000000000000000e+00
3.517263187327295815e-01 -4.771961036569675185e-01 2.010053683525488410e-01 0.000000000000000000e+00
-6.539433409290315580e-02 -4.207347345164343805e-02 -3.627916173441529668e-02 0.000000000000000000e+00
2.431172502872520902e-01 -5.614591266946505855e-04 8.220345185019475864e-02 0.000000000000000000e+00
2.291393172763379546e-02 -1.351103398615060847e-01 -8.719584109374131642e-02 0.000000000000000000e+00
-4.612563475217495296e-02 -2.824842641486063899e-01 3.631473925034183758e-01 0.000000000000000000e+00
6.563572466633714741e-01 7.200878119512091891e-01 9.167196686136289685e-01 0.000000000000000000e+00
-1.226130345312569508e-01 5.129693308070060187e-01 3.174514820704574247e-01 0.000000000000000000e+00
-3.204920745617351879e-02 5.212362638738409215e-01 -1.721268304466812837e-01 0.000000000000000000e+00
-5.419569096441256839e-02 4.451770129935073705e-01 -1.631918427108494662e-01 0.000000000000000000e+00
1.336878189457427757e+00 -2.078405897154734561e+00 2.179784399730421818e+00 0.000000000000000000e+00
1.725002373048057258e+00 1.611471506127886977e-01 -1.958668344072450607e+00 0.000000000000000000e+00
4.564326449722916901e-01 -5.937784430057838625e-01 3.676571490537939857e-01 0.000000000000000000e+00
-9.457487193182754215e-01 -3.211284093209252899e-01 1.251175766875419315e+00 0.000000000000000000e+00
-6.028467501225976966e-01 -3.011262565245915179e-01 -1.616920344618261174e-02 0.000000000000000000e+00
2.287353474677394222e-02 -3.549797673102342982e-02 1.374146570975278148e-01 0.000000000000000000e+00
-3.271128644622893766e-01 1.840777781366936816e-01 -2.925182146337180766e-01 0.000000000000000000e+00
-9.325510089255532181e-03 -7.169917251485696807e-02 9.712346536095001898e-03 0.000000000000000000e+00
-4.475519911833327445e-03 1.189346743242474386e-01 4.664256380602345708e-01 0.000000000000000000e+00
-8.984190355803015060e-02 2.368745627949659094e-01 -2.492639595298326016e-01 0.000000000000000000e+00
3.915380707931680887e-02 -1.798842158501259558e-01 2.953385963894465394e-01 0.000000000000000000e+00
8.197554531869206684e-01 -3.159052705329750688e-01 9.578388074504983196e-01 0.000000000000000000e+00
4.437831283745488076e-01 -1.268855551773045987e+00 5.356712210325598189e-01 0.000000000000000000e+00
5.732124642050844265e-01 -2.936598082401228327e-01 -2.712990611187354184e-01 0.000000000000000000e+00
-2.652063373854003925e-01 1.322348842459788454e-01 -2.782313262002154564e-01 0.000000000000000000e+00
9.263126802754275690e-01 -9.360919219588561546e-01 1.349762233551575485e-01 0.000000000000000000e+00
1.001458054653048713e+00 -1.489433702353973876e+00 6.178478155181087450e-01 0.000000000000000000e+00
1.074942340889570580e-01 7.672884450800682155e-02 -2.796010318713874621e-01 0.000000000000000000e+00
1.171610930878898227e+00 -1.252678770843851652e-01 9.925142515917367847e-01 0.000000000000000000e+00
-2.560949743354339891e-01 -4.640923765471534346e-02 -3.945378730626464270e-01 0.000000000000000000e+00
9.498412559391951060e-01 1.262139160898190504e-01 1.825034625085662832e+00 0.000000000000000000e+00
-2.272606256761926957e+00 6.535025377635940158e-01 -3.890385100428320198e-01 0.000000000000000000e+00
-7.358572187406882126e-01 1.376875276744056853e+00 7.866721160960432613e-01 0.000000000000000000e+00
7.676816818848528623e-01 1.989046605913194377e+00 -9.702558925075149832e-01 0.000000000000000000e+00
-1.557696533733918143e+00 2.752220473080921881e-01 1.359049764703913699e+00 0.000000000000000000e+00
6.849672771107582214e-01 3.288481055287399424e-01 6.097079681425612296e-01 0.000000000000000000e+00
