-5.339558700728391782e-01 1.102451799394334131e+00 -4.238685877716487083e-01 0.000000000000000000e+00
-1.094616586103398098e-01 6.705142213540935536e-01 -1.419569443760928251e-01 0.000000000000000000e+00
5.403953142251923802e-01 -7.967206467718056240e-02 -1.004235238897842331e-02 0.000000000000000000e+00
7.565697217453100365e-02 -2.460720588367000805e-01 3.514982031415545549e-01 0.000000000000000000e+00
5.556939933145239874e-02 3.702795042264618863e-01 3.594810186828416992e-02 0.000000000000000000e+00
4.212404054175624135e-01 2.432942507920588249e-01 4.864151899189801953e-01 0.000000000000000000e+00
1.290226154675602199e-01 6.611854796879934604e-01 1.539012300746770701e-01 0.000000000000000000e+00
2.619076620764135277e-01 4.015926616772086399e-01 -1.041394912069552731e-01 0.000000000000000000e+00
-3.397869473738964613e-02 8.470763722482313463e-02 5.763645054547099009e-03 0.000000000000000000e+00
-1.191744531338094770e-01 -1.051729879865671013e-01 -2.371273358775352266e-02 0.000000000000000000e+00
7.711396133376594020e-02 1.584273937846684688e-01 6.463543489043339918e-02 0.000000000000000000e+00
1.688574110376485082e-01 2.941438182648248856e-01 -9.622853484880720953e-02 0.000000000000000000e+00
-3.535250410162471546e-02 7.328274190418450351e-02 6.780920460005653017e-02 0.000000000000000000e+00
3.316827504867985166e-01 -1.758059895896880720e-01 2.857957342907622711e-01 0.000000000000000000e+00
6.425564095500142792e-02 -2.485237772200543094e-01 2.847549819228298307e-01 0.000000000000000000e+00
3.010488756588961534e-01 -1.540699750911670163e-01 1.919312005896282869e-01 0.000000000000000000e+00
2.498136908101533382e-01 -3.309684900078784242e-01 1.852176810699028842e-01 0.000000000000000000e+00
9.415157397781505344e-02 2.480254459689694713e-01 -1.720498063689031853e-01 0.000000000000000000e+00
-1.804579774232570044e-01 2.987684363505881957e-01 1.976520324618946667e-01 0.000000000000000000e+00
1.111817398505108440e-01 -9.799287729941345837e-02 1.683547160830236866e-01 0.000000000000000000e+00
3.596067310242124365e-02 1.896406411503870348e-02 2.971768786054820866e-02 0.000000000000000000e+00
7.846600981538549846e-02 9.245841154578296472e-02 -4.080664507209121744e-02 0.000000000000000000e+00
-1.706906388232130867e-02 2.246526816813507882e-02 6.221829594671554609e-02 0.000000000000000000e+00
7.577976000479468011e-02 -2.975901482734293335e-01 2.347822529575253891e-02 0.000000000000000000e+00
6.635602501838001877e-02 -3.207991542495440274e-01 1.704396783234228205e-02 0.000000000000000000e+00
4.546613205610411379e-02 -5.858469580838251978e-02 1.295625186676762353e-01 0.000000000000000000e+00
-1.505792343483725315e-01 9.994838932078493887e-02 1.117220707557072534e-01 0.000000000000000000e+00
1.116271411369358368e-01 2.746881505448699468e-01 -1.862841504371551826e-01 0.000000000000000000e+00
-2.209391113389731487e-01 2.298922380778258001e-01 4.023239899455114538e-02 0.000000000000000000e+00
6.692665505691406704e-03 2.808416046246067221e-01 -2.472618016043943434e-01 0.000000000000000000e+00
9.661345419875713159e-01 -6.604492751157194919e-01 1.040399664684875880e+00 0.000000000000000000e+00
-4.867540868911258145e-01 2.904596508154738688e-01 -5.933937466623655510e-01 0.000000000000000000e+00
1.917674509649875680e-01 -8.163831189778909536e-01 3.709721524464589248e-01 0.000000000000000000e+00
1.194025043231734806e-01 -5.966447377532598795e-01 -1.131643001939290211e-01 0.000000000000000000e+00
4.405080646249378562e-01 -8.763302976420246637e-02 4.916557133713907457e-01 0.000000000000000000e+00
-2.774322393795096084e-02 -5.676595372130274070e-02 -2.791516939800283911e-02 0.000000000000000000e+00
-3.280565331166319237e-02 -9.192311060791931443e-02 1.347486866669253720e-02 0.000000000000000000e+00
-5.257360289946049576e-04 -4.862882553972305844e-02 9.472434933395716249e-04 0.000000000000000000e+00
-1.267228718059351666e-01 -2.260111386578933512e-01 -1.861445283297219477e-01 0.000000000000000000e+00
3.492559344038182606e-02 1.224584228335530156e-01 -1.616171434372835891e-02 0.000000000000000000e+00
-1.475202049736156762e-01 -2.602735639974492754e-01 -1.379862338557383272e-01 0.000000000000000000e+00
-2.908824676077685911e-01 -2.607971136639904847e-02 1.159858503188800627e-01 0.000000000000000000e+00
-1.106233340508680357e-01 2.413864986505465937e-01 -1.730160311670378148e-01 0.000000000000000000e+00
-2.934126980996162870e-01 6.824479078179117308e-02 -7.580308170678354274e-03 0.000000000000000000e+00
2.214698102784060790e-02 1.872237229386858326e-01 -2.080139837640503642e-01 0.000000000000000000e+00
4.046398542482558258e-01 -9.016154630743183906e-01 4.452591102260114453e-01 0.000000000000000000e+00
-2.159907585848527267e-01 -5.508457771653039320e-02 -8.832196927945855369e-02 0.000000000000000000e+00
-4.370379417158029023e-01 -2.602250799669786341e-01 -4.058202724036288345e-01 0.000000000000000000e+00
2.021323550193855068e-01 -6.485122179436004775e-01 -2.101657164643483747e-02 0.000000000000000000e+00
2.239643175478972792e-01 -5.106260471460827288e-01 1.197974070039697775e-01 0.000000000000000000e+00
3.121567484915449553e-01 -6.267326851831316326e-01 3.152323905762894340e-01 0.000000000000000000e+00
-6.955341343185043185e-03 6.173366910882982506e-01 -3.553737396991921704e-01 0.000000000000000000e+00
3.548817882765893938e-01 1.378212961806631054e-01 -8.962222504319868055e-02 0.000000000000000000e+00
-3.031866625920620062e-01 4.074558275872930957e-01 2.405269421962011045e-01 0.000000000000000000e+00
-3.972489254243909834e-02 4.905353838396934174e-01 1.698134168051044501e-01 0.000000000000000000e+00
-4.761719548866535749e-03 1.431324964696507884e-01 3.039447277080318255e-01 0.000000000000000000e+00
